2460806.5006944444,3333.4561587396242,-45.52341206399705,-4390.04940886136
2460806.501388889,3378.0974203882834,436.9248976116414,-4334.043506965617
2460806.502083333,3396.3263774161205,915.9662626373945,-4244.065874475386
2460806.5027777776,3387.993659597505,1387.857288570539,-4120.812240045223
2460806.503472222,3353.155001339339,1848.9071870168355,-3965.2365466573883
2460806.504166667,3292.071316384458,2295.5057555691956,-3778.544359001052
2460806.5048611113,3205.2073251497745,2724.1510024471722,-3562.184439301111
2460806.5055555557,3093.2287036765897,3131.476245747675,-3317.8384910589857
2460806.50625,2956.9977267192107,3514.276496334766,-3047.409080126917
2460806.5069444445,2797.567387400252,3869.533911642481,-2753.0057611695993
2460806.507638889,2616.1739844067483,4194.4421042185795,-2436.9294500730452
2460806.5083333333,2414.2281845192306,4486.4290687760285,-2101.6551101950777
2460806.5090277777,2193.304586161955,4743.178488391234,-1749.8128449480807
2460806.509722222,1955.1298303273988,4962.649180497515,-1384.1675165951704
2460806.5104166665,1701.5693259561385,5143.092450922618,-1007.5970366314456
2460806.511111111,1434.6126867717362,5283.067132373374,-623.0695104124101
2460806.511805556,1156.35798986569,5381.452114004595,-233.61942879575153
2460806.5125,868.9949992623976,5437.45618698414,157.67686178387817
2460806.5131944446,574.7875106649799,5450.62507122402,547.7261721563294
2460806.513888889,276.0549927422052,5420.845524640994,933.4437111700141
2460806.5145833334,-24.846287698033862,5348.34647862123,1311.7782937773281
2460806.515277778,-325.54245886794456,5233.697187865648,1679.737252730136
2460806.515972222,-623.6613599299721,5077.802425705756,2034.4108031868232
2460806.5166666666,-916.8517795915928,4881.894798969637,2372.9956135930593
2460806.517361111,-1202.8024285298095,4647.524294424656,2692.8173598408475
2460806.5180555554,-1479.2604646867499,4376.545203693029,2991.35205818962
2460806.51875,-1744.049408007961,4071.1005988960055,3266.2460014188514
2460806.519444444,-1995.086292866064,3733.604556855952,3515.3341441876855
2460806.520138889,-2230.3979321032375,3366.7223362859404,3736.6568190797843
2460806.5208333335,-2448.1361746337407,2973.3487329576715,3928.474680615597
2460806.521527778,-2646.5920707110104,2556.5848209500705,4089.281813146115
2460806.5222222223,-2824.208862798745,2119.713301397027,4217.8169472644095
2460806.5229166667,-2979.5937426563537,1666.172661638837,4313.072755183196
2460806.523611111,-3111.5283239042687,1199.5303428244622,4374.303206098356
2460806.5243055555,-3218.9777904206157,723.4550979844346,4401.028973528681
2460806.525,-3301.0986849551696,241.6887178165696,4393.040890854677
2460806.5256944443,-3357.245307209837,-241.98270834049444,4350.401455270317
2460806.5263888887,-3386.9746926824873,-723.7578401121948,4273.444380176178
2460806.527083333,-3390.0501415765175,-1199.8492751549352,4162.772195821938
2460806.527777778,-3366.443268730238,-1666.512720059432,4019.251898169055
2460806.5284722224,-3316.334544054597,-2120.075973818543,3844.0086462187946
2460806.529166667,-3240.112294569319,-2556.967538752477,3638.4175139751783
2460806.529861111,-3138.3701424989104,-2973.744668128373,3404.093309162171
2460806.5305555556,-3011.9028589680797,-3367.120644146197,3142.8784815544886
2460806.53125,-2861.7006236321918,-3733.9910608383557,2856.8291629840496
2460806.5319444444,-2688.9416914971744,-4071.458883639687,2548.1993965965
2460806.532638889,-2494.9834843685394,-4376.858044775821,2219.4236376917224
2460806.533333333,-2281.3521445310166,-4647.775329506775,1873.0976363645445
2460806.5340277776,-2049.730608326732,-4882.07031487919,1511.9578371842956
2460806.534722222,-1801.945279724321,-5077.893131841652,1138.8594584996397
2460806.535416667,-1539.951407716618,-5233.699837672934,756.7534412279891
2460806.5361111113,-1265.8172966083048,-5348.265209157592,368.6624842611754
2460806.5368055557,-981.7074927065912,-5420.692801849251,-22.343606051143652
2460806.5375,-689.8651196793721,-5450.422150944099,-413.17299468686195
2460806.5381944445,-392.59353695965183,-5437.233035685739,-800.7370759879552
2460806.538888889,-92.23751888589383,-5381.246767447255,-1181.975640691564
2460806.5395833333,208.83585021996333,-5282.924509441736,-1553.881696514789
2460806.5402777777,508.2563685647815,-5143.062676847223,-1913.525694983042
2460806.540972222,803.6697996006288,-4962.78550839493,-2258.0789259888056
2460806.542361111,1373.2505567773135,-4487.057909053368,-2891.235313257275
2460806.543055556,1642.955861023344,-4195.391364804276,-3174.880068711662
2460806.54375,1899.7646769449193,-3870.845029427537,-3433.5551622893076
2460806.5444444446,2141.6728873888437,-3515.9822801086,-3665.2443801299314
2460806.545138889,2366.795237987703,-3133.5992710007317,-3868.145097367798
2460806.5458333334,2573.3793573362364,-2726.7025420260375,-4040.681331491005
2460806.546527778,2759.8186524117973,-2298.4853165475097,-4181.514986073859
2460806.547222222,2924.664030763909,-1852.30268135312,-4289.555267912889
2460806.5479166666,3066.634410943964,-1391.6458316152416,-4363.96627144633
2460806.548611111,3184.6259914236657,-920.1155501138047,-4404.172732880584
2460806.5493055554,3277.72025507057,-441.3950713288998,-4409.863960989805
2460806.55,3345.1906858622006,40.777521366763104,-4380.995950451969
2460806.550694444,3386.508177215519,522.63723652882,-4317.791682273339
2460806.551388889,3401.3451063265843,1000.420312558415,-4220.739612028109
2460806.5520833335,3389.5780488770674,1470.3924289314432,-4090.590342190772
2460806.552777778,3351.2891027991172,1928.8768467962814,-3928.3514721430124
2460806.5534722223,3286.765789401983,2372.282327208325,-3735.2806207591125
2460806.5541666667,3196.4994978894374,2797.130675185455,-3512.876613597808
2460806.554861111,3081.1824429869544,3200.083718746483,-3262.8688413101386
2460806.5555555555,2941.703108397756,3577.9695381815127,-2987.2047986955718
2460806.55625,2779.140158962374,3927.807729026397,-2688.035835373097
2460806.5569444443,2594.7548152507534,4246.833476515663,-2367.701165134965
2460806.5576388887,2389.98170051086,4532.520205642666,-2028.7102060884104
2460806.558333333,2166.4181885538765,4782.6005666830615,-1673.7233495439866
2460806.559027778,1925.8123020364048,4995.085517351473,-1305.531282898163
2460806.5597222224,1670.0492348070293,5168.281269320684,-927.0330219811749
2460806.560416667,1401.136593756206,5300.80388410441,-541.2128325937672
2460806.561111111,1121.1884818617627,5391.591323134852,-151.11625039594006
2460806.5618055556,832.4085628898271,5439.912788454733,240.17457502992212
2460806.5625,537.0722702607354,5445.375223306882,629.5659654300343
2460806.5631944444,237.50833748012332,5407.9268823275925,1013.977972414671
2460806.563888889,-63.92015828990897,5327.857923970092,1390.3695452194977
2460806.564583333,-364.83504758056455,5205.798020644109,1755.7633535406655
2460806.5652777776,-662.8624095329837,5042.71102699555,2107.270004552934
2460806.565972222,-955.6518098670814,4839.886787539897,2442.1114197955803
2460806.566666667,-1240.895246565029,4598.930201913937,2757.643150642009
2460806.5673611113,-1516.3456233348434,4321.747701019424,3051.3754318017395
2460806.5680555557,-1779.834590661372,4010.5313104368465,3320.9928037995846
2460806.56875,-2029.2896066773765,3667.7405002822493,3564.3721573660723
2460806.5694444445,-2262.750090094109,3296.0820335658177,3779.5990823033135
2460806.570138889,-2478.382559256423,2898.4880261575513,3964.9824326760468
2460806.5708333333,-2674.4946630936242,2478.092440276578,4119.067038154343
2460806.5715277777,-2849.5480319285834,2038.2062214537461,4240.644518012708
2460806.572222222,-3002.16988842589,1582.2912812922475,4328.762169034077
2460806.5729166665,-3131.1633681361113,1113.9335244286447,4382.729909999643
2460806.573611111,-3235.5165120245174,636.8150962010354,4402.125277240355
2460806.574305556,-3314.4098944859115,154.68603010328644,4386.796467879614
2460806.575,-3367.2228574877195,-328.66454723283846,4336.863431423193
2460806.5756944446,-3393.538318968234,-809.4374854946769,4252.7170094061
2460806.576388889,-3393.1461263131905,-1283.8527990023495,4135.016123052279
2460806.5770833334,-3366.0449236983177,-1748.1788063440788,3984.68300898637
2460806.577777778,-3312.442502405352,-2198.761053443233,3802.8965034473395
2460806.578472222,-3232.7546051442446,-2632.050828781763,3591.083383789512
2460806.5791666666,-3127.602157954764,-3044.633084674358,3350.907778312692
2460806.579861111,-2997.8069120935284,-3433.2535426739896,3084.2586762393607
2460806.5805555554,-2844.3854841860075,-3794.844771868806,2793.2355751675645
2460806.58125,-2668.5418011695224,-4126.550994226932,2480.132336313555
2460806.581944444,-2471.657968542662,-4425.7513833630055,2147.419331039468
2460806.582638889,-2255.283602806268,-4690.081610083895,1797.7239951042077
2460806.584027778,-1771.0250520916363,-5106.071855601901,1058.5547356599352
2460806.5847222223,-1506.9615352559813,-5254.450397998739,674.9267210885888
2460806.5854166667,-1231.0180418853456,-5361.42303722431,285.9607948834315
2460806.586111111,-945.3735669026479,-5426.153928734324,-105.26630981087817
2460806.5868055555,-652.2834005561646,-5448.144037701497,-495.6611767077255
2460806.5875,-354.0606862079143,-5427.234859125054,-882.138966454126
2460806.5881944443,-53.057522392334334,-5363.609162265222,-1261.6485362679562
2460806.5888888887,248.3541897619155,-5257.788773550063,-1631.1971577717657
2460806.589583333,547.8019568029381,-5110.6294560652905,-1987.874587866607
2460806.590277778,842.9317676106642,-4923.312983447608,-2328.8762619134723
2460806.5909722224,1131.4268500814528,-4697.336540730524,-2651.5254012378987
2460806.591666667,1411.025937231872,-4434.499616932507,-2953.2938475782435
2460806.592361111,1679.540891744218,-4136.888574493731,-3231.8214704139687
2460806.5930555556,1934.873551542652,-3806.859100131832,-3484.93401578368
2460806.59375,2175.0316812004744,-3447.016749527619,-3710.659296461797
2460806.5944444444,2398.1439325502993,-3060.1958014800766,-3907.241648856376
2460806.595138889,2602.4737373293406,-2649.4366319236124,-4073.1546066358414
2460806.595833333,2786.4320680338583,-2217.961815692824,-4207.111758438148
2460806.5965277776,2948.589022541031,-1769.1511426515276,-4308.075777611399
2460806.597222222,3087.6841931146632,-1306.5157318762979,-4375.26561820506
2460806.597916667,3202.6357920772357,-833.6714076813307,-4408.161882035482
2460806.5986111113,3292.548511101692,-354.31148472421785,-4406.510363741262
2460806.5993055557,3356.72008977961,127.820890389978,-4370.323779045049
2460806.6,3394.6465717339756,608.9607096119081,-4299.8816807052735
2460806.6006944445,3406.0262229558293,1085.349256665312,-4195.728561211127
2460806.601388889,3390.762083383173,1553.262303458656,-4058.6701387801127
2460806.6020833333,3348.9631207176535,2009.038216403106,-3889.767818857331
2460806.6027777777,3280.9439528317707,2449.105813268956,-3690.3313263276696
2460806.603472222,3187.223105020393,2870.0118125419012,-3461.9095033044873
2460806.6041666665,3068.5197709621457,3268.4476889961857,-3206.2792781047347
2460806.604861111,2925.7490512686777,3641.275740375848,-2925.432820184295
2460806.605555556,2760.0156529071724,3985.554149905344,-2621.562913650531
2460806.60625,2572.6060473369907,4298.560814426952,-2297.0466052615757
2460806.6069444446,2364.979096473286,4577.815708786967,-1954.4271978075626
2460806.607638889,2138.755181414273,4821.101538087617,-1596.394698715544
2460806.6083333334,1895.7038860856574,5026.48244328326,-1225.7648529737182
2460806.609027778,1637.730312054444,5192.320530800322,-845.4569198145699
2460806.609722222,1366.8601277080634,5317.290011748265,-458.4703840572489
2460806.6104166666,1085.2234715558538,5400.3887649372,-67.86080737870961
2460806.611111111,795.0378606004252,5440.947161804828,323.28494056035333
2460806.6118055554,498.59026413653254,5438.634033130422,711.8738295314075
2460806.6125,198.2185268978566,5393.459693874898,1094.8319314678308
2460806.613194444,-103.70767048721494,5305.775987192686,1469.1295412126358
2460806.613888889,-404.8061124984545,5176.27335214593,1831.8058913956731
2460806.6145833335,-702.7014139834647,5005.974963307855,2179.9932136022608
2460806.615277778,-995.0442538869133,4796.2280306523035,2510.9399097010005
2460806.6159722223,-1279.530288930519,4548.692385793252,2822.032615958452
2460806.6166666667,-1553.918572722,4265.32651105885,3110.8169683930537
2460806.617361111,-1816.0493183401254,3948.3711951297983,3375.01690111183
2460806.6180555555,-2063.860863720043,3600.3310138262477,3612.552341107904
2460806.61875,-2295.4057131917743,3223.95385031806,3821.5551856107054
2460806.6194444443,-2508.8655504229787,2822.20867116738,4000.383477704948
2460806.6201388887,-2702.5651353454646,2398.261773022096,4147.633718750335
2460806.620833333,-2874.9850117106816,1955.451712883685,4262.151274570713
2460806.621527778,-3024.772968223346,1497.2631216005018,4343.038850863971
2460806.6222222224,-3150.75420514827,1027.2995931993723,4389.663023563621
2460806.622916667,-3251.9401677462192,549.2558279694672,4401.6588187607995
2460806.623611111,-3327.5360114237806,66.88920203578746,4378.932340144101
2460806.6243055556,-3376.9466672450876,-416.0090729314624,4321.661444442016
2460806.6256944444,-3395.857367956753,-1368.2411824481123,4105.546982706885
2460806.626388889,-3365.2005309111514,-1830.0855193335292,3948.3966446443433
2460806.627083333,-3308.046578028938,-2277.540466215819,3760.076033065478
2460806.6277777776,-3224.8391430443658,-2707.0812485558695,3542.063591730644
2460806.628472222,-3116.226903042929,-3115.321682766099,3296.0726273379564
2460806.629166667,-2983.0590015629978,-3499.0411086748477,3024.038414918846
2460806.6298611113,-2826.3788665199936,-3855.2102438648235,2728.1034573298
2460806.6305555557,-2647.416427692806,-4181.015728813025,2410.6009646397215
2460806.63125,-2447.5787576923667,-4473.883117068505,2074.0366485572404
2460806.6319444445,-2228.4391802386085,-4731.498067554352,1721.0689527342076
2460806.632638889,-1991.7249095515454,-4951.825504268121,1354.4878641491432
2460806.6333333333,-1739.303310992734,-5133.126516706374,977.1924832691542
2460806.6340277777,-1473.1668939117064,-5273.972798480105,592.1675517890966
2460806.634722222,-1195.417171525499,-5373.258446278205,202.45916157356882
2460806.6354166665,-908.247542744677,-5430.208975057428,-188.8501140522369
2460806.636111111,-613.9253675328314,-5444.387443408241,-578.6664135522187
2460806.636805556,-314.77342344755124,-5415.697624410285,-963.9098414837739
2460806.6375,-13.150935300306493,-5344.384201752391,-1341.539526112417
2460806.6381944446,288.5656214918515,-5231.030013761409,-1708.578222099477
2460806.638888889,588.0017461819004,-5076.550411425852,-2062.136214713492
2460806.6395833334,882.803975517402,-4882.184835111993,-2399.434300266431
2460806.640277778,1170.6586017964007,-4649.485749638908,-2717.825637610219
2460806.640972222,1449.309879764924,-4380.305104857397,-3014.816293234652
2460806.6416666666,1716.577568112955,-4076.7785149419537,-3288.0843249620525
2460806.642361111,1970.3736784982439,-3741.307357327672,-3535.4972869013604
2460806.6430555554,2208.7183146270427,-3376.539008764544,-3755.128055306874
2460806.64375,2429.75451092455,-2985.345430353382,-3945.2689093183326
2460806.644444444,2631.7619935305192,-2570.800314449268,-4104.443818553099
2460806.645138889,2813.1698059583837,-2136.154992561732,-4231.41891217763
2460806.6458333335,2972.5677527418575,-1684.8132944719978,-4325.211116664599
2460806.646527778,3108.7166252856227,-1220.3055353528273,-4385.094960630811
2460806.6472222223,3220.557182442484,-746.2617910033671,-4410.607552005623
2460806.6479166667,3307.2178617906184,-266.38460799901503,-4401.551733968965
2460806.648611111,3368.021196858406,215.57870395131567,-4357.997425195057
2460806.6493055555,3402.488918842395,695.8640748538763,-4280.281147772311
2460806.65,3410.345714343473,1170.718832838741,-4169.003741097642
2460806.6506944443,3391.5216102362183,1636.429886155935,-4025.0262573381137
2460806.6513888887,3346.1529528911537,2089.3517869113107,-3849.4640313380883
2460806.652083333,3274.5819472927597,2525.9345212466606,-3643.678919095745
2460806.652777778,3177.354721685088,2942.7508592406152,-3409.269702109124
2460806.6534722224,3055.217886765927,3336.523077310659,-3148.0606648832786
2460806.654166667,2909.1135639275544,3704.1488541813424,-2862.0883634618363
2460806.654861111,2740.1728678060304,4042.7261209241483,-2553.586622689451
2460806.6555555556,2549.7078410230583,4349.576636875989,-2224.9698191384077
2460806.65625,2339.201857195985,4622.268051656223,-1878.8145338400636
2460806.6569444444,2110.298526402853,4858.634214365371,-1517.8396827452937
2460806.657638889,1864.7891598250872,5056.793492150968,-1144.885262225509
2460806.658333333,1604.5988776753775,5215.164868658899,-762.889880642741
2460806.6590277776,1331.7714607442651,5332.481618355399,-374.86726162843166
2460806.659722222,1048.4530782381848,5407.802369310552,16.118057422197047
2460806.660416667,756.8750366985489,5440.519405253018,406.97560226791103
2460806.6611111113,459.335723296305,5430.364089681678,794.6141558606798
2460806.6618055557,158.18192063633026,5377.409339391862,1175.9670177176297
2460806.6625,-144.2103089901069,5282.069115568855,1548.017060056782
2460806.6631944445,-445.4549737776554,5145.094946253315,1907.8213261162134
2460806.663888889,-743.1755376870902,4967.569535808677,2252.5349224231923
2460806.6645833333,-1035.0241451077743,4750.897557945659,2579.4339717755806
2460806.6652777777,-1318.700499985243,4496.793763826259,2885.937416618455
2460806.665972222,-1591.9702246485501,4207.268568592423,3169.627483843445
2460806.667361111,-2098.7871413331322,3531.3713236790895,3659.824986972651
2460806.668055556,-2328.350103949009,3150.3372246078875,3862.4757409805848
2460806.66875,-2539.568789320921,2744.514318447359,4034.629133265503
2460806.6694444446,-2730.78559280954,2317.1006514255455,4174.934256797049
2460806.670138889,-2900.5005083967553,1871.4617289015605,4282.291072891106
2460806.6708333334,-3047.3824367659195,1411.1041657977535,4355.858469603479
2460806.671527778,-3170.2791958239654,939.6484412106463,4395.060374462576
2460806.672222222,-3268.226191718082,460.80094212374473,4399.5899147638165
2460806.6729166666,-3340.453717530737,-21.674537861099942,4369.411625703898
2460806.673611111,-3386.3928476113965,-503.9856836482217,4304.76170626944
2460806.6743055554,-3405.679895358245,-982.3407646768254,4206.146322869812
2460806.675,-3398.1594028886084,-1452.977803668415,4074.337960070951
2460806.675694444,-3363.8856297547027,-1912.1936377749603,3910.369819090616
2460806.676388889,-3303.122509001248,-2356.372697149181,3715.528267368119
2460806.6770833335,-3216.3420404341664,-2782.015313663825,3491.3433478739616
2460806.677777778,-3104.221096189614,-3185.7653547483183,3239.5773685221043
2460806.6784722223,-2967.63662136366,-3564.436967656742,2962.211604986075
2460806.6791666667,-2807.659222899596,-3915.0402068090575,2661.4311676536227
2460806.679861111,-2625.5451565630874,-4234.805302256204,2339.6081095020836
2460806.6805555555,-2422.726736019526,-4521.205331661112,1999.2828695730448
2460806.68125,-2200.801213460644,-4771.977047386093,1643.14418316087
2460806.6819444443,-1961.5181982012866,-4985.139628620943,1274.0076074704039
2460806.6826388887,-1706.7657088481672,-5159.011133505713,894.7928484555326
2460806.683333333,-1438.554970927236,-5292.222455879434,508.50008803006074
2460806.684027778,-1159.0041041305744,-5383.728610692686,118.1855478823753
2460806.6847222224,-870.3208505700413,-5432.817215607919,-273.0634759783963
2460806.685416667,-574.784525875044,-5439.1140668916705,-662.1538420974636
2460806.686111111,-274.7273753398335,-5402.585755920854,-1046.0118022333068
2460806.6868055556,27.484465070675682,-5323.5393129353815,-1421.60798363193
2460806.6875,329.4702052084392,-5202.618910408272,-1785.9818633915233
2460806.6881944444,628.8536383274472,-5040.799698987136,-2136.265495429684
2460806.688888889,923.2821873003882,-4839.378888473378,-2469.706265759274
2460806.689583333,1210.4455814266782,-4599.964218786884,-2783.6884789053097
2460806.6902777776,1488.0939976640016,-4324.459994270235,-3075.753601080221
2460806.690972222,1754.055519356603,-4015.0508741734798,-3343.6190159569546
2460806.691666667,2006.252782923623,-3674.1836266043183,-3585.1951755054242
2460806.6923611113,2242.718702735725,-3304.5470600808453,-3798.6010562861975
2460806.6930555557,2461.6111836769514,-2909.0503471927464,-3982.1778572703506
2460806.69375,2661.226750629816,-2490.79994552537,-4134.500899143399
2460806.6944444445,2840.013034501381,-2053.0753201399148,-4254.389698868539
2460806.695138889,2996.580073694053,-1599.3036487477884,-4340.916212935436
2460806.6958333333,3129.7103946251814,-1133.03368569047,-4393.411247881704
2460806.6965277777,3238.3678449822605,-657.9089391476111,-4411.469044396271
2460806.697222222,3321.7051533792883,-177.640314501428,-4394.950040930966
2460806.6979166665,3379.0701939138453,304.0216461352247,-4343.981822981619
2460806.698611111,3410.010928888103,783.3147896705576,-4258.958259383242
2460806.699305556,3414.2790027505916,1256.4935135703174,-4140.536824095694
2460806.7,3391.8319560325244,1719.8569297232752,-3989.6340971850514
2460806.7006944446,3342.8340253689307,2169.776879296164,-3807.4194397675365
2460806.701388889,3267.655494312985,2602.7256509960434,-3595.306834918208
2460806.7020833334,3166.8705601318284,3015.3032240186462,-3354.944895509413
2460806.702777778,3041.2536861125222,3404.26384838342,-3088.2050481891674
2460806.703472222,2891.7744139477027,3766.5417619914206,-2797.167913248782
2460806.7041666666,2719.5906241977636,4099.275817797104,-2484.107924957114
2460806.704861111,2526.04024434723,4399.832793904509,-2151.476252660001
2460806.7055555554,2312.631422608865,4665.829145872401,-1801.8821112248577
2460806.70625,2081.031206939099,4895.1509590136,-1438.0725779866393
2460806.706944444,1833.05279015013,5085.971865861567,-1062.9110595303036
2460806.707638889,1570.6414058039484,5236.768705150934,-679.3545798345971
2460806.709027778,1010.8677032185095,5413.790099099011,100.78998651139518
2460806.7097222223,717.9125786141163,5438.58977204944,491.21271253582796
2460806.7104166667,419.3032782536233,5420.528257683046,877.7498820446576
2460806.711111111,117.39533315078337,5359.741593095796,1257.3432533757273
2460806.7118055555,-185.42905279364874,5256.706265543947,1626.9895316949048
2460806.7125,-486.7803997763477,5112.235186449654,1983.7648395519277
2460806.7131944443,-784.2813510957238,4927.4707706825075,2324.8484249818985
2460806.7138888887,-1075.5858861708446,4703.875223064425,2647.5453861928095
2460806.714583333,-1358.3981602494166,4443.218170966313,2949.308202289821
2460806.715277778,-1630.4907997287871,4147.561811077566,3227.75688830159
2460806.7159722224,-1889.7224999139573,3819.2437587179843,3480.697621601879
2460806.716666667,-2134.0547868690714,3460.857805977508,3706.1397110958255
2460806.717361111,-2361.567825054204,3075.2328031934376,3902.3108092747125
2460806.7180555556,-2570.4751725140177,2665.4098773485853,4067.670293701499
2460806.71875,-2759.1373969166484,2234.618207676494,4200.920761838091
2460806.7194444444,-2926.074490574115,1786.2495545459808,4301.017609715201
2460806.720138889,-3069.977023727668,1323.8317488297023,4367.176669785389
2460806.720833333,-3189.7159941854266,851.0013218517732,4398.879901021076
2460806.7215277776,-3284.3513344475678,371.4754502243076,4395.87912689027
2460806.722222222,-3353.1390401133162,-110.97660991046958,4358.197820338866
2460806.722916667,-3395.536889575625,-592.5624484635356,4286.130936604846
2460806.7236111113,-3411.208720410513,-1069.4956185780156,4180.2427930697295
2460806.7243055557,-3400.027230573825,-1538.0247843980983,4041.3629967747333
2460806.725,-3362.0752709936323,-1994.4627376715005,3870.5804182919733
2460806.7256944445,-3297.645597018256,-2435.2150912854,3669.235219755188
2460806.726388889,-3207.2390485940778,-2856.8084730186115,3438.90894412813
2460806.7270833333,-3091.561134564282,-3255.9180041344353,3181.4126905527646
2460806.7277777777,-2951.517005369315,-3629.393846283725,2898.773412966203
2460806.728472222,-2788.204808959538,-3974.2865883251116,2593.218396588574
2460806.7291666665,-2602.907441261773,-4287.871230703439,2267.1579926993086
2460806.729861111,-2397.0827211467454,-4567.669523498871,1923.1667172897157
2460806.730555556,-2172.3520387372705,-4811.470418995167,1563.9628429399595
2460806.73125,-1930.4875525608718,-5017.348402080094,1192.386647648056
2460806.7319444446,-1673.398029045479,-5183.679485227151,811.3775016459717
2460806.732638889,-1403.1134480392277,-5309.154669528106,423.95000868548135
2460806.7333333334,-1121.7685144975733,-5392.790709470728,33.169429952396115
2460806.734027778,-831.5852368262146,-5433.9380511797135,-357.87336336852815
2460806.734722222,-534.8547539025732,-5432.285852772604,-746.0871452441263
2460806.7354166666,-233.91859517024366,-5387.864040979444,-1128.4055431601707
2460806.736111111,68.85042444502992,-5301.04239943112,-1501.8119334789337
2460806.7368055554,371.06747737912673,-5172.526729600087,-1863.363775276232
2460806.7375,670.3549690080529,-5003.352164691111,-2210.216147529726
2460806.738194444,964.3615628647071,-4794.8737568114975,-2539.6442675115986
2460806.738888889,1250.7808130598123,-4548.754486251641,-2849.064802618956
2460806.7395833335,1527.3692364050507,-4266.950872860165,-3136.0558025125815
2460806.740277778,1791.9636835123672,-3951.696383444957,-3398.375117147858
2460806.7409722223,2042.4978804437792,-3605.482845758765,-3633.9771869406977
2460806.7416666667,2277.018036526399,-3231.0400810169403,-3841.028123408199
2460806.742361111,2493.6974296871763,-2831.3139688560373,-4017.9190201314877
2460806.7430555555,2690.8498987621515,-2409.4431528488076,-4163.2774564789715
2460806.74375,2866.9421902876575,-1968.7345783479134,-4275.977176263665
2460806.7444444443,3020.60511480582,-1512.6380494176628,-4355.145932402639
2460806.7451388887,3150.6434801231717,-1044.7199725720757,-4400.171500105124
2460806.745833333,3256.044773628919,-568.6364440796955,-4410.705864434929
2460806.746527778,3335.9865695141116,-88.10582340306043,-4386.66758919003
2460806.7472222224,3389.8426359740492,393.119069720006,-4328.242371567703
2460806.747916667,3417.1877165190062,871.2790045581925,-4235.881783614304
2460806.748611111,3417.8009559093384,1342.6364994770588,-4110.300197995889
2460806.7493055556,3391.6679388314346,1803.5039598678163,-3952.4698916162724
2460806.7506944444,3260.139911073958,2679.43529889036,-3545.1995604380973
2460806.751388889,3155.7464858442477,3087.623287224633,-3298.9239170780315
2460806.752083333,3026.603778208257,3471.6230231819154,-3026.705710466013
2460806.7527777776,2873.7091450297344,3828.4064951153064,-2730.669268220304
2460806.753472222,2698.2475846058323,4155.154662453554,-2413.1291668641197
2460806.754166667,2501.5832132743635,4449.280488176924,-2076.572792192474
2460806.7548611113,2285.249206407137,4708.450368523853,-1723.641310939534
2460806.7555555557,2050.936247594979,4930.6037166509705,-1357.1091782843139
2460806.75625,1800.4795508170523,5113.970467741427,-979.8623303770779
2460806.7569444445,1535.844543475749,5257.08628567614,-594.8752377828528
2460806.757638889,1259.1113268471408,5358.805269066736,-205.18702831984874
2460806.7583333333,972.4580458692562,5418.30998771084,186.12310129963717
2460806.7590277777,678.1433293616795,5435.118708904719,575.9609353154696
2460806.759722222,378.48797163065706,5409.089716021635,961.2424993480402
2460806.7604166665,75.85604385331881,5340.422661235131,1338.9192683839713
2460806.761111111,-227.3643683344185,5229.65693899883,1706.0030607425597
2460806.761805556,-528.7806015667886,5077.667110575969,2059.5903640547594
2460806.7625,-826.0148270993889,4885.65545176941,2396.8858513354216
2460806.7631944446,-1116.723246197194,4655.141734538063,2715.224863348626
2460806.763888889,-1398.6148864454024,4387.950386656458,3012.094655973012
2460806.7645833334,-1669.4698295002506,4086.1952024668544,3285.154235487821
2460806.765277778,-1927.1567206007983,3752.261795641634,3532.2526354524666
2460806.765972222,-2169.6494231126426,3388.788003747001,3751.445511095811
2460806.7666666666,-2395.042704787401,2998.6424574300504,3941.0099588996677
2460806.767361111,-2601.56685755547,2584.9015314516773,4099.45749050498
2460806.7680555554,-2787.6011718919713,2150.824887214325,4225.545113636784
2460806.76875,-2951.686198036254,1699.8298151689762,4318.284487574684
2460806.769444444,-3092.5347432283465,1235.4645656547777,4376.9491377849245
2460806.770138889,-3209.041558032479,761.380857080136,4401.079719764573
2460806.7708333335,-3300.291675103945,281.3057316388829,4390.487330625767
2460806.771527778,-3365.56736575053,-200.98707827078618,4345.254867582144
2460806.7722222223,-3404.3536795352657,-681.7061031161919,4265.736433989515
2460806.7729166667,-3416.342536123221,-1157.0712633208154,4152.554791956507
2460806.773611111,-3401.4353333625418,-1623.342991900459,4006.596862457474
2460806.7743055555,-3359.7440389395565,-2076.8511946680383,3829.0072725982673
2460806.775,-3291.5907320818205,-2514.023857609638,3621.1799573512535
2460806.7756944443,-3197.5055654228586,-2931.415113694416,3384.747827293461
2460806.7763888887,-3078.223122868371,-3325.7325575040545,3121.5705281556675
2460806.777083333,-2934.6771589732316,-3693.863585521367,2833.7203339372013
2460806.777777778,-2767.9937167914945,-4032.90053132549,2523.4662331182353
2460806.7784722224,-2579.482638587588,-4340.164351846974,2193.2562943270996
2460806.779166667,-2370.627501047065,-4613.2266231819485,1845.69842010713
2460806.779861111,-2143.074029996952,-4849.9296030834685,1483.5396286419734
2460806.7805555556,-1898.6170723699283,-5048.404129897815,1109.6440296660887
2460806.78125,-1639.1862236164088,-5207.085146953237,726.9696822744515
2460806.7819444444,-1366.830239075706,-5324.724659041287,338.5445570257627
2460806.782638889,-1083.7003707912213,-5400.401966341149,-52.55816909344495
2460806.783333333,-792.0327991481312,-5433.531050774243,-443.2452280860621
2460806.7840277776,-494.13033641036503,-5423.865035004359,-830.4285324511278
2460806.784722222,-192.34359435645317,-5371.497674099306,-1211.0503396249032
2460806.785416667,110.94818268071161,-5276.861885672704,-1582.1080467694906
2460806.7861111113,413.35642445855075,-5140.7253670064065,-1940.6783731633168
2460806.7868055557,712.5024834563093,-4964.183387474421,-2283.940694448273
2460806.7875,1006.036636067675,-4748.648883216572,-2609.199314079118
2460806.7881944445,1291.656664937922,-4495.840008885783,-2913.904488266894
2460806.788888889,1567.1258594299559,-4207.765329574853,-3195.6720392491716
2460806.7895833333,1830.2902946275674,-3886.706850920848,-3452.301426437616
2460806.7902777777,2079.095266280983,-3535.2010966673556,-3681.792170419022
2460806.790972222,2311.6007771445134,-3156.0184491839923,-3882.3585503908116
2460806.792361111,2720.6125913748915,-2326.7388568030615,-4190.724827017555
2460806.793055556,2893.936978882218,-1883.1458711008677,-4296.134264135978
2460806.79375,3044.621285871973,-1424.8336855879259,-4367.85513811639
2460806.7944444446,3171.493157444636,-955.3855451919399,-4405.332869763798
2460806.795138889,3273.564281740998,-478.46925890161936,-4408.277784888328
2460806.7958333334,3350.037641016837,2.1902900530616116,-4376.667084912188
2460806.796527778,3400.3134588789335,482.8389880284738,-4310.745003778902
2460806.797222222,3423.9938163122424,959.7215585616698,-4211.021151039203
2460806.7979166666,3420.8859057101818,1429.1097166683896,-4078.2670381649177
2460806.798611111,3391.0038897815884,1887.3302779240732,-3913.51078051255
2460806.7993055554,3334.569328698812,2330.793066320753,-3718.0299693195097
2460806.8,3252.010139127347,2756.0184615426892,-3493.3427094801946
2460806.800694444,3143.958049545143,3159.6644080155475,-3241.196825117485
2460806.801388889,3011.244521819965,3538.5526874662,-2963.5572482383905
2460806.8020833335,2854.8951168289045,3889.6942450448114,-2662.591619647275
2460806.802777778,2676.1222951984346,4210.313340890318,-2340.6541541019883
2460806.8034722223,2476.3166564712583,4497.870296303858,-2000.2678388540537
2460806.8041666667,2257.036644681143,4750.082586010305,-1644.1050721364147
2460806.804861111,2019.9967639851702,4964.944042142481,-1274.9668649194666
2460806.8055555555,1767.0543747331592,5140.741935345112,-895.7607643066171
2460806.80625,1500.195163318928,5276.071716264539,-509.4776819156554
2460806.8069444443,1221.5174048478416,5369.849222072985,-119.1678381114268
2460806.8076388887,933.2151562192179,5421.320184004517,272.08395164345256
2460806.808333333,637.5605425448638,5430.066903727958,661.1833979180909
2460806.809027778,336.8853115644107,5396.0120082608555,1045.0520118457407
2460806.8097222224,33.561847646090186,5319.419234317924,1420.6522682046511
2460806.810416667,-270.0161588621326,5200.891237555327,1785.012398922229
2460806.811111111,-571.4531851553404,5041.36446574524,2135.2505628118583
2460806.8118055556,-868.3712963813044,4842.101175310138,2468.5981557966857
2460806.8125,-1158.4293197929746,4604.678709415721,2782.422040013752
2460806.8131944444,-1439.3415928242825,4330.976188060199,3074.2454962992224
2460806.813888889,-1708.8961204403302,4023.1587855414878,3341.767731176164
2460806.814583333,-1964.9719908839986,3683.6597929099107,3582.8817936715172
2460806.8152777776,-2205.555920183629,3315.1606734423635,3795.690788150602
2460806.815972222,-2428.7578125076775,2920.569327023551,3978.522293745826
2460806.816666667,-2632.825244251589,2502.9967746636544,4129.940927306261
2460806.8173611113,-2816.1567895207613,2065.732481207519,4248.759001951732
2460806.8180555557,-2977.3141288973993,1612.2185084735527,4334.045258270587
2460806.81875,-3115.032884925299,1146.022698562394,4385.131649646593
2460806.8194444445,-3228.2321432813346,670.8110628444858,4401.618176995643
2460806.820138889,-3316.0226202765425,190.31955129813838,4383.375770195484
2460806.8208333333,-3377.713442718251,-291.6746373112877,4330.54721651415
2460806.8215277777,-3412.8175053677433,-771.3820403440201,4243.546136101171
2460806.822222222,-3421.0553727340794,-1245.0300553613274,4123.054004097385
2460806.8229166665,-3402.3576900363946,-1708.8920348777658,3970.0152197185707
2460806.823611111,-3356.8660688387645,-2159.3161840655557,3785.6302232394605
2460806.824305556,-3284.932413784338,-2592.754072796363,3571.3466688557705
2460806.825,-3187.116660679849,-3005.788568219885,3328.8486680366186
2460806.8256944446,-3064.1829029433675,-3395.1609740246827,3060.0441327223716
2460806.826388889,-2917.0938921172337,-3757.7971553747366,2767.0502615072196
2460806.8270833334,-2747.0039131415724,-4090.8324099785036,2452.177237154964
2460806.827777778,-2555.250050060352,-4391.634845988381,2117.9102237571756
2460806.828472222,-2343.3418794666386,-4657.827020180876,1766.8897824693781
2460806.8291666666,-2112.9496474982107,-4887.30560063317,1401.8908461839571
2460806.829861111,-1865.8910142383843,-5078.258821894088,1025.8004291361979
2460806.8305555554,-1604.1164692935736,-5229.181526067251,641.5942663271804
2460806.83125,-1329.6935473268804,-5338.887605434809,252.31260394652128
2460806.831944444,-1044.7899936983913,-5406.519694935636,-138.96461942972817
2460806.832638889,-751.6560474150398,-5431.556000486684,-529.1429495490338
2460806.834027778,-149.99940563100716,-5353.452312930166,-1293.9039994839648
2460806.8347222223,153.77841004022676,-5250.966776073065,-1662.4515970699254
2460806.8354166667,456.33541992593905,-5107.187409602886,-2017.8787559672387
2460806.836111111,755.2922766366028,-4923.2697418174175,-2357.390435494779
2460806.8368055555,1048.3012569907423,-4700.68460416817,-2678.3212898389615
2460806.8375,1333.0647930343177,-4441.205227263571,-2978.15639906498
2460806.8381944443,1607.353394557056,-4146.892019491431,-3254.5505516417843
2460806.8388888887,1869.0228342034588,-3820.0752234598262,-3505.3459625794603
2460806.839583333,2116.030470678781,-3463.335664648743,-3728.588322576763
2460806.840277778,2346.4506121424956,-3079.483804110464,-3922.5411079103524
2460806.8409722224,2558.488837659742,-2671.5373059713866,-4085.6981015354563
2460806.841666667,2750.4952125717687,-2242.6973202643508,-4216.794096975664
2460806.842361111,2920.976346158822,-1796.3236723158157,-4314.813770769108
2460806.8430555556,3068.606251843254,-1335.9091356662627,-4378.998721137134
2460806.84375,3192.235978824913,-865.0529486081914,-4408.852677338608
2460806.8444444444,3290.9019857729086,-387.43373115416694,-4404.144885614124
2460806.845138889,3363.833234266391,93.21806956872835,-4364.9116787361645
2460806.845833333,3410.4569717910804,573.1480562858529,-4291.456231647828
2460806.8465277776,3430.4031791670745,1048.6059646832448,-4184.346502842954
2460806.847222222,3423.5076484718365,1515.8738094769626,-4044.4113569559054
2460806.847916667,3389.8136574516175,1971.2939549460352,-3872.7348624876904
2460806.8486111113,3329.57220295606,2411.2969624912475,-3670.6487565566813
2460806.8493055557,3243.2407560680635,2832.429042205208,-3439.723076029197
2460806.85,3131.4805032412487,3231.3789331283087,-3181.7549574487
2460806.8506944445,2995.1520447028115,3605.0040062914854,-2898.7556262080416
2460806.851388889,2835.3095285666645,3950.3553812849755,-2592.935606188607
2460806.8520833333,2653.1932132473057,4264.701824837699,-2266.6882062713466
2460806.8527777777,2450.2204668404916,4545.552194046703,-1922.571363144435
2460806.853472222,2227.9752314420093,4790.67618291294,-1563.2879464504065
2460806.8541666665,1988.196002318742,4998.123132906236,-1191.66466053535
2460806.854861111,1732.7623970092318,5166.238676592915,-810.6297075700262
2460806.855555556,1463.6804097852996,5293.679003521199,-423.1893976132362
2460806.85625,1183.0664758428254,5379.42255633064,-32.4039234630478
2460806.8569444446,893.1304893721953,5422.778999236867,358.63746584143536
2460806.857638889,596.1579366194079,5423.39533647016,746.8416470385423
2460806.8583333334,294.491327216113,5381.25909670534,1129.1368963264329
2460806.859027778,-9.488887049353547,5296.698544491484,1502.497995797533
2460806.859722222,-313.38370711590954,5170.379922239995,1863.970912867149
2460806.8604166666,-614.795093057956,5003.301770801148,2210.6968010152327
2460806.861111111,-911.3453888968007,4796.786414654037,2539.935092359836
2460806.8618055554,-1200.6964688462779,4552.46873996539,2849.085459210808
2460806.8625,-1480.5684358082983,4272.282416303067,3135.708464179087
2460806.863194444,-1748.7577015306872,3958.443747101198,3397.5447262278485
2460806.863888889,-2003.1543056737821,3613.4333463681783,3632.5324699735093
2460806.8645833335,-2241.758347110067,3239.975849878341,3838.8233498374
2460806.865277778,-2462.6954150716824,2841.017879928697,4014.7964627559372
2460806.8659722223,-2664.2309321248304,2419.7044732163135,4159.070492737058
2460806.8666666667,-2844.783331274201,1979.3541831669907,4270.513945030168
2460806.867361111,-3002.9360064804946,1523.4330546581937,4348.253446469168
2460806.8680555555,-3137.447984934898,1055.5276621478204,4391.680098754071
2460806.86875,-3247.2632797551473,579.3173845841386,4400.453880075936
2460806.8694444443,-3331.5188825567698,98.54609493819106,4374.506092804135
2460806.8701388887,-3389.5513636787796,-383.0065841206444,4314.039858257802
2460806.870833333,-3420.9020428284584,-861.554288091166,4219.5286581475075
2460806.871527778,-3425.320696996952,-1333.3330282298907,4091.7129227250953
2460806.8722222224,-3402.7677693501955,-1794.6302540606164,3931.594664505766
2460806.872916667,-3353.4150437440126,-2241.813677554752,3740.4301628193143
2460806.873611111,-3277.644751177771,-2671.3596848091343,3519.7207041366937
2460806.8743055556,-3176.0470790173795,-3079.8811231939662,3271.2013999746573
2460806.8756944444,-2898.743828397122,-3821.1446727554667,2698.762524778301
2460806.876388889,-2725.2132499645604,-4148.031854583548,2379.3554723208435
2460806.877083333,-2530.188936404025,-4442.232262789904,2041.1285526372442
2460806.8777777776,-2315.2066932976427,-4701.420593067204,1686.7542161055558
2460806.878472222,-2081.9614575230075,-4923.549026749031,1319.0344393699568
2460806.879166667,-1832.29381262115,-5106.864230262245,940.8781765911205
2460806.8798611113,-1568.1751908556673,-5249.921902525311,555.277788146508
2460806.8805555557,-1291.6918938535377,-5351.598692692589,165.28467099345585
2460806.88125,-1005.0280870664068,-5411.101342736165,-226.01566399328402
2460806.8819444445,-710.4479373535895,-5427.9729496265445,-615.5288157124015
2460806.882638889,-410.27708165743485,-5402.09628161053,-1000.1767526537229
2460806.8833333333,-106.8836193687937,-5333.694128180346,-1376.9228507588903
2460806.8840277777,197.3411701421753,-5223.326706245452,-1742.7964518083206
2460806.884722222,500.0021867207983,-5071.8861877852005,-2094.916701174785
2460806.8854166665,798.7197522633362,-4880.588452456443,-2430.51544100234
2460806.886111111,1091.1485507886764,-4650.962204990654,-2746.95895366555
2460806.886805556,1374.9960995766032,-4384.835622025844,-3041.768383673983
2460806.8875,1648.0405932454134,-4084.3207199834424,-3312.638684257577
2460806.8881944446,1908.147989394164,-3751.79564489014,-3557.4559725102827
2460806.888888889,2153.2882184891287,-3389.8850959827696,-3774.3131986289836
2460806.8895833334,2381.5504195068356,-3001.439098809312,-3961.524060819562
2460806.890277778,2591.1571268278776,-2589.510330577059,-4117.635125475535
2460806.890972222,2780.4773426545307,-2157.3302008373043,-4241.436124257245
2460806.8916666666,2948.0384463346204,-1708.2838753607175,-4331.968418108836
2460806.892361111,3092.536904597773,-1245.8844100199092,-4388.531629058517
2460806.8930555554,3212.8477467670646,-773.7461655306606,-4410.6884420752285
2460806.89375,3308.0327823875814,-295.55763759236146,-4398.267586396291
2460806.894444444,3377.3475309774453,184.9461466383012,-4351.365000240085
2460806.895138889,3420.246839864975,664.0115455451227,-4270.343182019537
2460806.8958333335,3436.3891578969624,1137.8943920339186,-4155.8287263517805
2460806.896527778,3425.6394332502528,1602.8881257785895,-4008.708039897937
2460806.8972222223,3388.0705986620455,2055.3518247463467,-3830.121229886164
2460806.8979166667,3323.963605817746,2491.7379817354567,-3621.4541590741596
2460806.898611111,3233.805971037464,2908.619855059368,-3384.328666331484
2460806.8993055555,3118.2887972121894,3302.718208743094,-3120.5909599336655
2460806.9,2978.3022426923444,3670.927240165926,-2832.298203565228
2460806.9006944443,2814.9294188254,4010.339474276497,-2521.7033352044705
2460806.9013888887,2629.43870925296,4318.269397393111,-2191.2381761803413
2460806.902083333,2423.2745245894885,4592.275586417769,-1843.494919720262
2460806.902777778,2198.0465217469277,4830.181096605595,-1481.2061068985029
2460806.9034722224,1955.5173446559925,5030.091865313472,-1107.223235484925
2460806.904166667,1697.5889619692198,5190.4129080250605,-724.4941663173898
2460806.904861111,1426.2877074575297,5309.862094579748,-336.03952762769364
2460806.9055555556,1143.748145867019,5387.4813248440605,55.071669202159484
2460806.90625,852.1959140245232,5422.6449496205705,445.7469615977311
2460806.9069444444,553.9297061967039,5415.065321973204,832.8956610129901
2460806.907638889,251.30258307326952,5364.795405812103,1213.4541155164602
2460806.908333333,-53.2972021535481,5272.228409440537,1584.410747135466
2460806.9090277776,-357.4656567916702,5138.094458063842,1942.8306010346184
2460806.909722222,-658.8025860315976,4963.454360223913,2285.879167019493
2460806.910416667,-954.9310141094721,4749.690564400745,2610.845237790825
2460806.9111111113,-1243.51630286841,4498.495436747317,2915.1625966473953
2460806.9118055557,-1522.2847924866062,4211.857020253267,3196.4303501832383
2460806.9125,-1789.0418010920644,3892.0424628090254,3452.4317449155296
2460806.9131944445,-2041.6888449250305,3541.5793113592304,3681.1513422375106
2460806.913888889,-2278.2399503354627,3163.234887302224,3880.7904441306723
2460806.9145833333,-2496.8369536702985,2759.9939560985267,4049.780694145951
2460806.9152777777,-2695.7637000212135,2335.0349040345072,4186.795798092287
2460806.915972222,-2873.4590681369305,1891.7046273385258,4290.761328415096
2460806.917361111,-3159.755808589284,964.0024367199079,4396.550537554749
2460806.918055556,-3266.1097550189947,486.9267307328369,4397.545740180924
2460806.91875,-3346.7544673028856,6.015993975577109,4363.840392059022
2460806.9194444446,-3401.0545541473666,-474.9487953950575,4295.698369912446
2460806.920138889,-3428.5803461530327,-952.185491011265,4193.653336703046
2460806.9208333334,-3429.1114048235895,-1421.939883202946,4058.504891671537
2460806.921527778,-3402.638524489309,-1880.514716890344,3891.3127668767765
2460806.922222222,-3349.364190567989,-2324.298443743125,3693.3890737319743
2460806.9229166666,-3269.7014605369122,-2749.7935174827085,3466.288610591362
2460806.923611111,-3164.271238380153,-3153.6440316709186,3211.7972511959947
2460806.9243055554,-3033.8979206700355,-3532.662482522649,2931.9184486867966
2460806.925,-2879.6034053673015,-3883.855423075657,2628.8579119078317
2460806.925694444,-2702.599466506268,-4204.447775232449,2305.006526902755
2460806.926388889,-2504.2785183490973,-4491.905551478976,1962.9216278047363
2460806.9270833335,-2286.202812303218,-4743.9567442197795,1605.3067455465577
2460806.927777778,-2050.0921324423457,-4958.610147304326,1234.9899904476663
2460806.9284722223,-1797.810080490021,-5134.171887501244,854.9012535235637
2460806.9291666667,-1531.3490626598907,-5269.259467618202,468.0484323795236
2460806.929861111,-1252.8141170911547,-5362.813148093341,77.49291436596758
2460806.9305555555,-964.4057373851616,-5414.104531436496,-313.67543958892503
2460806.93125,-668.4018690592039,-5422.742250685793,-702.363550180673
2460806.9319444443,-367.1392620966598,-5388.67470671569,-1085.500358179515
2460806.9326388887,-62.99438313087441,-5312.189841509763,-1460.0617761059473
2460806.933333333,241.63591935708908,-5193.911979771373,-1823.0951093890387
2460806.934027778,544.3537945480672,-5034.795811583628,-2171.7427031897105
2460806.9347222224,842.779621949715,-4836.117627725822,-2503.2645961215835
2460806.935416667,1134.5709152683783,-4599.463952368773,-2815.059983993501
2460806.936111111,1417.4407302758468,-4326.717744696988,-3104.687323564806
2460806.9368055556,1689.1754266680068,-4020.0423607407715,-3369.882934405832
2460806.9375,1947.65165030762,-3681.8634824287933,-3608.5779830208885
2460806.9381944444,2190.852425328349,-3314.8492239096363,-3818.9137646033932
2460806.938888889,2416.8822616568127,-2921.888627694636,-3999.2552198652347
2460806.939583333,2623.981202816519,-2506.068755992113,-4148.202647903971
2460806.9402777776,2810.537753080312,-2070.650575077108,-4264.601592867057
2460806.940972222,2975.100637811895,-1619.0438146362214,-4347.550897204166
2460806.941666667,3116.389358415853,-1154.7809743781447,-4396.40892168585
2460806.9423611113,3233.303511890998,-681.4906323203232,-4410.797938496138
2460806.9430555557,3324.930846576258,-202.87020206940355,-4390.606703739201
2460806.94375,3390.55402795489,277.34172711291,-4335.991214607816
2460806.9444444445,3429.6560854634317,755.393332414183,-4247.373652822256
2460806.945138889,3441.9245099083423,1227.5476554000227,-4125.439511430256
2460806.9458333333,3427.2539661559845,1690.110713160965,-3971.1329001779845
2460806.9465277777,3385.7475842213103,2139.4594850973867,-3785.6500210964987
2460806.947222222,3317.716789383256,2572.0696114765683,-3570.430810404754
2460806.9479166665,3223.6796330698103,2984.5426349901845,-3327.1487459167897
2460806.948611111,3104.357589322569,3373.632594767409,-3057.6988298220044
2460806.949305556,2960.67078945473,3736.2717645698344,-2764.1837724876623
2460806.95,2793.731676319102,4069.5953178675454,-2448.8984175157707
2460806.9506944446,2604.837077325707,4370.964680579717,-2114.31247821441
2460806.951388889,2395.458707508174,4637.989338711639,-1763.0516699850032
2460806.9520833334,2167.232142737113,4868.546850184888,-1397.8773660927184
2460806.952777778,1921.9443171336625,5060.800832058424,-1021.6649161821904
2460806.953472222,1661.519629550412,5213.2166944977525,-637.3808068891818
2460806.9541666666,1388.0047671760276,5324.574917509913,-248.05886677374852
2460806.954861111,1103.5523737223637,5393.981694703088,143.22426546402076
2460806.9555555554,810.4037169991519,5420.876796980108,533.3741634836534
2460806.95625,510.8705256205589,5405.038550153186,919.3038732695468
2460806.956944444,207.31617912721111,5346.585860894086,1297.9591502721794
2460806.957638889,-97.86355197284742,5245.977268955574,1666.343410234482
2460806.959027778,-703.4712460050991,4921.798416511043,2360.7465197299375
2460806.9597222223,-999.121366002205,4700.793969197388,2681.276044494842
2460806.9604166667,-1286.8796834029265,4442.743455677848,2980.599915768123
2460806.961111111,-1564.479264814067,4149.689081791708,3256.357051960034
2460806.9618055555,-1829.7348526016226,3823.948518525606,3506.3745461237445
2460806.9625,-2080.559979316544,3468.0958222274066,3728.6844554105687
2460806.9631944443,-2314.983158740449,3084.9404782278048,3921.5388232549694
2460806.9638888887,-2531.163050685181,2677.504781676673,4083.4228619819196
2460806.964583333,-2727.4025124278032,2248.9997689165675,4213.066244376197
2460806.965277778,-2902.1614678334136,1802.799900295786,4309.452473244797
2460806.9659722224,-3054.0685339815195,1342.416692413372,4371.826308944762
2460806.966666667,-3181.931358639632,871.4714787856379,4399.699247123719
2460806.967361111,-3284.74562436332,393.6674785658618,4392.853042383776
2460806.9680555556,-3361.702683195445,-87.23866620676714,4351.341278552203
2460806.96875,-3412.1957849285286,-567.4657238009034,4275.488984928021
2460806.9694444444,-3435.8248622115025,-1043.2369117205994,4165.890299150051
2460806.970138889,-3432.399837085442,-1510.8089889007715,4023.4041752179974
2460806.970833333,-3401.942410618455,-1966.5012216495522,3849.148139246713
2460806.9715277776,-3344.686299664384,-2406.7240537466964,3644.4900956794427
2460806.972222222,-3261.075886638253,-2828.0072802379013,3411.0381983813154
2460806.972916667,-3151.7632535632306,-3227.02752415005,3150.628808412748
2460806.9736111113,-3017.603580553784,-3600.634792385454,2865.312579100112
2460806.9743055557,-2859.6488997548686,-3945.877881822157,2557.338725167659
2460806.975,-2679.140213891453,-4260.02838965999,2229.1375618227153
2460806.9756944445,-2477.4980026212565,-4540.603090531839,1883.3014158511883
2460806.976388889,-2256.3111665691454,-4785.384431304639,1522.5640492362138
2460806.9770833333,-2017.324478374109,-4992.438913383785,1149.778755691225
2460806.9777777777,-1762.4246353880949,-5160.133144411522,767.8953198412319
2460806.978472222,-1493.6250321642729,-5287.147364914191,379.93605223778576
2460806.9791666665,-1213.049394448877,-5372.486284652252,-11.028864781676294
2460806.979861111,-922.9144342305758,-5415.4871000797075,-401.90647325357645
2460806.980555556,-625.5117052866077,-5415.824602607221,-789.6063162566461
2460806.98125,-323.1888468604216,-5373.513331406006,-1171.0656360900418
2460806.9819444446,-18.330415553271514,-5288.906767263674,-1543.27423139039
2460806.982638889,286.66149554958054,-5162.693608168005,-1903.2987249952546
2460806.9833333334,589.3866523083732,-4995.891207718987,-2248.3060071712007
2460806.984027778,887.4658980850717,-4789.836295073661,-2575.585638571711
2460806.984722222,1178.560016454275,-4546.17312663619,-2882.571022637996
2460806.9854166666,1460.3880723953737,-4266.839246374815,-3166.85918222807
2460806.986111111,1730.7450861797447,-3954.049048603443,-3426.229006196491
2460806.9868055554,1987.5189099208183,-3610.2753513244566,-3658.6578565046366
2460806.9875,2228.7061997362784,-3238.229189531102,-3862.3364570582958
2460806.988194444,2452.4273898307815,-2840.8380435383883,-4035.6820049279763
2460806.988888889,2656.940599715682,-2421.2227010260062,-4177.3494726469735
2460806.9895833335,2840.654414393748,-1982.6729487974649,-4286.241081150711
2460806.990277778,3002.139491596622,-1528.6222763622577,-4361.513937761705
2460806.9909722223,3140.138961136152,-1062.6217548358477,-4402.585842652958
2460806.9916666667,3253.5775842288294,-588.3132482590343,-4409.139269104627
2460806.992361111,3341.5696459157957,-109.40209795172954,-4381.123524797807
2460806.9930555555,3403.4255529212705,370.3705871319735,-4318.755097963782
2460806.99375,3438.6571063139168,847.2558967025817,-4222.516189416057
2460806.9944444443,3446.9814179217256,1317.5252178411731,-4093.1514268342376
2460806.9951388887,3428.3234335613197,1777.498323044171,-3931.662755423364
2460806.995833333,3382.8170248843912,2223.5713030631914,-3739.3024978195713
2460806.996527778,3310.8046097154424,2652.2441838514965,-3517.5645784780736
2460806.9972222224,3212.835262484651,3060.14804891316,-3268.1739156373055
2460806.997916667,3089.6612795654523,3444.0714779600867,-2993.0739915739214
2460806.998611111,2942.2331734332147,3800.9860870640136,-2694.4126318331205
2460806.9993055556,2771.693079636078,4128.070949477454,-2374.5260394961333
2460807.0006944444,2366.7529338181303,4682.641805527715,-1681.2564462552682
2460807.001388889,2135.513836807314,4905.722586314937,-1313.3212344950089
2460807.002083333,1887.4606358576236,5090.200378086488,-935.0137412427263
2460807.0027777776,1624.5402216622667,5234.601988685911,-549.3180064354568
2460807.003472222,1348.8196309232333,5337.7714246742635,-159.27990440075757
2460807.004166667,1062.4695169532038,5398.879992753607,232.0175247518447
2460807.0048611113,767.7466462502188,5417.433596975149,621.479174390124
2460807.0055555557,466.97558804478507,5393.277135547205,1006.0231541474849
2460807.00625,162.5297898537106,5326.595938686833,1382.6059865192642
2460807.0069444445,-143.18776604462823,5217.91423590527,1748.2474590853978
2460807.007638889,-447.7641262104029,5068.090682532703,2100.054881033065
2460807.0083333333,-748.7959459820464,4878.311018858866,2435.2464993198387
2460807.0090277777,-1043.908894351833,4650.07797198014,2751.17385658103
2460807.009722222,-1330.7766992090844,4385.198543581402,3045.342891519655
2460807.0104166665,-1607.139660506711,4085.7688560401975,3315.433606942177
2460807.011111111,-1870.82247783335,3754.156748460868,3559.3181610468105
2460807.011805556,-2119.7512564506183,3392.9823273421302,3775.0772645999837
2460807.0125,-2351.9695734692705,3005.0966841681507,3961.014792183414
2460807.0131944446,-2565.6535021787276,2593.5589968775134,4115.670538817794
2460807.013888889,-2759.1255151139653,2161.612218708941,4237.831079091558
2460807.0145833334,-2930.867193247692,1712.657562348281,4326.53869655163
2460807.015277778,-3079.530687009941,1250.2279673172043,4381.09836931074
2460807.015972222,-3203.948880730446,777.9607324616851,4401.082803874953
2460807.0166666666,-3303.14421851903,299.56948627749716,4386.335514874933
2460807.017361111,-3376.336153974406,-181.18434244359054,4336.971950909301
2460807.0180555554,-3422.947186692198,-660.5203941582937,4253.378666382153
2460807.01875,-3442.607448330224,-1134.6684265774468,4136.2105393879365
2460807.019444444,-3435.157801091201,-1599.897382113263,3986.386034825793
2460807.020138889,-3400.651410220052,-2052.5442987818446,3805.080515279182
2460807.0208333335,-3339.3537536791446,-2489.0428881162,3593.7176044150315
2460807.021527778,-3251.7410351194208,-2905.9515792619977,3353.958619026968
2460807.0222222223,-3138.4969721107536,-3299.9808236946774,3087.6900952206797
2460807.0229166667,-3000.507940919906,-3668.0194355966682,2797.009452650542
2460807.023611111,-2838.8564715317675,-4007.1597343348944,2484.2088599407075
2460807.0243055555,-2654.813103875346,-4314.721244881747,2151.7573905327113
2460807.025,-2449.826633558366,-4588.272714223142,1802.281580494778
2460807.0256944443,-2225.5127998833404,-4825.652199385504,1438.5445326020335
2460807.0263888887,-1983.6414893774258,-5024.984998809324,1063.4237328727893
2460807.027083333,-1726.122556138188,-5184.699210995542,679.8877784855325
2460807.027777778,-1454.9903791411461,-5303.538734411991,290.97223129201586
2460807.0284722224,-1172.3873036555158,-5380.573548616625,-100.2451618437918
2460807.029166667,-880.5461304376606,-5415.207156262468,-490.669631378362
2460807.029861111,-581.7718329068628,-5407.181104991168,-877.2146701529055
2460807.0305555556,-278.42269423579273,-5356.576551082723,-1256.827179038824
2460807.03125,27.10893526472192,-5263.812871120612,-1626.5122134047385
2460807.0319444444,332.416061739021,-5129.643370812128,-1983.3570856156814
2460807.032638889,635.0964540269325,-4955.148180241294,-2324.5545912137027
2460807.033333333,932.7718440478623,-4741.724460678364,-2647.4251498114554
2460807.0340277776,1223.1067426509708,-4491.074079945868,-2949.437673944679
2460807.034722222,1503.8267109376993,-4205.188935762458,-3228.2290101116732
2460807.035416667,1772.7359424404958,-3886.334124631897,-3481.6218217332125
2460807.0361111113,2027.734029980942,-3537.029165630153,-3707.640811506779
2460807.0368055557,2266.831812865582,-3160.0274896415144,-3904.527209682921
2460807.0375,2488.1662175360243,-2758.294402292326,-4070.7514772482946
2460807.0381944445,2690.0140205076555,-2334.9837233767157,-4205.024192231011
2460807.038888889,2870.8044776833267,-1893.4132946064901,-4306.305104331988
2460807.0395833333,3029.130778201868,-1437.0395282246996,-4373.8103559033325
2460807.0402777777,3163.760284173484,-969.4311663004837,-4407.017870873858
2460807.040972222,3273.6435282066395,-494.24239634428574,-4405.670919711338
2460807.042361111,3415.9342676148513,463.99706182798315,-4299.622098416652
2460807.043055556,3447.221682622537,939.5603143520152,-4195.740147975252
2460807.04375,3451.5315011088264,1407.7851867600377,-4058.9379858231027
2460807.0444444446,3428.8195174846214,1865.0064091975848,-3890.2754956485855
2460807.045138889,3379.2508910128113,2307.640417692997,-3691.06111448962
2460807.0458333334,3303.19955071189,2732.212883061529,-3462.842635918011
2460807.046527778,3201.24607932699,3135.38570589806,-3207.3961834628108
2460807.047222222,3074.1740420746933,3513.983288307746,-2926.713367522495
2460807.0479166666,2922.9647347549803,3865.0178659373964,-2622.986659237857
2460807.048611111,2748.7903369500737,4185.713675280989,-2298.5930323718912
2460807.0493055554,2553.0054744054974,4473.529714865514,-1956.0759535020277
2460807.05,2337.1372111088795,4726.180861832096,-1598.1258216214626
2460807.050694444,2102.8735147058487,4941.657101944326,-1227.55898951762
2460807.051388889,1852.0502626115158,5118.2406401678445,-847.2955273738312
2460807.0520833335,1586.6368811402017,5254.520674614735,-460.33591662048997
2460807.052777778,1308.72073319984,5349.405640287989,-69.73688483053732
2460807.0534722223,1020.4903943086581,5402.132757337121,321.4133849041877
2460807.0541666667,724.2179756073186,5412.274754352943,710.0204232278948
2460807.054861111,422.2406728811633,5379.743676107887,1093.008761048795
2460807.0555555555,116.94173068077718,5304.7917291653785,1467.3470723181201
2460807.05625,-189.2689841224936,5188.009160249039,1830.0729177724645
2460807.0569444443,-493.9745896789319,5030.319208573101,2178.3168283475716
2460807.0576388887,-794.7707860521838,4832.9702115206,2509.3255021871805
2460807.058333333,-1089.2852449828029,4597.524981538629,2820.4838937602567
2460807.059027778,-1375.1966093258732,4325.84760549414,3109.336001125718
2460807.0597222224,-1650.2529367865839,4020.0878405407707,3373.604187481495
2460807.060416667,-1912.2894350927463,3682.663301968945,3611.20689603205
2460807.061111111,-2159.24535447235,3316.2396515699106,3820.2746458194842
2460807.0618055556,-2389.179925254913,2923.708995906637,3999.1642253297096
2460807.0625,-2600.287239680047,2508.1667125403605,4146.471018460897
2460807.0631944444,-2790.9100017031524,2072.8869051233837,4261.039424786173
2460807.063888889,-2959.5520742348367,1621.2966928880783,4341.971345243215
2460807.064583333,-3104.8897706419266,1156.949520650189,4388.632721363673
2460807.0652777776,-3225.7818437697733,683.4976662773322,4400.6581218963265
2460807.065972222,-3321.278129451508,204.66411993999372,4377.953374704473
2460807.066666667,-3390.626807869055,-275.7860076812256,4320.696244777702
2460807.0673611113,-3433.280244159075,-754.0743858902532,4229.33515801625
2460807.0680555557,-3448.899370829148,-1226.4385152119576,4104.585970406593
2460807.06875,-3437.356573234364,-1689.1607632972798,3947.426782805959
2460807.0694444445,-3398.737039618835,-2138.5972137817043,3759.0908035470975
2460807.070138889,-3333.338538146154,-2571.206143438742,3541.0572663065022
2460807.0708333333,-3241.669587413224,-2983.5759271552442,3295.0404210619963
2460807.0715277777,-3124.4459930753997,-3372.4521608680734,3022.9766271764065
2460807.072222222,-2982.5857334047455,-3734.7637747681442,2727.0095968337046
2460807.0729166665,-2817.202190101082,-4067.647900311143,2409.4738577739863
2460807.073611111,-2629.595738010805,-4368.473246990177,2072.876529581141
2460807.074305556,-2421.243726189467,-4634.86174573004,1719.8775322553154
2460807.075,-2193.788906672873,-4864.708217221927,1353.268376655911
2460807.0756944446,-1949.0263892357482,-5056.197838783913,975.9497102268206
2460807.076388889,-1688.8892276056308,-5207.821198917706,590.9078218639183
2460807.0770833334,-1415.4327627146301,-5318.386758780434,201.19032646188649
2460807.077777778,-1130.81787239168,-5387.0305690275345,-190.11872860573976
2460807.078472222,-837.2932955099704,-5413.223128601044,-579.9240806235373
2460807.0791666666,-537.1772162369442,-5396.7733135445405,-965.1445278738208
2460807.079861111,-232.83829659078614,-5337.829347792612,-1342.738011017285
2460807.0805555554,73.32363576931715,-5236.876830391333,-1709.7262340802113
2460807.08125,378.897049466032,-5094.733877264223,-2063.2185883202833
2460807.081944444,681.4781220013191,-4912.543474562265,-2400.4351488604157
2460807.082638889,978.6899162367032,-4691.763175891738,-2718.7285405095026
2460807.084027778,1547.7443743528975,-4141.756845673578,-3288.7409412541056
2460807.0847222223,1815.1334946325048,-3816.8922283248253,-3536.0055242719827
2460807.0854166667,2068.280390024309,-3462.124204830867,-3755.4714285728296
2460807.086111111,2305.210650893277,-3080.2480409809314,-3945.431464712062
2460807.0868055555,2524.078277368141,-2674.2662227893957,-4104.410356673613
2460807.0875,2723.179296170881,-2247.364878779198,-4231.175208987454
2460807.0881944443,2900.964238204493,-1802.88910565781,-4324.744140555902
2460807.0888888887,3056.0494343831438,-1344.3173711555073,-4384.393083881074
2460807.089583333,3187.227094259939,-875.2351562967158,-4409.660754221613
2460807.090277778,3293.474138654473,-399.30798054349555,-4400.351796088531
2460807.0909722224,3373.959755605747,79.74604633738097,-4356.538112099106
2460807.091666667,3428.0516515940785,558.1840185213059,-4278.558377265352
2460807.092361111,3455.3209648693105,1032.2662380679596,-4167.01573779745
2460807.0930555556,3455.5458066487035,1498.2843014041935,-4022.773689030041
2460807.09375,3428.7133907405087,1952.589122382948,-3846.9501260105335
2460807.0944444444,3375.0207110284778,2391.6187417382725,-3640.9095601353274
2460807.095138889,3294.8737255025358,2811.9257543921685,-3406.2535000860325
2460807.095833333,3188.8850077665456,3210.2041718884066,-3144.8090029197206
2460807.0965277776,3057.869833463377,3583.3155161094824,-2858.615416576107
2460807.097222222,2902.8406755994765,3928.3139344127735,-2549.90934589564
2460807.097916667,2725.0001004208316,4242.470096577848,-2221.107906867994
2460807.0986111113,2525.7320665787774,4523.293643484884,-1874.790345686116
2460807.0993055557,2306.591655107215,4768.553938928815,-1513.6781373567655
2460807.1,2069.293276484124,4976.2988879314735,-1140.6136994262106
2460807.1006944445,1815.6974280660158,5144.871589542252,-758.5378899638935
2460807.101388889,1547.796096967882,5272.924613006585,-370.4664806457949
2460807.1020833333,1267.6969304828137,5359.431707394596,20.53417596245854
2460807.1027777777,977.6063159243902,5403.696787586668,411.3720505438434
2460807.103472222,679.8115370591129,5405.360074002394,798.9546562826242
2460807.1041666665,376.6621807234536,5364.401305996285,1180.2143319136708
2460807.104861111,70.55099423064385,5281.139989610599,1552.1333148285687
2460807.105555556,-236.1056166671083,5156.232685063472,1911.7683583570904
2460807.10625,-540.887237849126,4990.667383548888,2256.27463275398
2460807.1069444446,-841.389054431815,4785.755060354878,2582.9286879917677
2460807.107638889,-1135.2412186672525,4543.118530873531,2889.1502597713597
2460807.1083333334,-1420.1278015641092,4264.678763760312,3172.522735482927
2460807.109027778,-1693.80516109672,3952.6388323471638,3430.81211744098
2460807.109722222,-1954.119580320974,3609.465700550768,3661.984352137296
2460807.1104166666,-2199.0240430242275,3237.87005434795,3864.2209177277955
2460807.111111111,-2426.5940378537834,2840.7843888761518,4035.9325923643023
2460807.1118055554,-2635.042295977144,2421.339562853771,4175.771345270849
2460807.1125,-2822.732382120741,1982.8400301049082,4282.640311570044
2460807.113194444,-2988.1910782267787,1528.7379377935547,4355.701831162515
2460807.113888889,-3130.1195021417943,1062.6062844209337,4394.383537447489
2460807.1145833335,-3247.4029170101135,588.1113105778244,4398.382492778975
2460807.115277778,-3339.1191901689645,108.98428798690304,4367.66736925915
2460807.1159722223,-3404.545861108112,-371.0071249505683,4302.478675172114
2460807.1166666667,-3443.1657826653363,-848.0878126939775,4203.327026942378
2460807.117361111,-3454.6712946141,-1318.504247262405,4070.9894664988283
2460807.1180555555,-3438.966891381462,-1778.553489889585,3906.503823455343
2460807.11875,-3396.1703440056604,-2224.611966657974,3711.1611271085403
2460807.1194444443,-3326.6122389457773,-2653.1638381840035,3486.496075665191
2460807.1201388887,-3230.833900158249,-3060.828756018609,3234.2755838729004
2460807.120833333,-3109.58366817627,-3444.3887929196653,2956.4854418717887
2460807.121527778,-2963.8115216477436,-3800.814315059581,2655.315139720118
2460807.1222222224,-2794.6620379954834,-4127.288564044741,2333.140927171505
2460807.122916667,-2603.4657128337003,-4421.230695044864,1992.5072152572131
2460807.123611111,-2391.728672012603,-4680.3170351811095,1636.1064394649477
2460807.1243055556,-2161.1208388963446,-4902.500318010646,1266.7575443556373
2460807.1256944444,-1650.7103495545246,-5229.450166147373,500.98642882954266
2460807.126388889,-1374.9402318980988,-5331.644708871038,110.62546153846597
2460807.127083333,-1088.3315881524688,-5391.813204309009,-280.61058624227655
2460807.1277777776,-793.1489259439151,-5409.493813545246,-669.6273055874822
2460807.128472222,-491.72340963228896,-5384.563286722153,-1053.3501849287074
2460807.129166667,-186.43379452626888,-5317.237336694777,-1428.7496098313866
2460807.1298611113,120.31295111783399,-5208.068080319432,-1792.8653453345394
2460807.1305555557,426.1011418940769,-5057.93861314259,-2142.830267936302
2460807.13125,728.5257885176599,-4868.0548231042985,-2475.893118941381
2460807.1319444445,1025.2117468440877,-4639.934580889681,-2789.440084861669
2460807.132638889,1313.8324278967689,-4375.39447464757,-3081.0150289146077
2460807.1333333333,1592.1279148904312,-4076.534276242542,-3348.3382306390426
2460807.1340277777,1857.9223495781666,-3745.719341202088,-3589.323516646803
2460807.134722222,2109.1404689180094,-3385.5611531889726,-3802.093692746408
2460807.1354166665,2343.8231963286244,-2998.8962190625152,-3984.994216730113
2460807.136111111,2560.1422013571605,-2588.763527065206,-4136.6050660141955
2460807.136805556,2756.413368588134,-2158.3807562799084,-4255.750782148427
2460807.1375,2931.1091196356583,-1711.1194282852616,-4341.508679425193
2460807.1381944446,3082.86954924787,-1250.479168151142,-4393.215219948213
2460807.138888889,3210.5123405052705,-780.0612332654306,-4410.470560101618
2460807.1395833334,3313.041429406628,-303.5414525518862,-4393.1412752618735
2460807.140277778,3389.654387750338,175.35728137347058,-4341.361267687296
2460807.140972222,3439.748495614983,652.8928415566958,-4255.530860071283
2460807.1416666666,3462.925469235549,1125.3318854188235,-4136.314071951435
2460807.142361111,3458.994807323948,1588.9779252541427,-3984.634074115518
2460807.1430555554,3427.9757163719405,2040.19931088718,-3801.6668134366464
2460807.14375,3370.097572698591,2475.4569669000402,-3588.832802663255
2460807.144444444,3285.7988794943453,2891.331713994519,-3347.7870745750256
2460807.145138889,3175.724680426569,3284.5509853672497,-3080.407310433917
2460807.1458333335,3040.722396731958,3652.0147368852454,-2788.780163859517
2460807.146527778,2881.8360656587374,3990.8203280955354,-2475.1858227989605
2460807.1472222223,2700.2989714770138,4298.28614267686,-2142.0808726970236
2460807.1479166667,2497.5246786488983,4571.973706613013,-1792.0795514429826
2460807.148611111,2275.0964946500926,4809.708064375848,-1427.933509504576
2460807.1493055555,2034.755416538973,5009.596171045519,-1052.5102240034794
2460807.15,1778.3866367284122,5170.043075491895,-668.7702377045638
2460807.1506944443,1508.0047090990413,5289.765685848425,-279.74342194230434
2460807.1513888887,1225.7375027789546,5367.803933757814,111.4955117405881
2460807.152083333,933.8090876823428,5403.529188487219,501.8520159177217
2460807.152777778,634.5217241454787,5396.649805498085,888.2369663812253
2460807.1534722224,330.23713396230033,5347.213738710607,1267.5919226181045
2460807.154166667,23.357251763109705,5255.608186347169,1636.9141210425967
2460807.154861111,-283.6953453327101,5122.556285706307,1993.2809479170194
2460807.1555555556,-588.497128025588,4949.110913494617,2333.8736468094075
2460807.15625,-888.6432254903606,4736.6456891297785,2656.0000308767358
2460807.1569444444,-1181.7667696978533,4486.843310958002,2957.1159971672732
2460807.157638889,-1465.557791440228,4201.681389193022,3234.8456568633055
2460807.158333333,-1737.781509180347,3883.4159578775184,3486.999931220076
2460807.1590277776,-1996.2958653583046,3534.5628654324055,3711.5934861317883
2460807.159722222,-2239.0681819211545,3157.8772548036877,3906.859904439162
2460807.160416667,-2464.190827178917,2756.3313457162812,4071.265022378267
2460807.1611111113,-2669.8958037928373,2333.09072758849,4203.518378758653
2460807.1618055557,-2854.568181343459,1891.4893673780089,4302.582742263621
2460807.1625,-3016.7583101884725,1435.003528001498,4367.681697110473
2460807.1631944445,-3155.192765104288,967.224778562685,4398.305278274669
2460807.163888889,-3268.7839722746508,491.832271518574,4394.213652215856
2460807.1645833333,-3356.6384785301125,12.564451819304361,4355.4388427173435
2460807.1652777777,-3418.0638233154427,-466.80964015348474,4282.284502307603
2460807.165972222,-3452.5739751399506,-942.5193173963347,4175.323728823848
2460807.167361111,-3439.95896546907,-1868.0285774608428,3863.5957155540823
2460807.168055556,-3392.921909848825,-2310.5392971022225,3661.2748837958234
2460807.16875,-3319.146056074662,-2734.8648239629892,3430.0224112040196
2460807.1694444446,-3219.206019860689,-3137.6574349147677,3171.6575693225977
2460807.170138889,-3093.883117892735,-3515.737024493573,2888.215147025486
2460807.1708333334,-2944.1597184264597,-3866.1167286507643,2581.929853551849
2460807.171527778,-2771.211928436818,-4186.027203374674,2255.2189814435997
2460807.172222222,-2576.400637059798,-4472.939314701534,1910.6634344039433
2460807.1729166666,-2361.2609560128494,-4724.584996621853,1550.9872525360663
2460807.173611111,-2127.4901223485526,-4938.976039457956,1179.0357976068783
2460807.1743055554,-1876.9339505025964,-5114.420589986214,797.752782998371
2460807.175,-1611.5719487470928,-5249.537162104818,410.1563637486506
2460807.175694444,-1333.501234979587,-5343.265989956054,19.314516970118042
2460807.176388889,-1044.9194082124657,-5394.877587917258,-371.68003993208265
2460807.1770833335,-748.1065532209782,-5403.978420515302,-759.7351310306328
2460807.177777778,-445.4065631973823,-5370.513629648354,-1141.784346176777
2460807.1784722223,-139.20798054745018,-5294.766808138041,-1514.8119438477534
2460807.1791666667,168.0754440431716,-5177.356853520746,-1875.8771828701665
2460807.179861111,474.0242741581181,-5019.231976816167,-2222.1378462119997
2460807.1805555555,776.2327984841904,-4821.6609783650865,-2550.8727405664376
2460807.18125,1072.3281463258409,-4586.221935504828,-2859.5029783107066
2460807.1819444443,1359.988936996071,-4314.788474919489,-3145.611873857017
2460807.1826388887,1636.963314056886,-4009.513818372448,-3406.9633197155704
2460807.183333333,1901.086227221425,-3672.8128081632253,-3641.518528718467
2460807.184027778,2150.2958494476648,-3307.342120600655,-3847.451061791366
2460807.1847222224,2382.6490334798173,-2915.9788764304562,-4023.1600829431227
2460807.185416667,2596.3357288389307,-2501.797853188748,-4167.2818040458615
2460807.186111111,2789.692297953454,-2068.0474914961874,-4278.69910119968
2460807.1868055556,2961.213681918529,-1618.1248747470984,-4356.5492961579475
2460807.1875,3109.564373180609,-1155.5498555751824,-4400.230103440589
2460807.1881944444,3233.588165527161,-683.9384729474161,-4409.403751392795
2460807.188888889,3332.31664619232,-206.9758148100346,-4383.999281773492
2460807.189583333,3404.9764037330747,271.61154968184786,-4324.213033867858
2460807.1902777776,3450.994917600092,748.0834303536822,-4230.5073133732785
2460807.190972222,3470.0050957508097,1218.7140411379223,-4103.607243251934
2460807.191666667,3461.848421755739,1679.8200526641917,-3944.495790426523
2460807.1923611113,3426.5766702083674,2127.7885271437685,-3754.406961178406
2460807.1930555557,3364.4521477828803,2559.1045749439663,-3534.8171612367983
2460807.19375,3275.946417341423,2970.37856283779,-3287.4347198668916
2460807.1944444445,3161.7374671910025,3358.372675724443,-3014.1875927854203
2460807.195138889,3022.7052931354992,3720.0266303251938,-2717.2092674072273
2460807.1958333333,2859.9258742920774,4052.4823110680554,-2398.8229207914555
2460807.1965277777,2674.6635342522522,4353.107100865822,-2061.523894023313
2460807.197222222,2468.3617022413587,4619.515657830112,-1707.9605839998724
2460807.1979166665,2242.632106712511,4849.589899137235,-1340.913873559898
2460807.198611111,1999.2424578913015,5041.496955110132,-963.2752515480294
2460807.199305556,1740.1026998336529,5193.7048698463195,-578.0238012256891
2460807.2,1467.2499398995337,5304.995843315851,-188.2022646552468
2460807.2006944446,1182.8321855921013,5374.476839820059,203.10759061975537
2460807.201388889,889.0910380072835,5401.587420403462,592.8100620758033
2460807.2020833334,588.3435170341103,5386.104692665444,977.8207975232655
2460807.202777778,282.9632001167163,5328.1453160586025,1355.0920186963424
2460807.203472222,-24.639126285709025,5228.164542527003,1721.6374175458282
2460807.2041666666,-332.03510422377724,5086.9523161645,2074.556474705286
2460807.204861111,-636.7985266504237,4905.626497847103,2411.0579555078416
2460807.2055555554,-936.5249480819127,4685.623319807912,2728.482361024085
2460807.20625,-1228.8509975546292,4428.685207153964,3024.3231355071375
2460807.206944444,-1511.4732159403509,4136.846134415193,3296.2464520158364
2460807.207638889,-1782.1662607995197,3812.4147033063687,3542.1094312276837
2460807.209027778,-2279.3577218733703,3076.2664545005605,3948.1350013404394
2460807.2097222223,-2501.9483024509645,2670.359878940444,4105.106371705149
2460807.2104166667,-2704.8240007033532,2243.434948572838,4229.6588653867075
2460807.211111111,-2886.392046927668,1798.8542748701686,4320.815766894727
2460807.2118055555,-3045.227022126679,1340.1172896759506,4377.862693309916
2460807.2125,-3180.0816221195796,870.8331153687014,4400.35277133838
2460807.2131944443,-3289.8960982453145,394.6927357960338,4388.109859774965
2460807.2138888887,-3373.8063341732186,-84.55937242962214,4341.229817025599
2460807.214583333,-3431.1505169491957,-563.1539810618547,4260.079813837207
2460807.215277778,-3461.4743645673507,-1037.3260745387809,4145.295690720432
2460807.2159722224,-3464.5348677819643,-1503.3438675623584,3997.777360137908
2460807.216666667,-3440.302505994436,-1957.5377096252896,3818.6822549996637
2460807.217361111,-3388.9618963883777,-2396.3286979168442,3609.416828147744
2460807.2180555556,-3310.9108384614688,-2816.256800538715,3371.6261178940927
2460807.21875,-3206.757721633537,-3214.008285136378,3107.181404371716
2460807.2194444444,-3077.3172724160127,-3586.4422292370928,2818.165999430364
2460807.220138889,-2923.6046295258675,-3930.615879815759,2506.8592315473493
2460807.220833333,-2746.8277513888115,-4243.808619222734,2175.7187118678535
2460807.2215277776,-2548.378180308313,-4523.544290885152,1827.3609947866985
2460807.222222222,-2329.820207235115,-4767.611644573214,1464.5407700949845
2460807.222916667,-2092.8785077286475,-4974.082664853356,1090.128757113081
2460807.2236111113,-1839.424341530993,-5141.328568073499,707.0884923555531
2460807.2243055557,-1571.4604326931171,-5268.033274579135,318.45222690752973
2460807.225,-1291.1046737460574,-5353.204191449878,-72.7038254713402
2460807.2256944445,-1000.572811434096,-5396.180181049742,-463.2846436269873
2460807.226388889,-702.1602938988276,-5396.63662645593,-850.2016946611926
2460807.2270833333,-398.22347133361865,-5354.587549944421,-1230.3981060252095
2460807.2277777777,-91.16034440161269,-5270.384783809728,-1600.8734612337762
2460807.228472222,216.60893172971072,-5144.714236144079,-1958.707962794679
2460807.2291666665,522.6615938931561,-4978.589334443301,-2301.0857370322465
2460807.229861111,824.5916726896976,-4773.341766853431,-2625.3170654136675
2460807.230555556,1120.029070487101,-4530.60967096108,-2928.8593576556123
2460807.23125,1406.658145186874,-4252.323449132038,-3209.336702349785
2460807.2319444446,1682.2356565064454,-3940.6894006251914,-3464.5578697603405
2460807.232638889,1944.6079406390688,-3598.1713780481505,-3692.53265907713
2460807.2333333334,2191.727202829839,-3227.470678186469,-3891.4865141709006
2460807.234027778,2421.6668370905045,-2831.5043733367806,-4059.873356529007
2460807.234722222,2632.6356971740825,-2413.382284742465,-4196.386602322676
2460807.2354166666,2822.9912577281834,-1976.3827907711702,-4299.968347246137
2460807.236111111,2991.251620075224,-1523.9276426350332,-4369.816716768775
2460807.2368055554,3136.106320616765,-1059.5559571520616,-4405.391383214605
2460807.2375,3256.425910690723,-586.8975326290832,-4406.417257555846
2460807.238194444,3351.2702754187562,-109.64563199003103,-4372.886361457264
2460807.238888889,3419.8956612046954,368.47063416567494,-4305.057883959104
2460807.2395833335,3461.760379372814,843.7141973971046,-4203.456422349488
2460807.240277778,3476.529148851194,1312.3680579681175,-4068.868403571132
2460807.2409722223,3464.076038942937,1770.763312374647,-3902.3366797871195
2460807.2416666667,3424.4859695388723,2215.307034734237,-3705.1532906459092
2460807.242361111,3358.054725078,2642.509846809459,-3478.8503894621176
2460807.2430555555,3265.2874396238512,3049.0130020114425,-3225.189335246403
2460807.24375,3146.8955160844803,3431.6147816955045,-2946.147969091728
2460807.2444444443,3003.791946674856,3787.2960036775858,-2643.9060986000777
2460807.2451388887,2837.085019993035,4113.244400781012,-2320.8292519919532
2460807.245833333,2648.0704078512895,4406.877646850289,-1979.450767556982
2460807.246527778,2438.221650216341,4665.864778870773,-1622.4523265177452
2460807.2472222224,2209.179074985899,4888.14577643185,-1252.6430571853903
2460807.247916667,1962.73721363059,5071.949063762398,-872.9373684556916
2460807.248611111,1700.8307995293903,5215.806713484941,-486.33169940046446
2460807.2493055556,1425.5194598464816,5318.5671543498875,-95.88039500798305
2460807.2506944444,843.4450844945924,5397.829356833751,684.2012075292082
2460807.251388889,541.2725482368731,5373.686034233054,1067.6579028835872
2460807.252083333,234.83875848043667,5307.161071625652,1442.663498055641
2460807.2527777776,-73.43700606352793,5198.778103285012,1806.2496216651264
2460807.253472222,-381.1210185764195,5049.394075040931,2155.5393278190736
2460807.254166667,-685.7848529337974,4860.191894429862,2487.770366203413
2460807.2548611113,-985.0249900474957,4632.670338626973,2800.3173598358235
2460807.2555555557,-1276.4820938581051,4368.631365320139,3090.712693145553
2460807.25625,-1557.859785567554,4070.164997175077,3356.6659426898923
2460807.2569444445,-1826.9427575206446,3739.631973631568,3596.081707112561
2460807.257638889,-2081.6140941194208,3379.6443679413665,3807.0757281737833
2460807.2583333333,-2319.8716710074586,2993.0443900061623,3987.989207517198
2460807.2590277777,-2539.843539893926,2582.8815746604437,4137.401264165108
2460807.259722222,-2739.8022057977496,2152.388572077447,4254.139483074743
2460807.2604166665,-2918.177730408964,1704.9557321054544,4337.288532157826
2460807.261111111,-3073.5695995660335,1244.1046753535636,4386.196831398218
2460807.261805556,-3204.757304959369,773.461028766316,4400.481268590257
2460807.2625,-3310.70959584976,296.7264927779514,4380.029960081731
2460807.2631944446,-3390.5923583730296,-182.34959593774855,4325.003056095972
2460807.263888889,-3443.775082046413,-659.9990467186773,4235.831591132019
2460807.2645833334,-3469.8358732794863,-1132.4637860456921,4113.214378877543
2460807.265277778,-3468.5649738120205,-1596.0248519216289,3958.112951594964
2460807.265972222,-3439.966742354101,-2047.031240742554,3771.7445460149406
2460807.2666666666,-3384.2600584966312,-2481.92842260289,3555.5731432538782
2460807.267361111,-3301.8771112632835,-2897.2863285747862,3311.298578871429
2460807.2680555554,-3193.4605402546426,-3289.8266000083463,3040.843751223425
2460807.26875,-3059.858908076557,-3656.448870754453,2746.3399769497178
2460807.269444444,-2902.1204941805427,-3994.2558509542696,2430.110558474623
2460807.270138889,-2721.4854184557585,-4300.576965381186,2094.652657587325
2460807.2708333335,-2519.3761213596167,-4572.990302723574,1742.6175922650593
2460807.271527778,-2297.386250181064,-4809.342633633605,1376.7897031586704
2460807.2722222223,-2057.268026806462,-5007.7672654777125,1000.0639661789212
2460807.2729166667,-1800.9181917585584,-5166.699525459822,615.4225448109729
2460807.273611111,-1530.362650798439,-5284.889680550156,225.91051074382446
2460807.2743055555,-1247.739967095596,-5361.413141341515,-165.3890299996818
2460807.275,-955.2838633456929,-5395.6778304660465,-555.3801520065019
2460807.2756944443,-655.304916976497,-5387.428636818581,-940.9794024155253
2460807.2763888887,-350.1716397365963,-5336.748921431847,-1319.1409101235374
2460807.277083333,-42.29114138190261,-5244.059083175201,-1686.8810556348205
2460807.277777778,265.91041813473345,-5110.112236358985,-2041.3024532802558
2460807.2784722224,572.0073939213434,-4935.987090417187,-2379.6170233663784
2460807.279166667,873.5940431718124,-4723.07815985199,-2699.16794208839
2460807.279861111,1168.3035588959701,-4473.083460222477,-2997.4502926888636
2460807.2805555556,1453.826586437073,-4187.989870003202,-3272.130263654103
2460807.28125,1727.9290755399732,-3870.0563565960206,-3521.062767504131
2460807.2819444444,1988.4693431914432,-3521.795271596754,-3742.307385237717
2460807.282638889,2233.4142397214496,-3145.9519241057865,-3934.1425653939336
2460807.283333333,2460.8543276257647,-2745.482640602632,-4095.0780289769777
2460807.2840277776,2669.0180029533403,-2323.531507353617,-4223.865354153554
2460807.284722222,2856.284500425096,-1883.4059835644823,-4319.506727129231
2460807.285416667,3021.1957353491775,-1428.55156082606,-4381.2618571456505
2460807.2861111113,3162.4669454272525,-962.5256265143202,-4408.65306076995
2460807.2868055557,3278.99609764182,-488.97068303628316,-4401.468521517039
2460807.2875,3369.872030451734,-11.587056628500159,-4359.763731224556
2460807.2881944445,3434.3812977915177,465.8947667521024,-4283.861115880429
2460807.288888889,3472.0136820235452,939.7420537311289,-4174.3478449445465
2460807.2895833333,3482.4663372877785,1406.2478473013084,-4032.071819616111
2460807.2902777777,3465.6465227040385,1861.758963962968,-3858.1358332649515
2460807.290972222,3421.672881673714,2302.7038136500414,-3653.8898972322186
2460807.292361111,3253.7927600569024,3127.180647540677,-3161.045414697636
2460807.293055556,3131.170774465387,3504.2218717430887,-2876.28824551102
2460807.29375,2983.955668649598,3853.766818456683,-2568.8757942988655
2460807.2944444446,2813.288398192644,4173.050400393541,-2241.215259190567
2460807.295138889,2620.496279393653,4459.5418788785755,-1895.8771727796652
2460807.2958333334,2407.083193578903,4710.965917730981,-1535.575580482301
2460807.296527778,2174.7182292235993,4925.321744773112,-1163.146824475948
2460807.297222222,1925.2228296256071,5100.900187016856,-781.5271009445363
2460807.2979166666,1660.556534585129,5236.298366330907,-393.7289780711447
2460807.298611111,1382.8014356004112,5330.431859895242,-2.817096288567289
2460807.2993055554,1094.1454801286668,5382.544165573068,388.11671918704786
2460807.3,796.864788826428,5392.2133431201255,775.9786773470883
2460807.300694444,493.3051602385927,5359.3557453707535,1157.6983166372577
2460807.301388889,185.86295619983966,5284.22679416806,1530.2536105096488
2460807.3020833335,-123.03443400316095,5167.418800643697,1890.6956260019326
2460807.302777778,-430.9483473349892,5009.855872252599,2236.1724853550263
2460807.3034722223,-735.4486200812805,4812.785988192425,2563.952399811147
2460807.3041666667,-1034.1331813505583,4577.770364770102,2871.445557367235
2460807.304861111,-1324.647288120618,4306.670259349496,3156.224681055583
2460807.3055555555,-1604.7022300734184,4001.6313892417893,3416.0440928198022
2460807.30625,-1872.0933503085394,3665.0661610502834,3648.8571476777056
2460807.3069444443,-2124.7172480808704,3299.633915723448,3852.8319323156134
2460807.3076388887,-2360.5880489651367,2908.2193965523525,4026.3651482392324
2460807.308333333,-2577.852638634541,2493.909656559342,4168.094117096254
2460807.309027778,-2774.8047812947257,2059.9696054587453,4276.90687294645
2460807.3097222224,-2949.8980531639754,1609.816392053368,4351.950317296037
2460807.310416667,-3101.7575312672834,1146.992812046925,4392.63642381573
2460807.311111111,-3229.190189718823,675.1399131349625,4398.6464891090045
2460807.3118055556,-3331.1939577314183,197.96896693944797,4369.933427792185
2460807.3125,-3406.9653980744024,-280.7670334007159,4306.7221121961875
2460807.3131944444,-3455.905964123035,-757.3021886014247,4209.507756906845
2460807.313888889,-3477.626794777528,-1227.8866670399461,4079.052347305316
2460807.314583333,-3471.952003902691,-1688.8156674036434,3916.379112774662
2460807.3152777776,-3438.920422139803,-2136.4581992209537,3722.7650472077635
2460807.315972222,-3378.78574956198,-2567.2854938553487,3499.731485892838
2460807.316666667,-3292.015081803034,-2977.8988452573253,3249.032757944909
2460807.3173611113,-3179.285779269402,-3365.0566657251384,2972.6429476082926
2460807.3180555557,-3041.4806583202703,-3725.700531526856,2672.7408136891945
2460807.31875,-2879.6814989190566,-4056.979975596186,2351.692943008831
2460807.3194444445,-2695.1608790838704,-4356.275785984852,2012.0352341431226
2460807.320138889,-2489.372367109758,-4621.221564175986,1656.4528362631086
2460807.3208333333,-2263.939127445636,-4849.723301047116,1287.758699014046
2460807.3215277777,-2020.6410158246943,-5039.976747434503,908.8709083995499
2460807.322222222,-1761.4002701842592,-5190.482367486646,522.7890196982794
2460807.3229166665,-1488.2659222034713,-5300.057697249926,132.5696102995239
2460807.323611111,-1203.3970795603216,-5367.846959216519,-258.69870181177515
2460807.324305556,-909.0452475859506,-5393.327822607399,-647.9205175942144
2460807.325,-607.5358758478558,-5376.315240752377,-1032.0189306334116
2460807.3256944446,-301.24932026670695,-5316.962340332916,-1407.9605592161272
2460807.326388889,7.398571957653968,-5215.758380306692,-1772.7800740034422
2460807.3270833334,315.9760583813791,-5073.523841075492,-2123.6039870362106
2460807.327777778,622.0550769036213,-4891.402743595699,-2457.6734741192745
2460807.328472222,923.230615359525,-4670.852330989685,-2772.3660340047286
2460807.3291666666,1217.1396966748785,-4413.630275572464,-3065.2158070587875
2460807.329861111,1501.4798196460697,-4121.779596022184,-3333.9324073332095
2460807.3305555554,1774.026714985667,-3797.6114823859525,-3576.418151708097
2460807.33125,2032.6512927781587,-3443.686236205334,-3790.783594590661
2460807.331944444,2275.335676404383,-3062.792535971244,-3975.3613024241163
2460807.332638889,2500.1882388490726,-2657.925230711326,-4128.717827153133
2460807.334027778,2889.545330343106,-1789.1380666177026,-4337.262516057375
2460807.3347222223,3051.0179101740346,-1332.022131297543,-4390.835867690008
2460807.3354166667,3188.6169192795783,-864.4886835038039,-4409.96953693573
2460807.336111111,3301.26840896171,-390.19184317899953,-4394.515547794047
2460807.3368055555,3388.090835859854,87.16214269964314,-4344.593328163252
2460807.3375,3448.4017188732523,563.8426079343366,-4260.588901358719
2460807.3381944443,3481.722956856472,1036.1223952085602,-4143.152260577401
2460807.3388888887,3487.784768081261,1500.305874225993,-3993.19291981293
2460807.339583333,3466.5282082864755,1952.7569000928186,-3811.873635867203
2460807.340277778,3418.106223228706,2389.926566661337,-3600.602293416506
2460807.3409722224,3342.8831906435826,2808.3805766540477,-3361.0219551508567
2460807.341666667,3241.4329085929503,3204.8260515654415,-3094.999081579884
2460807.342361111,3114.534994187188,3576.137569858745,-2804.6099462994184
2460807.3430555556,2963.169664982132,3919.3822199435554,-2492.1252844002142
2460807.34375,2788.510889917813,4231.843433152785,-2159.993238197118
2460807.3444444444,2591.917912596458,4511.043358202225,-1810.82068666792
2460807.345138889,2374.925170087358,4754.76353339725,-1447.3530733496643
2460807.345833333,2139.230655885288,4961.063614063478,-1072.4528799613897
2460807.3465277776,1886.6827953361608,5128.297929840589,-689.0769125803203
2460807.347222222,1619.265931644242,5255.129657478092,-300.25260174078136
2460807.347916667,1339.0845431511204,5340.542423515459,90.94646300424064
2460807.3486111113,1048.3463344329,5383.849182010966,481.42552604214046
2460807.3493055557,749.344368185238,5384.698247757559,868.0939288018493
2460807.35,444.4384157186251,5343.076408062052,1247.8903862204652
2460807.3506944445,136.03572095245337,5259.309077238905,1617.8080117328136
2460807.351388889,-173.4286203896983,5134.057503333128,1974.9188324374927
2460807.3520833333,-481.511467022835,4968.3130774775545,2316.397552857258
2460807.3527777777,-785.7814189943509,4763.38883833787,2639.5443327519865
2460807.353472222,-1083.838397194657,4520.908296358748,2941.806376885003
2460807.3541666665,-1373.3328298496817,4242.791736548884,3220.79814919292
2460807.354861111,-1651.9842832239574,3931.240177398972,3474.3200597824843
2460807.355555556,-1917.5993826388124,3588.717186572442,3700.3754926600077
2460807.35625,-2168.088897639039,3217.9287547022177,3897.1860784483174
2460807.3569444446,-2401.4838719193303,2821.801444709067,4063.2051310173742
2460807.357638889,-2615.9507075658826,2403.459018645525,4197.129199542385
2460807.3583333334,-2809.8051192925086,1966.1977502194993,4297.907697974623
2460807.359027778,-2981.524894358272,1513.4606124292216,4364.75059375063
2460807.359722222,-3129.7613995645024,1048.810527781693,4397.134144521825
2460807.3604166666,-3253.3497887293865,575.9028478387891,4394.804680212569
2460807.361111111,-3351.317862456226,98.4572381797121,4357.780428829348
2460807.3618055554,-3422.8935422416225,-379.7708856488488,4286.351387052474
2460807.3625,-3467.510913194214,-855.019199960352,4181.077235170576
2460807.363194444,-3484.814795206862,-1323.547442128298,4042.7832957692804
2460807.363888889,-3474.6637979621055,-1781.666335390273,3872.5545369973597
2460807.3645833335,-3437.131816915157,-2225.7662936217534,3671.7276248221883
2460807.365277778,-3372.507928608615,-2652.3457187920153,3441.8810343748255
2460807.3659722223,-3281.294648381791,-3058.038683929296,3184.823243671029
2460807.3666666667,-3164.2045208988156,-3439.6417867329337,2902.5790455369192
2460807.367361111,-3022.1550248963317,-3794.1399422946033,2597.374033940999
2460807.3680555555,-2856.2617888777186,-4118.730873507079,2271.6173445655127
2460807.36875,-2667.830131655053,-4410.848055427105,1927.882752848894
2460807.3694444443,-2458.344963719151,-4668.181867290848,1568.8882623668767
2460807.3701388887,-2229.459108088809,-4888.698715072873,1197.4743426908547
2460807.370833333,-1982.9801240157353,-5070.657901009767,816.5810030890829
2460807.371527778,-1720.8557419588433,-5212.626037743812,429.22391331614847
2460807.3722222224,-1445.1580419799784,-5313.488833196678,38.46980336921751
2460807.372916667,-1158.066527802785,-5372.460106611321,-352.58861204908
2460807.373611111,-861.8502714929043,-5389.087933211861,-740.85792222673
2460807.3743055556,-558.8493131292157,-5363.257859318738,-1123.269263411931
2460807.3756944444,57.90693652385117,-5185.4522474292735,-1858.5143669530328
2460807.376388889,366.801155798795,-5034.923057952094,-2205.554513495156
2460807.377083333,672.7971518828946,-4844.814927386321,-2535.1955991996388
2460807.3777777776,973.4911681461648,-4616.6476914498335,-2844.8508811892452
2460807.378472222,1266.5246139378194,-4352.238421813732,-3132.0949419818085
2460807.379166667,1549.6024276227736,-4053.6859027224336,-3394.68214870266
2460807.3798611113,1820.5107299570516,-3723.3530635033126,-3630.563482007377
2460807.3805555557,2077.1336520053787,-3363.8475714398664,-3837.9016541076685
2460807.38125,2317.4692347796276,-2978.00079490013,-4015.084454314137
2460807.3819444445,2539.644319228242,-2568.845338034991,-4160.736285666013
2460807.382638889,2741.9283593897476,-2139.591340507624,-4273.727872292508
2460807.3833333333,2922.7461049797726,-1693.6017234659257,-4353.184130685965
2460807.3840277777,3080.689111326729,-1234.366544988244,-4398.490207188979
2460807.384722222,3214.5260364285173,-765.4766268167375,-4409.295686060801
2460807.3854166665,3323.211694985879,-290.59658855319697,-4385.516976649893
2460807.386111111,3405.894835860477,186.56257572888765,-4327.337883255552
2460807.386805556,3461.9246076745335,662.2712420058172,-4235.208359338036
2460807.3875,3490.855677597161,1132.8091013081619,-4109.841442476096
2460807.3881944446,3492.451960903865,1594.4931584738463,-3952.208365673744
2460807.388888889,3466.6889189667104,2043.7056522424523,-3763.5318356803423
2460807.3895833334,3413.754378912322,2476.921729585129,-3545.27747533576
2460807.390277778,3334.0478299452143,2890.7367063189918,-3299.1434297197147
2460807.390972222,3228.1781539521176,3281.892721956534,-3027.048147948636
2460807.3916666666,3096.9597546915606,3647.304582521431,-2731.116366428744
2460807.392361111,2941.4070598282597,3984.0845697300447,-2413.6633380040016
2460807.3930555554,2762.727385927039,4289.565979208945,-2077.177377751451
2460807.39375,2562.312171794665,4561.325150029151,-1724.3008163669288
2460807.394444444,2341.726609059316,4797.20173907855,-1357.809485632345
2460807.395138889,2102.697721070556,4995.3170029521525,-980.5908859733979
2460807.3958333335,1847.100966168568,5154.089861421204,-595.6212142905109
2460807.396527778,1576.9454655572283,5272.250536302185,-205.9414544193034
2460807.3972222223,1294.357984510592,5348.851583803039,185.3672393256011
2460807.3979166667,1001.5658122904091,5383.276175058586,575.2086264984702
2460807.398611111,700.8787099149065,5375.243513566902,960.4966750558284
2460807.3993055555,394.6701116664542,5324.811321144444,1338.180801680844
2460807.4,85.35777241672271,5232.375367391641,1705.2708005014547
2460807.4006944443,-224.61593437477242,5098.666060818844,2058.861201133905
2460807.4013888887,-532.8038676789399,4924.742161559736,2396.154817069294
2460807.402083333,-836.7739170111705,4711.981715677353,2714.485257027685
2460807.402777778,-1134.1285587064572,4462.07034397906,3011.3381998286836
2460807.4034722224,-1422.5239910126031,4176.987047280091,3284.371255701598
2460807.404166667,-1699.6886835614291,3858.9877130722866,3531.4322641839217
2460807.404861111,-1963.4411963437435,3510.5865216487346,3750.575908749723
2460807.4055555556,-2211.7071385941276,3134.5354609636465,3940.078552252135
2460807.40625,-2442.535158992106,2733.802158813968,4098.451224550379
2460807.4069444444,-2654.111873341059,2311.5462405476924,4224.450713068674
2460807.407638889,-2844.775652086467,1871.0944127967975,4317.088725708448
2460807.408333333,-3013.029203245051,1415.9144627615065,4375.639109116361
2460807.4090277776,-3157.5508944889834,949.5883554555737,4399.643113609161
2460807.409722222,-3277.204766248568,475.7845996618754,4388.912702540905
2460807.410416667,-3371.0491921157354,-1.76995758729509,4343.531905721935
2460807.4111111113,-3438.344141794759,-479.3187421279375,4263.856217096931
2460807.4118055557,-3478.557006009453,-953.1043200732804,4150.510036266962
2460807.4125,-3491.3669381396667,-1419.397353180732,4004.382153882398
2460807.4131944445,-3476.667669249868,-1874.5254776991599,3826.619281922425
2460807.413888889,-3434.568752179069,-2314.9019272874475,3618.61763380898
2460807.4145833333,-3365.3951933116573,-2737.05370402263,3382.0125690638415
2460807.4152777777,-3269.685435498118,-3137.649094781962,3118.6663261420317
2460807.415972222,-3148.187663640291,-3513.524310200646,2830.6538848738755
2460807.417361111,-2831.8355087934583,-4179.450484050597,2189.8966374009547
2460807.418055556,-2639.469265986873,-4464.236215335866,1842.2134798719528
2460807.41875,-2426.272138429791,-4713.814624758178,1479.947382772454
2460807.4194444446,-2193.9267315317065,-4926.21371909966,1105.9652035999663
2460807.420138889,-1944.2683565753532,-5099.757448593408,723.2276434684471
2460807.4208333334,-1679.2702106903746,-5233.079568619832,334.7651694102936
2460807.421527778,-1401.0273219053151,-5325.134840948262,-56.34672760468717
2460807.422222222,-1111.7394188171427,-5375.207441385207,-447.01268551281913
2460807.4229166666,-813.6928997715996,-5382.916482302319,-834.1427763824059
2460807.423611111,-509.2420923567576,-5348.218600139098,-1214.6776996898607
2460807.4243055554,-200.78999931445463,-5271.407601854897,-1585.613607840462
2460807.425,109.23126412372677,-5153.1112070307245,-1944.0263114310621
2460807.425694444,418.3801406214246,-4994.2849642662295,-2287.094631619334
2460807.426388889,724.2252167675637,-4796.203455271962,-2612.122690150115
2460807.4270833335,1024.3645365007128,-4560.448934409382,-2916.56094437628
2460807.427777778,1316.4444731173528,-4288.897575893262,-3198.0258080721164
2460807.4284722223,1598.1780082150076,-3983.7035177470157,-3454.317726888121
2460807.4291666667,1867.3622795236624,-3647.2809077437355,-3683.4376006250204
2460807.429861111,2121.8952846000047,-3282.284156948057,-3883.601477187362
2460807.4305555555,2359.791642337414,-2891.586608365169,-4053.2534634466647
2460807.43125,2579.1973339253873,-2478.25781921112,-4191.076820925016
2460807.4319444443,2778.4033569940666,-2045.5396501657672,-4296.003228445328
2460807.4326388887,2955.8582442124866,-1596.8213336465644,-4367.220209403852
2460807.433333333,3110.1794008580496,-1135.6136903609754,-4404.176724785908
2460807.434027778,3240.1632271505878,-665.5226406346471,-4406.5869397113
2460807.4347222224,3344.793990189122,-190.22215495363952,-4374.43216930603
2460807.435416667,3423.2514136507884,286.57322829618477,-4307.961008049424
2460807.436111111,3474.9169483462074,761.1361818848922,-4207.687642818265
2460807.4368055556,3499.37868665982,1229.7545409342688,-4074.388345555984
2460807.4375,3496.4348778208127,1688.7592842033707,-3909.096139601711
2460807.4381944444,3466.095999362776,2134.5524026440444,-3713.093631895711
2460807.438888889,3408.585337990717,2563.6344895429156,-3487.9040086457835
2460807.439583333,3324.3380340399917,2972.631880452783,-3235.280195686666
2460807.4402777776,3213.9985473110323,3358.32314589385,-2957.1921986345405
2460807.440972222,3078.4165105446496,3717.664724507104,-2655.8126547034367
2460807.441666667,2918.6409464321364,4047.815475300265,-2333.500644095234
2460807.4423611113,2735.9128399846136,4346.159910121336,-1992.7838359894617
2460807.4430555557,2531.6560785056413,4610.329861140791,-1636.3390729929154
2460807.44375,2307.466788700244,4838.22434546469,-1266.9715178027654
2460807.4444444445,2065.1011299335923,5028.027385518467,-887.5925250249614
2460807.445138889,1806.4616226136643,5178.223566336015,-501.19641880478673
2460807.4458333333,1533.582119217184,5287.611126723615,-110.83638788979674
2460807.4465277777,1248.611548696188,5355.312411192081,280.40027112136437
2460807.447222222,953.7965873537626,5380.781543210403,669.4173148718711
2460807.4479166665,651.463427902308,5363.809219001835,1053.1348610017228
2460807.448611111,343.998833036275,5304.524562571714,1428.514580686093
2460807.449305556,33.8306726667848,5203.394026442164,1792.58451293692
2460807.45,-276.59185374453523,5061.217366228987,2142.4632498954647
2460807.4506944446,-584.8181080319191,4879.120757337215,2475.3832558938443
2460807.451388889,-888.415815689015,4658.547162426499,2788.713097137063
2460807.4520833334,-1184.9905946877423,4401.244088153899,3079.9783905910967
2460807.452777778,-1472.20503186736,4109.248899661928,3346.881299119217
2460807.453472222,-1747.7971477732365,3784.8718798497175,3587.3184320139326
2460807.4541666666,-2009.5981059709138,3430.677235942394,3799.397035266788
2460807.454861111,-2255.549044133666,3049.462259520505,3981.449384994444
2460807.4555555554,-2483.7169179131306,2644.234852139592,4132.04531765134
2460807.45625,-2692.309269955808,2218.189618719556,4250.002855140501
2460807.456944444,-2879.6878458420324,1774.6827315357646,4334.396895726967
2460807.457638889,-3044.3809973242182,1317.2057461256406,4384.565958333986
2460807.459027778,-3300.7229450053637,374.82163621876015,4380.928107249323
2460807.4597222223,-3390.3550432523025,-102.67221948815614,4327.14965718859
2460807.4604166667,-3453.283825082323,-579.3665776665501,4239.202954714354
2460807.461111111,-3489.010665939063,-1051.5102359724076,4117.777339395367
2460807.4618055555,-3497.2497088084992,-1515.3861640403952,3963.8251650056122
2460807.4625,-3477.9304330413743,-1967.3403258590913,3778.55485392837
2460807.4631944443,-3431.198640524036,-2403.810211703323,3563.4220025302707
2460807.4638888887,-3357.4158174188206,-2821.3528744633754,3320.118556242441
2460807.464583333,-3257.1568356629728,-3216.672267353624,3050.5600803775746
2460807.465277778,-3131.205968180598,-3586.6456531374843,2756.8711752352983
2460807.4659722224,-2980.5512024484924,-3928.3488555254203,2441.3690981397217
2460807.466666667,-2806.376857049401,-4239.080101226252,2106.5456890830774
2460807.467361111,-2610.054520751625,-4516.382214141577,1755.0477116074394
2460807.4680555556,-2393.132361737285,-4758.062911865502,1389.6557609346096
2460807.46875,-2157.32287180053,-4962.212978752692,1013.2619050064542
2460807.4694444444,-1904.489142000408,-5127.222095388653,628.84626278875
2460807.470138889,-1636.6297872525633,-5251.792136143364,239.45273971872788
2460807.470833333,-1355.862660658894,-5334.947775524702,-151.83584038254241
2460807.4715277776,-1064.4075202961703,-5376.044279444924,-541.9229522239785
2460807.472222222,-764.5678276895775,-5374.772398669164,-927.7236736303943
2460807.472916667,-458.711869451843,-5331.160324379333,-1306.1898161325273
2460807.4736111113,-149.25340378708472,-5245.57270959379,-1674.3346222681369
2460807.4743055557,161.36796831271334,-5118.706802463227,-2029.2567876034943
2460807.475,470.7065031675744,-4951.585778247054,-2368.1635743892125
2460807.4756944445,776.3298947241925,-4745.549392040289,-2688.3928127216814
2460807.476388889,1075.838553758605,-4502.242103665607,-2987.4336078750803
2460807.4770833333,1366.8844141592626,-4223.598854755725,-3262.9455948322257
2460807.4777777777,1647.1891241464928,-3911.828685997159,-3512.7766220684953
2460807.478472222,1914.5614822741206,-3569.3964059295004,-3734.9787577615903
2460807.4791666665,2166.914015187771,-3199.0025103354346,-3927.8225552974336
2460807.479861111,2402.278596402744,-2803.561564774256,-4089.809523143772
2460807.480555556,2618.8210345818175,-2386.1792424294026,-4219.682774960847
2460807.48125,2814.854567096332,-1950.1282070233733,-4316.435844809356
2460807.4819444446,2988.852209923492,-1498.8230131871558,-4379.319666122616
2460807.482638889,3139.4579223224696,-1035.7941844181235,-4407.847718485858
2460807.4833333334,3265.4965493392783,-564.6616189915334,-4401.79934878211
2460807.484027778,3365.9825097707794,-89.10745725673604,-4361.221273050708
2460807.484722222,3440.1271932431832,387.15145086992567,-4286.427262038173
2460807.4854166666,3487.345032190082,860.3913581243058,-4177.9960092496995
2460807.486111111,3507.2582066310392,1326.9095706356716,-4036.767177484335
2460807.4868055554,3499.699939639825,1783.0524038212345,-3863.8356168931873
2460807.4875,3464.716336569762,2225.2429940968773,-3660.5437470778534
2460807.488194444,3402.566720718091,2650.0087961721224,-3428.4721028596136
2460807.488888889,3313.722419190078,3054.0085930337127,-3169.428045964991
2460807.4895833335,3198.86395777653,3434.0588136125216,-2885.4326632524253
2460807.490277778,3058.876631686122,3787.158947012998,-2578.7058850865287
2460807.4909722223,2894.8444314401963,4110.515823558218,-2251.6498806230306
2460807.4916666667,2708.042318031986,4401.566525879044,-1906.8308087225157
2460807.492361111,2499.9268636698084,4657.999682621336,-1546.959035882789
2460807.4930555555,2272.1252928210242,4877.774906828221,-1174.8679529969395
2460807.49375,2026.4229864814301,5059.140141804912,-793.4915587573586
2460807.4944444443,1764.7495347541299,5200.6466981068925,-405.84099842213215
2460807.4951388887,1489.163450598133,5301.16178480635,-14.98027520003379
2460807.495833333,1201.8356798332265,5359.878369533038,375.99863136768175
2460807.496527778,905.0320641986578,5376.322235878952,764.0009901478539
2460807.4972222224,601.0949348206179,5350.356146016714,1145.9546241188302
2460807.497916667,292.42402464441966,5282.181059822201,1518.8350360635802
2460807.498611111,-18.54310153882721,5172.334404256487,1879.6900954000228
2460807.4993055556,-329.3508949389186,5021.685430194435,2225.664035101847
2460807.5006944444,-940.695783800716,4603.069067760714,2862.164603621122
2460807.501388889,-1236.4103775527096,4338.418554387653,3147.663297115918
2460807.502083333,-1522.359141512837,4039.5715320947443,3408.2647270237803
2460807.5027777776,-1796.2903128750147,3708.8921665325875,3641.9156080697962
2460807.503472222,-2056.0483475032397,3348.994064764635,3846.7770061175806
2460807.504166667,-2299.590616854845,2962.719090141541,4021.2382806978876
2460807.5048611113,-2525.003102366108,2553.1145878442617,4163.929152621456
2460807.5055555557,-2730.5150012715226,2123.4092224885085,4273.72985801768
2460807.50625,-2914.5121684887854,1676.9876270579232,4349.779363520655
2460807.5069444445,-3075.549335238447,1217.364044524868,4391.481631809775
2460807.507638889,-3212.3610493065753,748.1551412080019,4398.509931490686
2460807.5083333333,-3323.871290785787,273.0521542653496,4370.809190795044
2460807.5090277777,-3409.2017167641425,-204.20746169098666,4308.596394909004
2460807.509722222,-3467.6784924083167,-679.8687371116604,4212.359026882454
2460807.5104166665,-3498.8376623746335,-1150.1880740502634,4082.851552143282
2460807.511111111,-3502.429018258961,-1611.4621593084626,3921.0899459914267
2460807.511805556,-3478.418415425065,-2060.056725090962,3728.3442681550346
2460807.5125,-3426.9884947338396,-2492.4349783425305,3506.1292912943677
2460807.5131944446,-3348.537767763127,-2905.1854927100208,3256.193204350019
2460807.513888889,-3243.678030824649,-3295.049354132856,2980.5044217092513
2460807.5145833334,-3113.230082674699,-3658.9463315257144,2681.23654901682
2460807.515277778,-2958.21773423745,-3993.9998349899065,2360.75157743695
2460807.515972222,-2779.860117971866,-4297.56041295778,2021.581407448783
2460807.5166666666,-2579.5623196904726,-4567.227549883472,1666.4078193872003
2460807.517361111,-2358.9043863198867,-4800.869513873862,1298.04105200337
2460807.5180555554,-2119.6287793408424,-4996.641032793771,919.3971606966697
2460807.51875,-1863.6263756664382,-5152.998584037659,533.4743657206727
2460807.519444444,-1592.9211363929164,-5268.713116989658,143.32861224794092
2460807.520138889,-1309.6535928126589,-5342.88005379748,-247.95140848304936
2460807.5208333335,-1016.0633130778122,-5374.926456121297,-637.2695251140216
2460807.521527778,-714.4705332851197,-5364.615283295758,-1021.5473750215704
2460807.5222222223,-407.2571477504272,-5312.04671196131,-1397.7494539105148
2460807.5229166667,-96.84725899680156,-5217.656530709138,-1762.907672244802
2460807.523611111,214.31250958268043,-5082.211665004101,-2114.1451763929526
2460807.5243055555,523.7727378054144,-4906.802927395989,-2448.699209569224
2460807.525,829.100778848274,-4692.835122240063,-2763.94281253341
2460807.5256944443,1127.899996036137,-4442.014662965037,-3057.4051887173455
2460807.5263888887,1417.8285013604575,-4156.334883299678,-3326.790585509365
2460807.527083333,1696.6172504669385,-3838.059238089793,-3569.995573912877
2460807.527777778,1962.0873662071645,-3489.7025988999867,-3785.124634783439
2460807.5284722224,2212.1665830029883,-3114.0108507195,-3970.503986541897
2460807.529166667,2444.9047216108625,-2713.9389933963716,-4124.693610993342
2460807.529861111,2658.4881209783007,-2292.6279426546744,-4246.497453172321
2460807.5305555556,2851.2529677670213,-1853.3802142834484,-4334.9717853208185
2460807.53125,3021.6974759142354,-1399.6346599868666,-4389.431735116552
2460807.5319444444,3168.492873920521,-934.9404158206179,-4409.455982562119
2460807.532638889,3290.493166241676,-462.930202494802,-4394.889633293307
2460807.533333333,3386.743631799141,12.70687968902245,-4345.845272918372
2460807.5340277776,3456.4880262421852,488.25293569059045,-4262.702205216868
2460807.534722222,3499.174449201423,959.9891079552548,-4146.103872349384
2460807.535416667,3514.459835625853,1424.2235282206784,-3996.953450588462
2460807.5361111113,3502.2130251437547,1877.3192385231093,-3816.407616550826
2460807.5368055557,3462.516363091438,2315.7219373570533,-3605.868476252534
2460807.5375,3395.665784287172,2735.987378718443,-3366.973656430051
2460807.5381944445,3302.169333976983,3134.8082379262205,-3101.584567220179
2460807.538888889,3182.7440844232333,3509.0402470572353,-2811.772854919683
2460807.5395833333,3038.311417441959,3855.7273734632167,-2499.8050899069135
2460807.5402777777,2869.990651756053,4172.125820537564,-2168.125744178175
2460807.540972222,2679.0910169251097,4455.726599541033,-1819.3385537889626
2460807.542361111,2235.682034460685,4915.796771668128,-1081.5296730619002
2460807.543055556,1986.6458188838199,5088.600611259738,-698.3238388327073
2460807.54375,1721.9499877890682,5221.307035617533,-309.5954888092875
2460807.5444444446,1443.6776203626314,5312.853156494063,81.58198957707478
2460807.545138889,1154.0215065133973,5362.50337484038,472.1134320381425
2460807.5458333334,855.2664069353734,5369.85581298499,858.9071676444185
2460807.546527778,549.7704733976572,5334.845839984559,1238.9003085322918
2460807.547222222,239.94602469718083,5257.746650177835,1609.08379247682
2460807.5479166666,-71.76012505172203,5139.166898732859,1966.52692590993
2460807.548611111,-382.88657746088916,4980.0454411442615,2308.4011755013685
2460807.5493055554,-690.9772999604232,4781.643263859253,2632.0029811740815
2460807.55,-993.6014219423729,4545.532726573477,2934.7753847117106
2460807.550694444,-1288.3726880736374,4273.584271062079,3214.3282858131915
2460807.551388889,-1572.9684015815665,3967.950771719933,3468.457172694622
2460807.5520833335,-1845.1477025830104,3631.049722226681,3695.1601973018833
2460807.552777778,-2102.769045226393,3265.543463480003,3892.653493421253
2460807.5534722223,-2343.8067577656107,2874.317659057334,4059.384662964434
2460807.5541666667,-2566.366582750072,2460.458228735263,4194.044374520445
2460807.554861111,-2768.700115156997,2027.2269388243421,4295.576040953864
2460807.5555555555,-2949.2180669908357,1578.0358423480359,4363.183554880311
2460807.55625,-3106.502297289089,1116.4207539461393,4396.337071515165
2460807.5569444443,-3239.3165569619705,646.0139277215105,4394.776835889838
2460807.5576388887,-3346.6158985714233,170.5161082499108,4358.515052998445
2460807.558333333,-3427.5547075683558,-306.3318905659836,4287.835801837605
2460807.559027778,-3481.4933095972806,-780.7779218008969,4183.2929924794025
2460807.5597222224,-3508.003107608171,-1249.0873930448072,4045.706366522155
2460807.560416667,-3506.8702033748455,-1707.5721454249435,3876.155540700167
2460807.561111111,-3478.097456034284,-2152.6191445263794,3675.972098122255
2460807.5618055556,-3421.9049330409384,-2580.7187949672643,3446.72973849219
2460807.5625,-3338.728712143598,-2988.4926797964895,3190.2325069496455
2460807.5631944444,-3229.218001467436,-3372.720500362512,2908.501141817338
2460807.563888889,-3094.2305535029104,-3730.3659953997744,2603.757592081069
2460807.564583333,-2934.8263653485915,-4058.6015921138696,2278.4077866664716
2460807.5652777776,-2752.2596752187583,-4354.831545025901,1935.0227595939455
2460807.565972222,-2547.969284476039,-4616.713319559527,1576.3182596377455
2460807.566666667,-2323.5672597374473,-4842.17697876691,1205.133005232022
2460807.5673611113,-2080.826094693501,-5029.442347328361,824.4057717686842
2460807.5680555557,-1821.6644342961133,-5177.033749821528,437.15151947079454
2460807.56875,-1548.1314912340779,-5283.7921445737875,46.43679585176602
2460807.5694444445,-1262.3903033352897,-5348.884510811751,-344.64534280621564
2460807.570138889,-966.7000043204498,-5371.810382280947,-733.000629229483
2460807.5708333333,-663.3972916504202,-5352.405464498321,-1115.5588422190522
2460807.5715277777,-354.87729068045667,-5290.842315144948,-1489.2987587661175
2460807.572222222,-43.57401341506572,-5187.628110749774,-1851.272554073899
2460807.5729166665,268.0593814279958,-5043.599564193638,-2198.6294065882103
2460807.573611111,577.5703299161266,-4859.915096323224,-2528.638091420772
2460807.574305556,882.5264177223324,-4638.044396876176,-2838.708368491583
2460807.575,1180.534568738114,-4379.755539865402,-3126.4109937528538
2460807.5756944446,1469.2597087137904,-4087.0998374098244,-3389.4962154088003
2460807.576388889,1746.4427623228644,-3762.3946288719667,-3625.910643939622
2460807.5770833334,2009.9178562683153,-3408.2042146326576,-3833.81240783424
2460807.577777778,2257.628629728931,-3027.319134109008,-4011.584540573499
2460807.578472222,2487.6435586704947,-2622.7339974369324,-4157.8465551698455
2460807.5791666666,2698.1702300711454,-2197.6240541769566,-4271.4641913480655
2460807.579861111,2887.5685042900245,-1755.320684995626,-4351.557324604438
2460807.5805555554,3054.362520290148,-1299.2859812872262,-4397.50604010926
2460807.58125,3197.2515041859388,-833.0865653436085,-4408.954877407522
2460807.581944444,3315.119344276952,-360.3667953826837,-4385.8152522731225
2460807.582638889,3407.04289795548,115.1785109378862,-4328.266060865582
2460807.584027778,3510.3700931912767,1059.8801692960244,-4111.982869939214
2460807.5847222223,3520.948555152161,1521.6442338388858,-3954.924047250792
2460807.5854166667,3503.9394814681527,1971.5050849178674,-3766.794464033036
2460807.586111111,3459.4620693008505,2405.932425486563,-3549.0557452195103
2460807.5868055555,3387.849437452492,2821.511764912134,-3303.4023114681513
2460807.5875,3289.646875062209,3214.971135876895,-3031.7491880260754
2460807.5881944443,3165.6084739100647,3583.20703056602,-2736.218014022918
2460807.5888888887,3016.6921149627447,3923.309335663118,-2419.121296952889
2460807.589583333,2844.052793325469,4232.58503286977,-2082.944979647351
2460807.590277778,2649.0342831445428,4508.580423242254,-1730.3294127950012
2460807.5909722224,2433.1591664121124,4749.101629301785,-1364.0488566401036
2460807.591666667,2198.117271838316,4952.233136756389,-986.9896611419413
2460807.592361111,1945.7525951396278,5116.354148093702,-602.1273022514198
2460807.5930555556,1678.0487971661753,5240.152539186409,-212.50247698350012
2460807.59375,1397.1134041587845,5322.636234478599,178.8035135867596
2460807.5944444444,1105.160852960557,5363.141851525147,568.6938537106004
2460807.595138889,804.4945505113781,5361.340499933712,954.0815139267573
2460807.595833333,497.4881253502548,5317.240663008966,1331.9145080543929
2460807.5965277776,186.56607128924338,5231.188131538713,1699.200837086088
2460807.597222222,-125.81601866015275,5103.863004043497,2053.0328699602883
2460807.597916667,-437.1914210267979,4936.273809715048,2390.6109149349822
2460807.5986111113,-745.1022546382492,4729.74884831978,2709.2657599527856
2460807.5993055557,-1047.1192618500331,4485.924877012146,3006.4799773708914
2460807.6,-1340.8612156055276,4206.733303555461,3279.9078158465536
2460807.6006944445,-1624.0137885859565,3894.3840638015563,3527.3935332571627
2460807.601388889,-1894.3477287366402,3551.3473845465655,3746.9880436574012
2460807.6020833333,-2149.7362141668063,3180.3336325168634,3936.9637883219734
2460807.6027777777,-2388.1712701714823,2784.2714602214205,4095.8277575729994
2460807.603472222,-2607.77915128948,2366.2844553921664,4222.3326149622235
2460807.6041666665,-2806.8346091508597,1929.666489069507,4315.485894391443
2460807.604861111,-2983.773973861475,1477.8559583910621,4374.557250465945
2460807.605555556,-3137.206994006143,1014.4090963313638,4399.08375600455
2460807.60625,-3265.9273802415037,542.9725247890243,4388.8732421032
2460807.6069444446,-3368.9220059186296,67.25521299792622,4344.005681590355
2460807.607638889,-3445.378720039788,-409.0000047879246,4264.832615941177
2460807.6083333334,-3494.692725569554,-882.045191776008,4151.974625023607
2460807.609027778,-3516.471476902701,-1348.1561910240198,4006.316839739682
2460807.609722222,-3510.5380493215675,-1803.6614622291074,3829.002498218897
2460807.6104166666,-3476.932932934727,-2244.9706915882525,3621.4245516840165
2460807.611111111,-3415.914206174923,-2668.6029854169137,3385.215332577335
2460807.6118055554,-3327.9560481274307,-3071.2144410679057,3122.234309612456
2460807.6125,-3213.745557403428,-3449.624873352824,2834.553971388899
2460807.613194444,-3074.1778568990976,-3800.8434641876124,2524.4438995077226
2460807.613888889,-2910.349478892186,-4122.093093754571,2194.353115485944
2460807.6145833335,-2723.5500435359168,-4410.833106840868,1846.890811742106
2460807.615277778,-2515.2522669763725,-4664.780267503817,1484.8056070883952
2460807.6159722223,-2287.100356597102,-4881.927668274021,1110.963489668767
2460807.6166666667,-2040.89687808612,-5060.561370552796,728.3246412279161
2460807.617361111,-1778.5882045364406,-5199.274576864071,339.9193601522277
2460807.6180555555,-1502.2486796825965,-5296.979166338431,-51.176682864591136
2460807.61875,-1214.0636512155213,-5352.914457309758,-441.86760452994326
2460807.6194444443,-916.3115487406877,-5366.653101072967,-829.062623324595
2460807.6201388887,-611.3451928601387,-5338.104053191134,-1209.7012684688502
2460807.620833333,-301.5725377859085,-5267.512611725078,-1580.7782190295338
2460807.621527778,10.56295412387972,-5155.457555419897,-1939.367530037194
2460807.6222222224,322.6020997848129,-5002.845455214751,-2282.6460074314978
2460807.622916667,632.0897479990899,-4810.902270520662,-2607.9155196373463
2460807.623611111,936.5943117480804,-4581.162372091445,-2912.624059124124
2460807.6243055556,1233.726904072338,-4315.455161301401,-3194.3853897348517
2460807.6256944444,1796.6449365970125,-3684.8359651639043,-3680.457293363653
2460807.626388889,2058.029779163182,-3324.907690529608,-3880.9788297055356
2460807.627083333,2303.2747053006256,-2938.9390734163144,-4051.0027423561914
2460807.6277777776,2530.4675718351973,-2529.9634710773557,-4189.209120191218
2460807.628472222,2737.8379464108357,-2101.189522421097,-4294.526443742472
2460807.629166667,2923.7701011221993,-1655.9764517395872,-4366.139037151168
2460807.6298611113,3086.8148407410345,-1197.8084969853724,-4403.492684797549
2460807.6305555557,3225.7001282846513,-730.2686099568909,-4406.298420499481
2460807.63125,3339.3404716613613,-257.0115674522666,-4374.534495296419
2460807.6319444445,3426.8450344346365,218.26337027813918,-4308.446527773612
2460807.632638889,3487.524434618718,691.8401303707776,-4208.545836937512
2460807.6333333333,3520.8961890542664,1160.01368974028,-4075.605954641636
2460807.6340277777,3526.688760336749,1619.1180017633385,-3910.657309735858
2460807.634722222,3504.8441572519337,2065.553832349282,-3714.9800787062063
2460807.6354166665,3455.5190398515674,2495.816352031104,-3490.095197329832
2460807.636111111,3379.0842796642355,2906.5223046701635,-3237.7535370541596
2460807.636805556,3276.1229295293756,3294.4365605998814,-2959.9232600957257
2460807.6375,3147.426564622014,3656.497843685613,-2658.7753836669594
2460807.6381944446,2993.9899665612593,3989.843408711094,-2336.6676023319314
2460807.638888889,2817.0041397204227,4291.832428218305,-1996.126446493698
2460807.6395833334,2617.847662450598,4560.067853175119,-1639.8278707678771
2460807.640277778,2398.0764047825533,4792.416494992001,-1270.57640948768
2460807.640972222,2159.411660782489,4987.027098273667,-891.2830496750847
2460807.6416666666,1903.7267736865465,5142.346176817985,-504.9420089094541
2460807.642361111,1633.032357673506,5257.131409000211,-114.60662941831234
2460807.6430555554,1349.4602414195324,5330.462418168715,276.63538433994046
2460807.64375,1055.246285881439,5361.748793778907,665.6871338779754
2460807.644444444,752.7122437248055,5350.735249569768,1049.467846159958
2460807.645138889,444.24685057892543,5297.503855302603,1424.9380758560067
2460807.6458333335,132.28633853677886,5202.473322571457,1789.1245379900695
2460807.646527778,-180.70541616370014,5066.395369000594,2139.1443073710625
2460807.6472222223,-492.25691585593813,4890.34822474544,2472.228156963502
2460807.6479166667,-799.9090275597063,4675.727385815272,2785.7428075956946
2460807.648611111,-1101.2347439733526,4424.233750141412,3077.211896694475
2460807.6493055555,-1393.858540086939,4137.8592994551955,3344.335495759957
2460807.65,-1675.4751589249784,3818.8705136680164,3585.008031639824
2460807.6506944443,-1943.8676821412225,3469.7897146429946,3797.3344991816234
2460807.6513888887,-2196.924755094207,3093.3745470694535,3979.64487512965
2460807.652083333,-2432.6568577926587,2692.5958011977505,4130.50667033913
2460807.652777778,-2649.211524407183,2270.613786202389,4248.7355738830665
2460807.6534722224,-2844.887435906,1830.7534456596072,4333.404164544509
2460807.654166667,-3018.1473169940236,1376.4784044962362,4383.84867321183
2460807.654861111,-3167.629579180734,911.3641266660842,4399.6737897175335
2460807.6555555556,-3292.1586605597076,439.07034727896934,4380.755513053177
2460807.65625,-3390.7540130586003,-36.68705601944192,4327.2420444260915
2460807.6569444444,-3462.6376920280286,-512.1645993378435,4239.552723267962
2460807.657638889,-3507.2405003480912,-983.6199746042828,4118.375005966722
2460807.658333333,-3524.2066403928125,-1447.3409177264023,3964.6594875574406
2460807.6590277776,-3513.3968254880283,-1899.673997057601,3779.612966648938
2460807.659722222,-3474.8898026128613,-2337.05313090676,3564.689563689596
2460807.660416667,-3408.9822415769813,-2756.0276512843693,3321.5799041577784
2460807.6611111113,-3316.1869509165213,-3153.2896932648882,3052.198399328465
2460807.6618055557,-3197.2293893110277,-3525.7006939804683,2758.668666928136
2460807.6625,-3053.0424546014433,-3870.3167609528305,2443.3071606834737
2460807.6631944445,-2884.759547852162,-4184.412668604924,2108.60509822165
2460807.663888889,-2693.7059306407336,-4465.504234182625,1757.2088065861797
2460807.6645833333,-2481.3884141499125,-4711.368831876388,1391.8986281015113
2460807.6652777777,-2249.483444982069,-4920.063808983815,1015.5665612055619
2460807.665972222,-1999.823678355814,-5089.942586948881,631.192836551553
2460807.667361111,-1455.261191304584,-5308.224505943763,-149.46373535642786
2460807.668055556,-1164.6652363059359,-5354.9237442221565,-539.5661679543776
2460807.66875,-864.8927149125374,-5359.412354336064,-925.3999700245843
2460807.6694444446,-558.3122065011877,-5321.67301066278,-1303.9160571617244
2460807.670138889,-247.34406678417142,-5242.024073518135,-1672.126652918648
2460807.6708333334,65.55927602626852,-5121.116098764337,-2027.129325210647
2460807.671527778,377.93314899475,-4959.92554576559,-2366.1301150854965
2460807.672222222,687.3203932995702,-4759.745801703331,-2686.4655540609238
2460807.6729166666,991.2908663010231,-4522.175672703038,-2985.6233848160764
2460807.673611111,1287.4605199886919,-4249.105513113215,-3261.261834712406
2460807.6743055554,1573.5098980587354,-3942.70118658485,-3511.227311783617
2460807.675,1847.2019202286654,-3605.3860578783215,-3733.5704287789963
2460807.675694444,2106.3988352860997,-3239.8212230131116,-3926.5602809688285
2460807.676388889,2349.078247197416,-2848.884179695977,-4088.696930924209
2460807.6770833335,2573.3481336466557,-2435.6461347013565,-4218.722071209453
2460807.677777778,2777.4607913552495,-2003.3481347861543,-4315.627851712205
2460807.6784722223,2959.8256564111343,-1555.376191204713,-4378.663870181785
2460807.6791666667,3119.020952733697,-1095.235562313636,-4407.34232892823
2460807.679861111,3253.804131934898,-626.524337837796,-4401.44136572146
2460807.6805555555,3363.1210675718735,-152.90646223803807,-4361.006564200705
2460807.68125,3446.1139659904493,321.91566771433673,-4286.3506470177645
2460807.6819444443,3502.127956260952,794.2289065343301,-4178.051351111742
2460807.6826388887,3530.7163162074894,1260.337232935011,-4036.9474800088187
2460807.683333333,3531.644288182879,1716.5896508698052,-3864.1331271688505
2460807.684027778,3504.891435919373,2159.4079750542173,-3660.950062350538
2460807.6847222224,3450.652491650587,2585.314330329444,-3428.9782806504313
2460807.685416667,3369.336644108828,2990.958192521095,-3170.02471660202
2460807.686111111,3261.5652225887407,3373.1427663681375,-2886.1101442181193
2460807.6868055556,3128.1677392955216,3728.850492360975,-2579.454294735238
2460807.6875,2970.17626557242,4055.2674494424805,-2252.459250893017
2460807.6881944444,2788.8181325356823,4349.806417186255,-1907.6911973585818
2460807.688888889,2585.506964986341,4610.1283547502735,-1547.8606330843481
2460807.689583333,2361.832082699621,4834.162050101855,-1175.8011852438826
2460807.6902777776,2119.5463242427,5020.121707421187,-794.4471858446653
2460807.690972222,1860.5523769729944,5166.522250725243,-406.8102045510933
2460807.691666667,1586.8877194104564,5272.192147260439,-15.954750174637406
2460807.6923611113,1300.708312686199,5336.283579546164,375.02661762051457
2460807.6930555557,1004.2711903658596,5358.279834782332,763.0385241088685
2460807.69375,699.916126091552,5337.999813981388,1145.0080949250996
2460807.6944444445,390.0465632963449,5275.59960905049,1517.9100946004287
2460807.695138889,77.11001148269126,5171.571138229859,1878.7916218112186
2460807.6958333333,-236.42189354742632,5026.7378725813,2224.7961199699203
2460807.6965277777,-548.0734539102353,4842.247729244836,2553.1864598097864
2460807.697222222,-855.3849066306527,4619.563240274508,2861.3668885086486
2460807.6979166665,-1155.9321567428067,4360.4491432481245,3146.9036476626675
2460807.698611111,-1447.346075432722,4066.95755986376,3407.544102779019
2460807.699305556,-1727.3311986485676,3741.4109532071543,3641.234244760684
2460807.7,-1993.6836861148815,3386.383061577089,3846.1344582309607
2460807.7006944446,-2244.3084133187535,3004.678017364961,4020.6334721804624
2460807.701388889,-2477.2350892718764,2599.307858412227,4163.3604343661555
2460807.7020833334,-2690.633311814249,2173.4686295803167,4273.195071921312
2460807.702777778,-2882.82648018675,1730.5152739317095,4349.275911884247
2460807.703472222,-3052.304502138925,1273.9354945012906,4391.0065510356435
2460807.7041666666,-3197.735237975604,807.3227632117153,4398.059969469615
2460807.704861111,-3317.9746323314125,334.3486374305461,4370.380886892781
2460807.7055555554,-3412.075482562989,-141.26544666827124,4308.1861614142235
2460807.70625,-3479.294800108962,-615.776756815138,4211.963231470343
2460807.706944444,-3519.099715550033,-1085.4500615783384,4082.4665997690026
2460807.707638889,-3531.1718789142783,-1546.5864774971192,3920.712359849542
2460807.709027778,-3471.9326258852784,-2428.8069015924157,3505.7568700359616
2460807.7097222223,-3401.074673809664,-2842.931696710236,3255.8191978283676
2460807.7104166667,-3303.3884088562813,-3234.656292461245,2980.1265761252625
2460807.711111111,-3179.6381087596806,-3600.885269915785,2680.853080292071
2460807.7118055555,-3030.79483763449,-3938.7231519460292,2360.3612251207755
2460807.7125,-2858.0291837584737,-4245.4980499647,2021.1834783669233
2460807.7131944443,-2662.70229026495,-4518.783635731447,1666.002225406705
2460807.7138888887,-2446.355222864052,-4756.419197489331,1297.6283360494317
2460807.714583333,-2210.696745078002,-4956.527548345163,918.978514932737
2460807.715277778,-1957.5895943058492,-5117.53057693778,533.0516375027446
2460807.7159722224,-1689.0353796072418,-5238.162252265874,142.9043002261767
2460807.716666667,-1407.1582469913403,-5317.478927841365,-248.37416755934703
2460807.717361111,-1114.1874701381262,-5354.86683042809,-637.6869828802636
2460807.7180555556,-812.439156446483,-5350.046653038691,-1021.9552047128983
2460807.71875,-504.29725340445594,-5303.075221178904,-1398.142796485188
2460807.7194444444,-192.1940647293192,-5214.344240529606,-1763.2811898096215
2460807.720138889,121.40952453382553,-5084.576178864199,-2114.4931139154405
2460807.720833333,434.0439114125135,-4914.817372573268,-2449.0154651693656
2460807.7215277776,743.2505310635831,-4706.428484679434,-2764.2210135116134
2460807.722222222,1046.6013254617849,-4461.072468648869,-3057.638773231077
2460807.722916667,1341.7177563992177,-4180.700215877664,-3326.9728894915943
2460807.7236111113,1626.2892112473496,-3867.5340823327974,-3570.1199203475126
2460807.7243055557,1898.090674927357,-3524.04949253444,-3785.184427183958
2460807.725,2154.9995492393123,-3152.954832784885,-3970.49280205702
2460807.7256944445,2395.0115335974792,-2757.169826673271,-4124.605295591177
2460807.726388889,2616.2554832156393,-2339.8025948263735,-4246.326215591647
2460807.7270833333,2817.007186991838,-1904.1255747408775,-4334.7122903537165
2460807.7277777777,2995.702011080433,-1453.5504732905326,-4389.079194517517
2460807.728472222,3150.946365087385,-991.6024080719154,-4409.006243153556
2460807.7291666665,3281.527952511223,-521.8933816698277,-4394.339261132261
2460807.729861111,3386.424768613884,-48.09522363781143,-4345.191633139866
2460807.730555556,3464.8128077623155,426.087869672062,-4261.943536248768
2460807.73125,3516.0724395739117,896.9470661296077,-4145.239353711114
2460807.7319444446,3539.793410886008,1360.7967724892956,-3995.983263901838
2460807.732638889,3535.7784248927155,1814.0025080220998,-3815.3329977265394
2460807.7333333334,3504.0452476174187,2253.0086248836374,-3604.69175924833
2460807.734027778,3444.8272902851436,2674.365712294818,-3365.698306547058
2460807.734722222,3358.5726183442794,3074.7574932521843,-3100.2152039041753
2460807.7354166666,3245.9413417882406,3451.0270211093352,-2810.315262343612
2460807.736111111,3107.801353204187,3800.201947020925,-2498.2662151453774
2460807.7368055554,2945.2223885197964,4119.51863869936,-2166.513682668308
2460807.7375,2759.4684072348423,4406.444900012062,-1817.6625210317568
2460807.738194444,2551.988303370118,4658.701054872656,-1454.4566625375915
2460807.738888889,2324.404987317292,4874.279147055599,-1079.7575973827213
2460807.7395833335,2078.502898476916,5051.460027837299,-696.5216634883549
2460807.740277778,1816.2140383015474,5188.828113526773,-307.77634516899116
2460807.7409722223,1539.6026369338988,5285.283622342678,83.40419937060581
2460807.7416666667,1250.848589251683,5340.052129697631,473.92414451622057
2460807.742361111,952.2298240351608,5352.691314618978,860.6912781116202
2460807.7430555555,646.1037815959883,5323.094813822895,1240.642299314925
2460807.74375,334.8881895369108,5251.493139498382,1610.7678730658802
2460807.7444444443,21.041343270545344,5138.451661561484,1968.1371763028292
2460807.7451388887,-292.95790923731346,4984.865697512141,2309.9216964386314
2460807.745833333,-604.6302713956072,4791.952793315361,2633.4180482433794
2460807.746527778,-911.5159952442848,4561.2423134959945,2936.0696035504448
2460807.7472222224,-1211.1945825569078,4294.562490868195,3215.486748113907
2460807.747916667,-1501.3040172384856,3994.025109387657,3469.465610502083
2460807.748611111,-1779.5593720682261,3662.0080108640077,3696.005134733295
2460807.7493055556,-2043.7706493442904,3301.1356283565,3893.32239443933
2460807.7506944444,-2521.8763589622686,2504.4267351658505,4194.328056119513
2460807.751388889,-2732.012983185548,2074.8733338484053,4295.653101120548
2460807.752083333,-2920.6185276285505,1628.9813818195505,4363.046564008764
2460807.7527777776,-3086.2108861180923,1170.2614714258002,4395.980172556887
2460807.753472222,-3227.488165985771,702.3238223972216,4394.195842447191
2460807.754166667,-3343.338607063221,228.85049150301558,4357.70753626244
2460807.7548611113,-3432.8491277118696,-246.4329088719697,4286.801164627205
2460807.7555555557,-3495.312452467222,-719.7858329535806,4182.032529996763
2460807.75625,-3530.232771967776,-1187.481604086993,4044.223312366779
2460807.7569444445,-3537.3298856854017,-1645.8362318065458,3874.4550978741227
2460807.757638889,-3516.5417777205653,-2091.23707200191,3674.0614531442743
2460807.7583333333,-3468.0255769934,-2520.171135545877,3444.61805878503
2460807.7590277777,-3392.1568571852386,-2929.252852351927,3187.930920215332
2460807.759722222,-3289.5272388921853,-3315.251065730646,2906.022696031857
2460807.7604166665,-3160.9402664622194,-3675.115033105435,2601.1171969093543
2460807.761111111,-3007.405547233312,-4005.9991889641074,2275.622135857621
2460807.761805556,-2830.131157897425,-4305.286426168597,1932.1102326978717
2460807.7625,-2630.5143446576485,-4570.609647878952,1573.2988054426457
2460807.7631944446,-2410.130566253058,-4799.871351172515,1202.0280065740155
2460807.763888889,-2170.7209562678922,-4991.261013444336,821.2378932146396
2460807.7645833334,-1914.178302199654,-5143.2700781622,433.9445369598126
2460807.765277778,-1642.5316713950251,-5254.704356231706,43.21541291104582
2460807.765972222,-1357.929826534468,-5324.693701231227,-347.8556931868119
2460807.7666666666,-1062.623605319034,-5352.69884662688,-736.1739918428768
2460807.767361111,-758.9474424957524,-5338.515340873537,-1118.6689572634114
2460807.7680555554,-449.300236683922,-5282.27455499261,-1492.3192859457122
2460807.76875,-136.12576029605373,-5184.441783350516,-1854.1773002606162
2460807.769444444,178.10717977084096,-5045.811498980442,-2201.392554606945
2460807.770138889,490.9246340187161,-4867.499862058092,-2531.234430110699
2460807.7708333335,799.8672579877411,-4650.934616214946,-2841.1135175316736
2460807.771527778,1102.509740145202,-4397.842532028494,-3128.6016247429316
2460807.7722222223,1396.4797438846272,-4110.234580259783,-3391.450266174915
2460807.7729166667,1679.4762176628274,-3790.3890311123355,-3627.6075228406216
2460807.773611111,1949.2869474459167,-3440.832681319953,-3835.233189710653
2460807.7743055555,2203.8052416060523,-3064.3204146776575,-4012.712149471461
2460807.775,2441.045658097704,-2663.8132964252845,-4158.665935255982
2460807.7756944443,2659.158703113945,-2242.4553869104793,-4271.962464253923
2460807.7763888887,2856.4444355176624,-1803.5494614602783,-4351.72393161855
2460807.777083333,3031.3649317461864,-1350.5317952574355,-4397.332869395278
2460807.777777778,3182.5555659612937,-886.9461704375401,-4408.436374830047
2460807.7784722224,3308.835068086437,-416.4172446394494,-4384.948515409829
2460807.779166667,3409.2143215203737,57.376584093571786,-4327.0509150720045
2460807.779861111,3482.9038618600102,530.7306869266802,-4235.1915229696115
2460807.7805555556,3529.32003513763,999.9419606744133,-4110.081561771348
2460807.78125,3548.0897696701413,1461.3366964081756,-3952.6906494038467
2460807.7819444444,3539.0539124256325,1911.2984169923848,-3764.240087353971
2460807.782638889,3502.269078566377,2346.2955276035896,-3546.194310830478
2460807.783333333,3438.007962080128,2762.9086106663635,-3300.250500299212
2460807.7840277776,3346.7580580025997,3157.857173168113,-3028.3263667719366
2460807.784722222,3229.2187529864823,3528.025642036258,-2732.5461364807657
2460807.785416667,3086.296751199585,3870.48838497829,-2415.224781263852
2460807.7861111113,2919.0998136616267,4182.533528021742,-2078.8505580679684
2460807.7868055557,2728.928811700697,4461.685318839966,-1726.0659588079961
2460807.7875,2517.268111635007,4705.724797662707,-1359.6471880247352
2460807.7881944445,2285.774333206882,4912.708533724147,-982.4823197716631
2460807.788888889,2036.2635489315774,5080.985198176924,-597.5483114296457
2460807.7895833333,1770.6970201318607,5209.209761296641,-207.88708181475664
2460807.7902777777,1491.165585671349,5296.3551315568,183.41912517140608
2460807.790972222,1199.8728501953267,5341.721080851436,573.2728415397153
2460807.792361111,591.2737552433213,5305.981798199126,1336.3086491565243
2460807.793055556,278.77367882947425,5225.150741999131,1703.4469991823414
2460807.79375,-35.91433283015635,5103.086198437017,2057.0947073084635
2460807.7944444446,-350.30479482582564,4940.755381115352,2394.4529961464473
2460807.795138889,-661.9154379843042,4739.445363079899,2712.85387911083
2460807.7958333334,-968.2871997284714,4500.752092795916,3009.7814566505936
2460807.796527778,-1267.0038858399842,4226.56690971818,3282.8917984586387
2460807.797222222,-1555.711332651548,3919.060737076793,3530.031262206428
2460807.7979166666,-1832.135913487588,3580.666148394781,3749.2531252126596
2460807.798611111,-2094.1022573085115,3214.057507380792,3938.8324378554803
2460807.7993055554,-2339.5500589013886,2822.1293898866456,4097.2790260525735
2460807.8,-2566.5498807162276,2407.9734915877134,4223.348595138837
2460807.800694444,-2773.3178623013123,1974.8542168857753,4316.051904920086
2460807.801388889,-2958.229262818993,1526.1831418517781,4374.661997155484
2460807.8020833335,-3119.8307775666312,1065.4925244237852,4398.719468907164
2460807.802777778,-3256.8515710841643,596.4080360246984,4388.035787762575
2460807.8034722223,-3368.2129776324437,122.62087402137274,4342.694649502043
2460807.8041666667,-3453.036820300004,-352.14058831036624,4263.051378122675
2460807.804861111,-3510.6522997117186,-824.1394567784162,4149.730367887156
2460807.8055555555,-3540.601402976107,-1289.659116581748,4003.6205672711567
2460807.80625,-3542.6427825100295,-1745.0320124749182,3825.8690055914276
2460807.8069444443,-3516.754053992394,-2186.6682282865213,3617.872368578187
2460807.8076388887,-3463.132464717877,-2611.0836795278315,3381.2666341824865
2460807.808333333,-3382.193888550432,-3014.9277050523597,3117.914797515987
2460807.809027778,-3274.5701104812483,-3395.0098478245045,2829.892721304861
2460807.8097222224,-3141.1043766318785,-3748.3255832516647,2519.4731776149288
2460807.810416667,-2982.845199376065,-4072.080758237003,2189.1081628487414
2460807.811111111,-2801.0384273061886,-4363.714491180732,1841.4095990978626
2460807.8118055556,-2597.1176107349083,-4620.920288602999,1479.1285597674494
2460807.8125,-2372.6927174321327,-4841.665140674527,1105.1331854895654
2460807.8131944444,-2129.5372795078815,-5024.206371982516,722.3854841376262
2460807.813888889,-1869.5740782064524,-5167.106046780573,333.91723247404275
2460807.814583333,-1594.8594955268384,-5269.242758116661,-57.19478700502567
2460807.8152777776,-1307.5666870749653,-5329.8206616807065,-447.85396067240015
2460807.815972222,-1009.9677499161465,-5348.375655963202,-834.9691681545536
2460807.816666667,-704.4150701442923,-5324.778652827502,-1215.4799978327756
2460807.8173611113,-393.3220523755425,-5259.235924323816,-1586.3815890447058
2460807.8180555557,-79.1434321478786,-5152.286555983446,-1944.7488556323206
2460807.81875,235.64462311627474,-5004.7970769361145,-2287.759855224258
2460807.8194444445,548.5644253261562,-4817.953374967129,-2612.71809157277
2460807.820138889,857.1565001465066,-4593.250036022878,-2917.073562613811
2460807.8208333333,1158.998966921583,-4332.477274616294,-3198.4423918804505
2460807.8215277777,1451.7264042869156,-4037.705640290823,-3454.624911131203
2460807.822222222,1733.0480587222316,-3711.2686983939025,-3683.6220891839125
2460807.8229166665,2000.765273270866,-3355.743888373591,-3883.650229679455
2460807.823611111,2252.7880324597686,-2973.931761824449,-4053.1538844853226
2460807.824305556,2487.1505354249584,-2568.8337991018802,-4190.816948932607
2460807.825,2702.0257270357083,-2143.628991222547,-4295.571923393836
2460807.8256944446,2895.7387290760985,-1701.649361576719,-4366.607336878249
2460807.826388889,3066.7791219256274,-1246.3545917441204,-4403.373335204372
2460807.8270833334,3213.812036140736,-781.3058981293829,-4405.585440843306
2460807.827777778,3335.6880136613045,-310.1393021756304,-4373.226490334652
2460807.828472222,3431.45160165408,163.46157697719187,-4306.546753680704
2460807.8291666666,3500.348638428837,635.793078158591,-4206.062235493433
2460807.829861111,3541.8321879859905,1103.1592718422237,-4072.5511542080194
2460807.8305555554,3555.567076223558,1561.8998168297715,-3907.048592884326
2460807.83125,3541.4329781672977,2008.417755216104,-3710.8393142676878
2460807.831944444,3499.526003577852,2439.207083372498,-3485.448737316416
2460807.832638889,3430.1587285622177,2850.879928220831,-3232.6320763583476
2460807.834027778,3211.3648397241673,3604.0740318778253,-2652.812455471446
2460807.8347222223,3063.623308512874,3939.6452319051727,-2330.3458579953376
2460807.8354166667,2891.7801612250573,4244.248088703403,-1989.4918075962312
2460807.836111111,2697.1734470796914,4515.464710469123,-1632.929346680263
2460807.8368055555,2481.323186527087,4751.138200259644,-1263.4657391601918
2460807.8375,2245.9198035687255,4949.390911920759,-884.0143131179705
2460807.8381944443,1992.8110116614628,5108.640492303677,-497.5712125388314
2460807.8388888887,1723.987249557924,5227.6135066678735,-107.19126362919798
2460807.839583333,1441.5657977947608,5305.356465229717,284.0368036811873
2460807.840277778,1147.7737157924225,5341.244110654458,673.0155435519833
2460807.8409722224,844.9297765397237,5334.984855432834,1056.664120518108
2460807.841666667,535.4255774593988,5286.623306239962,1431.9435205948498
2460807.842361111,221.70602797792407,5196.539851600584,1795.8813811909376
2460807.8430555556,-93.75058379670125,5065.447333885412,2145.596189121559
2460807.84375,-408.45273778826726,4894.384868581398,2478.3206060039824
2460807.8444444444,-719.9158440995168,4684.708909321962,2791.423706467115
2460807.845138889,-1025.6822206094193,4438.081694830174,3082.4319268897493
2460807.845833333,-1323.3407091128965,4156.4572363216,3349.048560684767
2460807.8465277776,-1610.5457582239817,3842.0650305400077,3589.171653412273
2460807.847222222,-1885.03582771868,3497.3916906452037,3800.9101877681805
2460807.847916667,-2144.650976931489,3125.160703881411,3982.598465676985
2460807.8486111113,-2387.349526961819,2728.310517968793,4132.808626958431
2460807.8493055557,-2611.22369840454,2309.971158542445,4250.361259906277
2460807.85,-2814.5141406717225,1873.43957516698,4334.33407593103
2460807.8506944445,-2995.6232843297976,1422.1538995830608,4384.068634751169
2460807.851388889,-3153.127455144376,959.666792911111,4399.175113295866
2460807.8520833333,-3285.7876957373182,489.6180482701123,4379.53511658614
2460807.8527777777,-3392.559243858635,15.706610294632153,4325.30253071081
2460807.853472222,-3472.5996189417533,-458.3378351953683,4236.902417914443
2460807.8541666665,-3525.275266410974,-928.7835416597908,4115.027953378838
2460807.854861111,-3550.1667097136883,-1391.9254932351334,3960.6354035323834
2460807.855555556,-3547.0721584859507,-1844.1141365416545,3774.9371481893977
2460807.85625,-3516.0095217917738,-2281.783874791724,3559.3927526030598
2460807.8569444446,-3457.2167777645095,-2701.4811240999684,3315.698107604442
2460807.857638889,-3371.1506558665465,-3099.891730756251,3045.772663038007
2460807.8583333334,-3258.483597498068,-3473.8675171037144,2751.744804776692
2460807.859027778,-3120.0989719618283,-3820.451727208874,2435.93543902041
2460807.859722222,-2957.0845424185104,-4136.903123795419,2100.839878417029
2460807.8604166666,-2770.724193571534,-4420.718493676585,1749.108144347468
2460807.861111111,-2562.4879594007725,-4669.653311566732,1383.5238367668717
2460807.8618055554,-2334.0204089923623,-4881.740332667762,1006.9817398897183
2460807.8625,-2087.1274778298707,-5055.305892746328,622.4643659311153
2460807.863194444,-1823.7618561179747,-5188.983721868112,233.01765868310156
2460807.863888889,-1546.007070820558,-5281.7261073963955,-158.27390143015955
2460807.8645833335,-1256.0604178854496,-5332.812278413549,-548.3125389077122
2460807.865277778,-956.2149218471377,-5341.853921677102,-934.0125085352137
2460807.8659722223,-648.840515191197,-5308.797782751272,-1312.3252399857438
2460807.8666666667,-336.3646362404964,-5233.925349921914,-1680.2640466460778
2460807.867361111,-21.252450752314697,-5117.849660205545,-2034.9281521096702
2460807.8680555555,294.0130993285652,-4961.509306985009,-2373.525805975856
2460807.86875,606.9512210488012,-4766.159765466914,-2693.396280905408
2460807.8694444443,915.1029834671755,-4533.362181921124,-2992.0305710016373
2460807.8701388887,1216.0506439547707,-4264.969797995154,-3267.090636376159
2460807.870833333,1507.436431021516,-3963.112198988127,-3516.4270685836477
2460807.871527778,1786.9806461880992,-3630.177584712354,-3738.095080238635
2460807.8722222224,2052.4989652858353,-3268.793266349961,-3930.368747163322
2460807.872916667,2301.9188373205084,-2881.8045926943764,-4091.753454407148
2460807.873611111,2533.294900224664,-2472.252497066952,-4220.996520063218
2460807.8743055556,2744.8233424715795,-2043.3498526122094,-4317.095982068712
2460807.8756944444,3101.9082334012705,-1141.0552441788427,-4407.149706484185
2460807.876388889,3244.6782647098944,-674.7225568340991,-4400.407022515732
2460807.877083333,3362.048400525777,-203.10480405667138,-4359.131597301843
2460807.8777777776,3453.097637113468,270.11055543764945,-4283.642720768064
2460807.878472222,3517.107884062686,741.2222579996787,-4174.524701025173
2460807.879166667,3553.569670353726,1206.5430225834828,-4032.62287041289
2460807.8798611113,3562.1864386182865,1662.4273876860289,-3859.0377615668167
2460807.8805555557,3542.8773766916524,2105.299454509147,-3655.1174461719665
2460807.88125,3495.7787322141726,2531.6803723289313,-3422.4480333747406
2460807.8819444445,3421.243557979242,2938.215382218736,-3162.842335606585
2460807.882638889,3319.839839132115,3321.7002283870647,-2878.326717089991
2460807.8833333333,3192.3469616946554,3679.106718130515,-2571.1261628504567
2460807.8840277777,3039.7504930105188,4007.6072051990486,-2243.647623177863
2460807.884722222,2863.2352610373114,4304.597756099757,-1898.4617158476942
2460807.8854166665,2664.176738246368,4567.719755801762,-1538.2828938900018
2460807.886111111,2444.1307592517164,4794.879708171545,-1165.9482170251392
2460807.886805556,2204.821624121875,4984.266996785293,-784.3948897307234
2460807.8875,1948.1286671893547,5134.3693833107545,-396.6367595450193
2460807.8881944446,1676.0713970809493,5243.986044292119,-5.739992373621249
2460807.888888889,1390.7933371202191,5312.237976580486,385.2018407807143
2460807.8895833334,1094.5447201112017,5338.57563450591,773.0930131364669
2460807.890277778,789.6642092256735,5322.783701720956,1154.8609686963866
2460807.890972222,478.55983534049477,5264.982942110885,1527.4814603622963
2460807.8916666666,163.68934829786184,5165.629118118336,1888.0032425529962
2460807.892361111,-152.45981219180962,5025.509007047507,2233.572067685847
2460807.8930555554,-467.39072148079674,4845.733586332079,2561.4537535654244
2460807.89375,-778.617145733495,4627.728498499373,2869.0561039673153
2460807.894444444,-1083.6835037120543,4373.2219325089245,3153.9495008386743
2460807.895138889,-1380.1844268539594,4084.2300925543773,3413.885996686452
2460807.8958333335,-1665.783760933065,3763.040435484181,3646.8167794351834
2460807.896527778,-1938.232856879607,3412.19288002518,3850.9078967008677
2460807.8972222223,-2195.388027826048,3034.4591869550627,4024.5541627067314
2460807.8979166667,-2435.227057858538,2632.820718457461,4166.391185942629
2460807.898611111,-2655.8646685710887,2210.444777825011,4275.305479501716
2460807.8993055555,-2855.566866894902,1770.6597160528104,4350.442632603078
2460807.9,-3032.764100972016,1316.928996759788,4391.213528301045
2460807.9006944443,-3186.0631688005433,852.8243850964969,4397.298604887257
2460807.9013888887,-3314.2578233698855,381.99842972567563,4368.650158600575
2460807.902083333,-3416.3380244420077,-91.84360546591492,4305.492688260937
2460807.902777778,-3491.4977867550097,-564.9722032036647,4208.321281775958
2460807.9034722224,-3539.14157440049,-1033.6622918889052,4077.8980440528444
2460807.904166667,-3558.889189633793,-1494.22201934856,3915.246566322289
2460807.904861111,-3550.5791037128233,-1943.021428856777,3721.644440002929
2460807.9055555556,-3514.270178303586,-2376.520853428109,3498.6138242606535
2460807.90625,-3450.241728900186,-2791.298830748902,3247.910085917468
2460807.9069444444,-3358.9918875429576,-3184.0793257833925,2971.5085444295896
2460807.907638889,-3241.234232183626,-3551.7580326175566,2671.5893742211156
2460807.908333333,-3097.8926622553995,-3891.4275207291953,2350.5207352763987
2460807.9090277776,-2930.0945192412,-4200.40097532354,2010.8402341222682
2460807.909722222,-2739.161968705014,-4476.234289434969,1655.2348368447936
2460807.910416667,-2526.6016853886204,-4716.746262107113,1286.5193893000649
2460807.9111111113,-2294.092907380901,-4920.036671491407,907.6139248062556
2460807.9118055557,-2043.4739512799238,-5084.50200977992,521.5199650437406
2460807.9125,-1776.7273060237508,-5208.848692152657,131.29604211672532
2460807.9131944445,-1495.9634448859063,-5292.103584327066,-259.96731602540234
2460807.913888889,-1203.403521671331,-5333.62172736883,-649.1728750091693
2460807.9145833333,-901.3611287527826,-5333.091182762276,-1033.242000006791
2460807.9152777777,-592.2233115106958,-5290.534960804741,-1409.139714873805
2460807.915972222,-278.4310421123512,-5206.31003982366,-1773.8992584863852
2460807.917361111,353.20264169461234,-4915.926039756485,-2458.619775469424
2460807.918055556,666.0717127185034,-4712.102460363761,-2773.197583536926
2460807.91875,973.6901661310482,-4471.260167746522,-3065.912902992919
2460807.9194444446,1273.6451269630725,-4195.3149701315915,-3334.475048557256
2460807.920138889,1563.5872301923555,-3886.454901891677,-3576.7863079055765
2460807.9208333334,1841.2486097362005,-3547.1220941947104,-3790.957483319434
2460807.921527778,2104.4600677130697,-3179.9929195440086,-3975.32167193679
2460807.922222222,2351.1673244899857,-2787.9566129528966,-4128.4462402183235
2460807.9229166666,2579.4462717211068,-2374.0925592918347,-4249.142970878399
2460807.923611111,2787.5171618876657,-1941.6464282544216,-4336.476372012704
2460807.9243055554,2973.757679730878,-1494.005325643471,-4389.7701483633755
2460807.925,3136.714849877869,-1034.6721153679623,-4408.611840307985
2460807.925694444,3275.1157387772505,-567.2390574234399,-4392.855637313682
2460807.926388889,3387.8769128830763,-95.36089251669131,-4342.623371362861
2460807.9270833335,3474.1126111254052,377.27249242786746,-4258.303692172923
2460807.927777778,3533.1415902520303,846.9636936976924,-4140.549422375081
2460807.9284722223,3564.4925958760227,1310.0355815711368,-3990.2730871632325
2460807.9291666667,3567.908409046929,1762.8591135828797,-3808.6406111500105
2460807.929861111,3543.348414916276,2201.8810175743806,-3597.0631767370564
2460807.9305555555,3490.9896392687288,2623.6511772793433,-3357.187243439968
2460807.93125,3411.226199853712,3024.8495386775066,-3090.882735361466
2460807.9319444443,3304.6671250565364,3402.312331486663,-2800.2294213410155
2460807.9326388887,3172.132500138743,3753.0573930233577,-2487.501525483606
2460807.933333333,3014.6479152920565,4074.308358891553,-2155.150633380782
2460807.934027778,2833.4372051283535,4363.517482461896,-1805.7869802654131
2460807.9347222224,2629.9134907769235,4618.386836264628,-1442.1592386074044
2460807.935416667,2405.6685573662166,4836.887654376392,-1067.1329477447991
2460807.936111111,2162.4606266021588,5017.277581053039,-683.6677597865128
2460807.9368055556,1902.2006084218162,5158.115610260736,-294.79369871603234
2460807.9375,1626.9369433927168,5258.2745222482745,96.41334427608307
2460807.9381944444,1338.8391715420037,5316.950654634376,486.8566387744859
2460807.938888889,1040.1803860411826,5333.670880905664,873.4439118808555
2460807.939583333,733.3187463974112,5308.296708965653,1253.1126549282321
2460807.9402777776,420.67824770235046,5241.025454378162,1622.855170842912
2460807.940972222,104.72894106839169,5132.388487024053,1979.743112590012
2460807.941666667,-212.03318459496964,4983.246591458915,2320.951260946639
2460807.9423611113,-527.106454192682,4794.782522845721,2643.7803128986093
2460807.9430555557,-838.0036958099013,4568.490872917956,2945.6784773952
2460807.94375,-1142.2721724017879,4306.165395679434,3224.261689827915
2460807.9444444445,-1437.513084258635,4009.8839616491437,3477.332294831724
2460807.945138889,-1721.40047855803,3681.9913317766204,3702.896066316707
2460807.9458333333,-1991.6994253196312,3325.079949431552,3899.177466209122
2460807.9465277777,-2246.283334546649,2941.968955035043,4064.6330659656937
2460807.947222222,-2483.150306242521,2535.6816286258822,4197.963077201515
2460807.9479166665,-2700.4384242025267,2109.4214557777796,4298.1209585626975
2460807.948611111,-2896.4399151704583,1666.5470072951841,4364.321077889462
2460807.949305556,-3069.6141055824287,1210.545815800853,4396.0444194765905
2460807.95,-3218.599120009992,745.0074141686421,4393.04233394461
2460807.9506944446,-3342.2222651037155,273.59570401895616,4355.338329158359
2460807.951388889,-3439.509049713175,-199.97919243932557,4283.227903032518
2460807.9520833334,-3509.6907897410274,-671.9894399193522,4177.276417815204
2460807.952777778,-3552.2107464637515,-1138.718199922691,4038.3150153251972
2460807.953472222,-3566.728745479766,-1596.4883779098288,3867.434573809352
2460807.9541666666,-3553.1242233002827,-2041.6912323978513,3665.9777111551803
2460807.954861111,-3511.4976497592083,-2470.8146614533284,3435.528844593738
2460807.9555555554,-3442.1702777323703,-2880.4709617206186,3177.902329925804
2460807.95625,-3345.682178988072,-3267.423844320118,2895.128717498832
2460807.956944444,-3222.7885352095823,-3628.6144779235888,2589.4391814159503
2460807.957638889,-3074.4541671608354,-3961.1863191578514,2263.248200823174
2460807.959027778,-2706.325615075072,-4530.197398618524,1559.8210814377303
2460807.9597222223,-2489.435549420317,-4762.136538653838,1188.1524033604553
2460807.9604166667,-2252.8900567915307,-4956.49394424803,807.0724052610035
2460807.961111111,-1998.5597857742055,-5111.737388102995,419.60007699337064
2460807.9618055555,-1728.456883663395,-5226.646964738411,28.804914342732104
2460807.9625,-1444.718543271556,-5300.324970761048,-362.2181950857082
2460807.9631944443,-1149.5894658422276,-5332.202962949728,-750.3742935194493
2460807.9638888887,-845.4034213602058,-5322.045926440271,-1132.5936230529724
2460807.964583333,-534.5641057443618,-5269.953526543089,-1505.8565788997023
2460807.965277778,-219.52549666553506,-5176.358462587129,-1867.218096337704
2460807.9659722224,97.22808697219382,-5042.021982356958,-2213.83123407132
2460807.966666667,413.20201819069564,-4868.026654672176,-2542.9697343883263
2460807.967361111,725.9112945018621,-4655.766530808163,-2852.049367256375
2460807.9680555556,1032.9001870091217,-4406.934853594203,-3138.6478902178224
2460807.96875,1331.761440427203,-4123.509493020883,-3400.523486076778
2460807.9694444444,1620.1548735792646,-3807.7363029999588,-3635.631566336075
2460807.970138889,1895.825250707552,-3462.110600277836,-3842.1398576193
2460807.970833333,2156.619313078919,-3089.3569666621293,-4018.4417130604897
2460807.9715277776,2400.5018768188597,-2692.4075729075316,-4163.167610832219
2460807.972222222,2625.5709191680508,-2274.3792150413296,-4275.194819926353
2460807.972916667,2830.0715927826554,-1838.5492358338622,-4353.6552283324545
2460807.9736111113,3012.409111463431,-1388.3305027458389,-4397.941333248441
2460807.9743055557,3171.1604665270484,-927.2455855713595,-4407.710401518183
2460807.975,3305.0849286109556,-458.9002826008057,-4382.886805203005
2460807.9756944445,3413.1332970365743,13.043375325710178,-4323.662538285908
2460807.976388889,3494.455856135618,484.8945189173798,-4230.4959145935245
2460807.9770833333,3548.408991930693,952.9610962027775,-4104.108444367859
2460807.9777777777,3574.560422779967,1413.5776630205874,-3945.4798830560644
2460807.978472222,3572.6929913093672,1863.133161352665,-3755.841446116401
2460807.9791666665,3542.806963525154,2298.0985357053924,-3536.667183108623
2460807.979861111,3485.120779515853,2715.0540105759383,-3289.6635139644527
2460807.980555556,3400.070203520521,3110.7158430653667,-3016.756938706411
2460807.98125,3288.305825947464,3481.9623466031535,-2720.0799459443047
2460807.9819444446,3150.6888805243852,3825.8589611097846,-2401.955167994065
2460807.982638889,2988.2853530139605,4139.68213727856,-2064.8778508944197
2460807.9833333334,2802.358374774707,4420.941793351673,-1711.496733190838
2460807.984027778,2594.35891854568,4667.402095283831,-1344.59346124676
2460807.984722222,2365.9148325222313,4877.100324798052,-967.0606869385534
2460807.9854166666,2118.818279254205,5048.363601243228,-581.8790315651892
2460807.986111111,1855.0116701318502,5179.82324699369,-192.0931204240201
2460807.9868055554,1576.5722114974046,5270.4266108061,199.21308596220751
2460807.9875,1285.6952031843887,5319.446193979438,588.9414194794736
2460807.988194444,984.6762551413453,5326.485960807333,974.004830343372
2460807.988888889,675.8925996394697,5291.484757356162,1351.3526535167725
2460807.9895833335,361.78369524799405,5214.716803057858,1717.9955509220572
2460807.990277778,44.83132607772292,5096.789264246877,2071.029873954539
2460807.9909722223,-272.4605987959877,4938.636959986397,2407.6612059278746
2460807.9916666667,-587.586338862491,4741.51429050322,2725.226858076849
2460807.992361111,-898.0585130426354,4506.984511550887,3021.2171205560912
2460807.9930555555,-1201.4279991550848,4236.906508152574,3293.2950911001903
2460807.99375,-1495.3033672000875,3933.41924544856,3539.3149318927485
2460807.9944444443,-1777.369694085669,3598.9240847739466,3757.3384381620413
2460807.9951388887,-2045.4066164429235,3236.0651695978263,3945.6498207109707
2460807.995833333,-2297.305502991558,2847.708083672021,4102.768635556277
2460807.996527778,-2531.085642160718,2436.916983843314,4227.460812450411
2460807.9972222224,-2744.9093567120462,2006.9304034822314,4318.747752138793
2460807.997916667,-2937.095971192916,1561.1359113566414,4375.913475779989
2460807.998611111,-3106.134565104502,1103.043807164185,4398.509817615112
2460807.9993055556,-3250.695455671213,636.2600193146733,4386.359659460758
2460808.0006944444,-3462.0311623308057,-308.64767156045394,4258.472304834253
2460808.001388889,-3527.1373014344085,-779.3334828028942,4143.737798953756
2460808.002083333,-3564.441614809609,-1243.8920511975575,3996.25493178187
2460808.0027777776,-3573.6446971391842,-1698.6626602820222,3817.1817854665064
2460808.003472222,-3554.6676523514975,-2140.059428805877,3607.9257704410516
2460808.004166667,-3507.6532093615338,-2564.599476528697,3370.133175530602
2460808.0048611113,-3432.9651508276243,-2968.9305138280843,3105.676806222815
2460808.0055555557,-3331.186014572298,-3349.8576391760935,2816.641750954585
2460808.00625,-3203.1130393427475,-3704.3691073370355,2505.309339885404
2460808.0069444445,-3049.752341342206,-4029.660828194449,2174.139381042591
2460808.007638889,-2872.311327084314,-4323.159348085728,1825.750786714324
2460808.0083333333,-2672.189370155675,-4582.543067430617,1462.900730343688
2460808.0090277777,-2450.966803017867,-4805.761457054412,1088.4625005111798
2460808.009722222,-2210.3923026702987,-4991.05204782162,705.4022484951346
2460808.0104166665,-1952.3687725215445,-5136.954993747489,316.7548448376309
2460808.011111111,-1678.937849851269,-5242.325034389207,-74.40091643336208
2460808.011805556,-1392.2631900516358,-5306.34071797266,-464.96751480915685
2460808.0125,-1094.6127003441654,-5328.510784745026,-851.8540393871411
2460808.0131944446,-788.3399090689566,-5308.677652758909,-1232.0014028965902
2460808.013888889,-475.8646713763869,-5247.017990797877,-1602.4071717294594
2460808.0145833334,-159.65341286803624,-5144.040406239329,-1960.1497670864326
2460808.015277778,157.80087933581623,-5000.580316844946,-2302.4117994036346
2460808.015972222,473.9987204427233,-4817.792111924405,-2626.5023282958723
2460808.0166666666,786.4540536643808,-4597.13874032043,-2929.8778592895746
2460808.017361111,1092.7138565899281,-4340.378890629845,-3210.1619154096043
2460808.0180555554,1390.3772686291916,-4049.5519448303457,-3465.163055587694
2460808.01875,1677.1140912349556,-3726.9609030673,-3692.8912333501917
2460808.019444444,1950.682537070589,-3375.153479250082,-3891.572421361858
2460808.020138889,2208.946118645317,-2996.901570737389,-4059.661447521667
2460808.0208333335,2449.889589635535,-2595.1792940548776,-4195.853012772501
2460808.021527778,2671.6338618740106,-2173.139776328465,-4299.090872660331
2460808.0222222223,2872.4498389222895,-1734.0908742195757,-4368.575180244554
2460808.0229166667,3050.7711155903803,-1281.4699794579378,-4403.767993584658
2460808.023611111,3205.205496586191,-818.8180642732876,-4404.396953523894
2460808.0243055555,3334.5452958068213,-349.75309891598334,-4370.457139117551
2460808.025,3437.7763732775916,122.05702231584122,-4302.211103962729
2460808.0256944443,3514.0858690084656,592.9219244478079,-4200.187093297423
2460808.0263888887,3562.8685862627967,1059.1564298697342,-4065.1754382583617
2460808.027083333,3583.731975576156,1517.108340778893,-3898.2231201786826
2460808.027777778,3576.499665400216,1963.1861777963527,-3700.6264984213562
2460808.0284722224,3541.2134841054535,2393.886715777563,-3473.922198436364
2460808.029166667,3478.13391752769,2805.8221449048274,-3219.8761617521827
2460808.029861111,3387.7389495681523,3195.7466593274003,-2940.4708750873924
2460808.0305555556,3270.721240502727,3560.5822656082737,-2637.890809517939
2460808.03125,3127.9836071124564,3897.4435880924634,-2314.5061194638406
2460808.0319444444,2960.6327856634816,4203.661429489248,-1972.854681053735
2460808.032638889,2769.9714744468993,4476.804847922625,-1615.6225683604855
2460808.033333333,2557.4886776197695,4714.701501475646,-1245.6231021764393
2460808.0340277776,2324.8483932198315,4915.456024372542,-865.7746272561376
2460808.034722222,2073.8767169563907,5077.466206515404,-479.0772070124855
2460808.035416667,1806.5474584876947,5199.43677118828,-88.5884464937284
2460808.0361111113,1524.966392626088,5280.390572073542,302.60132431595133
2460808.0368055557,1231.3542919158683,5319.677063355263,691.3942584339216
2460808.0375,928.0289090309506,5316.977934464563,1074.7103308640171
2460808.0381944445,617.3860927841724,5272.3098428517815,1449.512546708001
2460808.038888889,301.88023547508834,5186.024220647059,1812.8317567186364
2460808.0395833333,-15.995744427242945,5058.804174179501,2161.7908286919196
2460808.0402777777,-333.730676418895,4891.658536987465,2493.627935625635
2460808.040972222,-648.8154660641919,4685.913174510972,2805.718743519406
2460808.042361111,-1261.1294048375005,4165.441566173588,3360.9754788028085
2460808.043055556,-1553.5306061441763,3854.838295668156,3599.7607695695483
2460808.04375,-1833.6638403086995,3513.8470733795634,3810.072415169342
2460808.0444444446,-2099.324178610126,3145.1628737799574,3990.2556945071815
2460808.045138889,-2348.421830088299,2751.6967435287033,4138.894357156315
2460808.0458333334,-2578.9981617793624,2336.5526333754833,4254.821143959263
2460808.046527778,-2789.2406294235707,1903.002947753231,4337.126369767904
2460808.047222222,-2977.496548298856,1454.4629919121567,4385.164555772129
2460808.0479166666,-3142.285638640391,994.4644938623087,4398.559104046249
2460808.048611111,-3282.311288539186,526.6283680035236,4377.205013240092
2460808.0493055554,-3396.470483277359,54.63687191222923,4321.26963537124
2460808.05,-3483.862344741176,-417.79467492916746,4231.191474097819
2460808.050694444,-3543.7952333923317,-886.9464719829311,4107.67702294972
2460808.051388889,-3575.7923546778443,-1349.1229394755596,3951.695645437711
2460808.0520833335,-3579.5958185920886,-1800.68138812478,3764.472496678954
2460808.052777778,-3555.1690959431367,-2238.0604656609466,3547.479495881543
2460808.0534722223,-3502.6978201437296,-2657.808189243989,3302.4243658204055
2460808.0541666667,-3422.5888870745166,-3056.609356251864,3031.237767599068
2460808.054861111,-3315.4678151913126,-3431.312104619588,2736.0585806711556
2460808.0555555555,-3182.1743384731376,-3778.953394545887,2419.2173915132003
2460808.05625,-3023.756224609771,-4096.783157438764,2083.218290895541
2460808.0569444443,-2841.461325842066,-4382.286874041751,1730.7190922092168
2460808.0576388887,-2636.727897355321,-4633.20632963706,1364.510124293732
2460808.058333333,-2411.173238046325,-4847.558316024948,987.4917681905081
2460808.059027778,-2166.580740753978,-5023.6510562159365,602.6509453400079
2460808.0597222224,-1904.885457259305,-5160.098161753473,213.03677313580204
2460808.060416667,-1628.158316649222,-5255.829953169299,-178.2643631462486
2460808.061111111,-1338.5891491255484,-5310.10201706264,-568.1540744983748
2460808.0618055556,-1038.4686966195613,-5322.5009069835505,-953.5472983357843
2460808.0625,-730.1697962098806,-5292.94694254032,-1331.3974389023256
2460808.0631944444,-416.12793980252957,-5221.69410098793,-1698.7210569911158
2460808.063888889,-98.82141640850703,-5109.327040201939,-2052.62186328571
2460808.064583333,219.24876208392814,-4956.755329814654,-2390.3137923960635
2460808.0652777776,535.5789453269105,-4765.205006210263,-2709.142944190654
2460808.065972222,847.6827555358394,-4536.207594281216,-3006.608219172206
2460808.066666667,1153.1106463453884,-4271.586765297892,-3280.3804919324893
2460808.0673611113,1449.4689494817733,-3973.44281839537,-3528.320198258408
2460808.0680555557,1734.4382694175185,-3644.135182401506,-3748.493241115131
2460808.06875,2005.7911049470104,-3286.2631378261467,-3939.1851461687606
2460808.0694444445,2261.4085911812117,-2902.6449620230705,-4098.91341771162
2460808.070138889,2499.2962791822215,-2496.2956867256203,-4226.438070460155
2460808.0708333333,2717.5988801272256,-2070.403652760776,-4320.770323480722
2460808.0715277777,2914.613916225034,-1628.3060306345053,-4381.179455382701
2460808.072222222,3088.804227687539,-1173.4634659970263,-4407.197824949164
2460808.0729166665,3238.8092931949086,-709.4339919787197,-4398.624064470724
2460808.073611111,3363.4553202432,-239.846349462942,-4355.524451249198
2460808.074305556,3461.764066340761,231.62716213668753,-4278.23246044342
2460808.075,3532.9603450812215,701.2981710638629,-4167.346497681849
2460808.0756944446,3576.4781702710056,1165.489927344867,-4023.725807081177
2460808.076388889,3591.965486860453,1620.5650696198045,-3848.4845472315387
2460808.0770833334,3579.2874333460063,2062.9533149638655,-3642.984028730214
2460808.077777778,3538.5280791682717,2489.178907262296,-3408.823111845174
2460808.078472222,3469.990581200004,2895.8876478008156,-3147.8267689923637
2460808.0791666666,3374.195707241185,3279.873307801018,-2862.032832188521
2460808.079861111,3251.8786824261124,3638.103209840792,-2553.676961687493
2460808.0805555554,3103.984325789598,3967.742750240646,-2225.175893169817
2460808.08125,2931.6604605546636,4266.178622033327,-1879.1090472247586
2460808.081944444,2736.24960010671,4531.040495420275,-1518.198609568477
2460808.082638889,2519.2789354882516,4760.220909921402,-1145.2882219182857
2460808.084027778,2027.6188109220939,5104.526827178826,-375.3132243042165
2460808.0847222223,1756.7944183820289,5216.9011363270765,15.664539097053504
2460808.0854166667,1472.109612919061,5288.115333567283,406.5178809315017
2460808.086111111,1175.8103204124654,5317.596580383592,794.1510723204814
2460808.0868055555,870.2360302239375,5305.104886604908,1175.4929470911707
2460808.0875,557.8007209394902,5250.735152076457,1547.5220325559906
2460808.0881944443,240.97315684503053,5154.916285600134,1907.29122072817
2460808.0888888887,-77.7432376031558,5018.407430387242,2251.9517291157276
2460808.089583333,-395.83071827158295,4842.291366532583,2578.7761179541594
2460808.090277778,-710.777575997416,4627.965196424226,2885.1801535684654
2460808.0909722224,-1020.0983085554839,4377.128452847397,3168.7433269726666
2460808.091666667,-1321.353430557225,4091.7687930342645,3427.227868910729
2460808.092361111,-1612.1687520356973,3774.145464605992,3658.5961252676425
2460808.0930555556,-1890.253980624857,3426.770735994252,3861.0261904430326
2460808.09375,-2153.4205116736175,3052.389497705766,4032.9257145376405
2460808.0944444444,-2399.5982958901786,2653.9572341986723,4172.943829781877
2460808.095138889,-2626.851686248648,2234.6165657087618,4279.981157270076
2460808.095833333,-2833.394181561096,1797.6725506316884,4353.197871543571
2460808.0965277776,-3017.601996053569,1346.5669288353981,4392.019811550644
2460808.097222222,-3178.026391520797,884.8514799811666,4396.142633092632
2460808.097916667,-3313.404717400259,416.16065540920164,4365.534002264398
2460808.0986111113,-3422.670102566012,-55.816352235808836,4300.433829725997
2460808.0993055557,-3504.959748680626,-527.3639540917607,4201.352545912111
2460808.1,-3559.6217698506457,-994.7687640872869,4069.067416324314
2460808.1006944445,-3586.2205241957236,-1454.3482883451052,3904.616898166768
2460808.101388889,-3584.540382595797,-1902.4795395050485,3709.2930399427873
2460808.1020833333,-3554.5878787844545,-2335.6273852799577,3484.6319352115393
2460808.1027777777,-3496.5921893753152,-2750.372437430626,3232.4022488999435
2460808.103472222,-3411.0038971409836,-3143.438267797029,2954.591849361738
2460808.1041666665,-3298.4920021330818,-3511.7177187700386,2653.392602381673
2460808.104861111,-3159.93915568831,-3852.2980796919733,2331.183395269444
2460808.105555556,-2996.4351134108624,-4162.484872895071,1990.5114981671384
2460808.10625,-2809.2684196373443,-4439.8240097843745,1634.072383582893
2460808.1069444446,-2599.9163634030397,-4682.122068008023,1264.688164117241
2460808.107638889,-2370.0332670093217,-4887.464461934162,885.284825882003
2460808.1083333334,-2121.4371982914354,-5054.231289604049,498.86846815373326
2460808.109027778,-1856.0952220672036,-5181.110668746131,108.50077771310826
2460808.109722222,-1576.1073291520142,-5267.109405796337,-282.7260185379314
2460808.1104166666,-1283.6892065465001,-5311.5608762746,-671.7144622869772
2460808.111111111,-981.1540281517575,-5314.13003761893,-1055.3871721768658
2460808.1118055554,-670.8934591066488,-5274.815537274751,-1430.7118908156858
2460808.1125,-355.35807686090135,-5193.9489216549255,-1794.726015185835
2460808.113194444,-37.03741845849721,-5072.190995267527,-2144.5603658393156
2460808.113888889,281.5601497436218,-4910.525414898875,-2477.461982164773
2460808.1145833335,597.927530617057,-4710.2496436717565,-2790.8157314922164
2460808.115277778,909.578785616199,-4472.963413058865,-3082.1645699443093
2460808.1159722223,1214.0686365584456,-4200.554868560799,-3349.228303643021
2460808.1166666667,1509.0114280093119,-3895.1845862390282,-3589.9207374946004
2460808.117361111,1792.0994094311764,-3559.267661731721,-3802.3651191421977
2460808.1180555555,2061.12022385024,-3195.454068369798,-3984.907818729187
2460808.11875,2313.973498632854,-2806.607487238393,-4136.130199440277
2460808.1194444443,2548.6864599418177,-2395.7827944444475,-4254.858659449917
2460808.1201388887,2763.4285005492056,-1966.2023863397494,-4340.172834637245
2460808.120833333,2956.52464292322,-1521.2315121936304,-4391.411962322904
2460808.121527778,3126.467852496681,-1064.3527613201804,-4408.179413145193
2460808.1222222224,3271.9301537905776,-599.1398537295289,-4390.34539628538
2460808.122916667,3391.772509892687,-129.2308630030793,-4338.04784421241
2460808.123611111,3485.053421304562,341.69899669010385,-4251.691478643075
2460808.1243055556,3551.0362002118704,809.9648978594144,-4131.945054755254
2460808.1256944444,3599.2186311121486,1723.8837011486303,-3796.2478934739106
2460808.126388889,3581.0148587072786,2162.3682540794975,-3582.9044186202577
2460808.127083333,3534.7105370578315,2583.9071334203923,-3341.3670583697212
2460808.1277777776,3460.652112258741,2985.181416528322,-3073.519272219149
2460808.128472222,3359.403689799102,3363.0261069035546,-2781.453541296298
2460808.129166667,3231.7435412288855,3714.455475408837,-2467.4558666160447
2460808.1298611113,3078.6588900773004,4036.687283787283,-2133.988567524712
2460808.1305555557,2901.338962534685,4327.165654495087,-1783.6714661223882
2460808.13125,2701.166312312526,4583.582336183986,-1419.2615802724663
2460808.1319444445,2479.7064478863745,4803.896127172879,-1043.6314659494592
2460808.132638889,2238.6958199136793,4986.3502194281145,-659.7463869167749
2460808.1333333333,1980.0282515061465,5129.487247099724,-270.6405116165697
2460808.1340277777,1705.739918886234,5232.161847158155,120.60764189179979
2460808.134722222,1417.993019180203,5293.550567049935,510.90026735339575
2460808.1354166665,1119.0582798961136,5313.158993025842,897.1455870217742
2460808.136111111,811.2964888852454,5290.826009928193,1276.283158185658
2460808.136805556,497.13923499287336,5226.725147176063,1645.3089086889072
2460808.1375,179.06906189482646,5121.363008059099,2001.299643386693
2460808.1381944446,-140.40075873161405,4975.574821751147,2341.436777000342
2460808.138888889,-458.7466264586055,4790.5171979431225,2663.0290635641118
2460808.1395833334,-773.4549843759066,4567.658198429672,2963.5341185511174
2460808.140277778,-1082.0424708919522,4308.7648715203795,3240.5785508490117
2460808.140972222,-1382.0756726948891,4015.888418950999,3491.9765512064996
2460808.1416666666,-1671.1903177183626,3691.3471805671697,3715.7468124592556
2460808.142361111,-1947.1097582893594,3337.7076391400556,3910.1276789348226
2460808.1430555554,-2207.6626236071193,2957.763641155654,4073.5904565749065
2460808.14375,-2450.7995257245775,2554.5140412181495,4204.850827306549
2460808.144444444,-2674.60872960109,2131.138960680213,4302.87833754955
2460808.145138889,-2877.3307033002434,1690.9748538305166,4366.903939275129
2460808.1458333335,-3057.371482520738,1237.4885543355567,4396.425576161941
2460808.146527778,-3213.314785113979,774.2504766436391,4391.211810218865
2460808.1472222223,-3343.932821988086,304.90712776154913,4351.303489349672
2460808.1479166667,-3448.1957486753167,-166.8469111077805,4277.013455267216
2460808.148611111,-3525.2797039911316,-637.2973765005887,4168.9242923871625
2460808.1493055555,-3574.573382815313,-1102.738937880485,4027.8841161554265
2460808.15,-3595.6830852480794,-1559.503863083798,3855.0004029945485
2460808.1506944443,-3588.4361873452135,-2003.9905666612462,3651.631865318661
2460808.1513888887,-3552.882977342097,-2432.6918515626576,3419.378383266537
2460808.152083333,-3489.2968057901494,-2842.2226402799615,3160.0690170617386
2460808.152777778,-3398.1725050715354,-3229.3469797412317,2875.7481383720383
2460808.1534722224,-3280.2230433672025,-3591.0040915185405,2568.659737218143
2460808.154166667,-3136.3743936893025,-3924.333222820414,2241.2299880775195
2460808.154861111,-2967.7586153780358,-4226.697054787818,1896.0481799751276
2460808.1555555556,-2775.705168038595,-4495.7034185981565,1535.8461467340344
2460808.15625,-2561.730500952898,-4729.225079306675,1163.4763586673625
2460808.1569444444,-2327.5259877923313,-4925.41735821511,781.8888660093265
2460808.157638889,-2074.9443021489124,-5082.733386331437,394.10730713189264
2460808.158333333,-1805.9843544183268,-5199.936808228167,3.204214201610594
2460808.1590277776,-1522.774936969309,-5276.111786904571,-387.7241316794757
2460808.159722222,-1227.5572429916017,-5310.670200187361,-775.5830382261887
2460808.160416667,-922.6664438879033,-5303.355958921555,-1157.3046678966546
2460808.1611111113,-610.5125210561736,-5254.246420886682,-1529.8729725646308
2460808.1618055557,-293.56055617457486,-5163.750916691301,-1890.3480454766056
2460808.1625,25.68931116320117,-5032.606446221684,-2235.889651382785
2460808.1631944445,344.72205826338774,-4861.870640962286,-2563.779722508172
2460808.163888889,661.0278868995952,-4652.912122420673,-2871.443623691504
2460808.1645833333,972.1220821754699,-4407.398412575549,-3156.4700241837186
2460808.1652777777,1275.5644519779016,-4127.281574763352,-3416.6292369574458
2460808.165972222,1568.9781961320218,-3814.781776624539,-3649.8899173231953
2460808.167361111,2116.6377456571163,-3102.742917924072,-4028.670090563832
2460808.168055556,2366.606224750182,-2708.8116734101163,-4171.244457090522
2460808.16875,2598.0233062825755,-2293.6688498894127,-4281.050966944341
2460808.1694444446,2809.083962195821,-1860.569704003476,-4357.238600137581
2460808.170138889,2998.1416130931375,-1412.9062886973397,-4399.217358369993
2460808.1708333334,3163.720242330273,-954.1817919298705,-4406.662304454947
2460808.171527778,3304.525305111113,-487.98420907387066,-4379.515776912041
2460808.172222222,3419.453391811234,-17.95947684285133,-4317.9877846823465
2460808.1729166666,3507.60060085025,452.21580235489955,-4222.554582257103
2460808.173611111,3568.2695740091335,918.861916228174,-4093.955422446196
2460808.1743055554,3600.9751440794057,1378.3237500140438,-3933.187479674616
2460808.175,3605.4485390218183,1826.9984982111766,-3741.4989376408894
2460808.175694444,3581.640085852293,2261.3632275754917,-3520.380236583755
2460808.176388889,3529.720355736314,2678.0021220285066,-3271.553480586676
2460808.1770833335,3450.0796942465145,3073.633216635791,-2996.9600191612444
2460808.177777778,3343.326086649093,3445.134417531328,-2698.746229756261
2460808.1784722223,3210.281317640678,3789.568584824112,-2379.2475490914017
2460808.1791666667,3051.9753987473437,4104.207444061355,-2040.9708240619668
2460808.179861111,2869.639254762547,4386.554082654826,-1686.5750802371736
2460808.1805555555,2664.6956801957904,4634.3637879533835,-1318.8508307447291
2460808.18125,2438.7486043508734,4845.662981673005,-940.6980841127853
2460808.1819444443,2193.5707242239305,5018.766025067242,-555.1032268073033
2460808.1826388887,1931.0895968099378,5152.289679250655,-165.11499246543335
2460808.183333333,1653.3723036636404,5245.165036573706,226.1802575098188
2460808.184027778,1362.608830759553,5296.646766258878,615.6836914663589
2460808.1847222224,1061.0943231742601,5306.3195578268505,1000.309349768948
2460808.185416667,751.2103951306783,5274.101683351923,1377.0094084955952
2460808.186111111,435.4056947739706,5200.245643752143,1742.799096905013
2460808.1868055556,116.17591999912067,5085.335906967814,2094.7810234530366
2460808.1875,-203.95649922815306,4930.283788364926,2430.168659511719
2460808.1881944444,-522.4628529394829,4736.319560455108,2746.308766459591
2460808.188888889,-836.828531677865,4504.981916724196,3040.702559630976
2460808.189583333,-1144.5731503513769,4238.104939702639,3311.0254399532037
2460808.1902777776,-1443.2702382607183,3937.8027478447407,3555.145144943114
2460808.190972222,-1730.5663354284245,3606.452012159056,3771.138199974173
2460808.191666667,-2004.1993558494416,3246.672539780714,3957.304579656531
2460808.1923611113,-2262.0160921573683,2861.3061285303534,4112.180510155743
2460808.1930555557,-2501.9887572898483,2453.3938901396787,4234.549367512301
2460808.19375,-2722.230470782405,2026.1522376186851,4323.4506417078255
2460808.1944444445,-2921.0096125061546,1582.9477212277056,4378.186950839155
2460808.195138889,-3096.7629762045326,1127.270888588797,4398.329098069075
2460808.1958333333,-3248.1076626724416,662.7093345711263,4383.7191691370945
2460808.1965277777,-3373.8516561194883,192.92010046608368,4334.471670090677
2460808.197222222,-3473.0030289711476,-278.3984209498701,4250.972705578926
2460808.1979166665,-3544.777721353409,-747.5349215258594,4133.8771974589
2460808.198611111,-3588.605839501376,-1210.7937976593266,3984.1041426973634
2460808.199305556,-3604.1364155421315,-1664.5237821877024,3802.829913596332
2460808.2,-3591.2405727164,-2105.1464191028963,3591.4796042495286
2460808.2006944446,-3550.0130395926385,-2529.1841823587947,3351.7164397695915
2460808.201388889,-3480.771962755708,-2933.2880369995064,3085.4292739808593
2460808.2020833334,-3384.0569742476737,-3314.2642214721345,2794.7182188469083
2460808.202777778,-3260.6254816040387,-3669.1000175214604,2481.8784694712454
2460808.203472222,-3111.447164863873,-3994.988262267134,2149.382415036544
2460808.2041666666,-2937.696681071024,-4289.350360601142,1799.8601451745785
2460808.204861111,-2740.7446030318883,-4549.857544744649,1436.0784995843726
2460808.2055555554,-2522.146639865264,-4774.450147028617,1060.918826423817
2460808.20625,-2283.6312160963366,-4961.354659309729,677.3536485103858
2460808.206944444,-2027.085510316788,-5109.098378683036,288.4224550891736
2460808.207638889,-1754.5400798438811,-5216.5214660184,-102.7931431917423
2460808.209027778,-1170.1882648584763,-5307.383864099854,-879.6919714034971
2460808.2097222223,-863.0048988418638,-5290.13760030127,-1259.2287413406063
2460808.2104166667,-549.0298819753195,-5231.203890516053,-1628.8070024350586
2460808.211111111,-230.74218745067623,-5131.070017421021,-1985.5114220675791
2460808.2118055555,89.34811636420521,-4990.549177225876,-2326.5325534938643
2460808.2125,408.7200776290111,-4810.772814885606,-2649.1890168807586
2460808.2131944443,724.861969732722,-4593.1803932592975,-2950.9484058450203
2460808.2138888887,1035.291111617204,-4339.50676043888,-3229.446756962443
2460808.214583333,1337.5732382269218,-4051.767294780808,-3482.506456617843
2460808.215277778,1629.3412703817637,-3732.2410236577825,-3708.1524806352745
2460808.2159722224,1908.313358245731,-3383.4519133502763,-3904.6268944124067
2460808.216666667,2172.3100870039634,-3008.14853036829,-4070.4015611423547
2460808.217361111,2419.2707538782684,-2609.2822662285525,-4204.1890283602625
2460808.2180555556,2647.2686388002953,-2189.9843113644433,-4304.951577277363
2460808.21875,2854.5252071074037,-1753.5415476528901,-4371.908432757089
2460808.2194444444,3039.423190019615,-1303.371519197506,-4404.541136963175
2460808.220138889,3200.5184947732573,-842.9966315643114,-4402.597093314095
2460808.220833333,3336.550904160573,-376.0177080313526,-4366.09128761916
2460808.2215277776,3446.4535180125645,93.91295705399997,-4295.306189158195
2460808.222222222,3529.3608948352858,563.1189292387546,-4190.789831811721
2460808.222916667,3584.6158433407145,1027.9272163875523,-4053.352070821643
2460808.2236111113,3611.7748117614274,1484.69597019112,-3884.059008064029
2460808.2243055557,3610.6118181937763,1929.8421572622171,-3684.225580453858
2460808.225,3581.120863848182,2359.8690479368443,-3455.406305565074
2460808.2256944445,3523.516769677638,2771.3933398606705,-3199.384190850732
2460808.226388889,3438.234381580591,3161.171724705033,-2918.1578230794635
2460808.2270833333,3325.926094031607,3526.1266932234716,-2613.9266667745314
2460808.2277777777,3187.457655205885,3863.3713440000124,-2289.07463083235
2460808.228472222,3023.9022293049957,4170.232965502519,-1946.1519769322797
2460808.2291666665,2836.5327114232005,4444.2751447890905,-1587.8556755978705
2460808.229861111,2626.8123134578886,4683.318156419567,-1217.0083449959684
2460808.230555556,2396.383460220935,4885.457396260821,-836.5359285940825
2460808.23125,2147.0550686310075,5049.079627915339,-449.4443087604558
2460808.2319444446,1880.788301238371,5172.876841243126,-58.795062147902094
2460808.232638889,1599.6809165495922,5255.857541315556,332.3194066573924
2460808.2333333334,1305.9503632305302,5297.355321347697,720.8011016954771
2460808.234027778,1001.9157850122448,5297.034612265663,1103.571783567646
2460808.234722222,689.979118567631,5254.893541624515,1477.5981683930463
2460808.2354166666,372.6054857597688,5171.263876993982,1839.9167121435612
2460808.236111111,52.30308275348988,5046.808072706401,2187.6577326861884
2460808.2368055554,-268.3972235535524,4882.513479969204,2518.068629943761
2460808.2375,-586.9623890738566,4679.6838169655675,2828.535990417496
2460808.238194444,-900.8775754394477,4439.928030175408,3116.6063802692843
2460808.238888889,-1207.666236787131,4165.146704370633,3380.0056618156887
2460808.2395833335,-1504.909738767717,3857.516199111173,3616.656694922037
2460808.240277778,-1790.2663536582338,3519.4707046455155,3824.695311317774
2460808.2409722223,-2061.489494123149,3153.6824173902737,4002.4844769781766
2460808.2416666667,-2316.445067307338,2763.04003474787,4148.626582090399
2460808.242361111,-2553.12784464398,2350.6257694096607,4261.9738160124525
2460808.2430555555,-2769.67676047477,1919.6910733397665,4341.636602910241
2460808.24375,-2964.389064007046,1473.6312531816413,4386.990084672279
2460808.2444444443,-3135.7332585186123,1015.9591489117716,4397.678645246771
2460808.2451388887,-3282.360766263705,550.278044368375,4373.618474852373
2460808.245833333,-3403.1162661694975,80.25395931956383,4314.998174768055
2460808.246527778,-3497.0466465178083,-390.41251629486624,4222.27740196147
2460808.2472222224,-3563.4085180563475,-858.0146914240348,4096.1835539419135
2460808.247916667,-3601.6742316113678,-1318.8683906210579,3937.7064928290265
2460808.248611111,-3611.5363412072743,-1769.340544312238,3748.091311960031
2460808.2493055556,-3592.910455718769,-2205.8775753287,3528.829152421953
2460808.2506944444,-3470.977798562566,-3023.4967307928177,3008.4901044470744
2460808.251388889,-3368.619549635766,-3398.1177695982406,2711.516234834234
2460808.252083333,-3239.6639778128383,-3745.9335309421344,2393.0699004563626
2460808.2527777776,-3085.1248350904993,-4064.1920754294656,2055.6685730525396
2460808.253472222,-2906.219646903898,-4350.375091777651,1701.981866202501
2460808.254166667,-2704.3602716228056,-4602.218683261512,1334.8102139984007
2460808.2548611113,-2481.141749477967,-4817.732113086941,957.0623080389846
2460808.2555555557,-2238.3295250541387,-4995.214285205928,571.7315007562537
2460808.25625,-1977.845149564103,-5133.26776820482,181.87139670140718
2460808.2569444445,-1701.7505967630595,-5230.810195812691,-209.42912373471032
2460808.257638889,-1412.2313496592835,-5287.082914202759,-599.0711910561206
2460808.2583333333,-1111.5784321786232,-5301.656786843682,-983.9712837704593
2460808.2590277777,-802.1695781516213,-5274.435108361168,-1361.0863512229146
2460808.259722222,-486.44973872412095,-5205.65362303608,-1727.4384663016742
2460808.2604166665,-166.91113410525094,-5095.8776852101155,-2080.1387646676208
2460808.261111111,153.9269411329206,-4945.996639713126,-2416.4104411135245
2460808.261805556,473.53836260676945,-4757.215533961584,-2733.610604376811
2460808.2625,789.4102742163919,-4531.044306472365,-3029.250806771344
2460808.2631944446,1099.0628651762722,-4269.2846181131845,-3301.016101914649
2460808.263888889,1400.068662208546,-3974.0145122375493,-3546.7825064301715
2460808.2645833334,1690.071195276457,-3647.571098172357,-3764.6327733094768
2460808.265277778,1966.8029126333,-3292.531456842091,-3952.870408777436
2460808.265972222,2228.1022376726687,-2911.691968130173,-4110.031886337218
2460808.2666666666,2471.9296820469294,-2508.046247312943,-4234.897034232594
2460808.267361111,2696.3829389293655,-2084.7618744750366,-4326.497583315204
2460808.2680555554,2899.7108977259995,-1645.1560816944504,-4384.123875929014
2460808.26875,3080.326526339215,-1192.6705563260812,-4407.329739767715
2460808.269444444,3236.8185765090343,-730.8455000988811,-4395.93553416892
2460808.270138889,3367.9620660298947,-263.29308362706126,-4350.029374006149
2460808.2708333335,3472.727495983192,206.32958067333777,-4269.966534125843
2460808.271527778,3550.288754947231,674.3478168818857,-4156.36703261169
2460808.2722222223,3600.0296605616945,1137.0969871229095,-4010.111387867347
2460808.2729166667,3621.5490839391537,1590.9501799911861,-3832.334542040883
2460808.273611111,3614.6645987280403,2032.3458352700372,-3624.417945087285
2460808.2743055555,3579.41459551053,2457.8151419116634,-3387.979798130335
2460808.275,3516.0588020618693,2864.0090332767254,-3124.863460736651
2460808.2756944443,3425.0771545777357,3247.724574193268,-2837.1240461633033
2460808.2763888887,3307.1669722768065,3605.9305318283036,-2527.0132394376014
2460808.277083333,3163.238399848265,3935.7918980042155,-2196.9623997426534
2460808.277777778,2994.4080975741044,4234.693124812978,-1849.564030866136
2460808.2784722224,2801.99117963974,4500.259826634677,-1487.5517336869184
2460808.279166667,2587.4914232690644,4730.378705297654,-1113.778780931226
2460808.279861111,2352.5897959745375,4923.215462196927,-731.1954821965245
2460808.2805555556,2099.1313766849685,5077.230473968958,-342.8255370782786
2460808.28125,1829.1107722625175,5191.192032704798,48.25840464750114
2460808.2819444444,1544.6561558713097,5264.18697996669,438.95973848623447
2460808.282638889,1248.012078866514,5295.628596805579,826.1832024506571
2460808.283333333,941.5212308446978,5285.261651585324,1206.8602112748977
2460808.2840277776,627.6053314370625,5233.164550149291,1577.973970921152
2460808.284722222,308.74535823507256,5139.748573786066,1936.5841088852271
2460808.285416667,-12.538683176233373,5005.754234976936,2279.8505737313358
2460808.2861111113,-333.7082409514704,4832.244819538902,2605.056574301387
2460808.2868055557,-652.226742643625,4620.597222375573,2909.630344121351
2460808.2875,-965.5799718542302,4372.490213498982,3191.165548423766
2460808.2881944445,-1271.2961116839383,4089.8902969174956,3447.440173922021
2460808.288888889,-1566.965283334091,3775.035347380789,3676.4337674942144
2460808.2895833333,-1850.2584340698793,3430.4162146044614,3876.3429248328735
2460808.2902777777,-2118.945434931762,3058.756500901358,4045.594945656701
2460808.290972222,-2370.9122780286684,2662.9907068250986,4182.859604444644
2460808.292361111,-2816.906136237261,1811.7924132545363,4357.375443049062
2460808.293055556,-3007.425970237488,1363.067789673004,4393.257433914553
2460808.29375,-3174.2379480987174,903.6007495136619,4394.423620057634
2460808.2944444446,-3316.02876463086,437.0087342380189,4360.8648390429125
2460808.295138889,-3431.6807248186524,-33.03485149263701,4292.84418318656
2460808.2958333334,-3520.2804383282014,-502.8288669650922,4190.8951074135775
2460808.296527778,-3581.1260607416193,-968.6729329489185,4055.817576223606
2460808.297222222,-3613.733022660402,-1426.8960342383978,3888.672250468736
2460808.2979166666,-3617.838188491951,-1873.8850567804354,3690.7727177526435
2460808.298611111,-3593.402386821835,-2306.1130755858135,3463.6757765643065
2460808.2993055554,-3540.6112567663904,-2720.1671963757867,3209.1697936787186
2460808.3,-3459.874361124723,-3112.775732812089,2929.2611724027083
2460808.300694444,-3351.822526101515,-3480.8344974841957,2626.158982639574
2460808.301388889,-3217.3033825257535,-3821.4319605939777,2302.2578342511056
2460808.3020833335,-3057.3750977156265,-4131.873038612845,1960.119089707081
2460808.302777778,-2873.2983119386404,-4409.701256923905,1602.4505517384605
2460808.3034722223,-2666.5263141778087,-4652.719047501257,1232.0847802031576
2460808.3041666667,-2438.6935175604417,-4859.005949476064,851.9562214689403
2460808.304861111,-2191.6023243561503,-5026.934496268828,465.0773633918653
2460808.3055555555,-1927.2084941013136,-5155.183603158274,74.5141446994382
2460808.30625,-1647.6051521648756,-5242.749299139331,-316.63913645982575
2460808.3069444443,-1355.0056038298526,-5288.952680978605,-705.2851509247015
2460808.3076388887,-1051.7251305955135,-5293.44501201218,-1088.348845829128
2460808.308333333,-740.1619651615432,-5256.209927645242,-1462.8024659252721
2460808.309027778,-422.77764826564163,-5177.562754278301,-1825.6900358781784
2460808.3097222224,-102.07697274571588,-5058.146988923463,-2174.151065985142
2460808.310416667,219.41227565616296,-4898.928026661919,-2505.443256504498
2460808.311111111,539.1595835762847,-4701.184256909364,-2816.9640064045893
2460808.3118055556,854.6517922738475,-4466.495677988978,-3106.2705553138408
2460808.3125,1163.412822330973,-4196.73020195912,-3371.0986159485387
2460808.3131944444,1463.0228811771872,-3894.0278394512115,-3609.3793812101076
2460808.313888889,1751.1370189082156,-3560.7829573978433,-3819.2548233076795
2460808.314583333,2025.5029085403235,-3199.62481123418,-3999.0912200138664
2460808.3152777776,2283.9777492074677,-2813.3965482058798,-4147.490869428456
2460808.315972222,2524.544211700661,-2405.1328635876725,-4263.3019745550355
2460808.316666667,2745.3253497747164,-1978.0364946761413,-4345.626685861734
2460808.3173611113,2944.598422907405,-1535.4537107289098,-4393.827306072567
2460808.3180555557,3120.8075775435414,-1080.8489534446608,-4407.5306616565795
2460808.31875,3272.575341801793,-617.7787664005277,-4386.630648093255
2460808.3194444445,3398.712887776063,-149.86514972299716,-4331.288953831847
2460808.320138889,3498.229018647091,319.231539646638,-4241.933964268537
2460808.3208333333,3570.3378297904164,785.8400065829225,-4119.257843669772
2460808.3215277777,3614.4649943691443,1246.3056338454423,-3964.211788003448
2460808.322222222,3630.2526152391365,1697.0181465910218,-3777.9994432460935
2460808.3229166665,3617.562585319382,2134.439181196075,-3562.0684819818966
2460808.323611111,3576.478394924814,2555.1295860358928,-3318.1003395892417
2460808.324305556,3507.305327213296,2955.776270566933,-3047.998120164893
2460808.325,3410.5689871972604,3333.2184014009586,-2753.8726962063542
2460808.3256944446,3287.012118755478,3684.472725194924,-2438.027046452987
2460808.326388889,3137.5896768272496,4006.7577868176245,-2102.9388979052433
2460808.3270833334,2963.462139273029,4297.516800291497,-1751.2417651203389
2460808.327777778,2765.9870622883436,4554.438928553077,-1385.7045051060525
2460808.328472222,2546.7089095788306,4775.478725770105,-1009.2095402842605
2460808.3291666666,2307.3472066636245,4958.873512738622,-624.7299207907166
2460808.329861111,2049.7831051207445,5103.158463825641,-235.3054355209539
2460808.3305555554,1776.0444613035818,5207.179216292061,155.98200897678507
2460808.33125,1488.2895653059345,5270.101836602136,546.0334945712219
2460808.331944444,1188.7896766670558,5291.420017154012,931.7584273379789
2460808.332638889,879.9105426490538,5270.959415798825,1310.0998414628411
2460808.334027778,243.8335070092891,5105.670039535384,2032.721886861495
2460808.3347222223,-78.33711997676335,4962.150848478486,2371.2787951307305
2460808.3354166667,-399.8733341699263,4779.4605868947665,2691.051036075242
2460808.336111111,-718.2358704054699,4559.049005378067,2989.510313952018
2460808.3368055555,-1030.9120146491048,4302.6642151269225,3264.29913890286
2460808.3375,-1335.4355941734154,4012.33800587828,3513.2492754572672
2460808.3381944443,-1629.4064303771086,3690.3689909757045,3734.3985095402795
2460808.3388888887,-1910.5091108823647,3339.3037716712383,3926.005640706568
2460808.339583333,-2176.5309464512643,2961.916325569964,4086.563623822661
2460808.340277778,-2425.3790048429696,2561.1858140266404,4214.810813589224
2460808.3409722224,-2655.0961219666547,2140.273006635548,4309.740277634587
2460808.341666667,-2863.8758109106006,1702.4955042344063,4370.607161963169
2460808.342361111,-3050.075995247634,1251.301939116983,4396.934098843905
2460808.3430555556,-3212.231503071848,790.2453195415385,4388.514654585352
2460808.34375,-3349.06526317715,322.9556775451796,4345.414817090544
2460808.3444444444,-3459.498146848446,-146.88782606213852,4267.972523137404
2460808.345138889,-3542.657397918367,-615.5851828603585,4156.795225364437
2460808.345833333,-3597.8835945830124,-1079.4440508281969,4012.7554982466995
2460808.3465277776,-3624.73608331397,-1534.8083358951255,3836.9846837816203
2460808.347222222,-3622.996825245412,-1978.0866635164102,3630.86458327341
2460808.347916667,-3592.672597083361,-2405.7805583789004,3396.0172058796707
2460808.3486111113,-3533.9954910302977,-2814.512124310622,3134.2925999248628
2460808.3493055557,-3447.4216658322403,-3201.051009982845,2847.7548059462397
2460808.35,-3333.6283112483316,-3562.3404284267726,2538.6659917755055
2460808.3506944445,-3193.508803324002,-3895.5219880555255,2209.468854093603
2460808.351388889,-3028.166045853156,-4197.959088998008,1862.767395636814
2460808.3520833333,-2838.9040140190027,-4467.258638557392,1501.306213340777
2460808.3527777777,-2627.2175436218777,-4701.290840484643,1127.94846675728
2460808.353472222,-2394.7804319970805,-4898.2068336894135,745.6527148748753
2460808.3541666665,-2143.4319448323226,-5056.453971578274,357.44883734899923
2460808.354861111,-1875.1618514087231,-5174.788560029202,-33.586720958182596
2460808.355555556,-1592.0941301169216,-5252.285908766587,-424.35613615732296
2460808.35625,-1296.4695140177055,-5288.34758401668,-811.7655567626151
2460808.3569444446,-990.6270586786605,-5282.705795187252,-1192.750360030571
2460808.357638889,-676.9849295873228,-5235.424889056513,-1564.300052767704
2460808.3583333334,-358.0206155821673,-5146.899968344175,-1923.4825645588405
2460808.359027778,-36.250775936016865,-5017.8526931736915,-2267.467698870463
2460808.359722222,285.78907576630877,-4849.3243603193505,-2593.5495296318722
2460808.3604166666,605.5648502388416,-4642.666389723985,-2899.16754966886
2460808.361111111,920.5639401388894,-4399.528373311963,-3181.9264106395844
2460808.3618055554,1228.3148828090036,-4121.843864601671,-3439.614116879757
2460808.3625,1526.4064806318806,-3811.8140947171833,-3670.2185721191217
2460808.363194444,1812.506236713469,-3471.8898178575105,-3871.9423929091827
2460808.363888889,2084.3779959029516,-3104.7514798682705,-4043.215939115647
2460808.3645833335,2339.8986913513922,-2713.2879046578737,-4182.708525585722
2460808.365277778,2577.0741154975763,-2300.5736826534912,-4289.337798093913
2460808.3659722223,2794.053646908279,-1869.8454358432432,-4362.277268328942
2460808.3666666667,2989.1438770937702,-1424.477118014714,-4400.962011494196
2460808.367361111,3160.8210865707138,-967.9544996564038,-4405.092532449055
2460808.3680555555,3307.7425246200787,-503.8489746797452,-4374.63680709453
2460808.36875,3428.756448016644,-35.79081800519392,-4309.830502844408
2460808.3694444443,3522.9108710104524,432.5579749000421,-4211.175378999084
2460808.3701388887,3589.4609789328456,897.5311455092658,-4079.4358630771044
2460808.370833333,3627.8751503368826,1355.4857922496767,-3915.633795868957
2460808.371527778,3637.8395294423985,1802.8300046490124,-3721.041340415566
2460808.3722222224,3619.261089606023,2236.050366094163,-3497.1720475568236
2460808.372916667,3572.269125309384,2651.739144140675,-3245.770083335288
2460808.373611111,3497.215114117411,3046.6209839028475,-2968.7976304321664
2460808.3743055556,3394.670895028257,3417.5788962221186,-2668.420493530397
2460808.3756944444,3110.4779468408674,4076.1960088946084,-2007.0349765481421
2460808.376388889,2931.033969630598,4358.6325406191645,-1651.2227820385494
2460808.377083333,2728.4933825125263,4606.7431364626245,-1282.358054772791
2460808.3777777776,2504.4414270627913,4818.5516130560345,-903.3508045432923
2460808.378472222,2260.6361712974613,4992.368202227324,-517.195143977378
2460808.379166667,1998.9947154344377,5126.8040344558585,-126.94517123036795
2460808.3798611113,1721.5779360703268,5220.783101977687,264.30981192736294
2460808.3805555557,1430.5739079708978,5273.55154659982,653.4704993903081
2460808.38125,1128.28016723722,5284.684153911295,1037.452936480756
2460808.3819444445,817.0849951892592,5254.087977363627,1413.2137711933399
2460808.382638889,499.44792177697343,5182.00305778557,1777.775134976745
2460808.3833333333,177.87964706102028,5069.0002463101455,2128.2489068981863
2460808.3840277777,-145.07840335505767,4915.976181106796,2461.8601127614297
2460808.384722222,-466.8746866744806,4724.145505733449,2775.96924487734
2460808.3854166665,-784.9681104607419,4495.030452232182,3068.09330150589
2460808.386111111,-1096.8483708276674,4230.447938522083,3335.9253771883705
2460808.386805556,-1400.0558806618478,3932.4943552587515,3577.3526571514662
2460808.3875,-1692.2011312472353,3603.5282271536566,3790.4727037489806
2460808.3881944446,-1970.9833390920296,3246.1509500721013,3973.607941422946
2460808.388888889,-2234.208257773922,2863.185798416662,4125.318279035698
2460808.3895833334,-2479.805040489159,2457.655407271358,4244.411820893347
2460808.390277778,-2705.8420663313223,2032.7579130264367,4329.953642810995
2460808.390972222,-2910.541645590081,1591.8419412795913,4381.27261511205
2460808.3916666666,-3092.2935361785985,1138.380612803456,4397.96626733938
2460808.392361111,-3249.667208301988,675.9447313354926,4379.903692494367
2460808.3930555554,-3381.4227973923335,208.1753137943586,4327.226490704913
2460808.39375,-3486.520689774031,-261.2443876113215,4240.347752407462
2460808.394444444,-3564.129681928325,-728.6172126551468,4119.9490807088905
2460808.395138889,-3613.6336558090447,-1190.2606149896687,3966.9756525436574
2460808.3958333335,-3634.636709655522,-1642.5352097911177,3782.6293209510695
2460808.396527778,-3626.966684396404,-2081.873172801081,3568.3597642191094
2460808.3972222223,-3590.677026492048,-2504.8062950897333,3325.853698700217
2460808.3979166667,-3526.0469328648774,-2907.9934918200265,3057.0221813012404
2460808.398611111,-3433.5797319759213,-3288.2475360896938,2763.9860512644773
2460808.3993055555,-3313.999464735013,-3642.560794827637,2449.0595706715394
2460808.4,-3168.245647710158,-3968.1297111963995,2114.732362185428
2460808.4006944443,-2997.466216907065,-4262.377794845594,1763.6497548365885
2460808.4013888887,-2803.008675543791,-4522.976868395254,1398.5916863884918
2460808.402083333,-2586.4094933094807,-4747.866332764234,1022.4503343651797
2460808.402777778,-2349.3818304602596,-4935.270228542323,638.2066733108109
2460808.4034722224,-2093.801688396606,-5083.711890916528,248.90618158040354
2460808.404166667,-1821.6926135161216,-5192.026026126575,-142.36606201705445
2460808.404861111,-1535.2091032965734,-5259.368071755912,-532.5106399341381
2460808.4055555556,-1236.6188887796245,-5285.22073978365,-918.4391498751177
2460808.40625,-928.2842808519474,-5269.397685960579,-1297.099389338083
2460808.4069444444,-612.6427772681677,-5212.044290325909,-1665.5001162212695
2460808.407638889,-292.1871422170541,-5113.635576156461,-2020.7351321159936
2460808.408333333,30.554837512426523,-4974.971335751621,-2360.0064635250865
2460808.4090277776,353.0407144507083,-4797.16856717067,-2680.64643112599
2460808.409722222,672.7336648553645,-4581.651358003108,-2980.1384240533766
2460808.410416667,987.1225120528145,-4330.138378328843,-3256.136223334054
2460808.4111111113,1293.741324314394,-4044.6281612338885,-3506.4817501581774
2460808.4118055557,1590.1884344582031,-3727.382365519518,-3729.2211369739744
2460808.4125,1874.1447542253143,-3380.907215539655,-3922.619052194128
2460808.4131944445,2143.3912690746615,-3007.933317523246,-4085.1712275633727
2460808.413888889,2395.825623036242,-2611.3940391753035,-4215.615161840562
2460808.4145833333,2629.477711307048,-2194.402638857924,-4312.938984739801
2460808.4152777777,2842.5242181419676,-1760.2283106465359,-4376.388480928849
2460808.415972222,3033.302044489123,-1312.271301037824,-4405.472277826317
2460808.417361111,3342.27273527856,-389.1108603365005,-4359.909820123992
2460808.418055556,3458.0448084676837,78.87089292404094,-4285.616139855698
2460808.41875,3546.7249367869767,546.2460214576939,-4177.6595156994845
2460808.4194444446,3607.6102841544125,1009.354991408301,-4036.876709104068
2460808.420138889,3640.2127870036393,1464.5683411562338,-3864.3601239894338
2460808.4208333334,3644.2634402017206,1908.3142803030473,-3661.4502014438854
2460808.421527778,3619.7150550310253,2337.106112900318,-3429.725971976054
2460808.422222222,3566.7434274236257,2747.569306981989,-3170.993771278401
2460808.4229166666,3485.746857498015,3136.468019182898,-2887.2741356467973
2460808.423611111,3377.3439688163016,3500.73085887055,-2580.7869142890977
2460808.4243055554,3242.369785648815,3837.4756701670613,-2253.934651392994
2460808.425,3081.8700429375194,4144.033089668385,-1909.2843213647097
2460808.425694444,2897.0937209828803,4417.968638384659,-1549.547522288754
2460808.426388889,2689.483821278229,4657.103099743346,-1177.5592664138544
2460808.4270833335,2460.666423559909,4859.530946070911,-796.2555310788581
2460808.427777778,2212.4380892309846,5023.6365887081665,-408.64975874843987
2460808.4284722223,1946.751709877078,5148.10824225861,-17.808529352060667
2460808.4291666667,1665.7009167033982,5231.949229484204,373.17336758702857
2460808.429861111,1371.503199887601,5274.486578405215,761.198204071205
2460808.4305555555,1066.481904421888,5275.37680549274,1143.1906690002113
2460808.43125,753.0472867696313,5234.608818682402,1516.1230453271492
2460808.4319444443,433.6768328638027,5152.503916728056,1877.0399462163705
2460808.4326388887,110.89504094090906,5029.712903933967,2223.0823634750795
2460808.433333333,-212.7471185732373,4867.2103804621065,2551.5107896816085
2460808.434027778,-534.692860377702,4666.2863059697775,2859.727200917275
2460808.4347222224,-852.4001598916082,4428.534966179085,3145.2957103290178
2460808.435416667,-1163.3620592170646,4155.841498375903,3405.9617288799213
2460808.436111111,-1465.1265259918664,3850.3661560932637,3639.6694941880032
2460808.4368055556,-1755.3157141023323,3514.5264990113296,3844.5778644142583
2460808.4375,-2031.644481896605,3150.977709793322,4019.0742902552784
2460808.4381944444,-2291.9380481949515,2762.5912361644555,4161.7869078015365
2460808.438888889,-2534.1486828187985,2352.431951477761,4271.594713637792
2460808.439583333,-2756.371338569972,1923.7340266384838,4347.635796579946
2460808.4402777776,-2956.8581496581196,1479.875689268442,4389.31361533574
2460808.440972222,-3134.03172587749,1024.35304425177,4396.301316087616
2460808.441666667,-3286.4971825235752,560.7531130641876,4368.544089485215
2460808.4423611113,-3413.0528445977106,92.72625388548478,4306.259566761839
2460808.4430555557,-3512.6995698626024,-376.04188991771673,4209.936255216171
2460808.44375,-3584.648630888733,-841.8587553657612,4080.3300122509204
2460808.4444444445,-3628.3280964507644,-1301.0533791835335,3918.4585585577993
2460808.445138889,-3643.3876517180843,-1750.0049039996334,3725.594032927331
2460808.4458333333,-3629.7017959060936,-2185.1708897561766,3503.2535972589694
2460808.4465277777,-3587.3713587146112,-2603.115232661619,3253.1881114619864
2460808.447222222,-3516.72328192889,-3000.5354855015803,2977.368908640603
2460808.4479166665,-3418.308621737333,-3374.289348437168,2677.9727245283907
2460808.448611111,-3292.8987390512093,-3721.4200995292313,2357.364850228221
2460808.449305556,-3141.4796631536296,-4039.1807142823072,2018.0806096926108
2460808.45,-2965.2446329649665,-4325.056429303901,1662.8052846590695
2460808.4506944446,-2765.5848440232,-4576.785503785559,1294.3526403268197
2460808.451388889,-2544.078455511636,-4792.377942636878,915.6422330931783
2460808.4520833334,-2302.477937066903,-4970.131964178712,529.6757042549917
2460808.452777778,-2042.6958633662796,-5108.648016908811,139.51228849581665
2460808.453472222,-1766.7892889520992,-5206.8401816979485,-251.75621876881206
2460808.4541666666,-1476.9428611323044,-5263.944830278433,-641.0307759335748
2460808.454861111,-1175.4508438967844,-5279.526452312072,-1025.2304332239437
2460808.4555555554,-864.6982487857189,-5253.480602836053,-1401.317425773622
2460808.45625,-547.1412711317894,-5186.033967272835,-1766.321771587614
2460808.456944444,-225.28724380246356,-5077.74158223661,-2117.365126316604
2460808.457638889,98.32568898606682,-4929.481289228091,-2451.6836768246844
2460808.459027778,740.6439122350439,-4518.130659522353,-3059.7927805054164
2460808.4597222223,1054.301676374276,-4258.323843899168,-3328.817040413159
2460808.4604166667,1359.6627987399456,-3965.087891069995,-3571.6200950182806
2460808.461111111,1654.3361037816348,-3640.74404483244,-3786.3078091034176
2460808.4618055555,1936.0168893190294,-3287.8530362349215,-3971.2082904934664
2460808.4625,2202.504270878569,-2909.1945569495842,-4124.883909664556
2460808.4631944443,2451.717599609157,-2507.745342244303,-4246.141490644648
2460808.4638888887,2681.7118722040773,-2086.656050063419,-4334.040659542788
2460808.464583333,2890.6920768304954,-1649.2270921892573,-4387.900354833269
2460808.465277778,3077.026416018793,-1198.8835774771744,-4407.303501824924
2460808.4659722224,3239.258359730241,-739.1495068497074,-4392.09985947584
2460808.466666667,3376.1174833512364,-273.6213494808748,-4342.407044674108
2460808.467361111,3486.5290411780384,194.05886489720365,-4258.609736290365
2460808.4680555556,3569.6222298823523,660.2308232806374,-4141.357056200061
2460808.46875,3624.737084853875,1121.2434336933118,-3991.558123201759
2460808.4694444444,3651.42995504389,1573.482430225498,-3810.375771324227
2460808.470138889,3649.477493718122,2013.397924092796,-3599.2184272655336
2460808.470833333,3618.8791027611146,2437.5317371688966,-3359.7301463485505
2460808.4715277776,3559.857768241026,2842.544339576162,-3093.778813838038
2460808.472222222,3472.8592290285633,3225.241188725075,-2803.442535437755
2460808.472916667,3358.5494278496894,3582.5982577331547,-2490.9942552263815
2460808.4736111113,3217.8102069328565,3911.7865197917786,-2158.8846658161306
2460808.4743055557,3051.7332255585156,4210.1951509533255,-1809.7234967391823
2460808.475,2861.6120979513234,4475.453203708413,-1446.2592984944076
2460808.4756944445,2648.932771035917,4705.449509423171,-1071.3578633674274
2460808.476388889,2415.3621909301755,4898.3505694188325,-687.9794599307414
2460808.4770833333,2162.735330340235,5052.616216471645,-299.1550765722574
2460808.4777777777,1893.0406781315962,5167.012846741096,92.0381031380237
2460808.478472222,1608.4043180801953,5240.624051914008,482.5017527114417
2460808.4791666665,1311.0727498907636,5272.858515420928,869.141725897118
2460808.479861111,1003.3946222110866,5263.455076812531,1248.8933924290043
2460808.480555556,687.8015702537178,5212.484908371254,1618.7467184529703
2460808.48125,366.7883554679036,5120.350792026384,1975.770838450081
2460808.4819444446,42.892519697784394,4987.783526886013,2317.1378666015776
2460808.482638889,-281.3262429589027,4815.835535830846,2640.1457249100654
2460808.4833333334,-603.3067821678289,4605.871780307391,2942.2397705186613
2460808.484027778,-920.5070665714027,4359.55811743259,3221.033048533808
2460808.484722222,-1230.424447923123,4078.8472632236103,3474.325008788477
2460808.4854166666,-1530.6154440768034,3765.9625436995952,3700.118558897437
2460808.486111111,-1818.7148896415613,3423.3796252634443,3896.6353544117637
2460808.4868055554,-2092.4543184929803,3053.806422765251,4062.3292498240457
2460808.4875,-2349.6794608271434,2660.161382783921,4195.897857330018
2460808.488194444,-2588.366751540419,2245.5503385879906,4296.292177798941
2460808.488888889,-2806.6387662427574,1813.2421177777214,4362.724285797336
2460808.4895833335,-3002.778505404198,1366.6430852052438,4394.673056772926
2460808.490277778,-3175.242462344909,909.2707842515207,4391.88793429362
2460808.4909722223,-3322.67241217997,444.72683743138174,4354.390735942962
2460808.4916666667,-3443.9058616586067,-23.330735589783014,4282.475498468291
2460808.492361111,-3537.9851038713814,-491.2156376022415,4176.706361340371
2460808.4930555555,-3604.1648147810806,-955.241683273057,4037.913489798969
2460808.49375,-3641.9181343892374,-1411.7513113593595,3867.1870357233165
2460808.4944444443,-3650.941167593309,-1857.1440365185263,3665.869142211071
2460808.4951388887,-3631.155844715511,-2287.90465930453,3435.5440031932417
2460808.495833333,-3582.7110828340146,-2700.631039408946,3178.0259975837657
2460808.496527778,-3505.982195480884,-3092.061208886971,2895.3459394130577
2460808.4972222224,-3401.5685078592633,-3459.099605400992,2589.735496257825
2460808.497916667,-3270.2891488563373,-3798.842180069569,2263.609858517232
2460808.498611111,-3113.1770089859942,-4108.600134715757,1919.5487646681227
2460808.4993055556,-2931.4708734106594,-4385.922042137401,1560.2760134355547
2460808.5006944444,-2500.201553714158,-4834.758315131085,807.5788385457392
2460808.501388889,-2254.04993262089,-5002.728320120821,420.12016117564593
2460808.502083333,-1990.0998506552576,-5131.202779604891,29.332692922481122
2460808.5027777776,-1710.4415672657651,-5219.17608456654,-361.68701123849524
2460808.503472222,-1417.2894719315054,-5265.966305729036,-749.842294916681
2460808.504166667,-1112.9638601113704,-5271.220296180915,-1132.0616951483642
2460808.5048611113,-799.8718541388421,-5234.915914093187,-1505.3239260736068
2460808.5055555557,-480.48767821680735,-5157.361371607255,-1866.6822925052543
2460808.50625,-157.33249216584653,-5039.191758707336,-2213.288300327685
2460808.5069444445,167.04600383869624,-4881.362830176575,-2542.414239730888
2460808.507638889,490.0939983199535,-4685.142175366833,-2851.4745534062104
2460808.5083333333,809.271837121563,-4452.097920906035,-3138.045817460851
2460808.5090277777,1122.0739557927036,-4184.085138510488,-3399.8851962888966
2460808.509722222,1426.0483201706395,-3883.2301416776886,-3634.9472635349994
2460808.5104166665,1718.8152307068465,-3551.912868581358,-3841.3991019038062
2460808.511111111,1998.085370654542,-3192.74754725165,-4017.6336249871947
2460808.511805556,2261.6769966691563,-2808.56183367306,-4162.281085115402
2460808.5125,2507.5321816671776,-2402.3746123244073,-4274.218745249245
2460808.5131944446,2733.732041463698,-1977.3726287878353,-4352.578710825021
2460808.513888889,2938.510881858121,-1536.8861192220509,-4396.7539218640195
2460808.5145833334,3120.2692140772347,-1084.3635852976397,-4406.402312051115
2460808.515277778,3277.585590213057,-623.3458536154247,-4381.449141546891
2460808.515972222,3409.2272128001823,-157.4395475124725,-4322.087507960423
2460808.5166666666,3514.159268748245,309.7098969326394,-4228.777036676867
2460808.517361111,3591.552939297743,774.4455524831873,-4102.240746794823
2460808.5180555554,3640.792028430354,1233.1265195068215,-3943.460087878675
2460808.51875,3661.4781528282833,1682.1555116101265,-3753.6681386352902
2460808.519444444,3653.434429386515,2118.00634820573,-3534.3409640667187
2460808.520138889,3616.707597176508,2537.2511898823595,-3287.187130990961
2460808.5208333335,3551.5685114382013,2936.5873272110452,-3014.1353951254455
2460808.521527778,3458.5109519901766,3312.863323775288,-2717.3205840939117
2460808.5222222223,3338.2486979913583,3663.104288875706,-2399.067725235725
2460808.5229166667,3191.710833736952,3984.536049563923,-2061.874486199427
2460808.523611111,3020.035266999446,4274.6079796992835,-1708.3920233581498
2460808.5243055555,2824.5604634568776,4531.01423832894,-1341.4043633173706
2460808.525,2606.8154231652093,4751.713176115274,-963.806467692397
2460808.5256944443,2368.507954947691,4934.944673497954,-578.5811661166673
2460808.5263888887,2111.5113237349287,5079.245200172398,-188.77515370531017
2460808.527083333,1837.8493853352663,5183.460396950467,202.52570744360327
2460808.527777778,1549.6803366227523,5246.755023777853,592.2215470160506
2460808.5284722224,1249.2792424075585,5268.620145179539,977.2238417724634
2460808.529166667,939.0195128110952,5248.877468379342,1354.4807091324021
2460808.529861111,621.3535273851018,5187.680789240815,1721.0018720321073
2460808.5305555556,298.7926077636953,5085.514545555827,2073.8830422688075
2460808.53125,-26.113451771258934,4943.189518009877,2410.329479473795
2460808.5319444444,-350.7970867191813,4761.835758240791,2727.6785017450006
2460808.532638889,-672.693691605676,4542.892859540279,3023.4207447982826
2460808.533333333,-989.2621836387566,4288.09771315566,3295.2199967128427
2460808.5340277776,-1298.0052159974284,3999.4699191894474,3540.9314574482505
2460808.534722222,-1596.488877205815,3679.29503437762,3758.6183053443688
2460808.535416667,-1882.361725744571,3330.1058521424106,3946.5664752936973
2460808.5361111113,-2153.3730284190124,2954.661914197751,4103.297579733263
2460808.5368055557,-2407.39009200348,2555.927446335948,4227.579927018145
2460808.5375,-2642.414585382596,2137.047915744494,4318.437604090796
2460808.5381944445,-2856.597772854678,1701.3253857184122,4375.157609544104
2460808.538888889,-3048.2545791219754,1252.192851034464,4397.295026812938
2460808.5395833333,-3215.8764264030174,793.1877066547844,4384.6762373300335
2460808.5402777777,-3358.1427753731627,327.9245213994106,4337.400171686397
2460808.540972222,-3473.931316276266,-139.93274285385607,4255.837599894832
2460808.542361111,-3622.628076974067,-1068.6959663992322,3992.6772269063204
2460808.543055556,-3654.3544032061423,-1522.2816232504288,3813.1463147365325
2460808.54375,-3657.2490792566127,-1963.8776289496973,3603.447532689056
2460808.5444444446,-3631.2822323906516,-2389.997906610309,3365.2315933690234
2460808.545138889,-3576.6515604575056,-2797.2761528045085,3100.375709333025
2460808.5458333334,-3493.7813607861135,-3182.4927351942088,2810.969315540312
2460808.546527778,-3383.319750517522,-3542.600646020408,2499.2979828730913
2460808.547222222,-3246.1340526912904,-3874.7502722030613,2167.8256076765497
2460808.5479166666,-3083.304341743189,-4176.312732237945,1819.174991820935
2460808.548611111,-2896.1151634926014,-4444.901533599082,1456.1069530208176
2460808.5493055554,-2686.045470022422,-4678.392308888812,1081.4981345410863
2460808.55,-2454.756835883343,-4874.940403815945,698.317708614378
2460808.550694444,-2204.0800497273067,-5032.996109906531,309.6031925506005
2460808.551388889,-1936.0002023570803,-5151.317362596147,-81.56438365686142
2460808.5520833335,-1652.6404153317287,-5228.979759488198,-472.0857073778167
2460808.552777778,-1356.2443778262432,-5265.383789865111,-858.8685486130152
2460808.5534722223,-1049.1578773559108,-5260.2592085874485,-1238.8529961881188
2460808.5541666667,-733.809521213596,-5213.666530361964,-1609.036307298802
2460808.554861111,-412.6908571476424,-5125.995662634563,-1966.4971186071073
2460808.5555555555,-88.33609916332412,-4997.961735878834,-2308.418789759191
2460808.55625,236.69833158489666,-4830.598228053478,-2632.1116632739613
2460808.5569444443,559.8542538908686,-4625.247512043038,-2935.0340562654133
2460808.5576388887,878.591974796656,-4383.548980799957,-3214.8118245034525
2460808.558333333,1190.4101650105017,-4107.424926764531,-3469.256365723285
2460808.559027778,1492.8652081738032,-3799.064363692892,-3696.3809607374696
2460808.5597222224,1783.5898884469452,-3460.9049852929074,-3894.4153763506833
2460808.560416667,2060.311296953047,-3095.613458759271,-4061.8186762509713
2460808.561111111,2320.867860862355,-2706.064241147474,-4197.2902105449075
2460808.5618055556,2563.225410528221,-2295.317101799401,-4299.778767222988
2460808.5625,2785.4922150396733,-1866.5935218849768,-4368.489881948309
2460808.5631944444,2985.932927909827,-1423.252128048506,-4402.89131011635
2460808.563888889,3162.98139090793,-968.7633058159942,-4402.716667568869
2460808.564583333,3315.2522469883343,-506.68313075401414,-4367.967246249803
2460808.5652777776,3441.5513164594477,-40.62674254586743,-4298.91200867991
2460808.565972222,3540.88468599892,425.7587097632505,-4196.085760757425
2460808.566666667,3612.4664582795954,888.8214242754415,-4060.285499306627
2460808.5673611113,3655.725106088316,1344.9324757863017,-3892.5649266090495
2460808.5680555557,3670.3083687770877,1790.513368610182,-3694.2271268012682
2460808.56875,3656.086628489844,2222.0634634394437,-3466.815398395277
2460808.5694444445,3613.1547007133668,2636.1871005189637,-3212.1022476509565
2460808.570138889,3541.83197747946,3029.6202283341618,-2932.076558966025
2460808.5708333333,3442.660866997571,3399.256332024836,-2628.928972967578
2460808.5715277777,3316.403483114756,3742.171437381825,-2305.035524318975
2460808.572222222,3164.036553163008,4055.6479521256865,-1962.9396174301583
2460808.5729166665,2986.7445309402965,4337.197101362573,-1605.3324434885155
2460808.573611111,2785.9109221521244,4584.5797130651745,-1235.0319685171726
2460808.574305556,2563.1078562409275,4795.825110057202,-854.9606549409644
2460808.575,2320.083963703295,4969.247880275527,-468.1221028937082
2460808.5756944446,2058.7506480892725,5103.462313474629,-77.57682674084892
2460808.576388889,1781.166863628115,5197.39432257255,313.58260548361517
2460808.5770833334,1489.522542196661,5250.290694048298,702.2568142665807
2460808.577777778,1186.1208304358863,5261.725553599475,1085.3649761348304
2460808.578472222,873.3593191240968,5231.603971405698,1459.870052326613
2460808.5791666666,553.7104608733993,5160.162674006815,1822.8036176939515
2460808.579861111,229.70138427716878,5047.967873209639,2171.2900348687804
2460808.5805555554,-96.10668887709629,4895.910262804045,2502.5697399659107
2460808.58125,-421.13921210667513,4705.197272314189,2814.021418851521
2460808.581944444,-742.8290650661212,4477.342701470325,3103.18287933874
2460808.582638889,-1058.637097930186,4214.153883760815,3367.7704547769567
2460808.584027778,-1662.7113357764176,3590.3776037377093,3815.0869303131676
2460808.5847222223,-1946.2175952695309,3234.725924778786,3994.292535855549
2460808.5854166667,-2214.359144783991,2853.5715300537768,4141.904310089685
2460808.586111111,-2465.0259532310347,2449.923157855988,4256.762448109575
2460808.5868055555,-2696.2460118284143,2026.9645364733378,4337.965172235216
2460808.5875,-2906.200355541692,1588.0295016044647,4384.875307238898
2460808.5881944443,-3093.23690741732,1136.5761261292114,4397.124897134165
2460808.5888888887,-3255.8830758111253,676.1600318041966,4374.617859645245
2460808.589583333,-3392.8570442030186,210.407038427158,4317.530679557062
2460808.590277778,-3503.0776954531184,-257.014702665737,4226.311140402347
2460808.5909722224,-3585.6731069918164,-722.422928453425,4101.675094592881
2460808.591666667,-3639.987557751544,-1182.1496871669444,3944.601271403484
2460808.592361111,-3665.5869823020653,-1632.569794390001,3756.3241250951723
2460808.5930555556,-3662.262808795633,-2070.129143678827,3538.3247312138005
2460808.59375,-3630.034118945292,-2491.3726806965296,3292.3197473779514
2460808.5944444444,-3569.1480725518586,-2892.971831473264,3020.248469548408
2460808.595138889,-3480.0785468911504,-3271.751165281269,2724.2580298610683
2460808.595833333,-3363.5229537907057,-3624.7140530865995,2406.6868076928486
2460808.5965277776,-3220.397212837485,-3949.067080081451,2070.0461466770557
2460808.597222222,-3051.828878030746,-4242.242964702946,1717.0004971666979
2460808.597916667,-2859.148440521495,-4501.921733816868,1350.346136643161
2460808.5986111113,-2643.8788521577944,-4726.049920249873,972.988639990832
2460808.5993055557,-2407.723344722907,-4912.857556942288,587.9193049633142
2460808.6,-2152.5516450576133,-5060.872769143075,198.19075614947366
2460808.6006944445,-1880.384712830743,-5168.933793677329,-193.10803002256526
2460808.601388889,-1593.3781519610206,-5236.198288664272,-582.8770236130266
2460808.6020833333,-1293.804469339593,-5262.1498357989285,-968.0304981996128
2460808.6027777777,-984.0343682986568,-5246.601580244955,-1345.5221859061116
2460808.603472222,-666.5172786600299,-5189.696994663917,-1712.3699720958264
2460808.6041666665,-343.76133178060746,-5091.907796926739,-2065.6798841070945
2460808.604861111,-18.312987583316286,-4954.029090138055,-2402.66914909549
2460808.605555556,307.263477224328,-4777.171831224356,-2720.6881114638522
2460808.60625,630.4064281154754,-4562.752762554377,-3017.2408358297066
2460808.6069444446,948.5770886259754,-4312.481970584213,-3290.004237544898
2460808.607638889,1259.2793525891605,-4028.34824633381,-3536.8456250220565
2460808.6083333334,1560.0790349539807,-3712.6024428538994,-3755.838551789143
2460808.609027778,1848.6224342328453,-3367.739022419557,-3945.276913612649
2460808.609722222,2122.6540928330087,-2996.4759879944013,-4103.687243771629
2460808.6104166666,2380.0336599320717,-2601.733387177536,-4229.8391797790455
2460808.611111111,2618.7517762334655,-2186.610568813172,-4322.754089594423
2460808.6118055554,2836.944916230969,-1754.36235505595,-4381.71185741011
2460808.6125,3032.909127341046,-1308.37428817099,-4406.255832230908
2460808.613194444,3205.112617252997,-852.1370909865984,-4396.195947421302
2460808.613888889,3352.2071409867544,-389.2204733859016,-4351.610016288306
2460808.6145833335,3473.0381376489045,76.75358346443865,-4272.843206382417
2460808.615277778,3566.6535680639936,542.1379432414085,-4160.505691638918
2460808.6159722223,3632.31139888656,1003.2877046152317,-4015.4684765266725
2460808.6166666667,3669.485673453268,1456.5877261728995,-3838.85738594004
2460808.617361111,3677.871107696035,1898.4801436548082,-3632.0452137500383
2460808.6180555555,3657.3861456445616,2325.491716043032,-3396.6420286767434
2460808.61875,3608.1744097355313,2734.260824402989,-3134.483643511605
2460808.6194444443,3530.604484026964,3121.5639271930213,-2847.618267615522
2460808.6201388887,3425.267975554851,3484.341259651702,-2538.291379863493
2460808.620833333,3292.9758105498977,3819.721548844086,-2208.928881795318
2460808.621527778,3134.752736605137,4125.045507764332,-1862.1186129781397
2460808.6222222224,2951.8300231766107,4397.887859700502,-1500.5903432936088
2460808.622916667,2745.636373140215,4636.077650990331,-1127.1943788061278
2460808.623611111,2517.7870865123914,4837.716610310678,-744.8789530948184
2460808.6243055556,2270.0715412081936,5001.195332200499,-356.6665956347121
2460808.6256944444,1722.9834660865058,5208.759024255768,425.1344835977051
2460808.626388889,1427.925931563953,5251.180796116375,812.5291344809301
2460808.627083333,1121.5971881828834,5252.130213960786,1193.4832413021345
2460808.6277777776,806.4183865994971,5211.596155137586,1564.9767336600023
2460808.628472222,484.8813434466028,5129.89853011678,1924.0651535489962
2460808.629166667,159.52820426633616,5007.68538720303,2267.9036017639874
2460808.6298611113,-167.06924200040444,4845.92720806828,2593.7697294735935
2460808.6305555557,-492.33038791436735,4645.908492771969,2899.085562233696
2460808.63125,-813.6865714819661,4409.216764708711,3181.43797003844
2460808.6319444445,-1128.601589953315,4137.729151760529,3438.5976235546373
2460808.632638889,-1434.5917887517599,3833.5967193549495,3668.5363043423836
2460808.6333333333,-1729.2455645010464,3499.2267474163677,3869.4424621861654
2460808.6340277777,-2010.2421467803777,3137.2631422642544,4039.734944446761
2460808.634722222,-2275.3695295588504,2750.565186534096,4178.074836613172
2460808.6354166665,-2522.541451914499,2342.184813704731,4283.37538112344
2460808.636111111,-2749.8133319823964,1915.3425982716194,4354.809949527907
2460808.636805556,-2955.397075823092,1473.4026379455452,4391.818058141036
2460808.6375,-3137.6746922450557,1019.846492352925,4394.109423184207
2460808.6381944446,-3295.2106460216874,558.2463438918974,4361.6660537309335
2460808.638888889,-3426.762890803135,92.23752928877856,4294.742383170022
2460808.6395833334,-3531.2925188215995,-374.50940076128967,4193.863438839003
2460808.640277778,-3607.971967105796,-838.3169419535592,4059.8210498065187
2460808.640972222,-3656.191717485758,-1295.5290599387938,3893.6680920207277
2460808.6416666666,-3675.5654248714463,-1742.5396020619717,3696.710775533274
2460808.642361111,-3665.9334106300535,-2175.8205191790394,3470.4989830541167
2460808.6430555554,-3627.3644588365455,-2591.9497003584956,3216.81467996879
2460808.64375,-3560.1558586634355,-2987.638208982511,2937.6584302235083
2460808.644444444,-3464.8316457933224,-3359.7566915964862,2635.234073378193
2460808.645138889,-3342.1390083661377,-3705.360724585847,2311.931637362243
2460808.6458333335,-3193.042839126416,-4021.714853242348,1970.3085871458834
2460808.646527778,-3018.7184392318627,-4306.315069096191,1613.06954363551
2460808.6472222223,-2820.5423976045495,-4556.909488766894,1243.0446215360828
2460808.6479166667,-2600.081702183468,-4771.516991937262,863.1665779786975
2460808.648611111,-2359.0811607604533,-4948.44360652862,476.4469749584233
2460808.6493055555,-2099.4492403256354,-5086.296445525224,85.95158903907046
2460808.65,-1823.2424585781841,-5183.99503389302,-305.22468461221507
2460808.6506944443,-1532.6484833891122,-5240.779899913773,-693.9831773641416
2460808.6513888887,-1229.9681192621788,-5256.218343496669,-1077.2467751252746
2460808.652083333,-917.5963704845891,-5230.207337657834,-1451.984971370407
2460808.652777778,-598.0027901819082,-5162.973561094626,-1815.2383836786016
2460808.6534722224,-273.7113174483117,-5055.07060231633,-2164.14250189823
2460808.654166667,52.72018350851232,-4907.373413930451,-2495.9504401121017
2460808.654861111,378.72047945379785,-4721.07013153947,-2808.054495957008
2460808.6555555556,701.7254270719536,-4497.651399411986,-3098.0063473108753
2460808.65625,1019.1981524021822,-4238.897369601774,-3363.5357408363334
2460808.6569444444,1328.6487861558169,-3946.8625579255904,-3602.567557306189
2460808.657638889,1627.6536120949681,-3623.8587462668,-3813.2371688887865
2460808.658333333,1913.873497871451,-3272.436129106636,-3993.9040232856623
2460808.6590277776,2185.071502651138,-2895.3628943960375,-4143.163417108479
2460808.659722222,2439.129568043487,-2495.603426401196,-4259.856435238592
2460808.660416667,2674.0642177214045,-2076.295303217807,-4343.078049312346
2460808.6611111113,2888.041200171305,-1640.72525262622,-4392.18337553396
2460808.6618055557,3079.389017953686,-1192.3042184614155,-4406.792097568382
2460808.6625,3246.611295112385,-734.5416721224157,-4386.791061810353
2460808.6631944445,3388.3979304159366,-271.01930869986154,-4332.335049717671
2460808.663888889,3503.6349922382506,194.6357592448862,-4243.845728636498
2460808.6645833333,3591.4132976409774,658.7781707301177,-4122.008779045677
2460808.6652777777,3651.0356233733596,1117.771729760198,-3967.769191896328
2460808.665972222,3682.02248643959,1568.0169204827655,-3782.3247291302223
2460808.667361111,3657.284752079772,2428.2121320833107,-3323.8239456178694
2460808.668055556,3601.7206009645083,2831.392493549166,-3054.3423640476185
2460808.66875,3517.8423942434697,3212.338295046186,-2760.779463221104
2460808.6694444446,3406.291490436863,3568.0383578274123,-2445.434521505772
2460808.670138889,3267.9280834442025,3895.675899748436,-2110.782100084977
2460808.6708333334,3103.8252922318593,4192.65166110215,-1759.4531063700351
2460808.671527778,2915.261441927253,4456.605500865172,-1394.2143685491317
2460808.672222222,2703.710558054726,4685.4362160288165,-1017.9468731796694
2460808.6729166666,2470.831117429432,4877.319352473246,-633.622836788584
2460808.673611111,2218.453131993165,5030.7227831332775,-244.28181925514386
2460808.6743055554,1948.563664323407,5144.419859076153,146.99390054904796
2460808.675,1663.2909052794407,5217.499963245481,537.1044392996039
2460808.675694444,1364.8869630244328,5249.376335207449,922.9576624941267
2460808.676388889,1055.7095405437294,5239.791071036956,1301.494508354693
2460808.6770833335,738.2026888318453,5188.817246789053,1669.7140238092923
2460808.677777778,414.87684015645783,5096.85815492401,2024.6978528511224
2460808.6784722223,88.28833005567365,4964.643685894105,2363.6339334117297
2460808.6791666667,-238.98138099985024,4793.223926492243,2683.8391754334602
2460808.679861111,-564.3465800239512,4583.960081748454,2982.7809159084127
2460808.6805555555,-885.2380669963928,4338.512859470051,3258.096969149403
2460808.68125,-1199.1236314871844,4058.8284767423515,3507.6141242954322
2460808.6819444443,-1503.5280631845537,3747.1224724317044,3729.3649603726653
2460808.6826388887,-1796.0525485864855,3405.8615120062304,3921.6028872311254
2460808.683333333,-2074.393312116112,3037.743385268806,4082.81533568297
2460808.684027778,-2336.359386288881,2645.675389607131,4211.73504931206
2460808.6847222224,-2579.889405912806,2232.751292339148,4307.3494442241235
2460808.685416667,-2803.0673402968164,1802.2270513569056,4368.908019719782
2460808.686111111,-3004.137082538212,1357.4954732416804,4395.927809430548
2460808.6868055556,-3181.5158287760732,902.0599711007734,4388.196871205981
2460808.6875,-3333.8061828396367,439.50758019683764,4345.775815046193
2460808.6881944444,-3459.80692447798,-26.51861583467501,4268.9973689831495
2460808.688888889,-3558.5223788352528,-492.3474931008021,4158.4639830858105
2460808.689583333,-3629.170326050267,-954.3081795096022,4015.0434707185905
2460808.6902777776,-3671.188385584279,-1408.7584650964761,3839.8626884006558
2460808.690972222,-3684.2388106769968,-1852.1131606220063,3634.2992587602985
2460808.691666667,-3668.2116279045526,-2280.8722177267327,3399.9713490718236
2460808.6923611113,-3623.226060302726,-2691.6484092320993,3138.725529837335
2460808.6930555557,-3549.6301788198402,-3081.1943550593355,2852.622752660783
2460808.69375,-3447.998736827352,-3446.4286633390025,2543.922507432201
2460808.6944444445,-3319.1291566447226,-3784.4609462380618,2215.0652419545227
2460808.695138889,-3164.035655115234,-4092.6154632483504,1868.6531533093096
2460808.6958333333,-2983.941516864307,-4368.453143682601,1507.4294877752636
2460808.6965277777,-2780.2695489554626,-4609.7917447834725,1134.2565149280952
2460808.697222222,-2554.630775357029,-4814.723916617172,752.0923647157088
2460808.6979166665,-2308.8114612293316,-4981.632959063026,363.9669481506379
2460808.698611111,-2044.7585774763106,-5109.206090042299,-27.042809594106863
2460808.699305556,-1764.5638500640416,-5196.445067839085,-417.8381648860756
2460808.7,-1470.446552312235,-5242.674054899982,-805.3239268436162
2460808.7006944446,-1164.7352260544785,-5247.544645440581,-1186.4337341304333
2460808.701388889,-849.8485248834994,-5211.038025204112,-1558.1549813547672
2460808.7020833334,-528.2753872976233,-5133.464272313684,-1917.5531412545217
2460808.702777778,-202.55474886052022,-5015.458850232239,-2261.7952481032958
2460808.703472222,124.74499743064008,-4857.976381761844,-2588.1723264155066
2460808.7041666666,451.04659264513987,-4662.281825140236,-2894.1205763923695
2460808.704861111,773.7843617620922,-4429.939202326839,-3177.2411498772663
2460808.7055555554,1090.4243441549252,-4162.798051645243,-3435.3183812312272
2460808.70625,1398.4839501607867,-3862.977785920628,-3666.336370820861
2460808.706944444,1695.5509943234376,-3532.8501551222416,-3868.493834440608
2460808.707638889,1979.30199147725,-3175.020000651447,-4040.2171704562393
2460808.709027778,2498.109155970246,-2387.711071534227,-4287.271098769575
2460808.7097222223,2729.114145753274,-1964.4141324561672,-4360.684918738438
2460808.7104166667,2938.730680935477,-1525.7308381800276,-4399.844360169707
2460808.711111111,3125.320796297289,-1075.0959780993212,-4404.446143718492
2460808.7118055555,3287.424593928555,-616.0361496821777,-4374.454582804823
2460808.7125,3423.7711612652247,-152.14334161655498,-4310.101829457134
2460808.7131944443,3533.2882147423666,312.9519471203131,-4211.886298067767
2460808.7138888887,3615.1104154316545,775.607925563764,-4080.56926412512
2460808.714583333,3668.5862997671093,1232.1989408966112,-3917.169630192867
2460808.715277778,3693.283761255902,1679.14297261612,-3722.9568536146294
2460808.7159722224,3688.994018847794,2112.929042439622,-3499.4420304835635
2460808.716666667,3655.7340044402167,2530.144367941022,-3248.3671386169926
2460808.717361111,3593.7471040586893,2927.5010737665198,-2971.6924522945756
2460808.7180555556,3503.5021932204118,3301.8622508482717,-2671.5821611455553
2460808.71875,3385.690914398484,3650.267151154009,-2350.3882366321227
2460808.7194444444,3241.2231612168644,3969.9552723048732,-2010.6326273884254
2460808.720138889,3071.2207470002177,4258.389100293478,-1654.9878740674335
2460808.720833333,2877.0092622736115,4513.275254424632,-1286.256280019937
2460808.7215277776,2660.108145523246,4732.583797837458,-907.3477888671534
2460808.722222222,2422.219020726195,4914.56547895853,-521.2567550359493
2460808.722916667,2165.212382060152,5057.76668952493,-131.0378161765788
2460808.7236111113,1891.1127350980576,5161.041948594806,260.21890007472695
2460808.7243055557,1602.08232697791,5223.563754586215,649.4129905106822
2460808.725,1300.4036264679316,5244.829680739708,1033.4591492233399
2460808.7256944445,988.46072948807,5224.666631711501,1409.3124394584288
2460808.726388889,668.719888009094,5163.232219462512,1773.993197594718
2460808.7270833333,343.7093626023671,5061.01325987354,2124.611321095046
2460808.7277777777,15.998815073763888,4918.821433475728,2458.389693170866
2460808.728472222,-311.82155471320846,4737.786190468728,2772.686530411298
2460808.7291666665,-637.1619160755478,4519.345017482012,3065.0164487950215
2460808.729861111,-957.4535677740894,4265.231208683421,3333.070081670264
2460808.730555556,-1270.1693642833095,3977.459310343063,3574.7321017270883
2460808.73125,-1572.8436437929336,3658.3084201581655,3788.0975334523546
2460808.7319444446,-1863.091505726371,3310.3035356335276,3971.4862644113105
2460808.732638889,-2138.627307799911,2936.1951454743876,4123.455691472127
2460808.7333333334,-2397.282265684256,2538.937260225316,4242.811455849861
2460808.734027778,-2637.0210568605944,2121.664070074124,4328.616240011468
2460808.734722222,-2855.957343779352,1687.6654078290996,4380.1966115326195
2460808.7354166666,-3052.368137490739,1240.361193699679,4397.147906000785
2460808.736111111,-3224.70693739649,783.2750175449806,4379.337148418446
2460808.7368055554,-3371.615579827026,320.007020677362,4326.90401206591
2460808.7375,-3491.9347351975766,-145.79377406934262,4240.259815551097
2460808.738194444,-3584.7129910616304,-610.4575323569413,4120.084557021332
2460808.738888889,-3649.214456308198,-1070.3219186852753,3967.3219858590983
2460808.7395833335,-3684.92482212879,-1521.7604854356214,3783.172713501449
2460808.740277778,-3691.5558133899954,-1961.210965586371,3569.085369391857
2460808.7409722223,-3669.04796509235,-2385.203276066551,3326.745818663019
2460808.7416666667,-3617.571663252757,-2790.3870297569297,3058.0644687929284
2460808.742361111,-3537.5263960095026,-3173.5583360775267,2765.1617100373087
2460808.7430555555,-3429.5381727699673,-3531.6856544712573,2450.351557695989
2460808.74375,-3294.455083602312,-3861.9344615270775,2116.123584298225
2460808.7444444443,-3133.3409908595327,-4161.690481006237,1765.1232604190684
2460808.7451388887,-2947.4673684552217,-4428.581228478876,1400.1308507711174
2460808.745833333,-2738.303326057571,-4660.495634567592,1024.0390330751543
2460808.746527778,-2507.5038880956595,-4855.601514786912,639.8294454004513
2460808.7472222224,-2256.896618936182,-5012.360685977375,250.54837782146262
2460808.747916667,-1988.4667179774854,-5129.5415492125685,-140.71814609228397
2460808.748611111,-1704.3407283685804,-5206.228997953292,-530.8696476803723
2460808.7493055556,-1406.7690307406992,-5241.831544437509,-916.8165645509819
2460808.7506944444,-780.7971607482882,-5189.056899116437,-1663.9437832030098
2460808.751388889,-457.3461490142569,-5101.139051454674,-2019.2240083883887
2460808.752083333,-130.30735469044663,-4973.049344969407,-2358.546800856302
2460808.7527777776,197.74121150732145,-4805.821835752137,-2679.2431227700213
2460808.753472222,524.2172271932387,-4600.797892310321,-2978.795021679138
2460808.754166667,846.5544913395133,-4359.614335749878,-3254.854973586407
2460808.7548611113,1162.2229993356364,-4084.189354653058,-3505.2636460376416
2460808.7555555557,1468.7485073411456,-3776.706380955218,-3728.0659852534186
2460808.75625,1763.7314489662454,-3439.5961198714053,-3921.525554549921
2460808.7569444445,2044.865085531708,-3075.5169277823265,-4084.1370746702223
2460808.757638889,2309.9527904771307,-2687.3337255122146,-4214.63713768052
2460808.7583333333,2556.9243831928966,-2278.095626748192,-4312.0130808162585
2460808.7590277777,2783.851442869628,-1851.012446943924,-4375.510018616544
2460808.759722222,2988.9615395878345,-1409.4302511767005,-4404.636036635132
2460808.7604166665,3170.6513312845905,-956.806080285281,-4399.165554463115
2460808.761111111,3327.4984743052005,-496.6819923081086,-4359.140863425003
2460808.761805556,3458.2722986037766,-32.65854501069096,-4284.871842574575
2460808.7625,3561.9431960860747,431.63215773340835,-4176.933851681812
2460808.7631944446,3637.690665248133,892.5537247716206,-4036.163797237996
2460808.763888889,3684.9099536341555,1346.492913751086,-3863.654363845683
2460808.7645833334,3703.217232963572,1789.8870985180547,-3660.746404224246
2460808.765277778,3692.4532399696527,2219.251607098648,-3429.01948648958
2460808.765972222,3652.6853158739827,2631.2067610373756,-3170.280601814686
2460808.7666666666,3584.2077786720984,3022.5044208098866,-2886.5510507580807
2460808.767361111,3487.540570048706,3390.0538252846086,-2580.051544962534
2460808.7680555554,3363.426127946106,3730.946505049765,-2253.1855769019994
2460808.76875,3212.8244514216194,4042.48002815866,-1908.5211408369018
2460808.769444444,3036.90634274937,4322.180335295759,-1548.7709118356136
2460808.770138889,2837.04483418798,4567.822418131093,-1176.7710192286324
2460808.7708333335,2614.8048325468667,4777.449099702085,-795.4585800208978
2460808.771527778,2371.9310404375096,4949.387689752695,-407.8481822569202
2460808.7722222223,2110.334243240862,5082.26430482926,-17.007536753041233
2460808.7729166667,1832.0760765551604,5175.015671911623,373.96746761941665
2460808.773611111,1539.352414776692,5226.898265661084,761.9780540997565
2460808.7743055555,1234.475545584969,5237.494666146781,1143.9479317099838
2460808.775,919.8553138488037,5206.7170652487775,1516.8484884087056
2460808.7756944443,597.9794313915233,5134.807891976749,1877.7235450335813
2460808.7763888887,271.3931618082988,5022.337569302259,2223.7134169597493
2460808.777083333,-57.32140916815687,4870.19945631111,2552.0780495232916
2460808.777777778,-385.56630879510254,4679.602065937402,2860.2190134871994
2460808.7784722224,-710.7486114645393,4452.058683158292,3145.700167367992
2460808.779166667,-1030.3011812525913,4189.374533399431,3406.2668256502625
2460808.779861111,-1341.703041130703,3893.631674024328,3639.8632947718625
2460808.7805555556,-1642.4992072432726,3567.171793742475,3844.648670001564
2460808.78125,-1930.3198419564155,3212.5771137276133,4019.010810168763
2460808.7819444444,-2202.898597304454,2832.649586500302,4161.578430969982
2460808.782638889,-2458.090038674343,2430.38858405459,4271.231278182504
2460808.783333333,-2693.886052366767,2008.9672612103902,4347.108356777197
2460808.7840277776,-2908.4311523027036,1571.7077738302883,4388.614203333919
2460808.784722222,-3100.0366150402465,1122.0555144609034,4395.423197752556
2460808.785416667,-3267.1933713406092,663.5525332825391,4367.481911825171
2460808.7861111113,-3408.583594143684,199.81029137266617,4305.00949578728
2460808.7868055557,-3523.090917596341,-265.51809655325906,4208.496102504163
2460808.7875,-3609.8092255063766,-728.7659821595392,4078.6993485290573
2460808.7881944445,-3668.049942728543,-1186.2815036115865,3916.63881270361
2460808.788888889,-3697.3477640765736,-1634.4559428267476,3723.5885744253064
2460808.7895833333,-3697.4647532227664,-2069.751937310212,3501.067801167765
2460808.7902777777,-3668.3927468737393,-2488.7313551588977,3250.8294031236755
2460808.790972222,-3610.3540037106272,-2888.0826223294484,2974.846788349316
2460808.792361111,-3409.408654979664,-3615.44553330715,2354.552689842138
2460808.793055556,-3268.078995123087,-3937.7005499336674,2015.145885509931
2460808.79375,-3100.924866376082,-4228.861257168681,1659.765575667767
2460808.7944444446,-2909.266103245595,-4486.623391619067,1291.2273692970412
2460808.795138889,-2694.6181676686065,-4708.94856541025,912.4525467405794
2460808.7958333334,-2458.680009189588,-4894.081127058591,526.4443296102712
2460808.796527778,-2203.3202945529742,-5040.562618768226,136.2633670186729
2460808.797222222,-1930.5621345913078,-5147.243662595186,-254.9973170136176
2460808.7979166666,-1642.5664580932028,-5213.293142755416,-644.2376612971016
2460808.798611111,-1341.614212987067,-5238.204587149805,-1028.3759173733292
2460808.7993055554,-1030.0875771136537,-5221.799698944695,-1404.3737606986194
2460808.8,-710.4503868303544,-5164.229025740831,-1769.2608989270993
2460808.800694444,-385.22799152817964,-5065.969799607249,-2120.1589365701648
2460808.801388889,-56.98674304795939,-4927.821019154765,-2454.30427335931
2460808.8020833335,271.6866741653761,-4750.895879471421,-2769.0698350385346
2460808.802777778,598.2058695570439,-4536.611689463063,-3061.985456403224
2460808.8034722223,920.0051528951909,-4286.677434028857,-3330.75677741868
2460808.8041666667,1234.559543386278,-4003.079163929522,-3573.282525721625
2460808.804861111,1539.4042379919802,-3688.0633977964076,-3787.670101468339
2460808.8055555555,1832.153400323662,-3344.11873446512,-3972.249393908763
2460808.80625,2110.5181614478606,-2973.9558635731814,-4125.584791180037
2460808.8069444443,2372.3237353131635,-2580.486159924542,-4246.48535806198
2460808.8076388887,2615.5255655443516,-2166.799040813206,-4334.013170934989
2460808.808333333,2838.2244397364125,-1736.1382439603271,-4387.489812351679
2460808.809027778,3038.680508724437,-1291.8771820830823,-4406.501028641475
2460808.8097222224,3215.326158967381,-837.4935130795191,-4390.899558404901
2460808.810416667,3366.7776889198317,-376.5430531923631,-4340.806137057061
2460808.811111111,3491.8457355702594,87.36683398739085,-4256.608679421916
2460808.8118055556,3589.5444007902133,550.6042555242448,-4138.959638353772
2460808.8125,3659.099018283062,1009.5400824219366,-3988.7715337295094
2460808.8131944444,3699.9524996243363,1460.5753833039194,-3807.2106448370696
2460808.813888889,3711.7701936518392,1900.1688507882138,-3595.688860578979
2460808.814583333,3694.4431911006996,2324.8640610072152,-3355.8536852560464
2460808.8152777776,3648.090005872236,2731.3163835628384,-3089.576409301377
2460808.815972222,3573.0565689710543,3116.3193440275786,-2798.9384682694044
2460808.816666667,3469.914477223622,3476.8302298155354,-2486.216027164487
2460808.8173611113,3339.4574518661643,3809.994703645813,-2153.8628572915004
2460808.8180555557,3182.695976501244,4113.170189967085,-1804.4915903653618
2460808.81875,3000.850105211648,4383.947785339712,-1440.853468471141
2460808.8194444445,2795.3404545714025,4620.17244839128,-1065.8167344723984
2460808.820138889,2567.7774172817412,4819.961233261494,-682.3438326918946
2460808.8208333333,2319.9486670273823,4981.719339297364,-293.4676242360683
2460808.8215277777,2053.8050481337705,5104.153777784404,97.7331637687052
2460808.822222222,1771.4449712475782,5186.284481463786,488.1590147842098
2460808.8229166665,1475.0974651353042,5227.45271518409,874.7149664583217
2460808.823611111,1167.1040536763855,5227.326687216926,1254.3359602647797
2460808.824305556,849.8996429263124,5185.904300416168,1624.0119371203407
2460808.825,525.992623976388,5103.513024400643,1980.8124147436822
2460808.8256944446,197.9443979611966,4980.806913479418,2321.910303893398
2460808.826388889,-131.65146496216397,4818.760833630483,2644.604733543679
2460808.8270833334,-460.19022126498123,4618.661999633818,2946.3426747837175
2460808.827777778,-785.0769062265562,4382.098952137844,3224.739184272877
2460808.828472222,-1103.7470480301215,4110.948133480125,3477.596107343512
2460808.8291666666,-1413.6869700252719,3807.358237599902,3702.919115223887
2460808.829861111,-1712.453524263401,3473.7325195927046,3898.9329771889793
2460808.8305555554,-1997.6931093835242,3112.709264281606,4064.094988297938
2460808.83125,-2267.1598562722234,2727.140601078523,4197.106504981229
2460808.831944444,-2518.732867594247,2320.069862423758,4296.922549691432
2460808.832638889,-2750.4324224927477,1894.7076643407413,4362.75946757066
2460808.834027778,-3147.087493289103,1002.6367090556448,4390.700141467879
2460808.8347222223,-3308.919215742868,542.9558854147261,4352.584670005211
2460808.8354166667,-3444.653853841046,78.985370663863,4280.053199939717
2460808.836111111,-3553.2190852632475,-385.6195123216716,4173.674908273769
2460808.8368055555,-3633.755127725253,-847.1972317707483,4034.285043545536
2460808.8375,-3685.621709779956,-1302.1083689638779,3862.9788472941736
2460808.8381944443,-3708.4034582211716,-1746.7639296392094,3661.1035174251697
2460808.8388888887,-3701.913635378964,-2177.653463010179,3430.2482249728523
2460808.839583333,-3666.196161235488,-2591.37279379392,3172.2322046666454
2460808.840277778,-3601.52586087201,-2984.6511476852056,2889.09095988866
2460808.8409722224,-3508.4068877026407,-3354.3774478686755,2583.060636811678
2460808.841666667,-3387.5692859232754,-3697.6255414946504,2256.560648606386
2460808.842361111,-3239.9636731600117,-4011.6781100291482,1912.174655210348
2460808.8430555556,-3066.754046905857,-4294.04901243264,1552.6300348450475
2460808.84375,-2869.3087391479453,-4542.503821847968,1180.7760031319397
2460808.8444444444,-2649.1895753030635,-4755.078316103871,799.5605748868385
2460808.845138889,-2408.1393160736375,-4930.094711462868,412.00657611826267
2460808.845833333,-2148.0674924110626,-5066.175446682593,21.18694327242027
2460808.8465277776,-1871.0347668127554,-5162.25435969485,-369.8004433810473
2460808.847222222,-1579.2359809452355,-5217.585132683974,-757.8581299251513
2460808.847916667,-1274.9820681033166,-5231.746923252537,-1139.9143992578995
2460808.8486111113,-960.6810236287603,-5204.647140836246,-1512.9482620746246
2460808.8493055557,-638.818139419399,-5136.52136941357,-1874.0138741559626
2460808.85,-311.9357141619966,-5027.930480105331,-2220.2641408324853
2460808.8506944445,17.387554253062653,-4879.7550142724185,-2548.973294773262
2460808.851388889,346.55728435224034,-4693.186953682937,-2857.558247572486
2460808.8520833333,672.984045373584,-4469.719019756071,-3143.5985537629313
2460808.8527777777,994.1037234632106,-4211.131670467739,-3404.8548428202143
2460808.853472222,1307.3974597770168,-3919.4779742455994,-3639.2856133584505
2460808.8541666665,1610.4110106489736,-3597.0665534997675,-3845.06230340671
2460808.854861111,1900.773405732219,-3246.4427878274582,-4020.582581360022
2460808.855555556,2176.21479204687,-2870.3684692124234,-4164.481818656346
2460808.85625,2434.583372766308,-2471.800091264932,-4275.642726071629
2460808.8569444446,2673.8613658219456,-2053.8659400152033,-4353.203148389033
2460808.857638889,2892.1799108307955,-1619.842154227161,-4396.562016933778
2460808.8583333334,3087.832873370496,-1173.1278926138527,-4405.38346898778
2460808.859027778,3259.289488126205,-717.2197547835793,-4379.599138766552
2460808.859722222,3405.2057949211708,-255.68557508172816,-4319.408625510966
2460808.8604166666,3524.4348114314744,207.86227654770667,-4225.278139236182
2460808.861111111,3616.0353909589408,669.7939708860331,-4097.937320563496
2460808.8618055554,3679.2797031604778,1126.4895346568362,-3938.374229672738
2460808.8625,3713.6592763521703,1574.3662759806198,-3747.828495223379
2460808.863194444,3718.889531954206,2009.9061605392603,-3527.78262028835
2460808.863888889,3694.9127429220025,2429.682976239453,-3279.951445536966
2460808.8645833335,3641.899347374495,2830.389101464815,-3006.2697812625247
2460808.865277778,3560.2475537807763,3208.8616721790168,-2708.878236942477
2460808.8659722223,3450.581182581481,3562.1079314541184,-2390.107294020946
2460808.8666666667,3313.745700932636,3887.3295299149027,-2052.4596904259747
2460808.867361111,3150.8024270117967,4181.945529410514,-1698.5912183415035
2460808.8680555555,2963.020897549567,4443.613870556624,-1331.2900538456997
2460808.86875,2751.8694190609235,4670.251056189012,-953.45477447499
2460808.8694444443,2519.003849911546,4860.049815854291,-568.0712466958618
2460808.8701388887,2266.254686728395,5011.494534511125,-178.18858810266778
2460808.870833333,1995.6125566940718,5123.374250309405,213.10556790224817
2460808.871527778,1709.2122478935164,5194.7930547244305,602.7102545195975
2460808.8722222224,1409.315428032671,5225.1777673428005,987.5365487841001
2460808.872916667,1098.29222920779,5214.282792895474,1364.532876114683
2460808.873611111,778.6018898524701,5162.192112130167,1730.7099809779888
2460808.8743055556,452.7726577782251,5069.318399773927,2083.1653082354333
2460808.8756944444,-206.9685050592056,4764.490968839095,2735.8741457596807
2460808.876388889,-535.6658825974406,4554.958884647198,3030.9625077015994
2460808.877083333,-860.1150509003722,4309.466245952354,3302.039837076258
2460808.8777777776,-1177.7553312555399,4029.9599393788067,3546.9663435452494
2460808.878472222,-1486.0815092579883,3718.6543627100627,3763.810774446612
2460808.879166667,-1782.663456088729,3378.013258955257,3950.8651500566734
2460808.8798611113,-2065.165006259189,3010.7297615858583,4106.657638400738
2460808.8805555557,-2331.3619757116885,2619.704839931657,4229.9635248286795
2460808.88125,-2579.1592127622525,2208.0243365809065,4319.81424409522
2460808.8819444445,-2806.6065928145267,1778.9347767716285,4375.504459516208
2460808.882638889,-3011.9138789954764,1335.8181189974082,4396.597182184438
2460808.8833333333,-3193.4643769122495,882.1656093311225,4382.926927208156
2460808.8840277777,-3349.827314895106,421.5509005018394,4334.600906986201
2460808.884722222,-3479.7688894642342,-42.39742229131069,4251.998261693616
2460808.8854166665,-3582.2619070108162,-506.0237459582103,4135.7673270783025
2460808.886111111,-3656.493960176135,-965.6736226813774,3986.8209376853115
2460808.886805556,-3701.8740675653025,-1417.7220750854628,3806.3297695721817
2460808.8875,-3718.037711533915,-1858.6018536714673,3595.7137253219394
2460808.8881944446,-3704.8502039618966,-2284.8314509028796,3356.6313771473647
2460808.888888889,-3662.4083164218355,-2693.0426695039046,3090.9674957744664
2460808.8895833334,-3591.040116626356,-3080.0075342364007,2800.818704287302
2460808.890277778,-3491.3029639560523,-3442.6643077589233,2488.4773250028165
2460808.890972222,-3363.979631063388,-3778.1423752014334,2156.4135032379345
2460808.8916666666,-3210.0725376104147,-4083.78574639985,1807.2557238369961
2460808.892361111,-3030.79610452842,-4357.174927965561,1443.769862306526
2460808.8930555554,-2827.56726192327,-4596.146923585215,1068.8369396312664
2460808.89375,-2601.9941713294556,-4798.81313290627,685.4297774043549
2460808.894444444,-2355.8632492926913,-4963.574941123327,296.5887706124581
2460808.895138889,-2091.1246100627045,-5089.136814787368,-94.60297923302555
2460808.8958333335,-1809.8760668546302,-5174.516756325144,-485.0449208934274
2460808.896527778,-1514.3458572319432,-5219.054003787595,-871.6444363512852
2460808.8972222223,-1206.8742762450192,-5222.413904599691,-1251.3420861255172
2460808.8979166667,-889.894414479257,-5184.589934212721,-1621.1364585836266
2460808.898611111,-565.9122091632909,-5105.902872506429,-1978.1083732006102
2460808.8993055555,-237.48601942390343,-4986.997191897529,-2319.4442053961825
2460808.9,92.79406507634975,-4828.834748143911,-2642.458122017999
2460808.9006944443,422.3269797515214,-4632.685896942522,-2944.6130415667303
2460808.9013888887,748.5213118172852,-4400.118187063599,-3223.5401589708063
2460808.902083333,1068.8156198524396,-4132.98280197278,-3477.0569040884016
2460808.902777778,1380.698291223064,-3833.398930113954,-3703.1832362164614
2460808.9034722224,1681.7267886099066,-3503.736259858446,-3900.1561931287074
2460808.904166667,1969.5461665702867,-3146.5957892357783,-4066.442646956967
2460808.904861111,2241.9067553473933,-2764.789134911782,-4200.750236731533
2460808.9055555556,2496.6809191718376,-2361.316524127998,-4302.036459782718
2460808.90625,2731.87881679085,-1939.3436358069753,-4369.515920549935
2460808.9069444444,2945.663101632263,-1502.1774441068062,-4402.665740706674
2460808.907638889,3136.362503162736,-1053.2412111022336,-4401.229136231277
2460808.908333333,3302.4842373353486,-596.048762827111,-4365.217168263541
2460808.9090277776,3442.725195737132,-134.17817303181283,-4294.908671343139
2460808.909722222,3555.981858853298,328.75501839213337,-4190.848358617433
2460808.910416667,3641.3588777640157,789.124930413417,-4053.8430993811917
2460808.9111111113,3698.1762617148156,1243.3226735352353,-3884.9563629926015
2460808.9118055557,3725.9751070798147,1687.7837530866245,-3685.50082148884
2460808.9125,3724.5217979973536,2119.015386269857,-3457.029107319227
2460808.9131944445,3693.8106086224584,2533.6235592104576,-3201.322731321788
2460808.913888889,3634.0646389874582,2928.3396378962725,-2920.379175471192
2460808.9145833333,3545.735021601373,3300.0463235472844,-2616.397193949716
2460808.9152777777,3429.498345870064,3645.8027303569693,-2291.7603753940807
2460808.915972222,3286.2522615620837,3962.868349204793,-1949.0190444816571
2460808.917361111,2923.3884977146,4501.1011046618305,-1220.138471167742
2460808.918055556,2706.6060990962465,4717.98430187942,-839.7497090388548
2460808.91875,2468.4633075599886,4897.645067816315,-452.71164237098765
2460808.9194444446,2210.8332513085893,5038.648234594586,-62.08757180789238
2460808.920138889,1935.7460229663,5139.865956904859,329.0281192274556
2460808.9208333334,1645.372344755251,5200.487392175081,717.5352366093398
2460808.921527778,1342.0059628555034,5220.025627855863,1100.3531590248608
2460808.922222222,1028.0449473204774,5198.321777859419,1474.4460745412355
2460808.9229166666,705.9720963379727,5135.546209584014,1836.847804926768
2460808.923611111,378.33465090120126,5032.196907093698,2184.6859665370002
2460808.9243055554,47.72353213614367,4889.095016753468,2515.205230170549
2460808.925,-283.24768870430603,4707.377658629651,2825.7894642669976
2460808.925694444,-611.9638784276369,4488.488122012646,3113.9825651600518
2460808.926388889,-935.8292932919627,4234.1635900222445,3377.507809434101
2460808.9270833335,-1252.2882102375524,3946.4205597229065,3614.2855890931987
2460808.927777778,-1558.8450657171918,3627.538144182643,3822.4494146964785
2460808.9284722223,-1853.0839608378471,3280.0394394743284,4000.360108158687
2460808.9291666667,-2132.687389122454,2906.671160420469,4146.618115413297
2460808.929861111,-2395.4540811133197,2510.381726850555,4260.073904510535
2460808.9305555555,-2639.3158588205706,2094.29799289675,4339.836419339344
2460808.93125,-2862.353415241931,1661.7007945061587,4385.27957760158
2460808.9319444443,-3062.8109429424653,1215.9994806851255,4396.046807487605
2460808.9326388887,-3239.109538656091,760.7055931874378,4372.05362075046
2460808.933333333,-3389.8593198298986,299.405844506243,4313.488222908753
2460808.934027778,-3513.8701869355323,-164.26545282930115,4220.810160191978
2460808.9347222224,-3610.161166182191,-626.654353311218,4094.747003263184
2460808.935416667,-3677.968266488795,-1084.115488453835,3936.2890671886366
2460808.936111111,-3716.7507812947383,-1533.0403535732871,3746.6821697653086
2460808.9368055556,-3726.1959656512663,-1969.8854915481324,3527.4184374262372
2460808.9375,-3706.22202120004,-2391.2003872268388,3280.225174285755
2460808.9381944444,-3656.979324468157,-2793.654862202078,3007.0518263596364
2460808.938888889,-3578.8498427311374,-3174.0657486268933,2710.055090120446
2460808.939583333,-3472.444692443542,-3529.422610683407,2391.5822335201133
2460808.9402777776,-3338.5998121461753,-3856.9122651565676,2054.1527278705626
2460808.940972222,-3178.3697403567244,-4153.94185640124,1700.4383100777375
2460808.941666667,-2993.0195130016155,-4418.160236334286,1333.2416268838952
2460808.9423611113,-2784.0147206691113,-4647.47741049969,955.473638838095
2460808.9430555557,-2553.0097924861534,-4840.081826906525,570.1299858425139
2460808.94375,-2301.8346040638185,-4994.455303451146,180.2665433977294
2460808.9444444445,-2032.4795289264052,-5109.385423208831,-211.025592377171
2460808.945138889,-1747.0790856009578,-5183.9752544209,-600.6454274886819
2460808.9458333333,-1447.8943476482439,-5217.650296576306,-985.5074423630465
2460808.9465277777,-1137.2943050606511,-5210.162591611194,-1362.566749498293
2460808.947222222,-817.7363800762038,-5161.591982674977,-1728.8437772778263
2460808.9479166665,-491.7463046722644,-5072.3445453839895,-2081.4482378793077
2460808.948611111,-161.8975723280523,-4943.148255621671,-2417.6021511734048
2460808.949305556,169.2093279823165,-4775.045994079734,-2734.6617210493605
2460808.95,498.9676942965473,-4569.386018918184,-3030.137885147446
2460808.9506944446,824.7852220117401,-4327.810062985994,-3301.7153876022317
2460808.951388889,1144.1042691237622,-4052.239230118554,-3547.2702533144025
2460808.9520833334,1454.4216214149772,-3744.8578759421735,-3764.8855703101226
2460808.952777778,1753.307617970195,-3408.095666992701,-3952.865510335839
2460808.953472222,2038.4245230981217,-3044.608004833184,-4109.7475459863035
2460808.9541666666,2307.544039542808,-2657.255004638952,-4234.312835407505
2460808.954861111,2558.563882304036,-2249.0791994302954,-4325.59476631391
2460808.9555555554,2789.523338737488,-1823.282136745841,-4382.885656849634
2460808.95625,2998.6177536345735,-1383.2000192550784,-4405.74161889926
2460808.956944444,3184.2118848227806,-932.2785275099259,-4393.985590831363
2460808.957638889,3344.8520746961885,-474.04696035582117,-4347.708544994314
2460808.959027778,3586.428256188223,449.97007379567805,-4153.289945552063
2460808.9597222223,3665.4567809959,908.5186906096487,-4006.6558454628757
2460808.9604166667,3715.7316151242035,1359.9581882937116,-3828.505261069404
2460808.961111111,3736.8443719229285,1800.744256775135,-3620.2235389643342
2460808.9618055555,3728.6132816426534,2227.411368292243,-3383.4328906970472
2460808.9625,3691.0854276046025,2636.599713260283,-3119.9807637940844
2460808.9631944443,3624.5372940206457,3025.0816398991137,-2831.9263939880134
2460808.9638888887,3529.4735639196683,3389.7873800835027,-2521.5255796016386
2460808.964583333,3406.624117194297,3727.8298363381627,-2191.2137376406217
2460808.965277778,3256.939193712777,4036.5281914747284,-1843.5873269605174
2460808.9659722224,3081.5827054470474,4313.430096052235,-1481.383750767582
2460808.966666667,2881.92370593573,4556.3321857811225,-1107.4598822858666
2460808.967361111,2659.526049497591,4763.298691201206,-724.7693814970308
2460808.9680555556,2416.136301176029,4932.677912294979,-336.3390001769604
2460808.96875,2153.6699868510336,5063.116351725207,54.755904079873396
2460808.9694444444,1874.196300530257,5153.5703278500505,445.41640523381244
2460808.970138889,1579.921412062686,5203.314921453771,832.5453434353091
2460808.970833333,1273.1705397033984,5211.950147817039,1213.0726969798568
2460808.9715277776,956.3689762159345,5179.404285575488,1583.9807230733888
2460808.972222222,632.0222638856915,5105.934337487054,1942.3286138105586
2460808.972916667,302.6957314040456,4992.123639319669,2285.27641383556
2460808.9736111113,-29.006397229429254,4838.876673853665,2610.107971061662
2460808.9743055557,-360.46211005051185,4647.411183276052,2914.252708924494
2460808.975,-689.052724982034,4419.247706143322,3195.3060333722515
2460808.9756944445,-1012.1838257014459,4156.196690045864,3451.048217274505
2460808.976388889,-1327.3058344959938,3860.343352076768,3679.461630282466
2460808.9770833333,-1631.9340586899636,3534.030472103418,3878.746210908683
2460808.9777777777,-1923.668065123,3179.839310224853,4047.3331033227987
2460808.978472222,-2200.2102543940673,2800.568841095308,4183.896403634757
2460808.9791666665,-2459.3835222187226,2399.2134958572497,4287.362979031862
2460808.979861111,-2699.1479123486897,1978.9395927229405,4356.920339298778
2460808.980555556,-2917.616174867761,1543.0606322747865,4392.0225493579555
2460808.98125,-3113.068155171693,1095.011621621164,4392.394179299831
2460808.9819444446,-3283.963943942394,638.3225849332658,4358.032290947449
2460808.982638889,-3428.955721058699,176.59141444755377,4289.206461237985
2460808.9833333334,-3546.89822932667,-286.54379190837835,4186.456841860354
2460808.984027778,-3636.857808965164,-747.4327460404929,4050.5902558142225
2460808.984722222,-3698.119927909705,-1202.4411917768398,3882.6743291906205
2460808.9854166666,-3730.195134824524,-1647.9791532760398,3684.0296643843244
2460808.986111111,-3732.8233669941255,-2080.529038506239,3456.2200627571096
2460808.9868055554,-3705.976543832958,-2496.673396657331,3201.0408192300915
2460808.9875,-3649.8593836037107,-2893.122120049751,2920.5051245140276
2460808.988194444,-3564.9083884988418,-3266.7388683618324,2616.8286272213463
2460808.988888889,-3451.7889577824294,-3614.5664696736712,2292.4122388288215
2460808.9895833335,-3311.3906035824452,-3933.8510615699843,1949.8232784473018
2460808.990277778,-3144.8202664995647,-4222.064717392565,1591.7750919679563
2460808.9909722223,-2953.3937519494525,-4476.926313332144,1221.1053037060371
2460808.9916666667,-2738.625333295734,-4696.420402199985,840.7528839997225
2460808.992361111,-2502.2155982585414,-4878.8138726206735,453.7342464104864
2460808.9930555555,-2246.0376393203733,-5022.670201356951,63.1186021212029
2460808.99375,-1972.1217221492045,-5126.861130797433,-327.9971733843018
2460808.9944444443,-1682.6385804535123,-5190.57564650529,-716.5139118101556
2460808.9951388887,-1379.881519087615,-5213.326160977008,-1099.3554881102052
2460808.995833333,-1066.2475132209852,-5194.951857905935,-1473.493865975703
2460808.996527778,-744.2175114162459,-5135.619190319751,-1835.9735938681738
2460808.9972222224,-416.3361498237262,-5035.8195686572835,-2183.9355161569256
2460808.997916667,-85.19109066564408,-4896.364312651117,-2514.639476580594
2460808.998611111,246.60780478502667,-4718.376977950448,-2825.485814495011
2460808.9993055556,576.4492772842974,-4503.283193535615,-3114.0354905832123
2460809.0006944444,1219.931045081186,-3968.9120817009994,-3615.4018169872725
2460809.001388889,1528.5250159878965,-3653.873433652081,-3824.3027220273275
2460809.002083333,1825.107579081548,-3310.1707318464014,-4003.104222355343
2460809.0027777776,2107.3594144681065,-2940.512518769075,-4150.4157550626705
2460809.003472222,2373.0748091314927,-2547.806033221114,-4265.093215176809
2460809.004166667,2620.1780400326525,-2135.134637670588,-4346.246947946711
2460809.0048611113,2846.738727172399,-1705.7341827029388,-4393.247898327507
2460809.0055555557,3050.986101467687,-1262.968448642539,-4405.7319256919645
2460809.00625,3231.322127606828,-810.3038093513167,-4383.602288731035
2460809.0069444445,3386.3334318462134,-351.283243434409,-4327.030306758821
2460809.007638889,3514.801981888953,110.50018602033157,-4236.454197783336
2460809.0083333333,3615.714459612178,571.4302515945333,-4112.576091277834
2460809.0090277777,3688.2702689363846,1027.8947618795394,-3956.3572089033037
2460809.009722222,3731.8881116776693,1476.3129002266012,-3769.0112066227966
2460809.0104166665,3746.2110629486983,1913.1625555422393,-3551.995672600817
2460809.011111111,3731.1100743442444,2335.0074815037947,-3307.0017806736437
2460809.011805556,3686.685833742063,2738.5240989319295,-3035.9421118499417
2460809.0125,3613.2689145886143,3120.527746711325,-2740.9366666960973
2460809.0131944446,3511.4181552324567,3477.9981605269904,-2424.2971153424187
2460809.013888889,3381.917221177523,3808.1039507989262,-2088.509351585898
2460809.0145833334,3225.76931907883,4108.225839019855,-1736.2144439296662
2460809.015277778,3044.190053349293,4375.978403776416,-1370.1881078401561
2460809.015972222,2838.5984380677705,4609.230094703909,-993.3188464872128
2460809.0166666666,2610.6061044955864,4806.121276166076,-608.584939011934
2460809.017361111,2362.00477405331,4965.080078022654,-219.03048294450113
2460809.0180555554,2094.7520911855845,5084.835856877433,172.25928679674908
2460809.01875,1810.955942588327,5164.430095279718,562.1831538780788
2460809.019444444,1512.857410724601,5203.2246041887,947.6492973251562
2460809.020138889,1202.812535573178,5200.90693051373,1325.6006228010453
2460809.0208333335,883.2730716537603,5157.492914204897,1693.0397889399158
2460809.021527778,556.7664460005869,5073.326380510455,2047.0536684628635
2460809.0222222223,225.8751276978391,4949.075996204047,2384.837000742187
2460809.0229166667,-106.78438106297631,4785.729355988458,2703.715013105032
2460809.023611111,-438.58271742320125,4584.584403113241,3001.1648021966616
2460809.0243055555,-766.898795093503,4347.238316348351,3274.83530157703
2460809.025,-1089.1407131510628,4075.574021846273,3522.56568268227
2460809.0256944443,-1402.7662615820368,3771.744504913009,3742.4020678152247
2460809.0263888887,-1705.3028643167581,3438.1551083203126,3932.61245946649
2460809.027083333,-1994.366817491438,3077.444009879264,4091.6998147313425
2460809.027777778,-2267.681698705006,2692.461071750969,4218.413215983536
2460809.0284722224,-2523.095842089828,2286.245245040663,4311.757107907185
2460809.029166667,-2758.598780739398,1862.0007155179733,4370.998580804536
2460809.029861111,-2972.336577718318,1423.0719570493877,4395.672694020592
2460809.0305555556,-3162.6259700406454,972.9178567520396,4385.585835870912
2460809.03125,-3327.967256578296,515.0850673842535,4340.817119853738
2460809.0319444444,-3467.0558630276537,53.18073907281946,4261.717817555437
2460809.032638889,-3578.7925186186885,-409.1552226419136,4148.908827577368
2460809.033333333,-3662.291975224544,-868.2782144755563,4003.2761806090593
2460809.0340277776,-3716.8902008430387,-1320.5671536799964,3825.964580718262
2460809.034722222,-3742.1499751798447,-1762.4526801024283,3618.368989474912
2460809.035416667,-3737.864817699254,-2190.445162052144,3382.1242646136407
2460809.0361111113,-3704.061179775567,-2601.1623021102637,3119.0928796962226
2460809.0368055557,-3640.998839366842,-2991.35613150921,2831.3507640029356
2460809.0375,-3549.169446397331,-3357.9391600334798,2521.1713259987177
2460809.0381944445,-3429.293180705394,-3698.0094447883052,2191.0077428209797
2460809.038888889,-3282.3135043043553,-4008.874325255839,1843.4736315114476
2460809.0395833333,-3109.390007920121,-4288.072583656173,1481.3222339749534
2460809.0402777777,-2911.889382021271,-4533.394778430912,1107.4242907085072
2460809.040972222,-2691.3745641821374,-4742.901525800608,724.7447900813033
2460809.042361111,-2188.4581546175355,-5048.155058409862,-54.773282477389145
2460809.043055556,-1910.0423310933256,-5141.505060088141,-445.43110877845635
2460809.04375,-1616.5510900559286,-5194.26521993158,-832.5596276713186
2460809.0444444446,-1310.3093186374222,-5206.035458865286,-1213.0944346579681
2460809.045138889,-993.7412235591914,-5176.742490761839,-1584.0266671371082
2460809.0458333334,-669.3504312750317,-5106.639559638612,-1942.4272903138092
2460809.046527778,-339.6995506660498,-4996.303387437523,-2285.470528921047
2460809.047222222,-7.389411083226289,-4846.628416612491,-2610.456228924414
2460809.0479166666,324.96181886259876,-4658.818465414134,-2914.830960363524
2460809.048611111,654.7394364150504,-4434.37594128504,-3196.2076995341736
2460809.0493055554,979.3527522685663,-4175.0887790601355,-3452.3839571984836
2460809.05,1296.2552171113157,-3883.015284092615,-3681.358248784297
2460809.050694444,1602.9639793419651,-3560.4670700703246,-3881.344827285746
2460809.051388889,1897.0787471901247,-3209.990281801478,-4050.7866258953504
2460809.0520833335,2176.299846476467,-2834.345289339319,-4188.366377749167
2460809.052777778,2438.445381738855,-2436.4850318481,-4293.015896422754
2460809.0534722223,2681.4674211804463,-2019.5321813772487,-4363.923512298585
2460809.0541666667,2903.467141311733,-1586.7552785070727,-4400.539669142052
2460809.054861111,3102.7088683438383,-1141.543990569959,-4402.580686106675
2460809.0555555555,3277.632966559896,-687.3836180399024,-4370.030692830351
2460809.05625,3426.8675155384044,-227.82898525310654,-4303.141740659172
2460809.0569444443,3549.238725184657,233.52216847809245,-4202.432090573441
2460809.0576388887,3643.7800286778015,693.0561698645616,-4068.6826735537957
2460809.058333333,3709.7397909787906,1147.170635807999,-3902.931716751373
2460809.059027778,3746.587565462784,1592.3017994017669,-3706.4675292795837
2460809.0597222224,3754.0188285084205,2024.9517902603743,-3480.819441567527
2460809.060416667,3731.9581185466764,2441.7156923965,-3227.7469042552834
2460809.061111111,3680.5605089782694,2839.3082011938177,-2949.2267574481966
2460809.0618055556,3600.211348632569,3214.5896660413205,-2647.438705765535
2460809.0625,3491.5242122573286,3564.591306230426,-2324.74904528162
2460809.0631944444,3355.3370176539115,3886.539359625328,-1983.692721348925
2460809.063888889,3192.706283244478,4177.877923940794,-1626.9538173730348
2460809.064583333,3004.8995214005827,4436.290243742088,-1257.3446047130021
2460809.0652777776,2793.385788991789,4659.718198339578,-877.7833146521856
2460809.065972222,2559.824440381842,4846.379760565598,-491.27081423492314
2460809.066666667,2306.0521630701305,4994.784205807947,-100.86640511365569
2460809.0673611113,2034.0683945295157,5103.744885449518,290.3370321684308
2460809.0680555557,1746.019257885704,5172.389398336521,679.2382891398261
2460809.06875,1444.1801676616549,5200.167038426718,1062.7532240221112
2460809.0694444445,1130.937286871448,5186.853430713036,1437.8400302318055
2460809.070138889,808.768025918074,5132.552311975014,1801.5241218145088
2460809.0708333333,480.22079396496764,5037.694454225853,2150.922376471386
2460809.0715277777,147.89420998577876,4903.033769941052,2483.2665031812685
2460809.072222222,-185.58400949619212,4729.640676767555,2795.925310192221
2460809.0729166665,-517.5782787694385,4518.892833275924,3086.425679318289
2460809.073611111,-845.466286564376,4272.46338639302,3352.4720759879083
2460809.074305556,-1166.659868183358,3992.306893080246,3591.96445364516
2460809.075,-1478.6254337375374,3680.643095333998,3803.014437845216
2460809.0756944446,-1778.9037978044685,3339.9387368521197,3983.9597024088894
2460809.076388889,-2065.1292733434143,2972.887613393229,4133.376473827835
2460809.0770833334,-2335.0479104282217,2582.3890465563954,4250.090120966773
2460809.077777778,-2586.534774573072,2171.5249670493467,4333.18380289271
2460809.078472222,-2817.61017460435,1743.5357834256483,4382.005161018722
2460809.0791666666,-3026.4547594335877,1301.7952044138042,4396.171049123015
2460809.079861111,-3211.423410401386,849.7841749852302,4375.57029941801
2460809.0805555554,-3371.057859932343,391.0640813126879,4320.364524978348
2460809.08125,-3504.097971282767,-70.75062976112991,4230.986958378914
2460809.081944444,-3609.4916096851125,-532.0202609496947,4108.139326248054
2460809.082638889,-3686.403037608662,-989.1079544836115,3952.7867590250967
2460809.084027778,-3752.5577624380376,-1876.3734469192761,3549.700092492971
2460809.0847222223,-3741.2650296686675,-2299.5450596991714,3305.140043709516
2460809.0854166667,-3700.4233453807137,-2704.5776951662956,3034.3993584949717
2460809.086111111,-3630.348245088181,-3088.267599871442,2739.615625782893
2460809.0868055555,-3531.5871138166503,-3447.578164125284,2423.118744334182
2460809.0875,-3404.9153811197093,-3779.6646336426747,2087.4127073691607
2460809.0881944443,-3251.330800960435,-4081.89742371143,1735.1558050110061
2460809.0888888887,-3072.0458253191705,-4351.883787549963,1369.1393927578629
2460809.089583333,-2868.478105088864,-4587.487599347677,992.2653995474968
2460809.090277778,-2642.2391803175565,-4786.847023840686,607.5227774050568
2460809.0909722224,-2395.1214503175415,-4948.389866270423,217.96311715719736
2460809.091666667,-2129.0835409261194,-5070.846424983041,-173.32432845665886
2460809.092361111,-1846.2342131168568,-5153.259700971091,-563.2379578654538
2460809.0930555556,-1548.8149792533384,-5194.992857127689,-948.6892077936446
2460809.09375,-1239.181613719787,-5195.733860305463,-1326.627749442435
2460809.0944444444,-919.7847571058044,-5155.497282227586,-1694.0662369750157
2460809.095138889,-593.1498236210812,-5074.623276790089,-2048.104361257995
2460809.095833333,-261.8564227278449,-4953.77379108835,-2385.951981705258
2460809.0965277776,71.48249039896059,-4793.926105602856,-2704.951125228152
2460809.097222222,404.2415391853302,-4596.363827076742,-3002.596678629895
2460809.097916667,733.8037243536099,-4362.665488585644,-3276.5556127423506
2460809.0986111113,1057.5809263981419,-4094.6909249430755,-3524.6846204008116
2460809.0993055557,1373.0339476839672,-3794.5656087236434,-3745.046067763794
2460809.1,1677.6919547306388,-3464.6631351653764,-3935.9221905699187
2460809.1006944445,1969.1711974381697,-3107.5860456007513,-4095.8274878457178
2460809.101388889,2245.1929007021226,-2726.1451735994547,-4223.51928582393
2460809.1020833333,2503.6002396499607,-2323.3376895040037,-4318.006459866296
2460809.1027777777,2742.374324280694,-1902.3240060826304,-4378.556313159758
2460809.103472222,2959.6491264468436,-1466.4037009288672,-4404.699616030105
2460809.1041666665,3153.7252943364156,-1018.9905913215823,-4396.233813758392
2460809.104861111,3323.082796660317,-563.5870989613566,-4353.224408055016
2460809.105555556,3466.3923461340933,-103.7580219592399,-4276.004515189513
2460809.10625,3582.5255422143036,356.89615404904094,-4165.1725997511085
2460809.1069444446,3670.5636761929645,814.7662880430047,-4021.5883788313035
2460809.107638889,3729.8051322663214,1266.261823013086,-3846.3668897912203
2460809.1083333334,3759.771315965903,1707.8380918294674,-3640.8707146766596
2460809.109027778,3760.211037255213,2136.023529828868,-3406.7003599020104
2460809.109722222,3731.1032754113485,2547.4466235829536,-3145.6827958008157
2460809.1104166666,3672.6582542208,2938.8624011216166,-2859.8581759990434
2460809.111111111,3585.3167630757885,3307.1782535447264,-2551.4647740440155
2460809.1118055554,3469.7476686167024,3649.4788672129785,-2222.9221920883056
2460809.1125,3326.8435777892496,3963.0500234805145,-1876.812928744529
2460809.113194444,3157.7146308615315,4245.401025151868,-1515.8624138266127
2460809.113888889,2963.680425945394,4494.2855023055035,-1142.9176493713271
2460809.1145833335,2746.260103292383,4707.720355139978,-760.9246261266563
2460809.115277778,2507.1606429165017,4884.002607133404,-372.9047067253175
2460809.1159722223,2248.263461326855,5021.723956415665,18.069802212564188
2460809.1166666667,1971.609416673784,5119.782844298343,408.9006554545559
2460809.117361111,1679.382364120601,5177.3938872147755,796.4889940044407
2460809.1180555555,1373.89142182252,5194.094559293765,1177.7607313936583
2460809.11875,1057.552129911444,5169.749050420105,1549.691737214406
2460809.1194444443,732.8667039166711,5104.549267515789,1909.3325539245598
2460809.1201388887,402.4035860011637,4999.012988810649,2253.8324034144357
2460809.120833333,68.7765136621989,4853.979221936677,2580.4622423183655
2460809.121527778,-265.376686354813,4670.600852877428,2886.63665913606
2460809.1222222224,-597.415370882125,4450.334704853096,3169.9344233346806
2460809.122916667,-924.717217727999,4194.929157333243,3428.117520789168
2460809.123611111,-1244.6990517587408,3906.4094883309667,3659.148549161719
2460809.1243055556,-1554.8371852498994,3587.0611254605715,3861.2063611692524
2460809.1256944444,-2135.902515508906,2866.2071498322834,4172.280018667984
2460809.126388889,-2402.2531945256437,2470.396897337434,4278.849697061452
2460809.127083333,-2649.64227425195,2055.1035536944464,4351.571882097388
2460809.1277777776,-2876.122143911105,1623.602057142182,4389.875690818152
2460809.128472222,-3079.909326667642,1179.2935674332623,4393.460522108224
2460809.129166667,-3259.39811398217,725.6792221279575,4362.298225394727
2460809.1298611113,-3413.1729084878216,266.3332021935962,4296.633305471657
2460809.1305555557,-3540.0192097820495,-195.12474829169386,4196.981163284933
2460809.13125,-3638.9331729280875,-655.0571939814672,4064.124371949136
2460809.1319444445,-3709.129669589105,-1109.8371142054395,3899.106988973146
2460809.132638889,-3750.048780786305,-1555.876082410497,3703.2269062297237
2460809.1333333333,-3761.36064700873,-1989.6523322708542,3478.0262497857866
2460809.1340277777,-3742.968605982495,-2407.7385255376093,3225.279846493824
2460809.134722222,-3695.010550702395,-2806.829006396368,2946.9817941207975
2460809.1354166665,-3617.8584496593253,-3183.766323446921,2645.3301856259272
2460809.136111111,-3512.115983622754,-3535.5667787219836,2322.710065735814
2460809.136805556,-3378.614268886055,-3859.444763621341,1981.6747170700808
2460809.1375,-3218.4056590864816,-4152.835627870908,1624.9254079532075
2460809.1381944446,-3032.755639071778,-4413.416839651504,1255.289753570973
2460809.138888889,-2823.132853662313,-4639.127195110755,875.6988778222199
2460809.1395833334,-2591.1973396279077,-4828.183858199206,489.1635815252361
2460809.140277778,-2338.7870590455464,-4979.097030895055,98.74974818290048
2460809.140972222,-2067.902860389229,-5090.6820840357295,-292.446764109977
2460809.1416666666,-1780.692014920052,-5162.069015621087,-681.3254906500665
2460809.142361111,-1479.4305052111217,-5192.709138143949,-1064.8067177303342
2460809.1430555554,-1166.50425213875,-5182.3789422088785,-1439.8565732787501
2460809.14375,-844.3894876847806,-5131.1811230584835,-1803.5115900075912
2460809.144444444,-515.6324803696147,-5039.542799666513,-2152.902504750892
2460809.145138889,-182.8288292808114,-4908.2109944368285,-2485.2770674650383
2460809.1458333335,151.39746570487677,-4738.245476958408,-2798.021662857242
2460809.146527778,484.4149543250358,-4531.009106142252,-3088.681569836737
2460809.1472222223,813.6055224110984,-4288.155825909398,-3354.979718075364
2460809.1479166667,1136.3848352306884,-4011.616492403831,-3594.8338201601337
2460809.148611111,1450.2222890252967,-3703.582713811973,-3806.371796885008
2460809.1493055555,1752.660328581118,-3366.4888958919373,-3987.945428171409
2460809.15,2041.3330165380662,-3002.992678376131,-4138.14219204289
2460809.1506944443,2313.9837522030216,-2615.9539453423513,-4255.79526806946
2460809.1513888887,2568.4820564243773,-2208.412579542209,-4339.9916977235025
2460809.152083333,2802.8393487269113,-1783.565122490564,-4390.078701602806
2460809.152777778,3015.2236537672134,-1344.7404889885006,-4405.668159596428
2460809.1534722224,3203.9731815056466,-895.3748704078831,-4386.639261082327
2460809.154166667,3367.608723899239,-438.98596053845387,-4333.139329904639
2460809.154861111,3504.8448158636907,20.853377987191344,-4245.582825961384
2460809.1555555556,3614.5996005823094,480.5418794513739,-4124.64852077827
2460809.15625,3696.003338009564,936.4769479998752,-3971.2748415107403
2460809.1569444444,3748.405489851652,1385.0819038016812,-3786.6533759266413
2460809.157638889,3771.3803097717196,1822.8332550445693,-3572.2205328586233
2460809.158333333,3764.7308652180186,2246.287834754936,-3329.647357491528
2460809.1590277776,3728.4914169370127,2652.109622067481,-3060.827511490868
2460809.159722222,3662.9280859494725,3037.0960507923987,-2767.863442198354
2460809.160416667,3568.5377443816133,3398.2035934475525,-2453.05078176022
2460809.1611111113,3446.0450786022734,3732.57238845946,-2118.8610434694306
2460809.1618055557,3296.3977893742185,4037.5496713435623,-1767.922706536396
2460809.1625,3120.7599126414384,4310.711765895865,-1403.0008063533073
2460809.1631944445,2920.5032700593265,4549.884387060927,-1026.975180772196
2460809.163888889,2697.1970828530934,4753.161019308019,-642.8175458558707
2460809.1645833333,2452.595812934328,4918.919144627832,-253.5676055494483
2460809.1652777777,2188.625321960317,5045.834118770794,137.6915815944845
2460809.165972222,1907.3674677627814,5132.890520423197,527.8587352474352
2460809.167361111,1301.994915971686,5184.961345879799,1292.5729406669975
2460809.168055556,982.6664870586902,5149.555243436899,1661.054330342301
2460809.16875,655.5841190073082,5073.452810166115,2016.3619615632617
2460809.1694444446,323.33529627885446,4957.258824660816,2355.679746085588
2460809.170138889,-11.452199524904561,4801.897172766921,2676.320169341719
2460809.1708333334,-346.13157612105067,4608.602787566707,2975.745795004477
2460809.171527778,-678.0583344580681,4378.911041498902,3251.589369825321
2460809.172222222,-1004.6113913524023,4114.644746256934,3501.6723716891993
2460809.1729166666,-1323.2138463270098,3817.8989292604065,3724.021880700004
2460809.173611111,-1631.3532253257874,3491.0235729101896,3916.8856718517873
2460809.1743055554,-1926.6010568893776,3136.6045059928347,4078.7454578453603
2460809.175,-2206.631652926516,2757.4426370581696,4208.328231453187
2460809.175694444,-2469.239981401613,2356.531717043275,4304.615674331445
2460809.176388889,-2712.3585339042247,1937.0348102052953,4366.851613993969
2460809.1770833335,-2934.073102975106,1502.2596428554134,4394.547520066521
2460809.177777778,-3132.6373905271694,1055.6329945073514,4387.486036164041
2460809.1784722223,-3306.4863760897897,600.6742872326713,4345.722547756425
2460809.1791666667,-3454.2483787476467,140.96851688198993,4269.5847857179515
2460809.179861111,-3574.7557396076213,-319.8613134698185,4159.6704657673445
2460809.1805555555,-3667.0540598218595,-778.1821184251378,4016.8429621162454
2460809.18125,-3730.4099182961368,-1230.3788412131667,3842.2250185510215
2460809.1819444443,-3764.3169995624303,-1672.8825952631853,3637.1904985079186
2460809.1826388887,-3768.500555748696,-2102.1986429168164,3403.354189070452
2460809.183333333,-3742.9201330211467,-2514.9340187305243,3142.5596814338705
2460809.184027778,-3687.7704968167063,-2907.824582890794,2856.865367781378
2460809.1847222224,-3603.480699827436,-3277.7612779326055,2548.528613571077
2460809.185416667,-3490.7112499326627,-3621.8153498654087,2219.988187495135
2460809.186111111,-3350.3493545211845,-3937.262283417485,1873.845061455785
2460809.1868055556,-3183.5022364498636,-4221.6042087782325,1512.8417117544705
2460809.1875,-2991.488544576084,-4472.590529541625,1139.8400906479576
2460809.1881944444,-2775.827907278573,-4688.236540343477,757.7984578801844
2460809.188888889,-2538.228706408297,-4866.83981801439,369.7472882886615
2460809.189583333,-2280.574175703414,-5006.994196286872,-21.23551094517778
2460809.1902777776,-2004.9069593627169,-5107.60116159645,-412.04981702344537
2460809.190972222,-1713.412284096619,-5167.878548829562,-799.5986876504105
2460809.191666667,-1408.3999261730287,-5187.366450331486,-1180.8136670692777
2460809.1923611113,-1092.2851665054627,-5165.93029674083,-1552.679743743643
2460809.1930555557,-767.5689405169929,-5103.761108873799,-1912.2597073353427
2460809.19375,-436.81739580115243,-5001.372961502885,-2256.717667979687
2460809.1944444445,-102.64106737303796,-4859.597736845198,-2583.3415251372935
2460809.195138889,232.32611619190405,-4679.577281569373,-2889.56418887892
2460809.1958333333,565.4478032563793,-4462.753106272772,-3172.983395606008
2460809.1965277777,894.1059773752771,-4210.853790997752,-3431.379978279851
2460809.197222222,1215.7213361599727,-3925.880274136271,-3662.734485424241
2460809.1979166665,1527.7731393266135,-3610.089211897209,-3865.2420680131454
2460809.198611111,1827.8183965049489,-3265.974595072757,-4037.3255801909004
2460809.199305556,2113.5102778800842,-2896.2478124278473,-4177.646856859139
2460809.2,2382.615655554622,-2503.816335027389,-4285.116153336585
2460809.2006944446,2633.0316909086205,-2091.7611928039328,-4358.899739990096
2460809.201388889,2862.8013998346732,-1663.313397610353,-4398.425655619976
2460809.2020833334,3070.1281333787406,-1221.8294584508926,-4403.3876255956175
2460809.202777778,3253.388917549229,-770.7661225915732,-4373.747151580193
2460809.203472222,3411.146597732893,-313.65446764390015,-4309.733776763308
2460809.2041666666,3542.1607299603797,145.92652909814882,-4211.843527090869
2460809.204861111,3645.397160847193,604.3768234338802,-4080.83552509184
2460809.2055555554,3720.0362320090667,1058.1024117964996,-3917.7267691775796
2460809.20625,3765.479539261008,1503.5425723811504,-3723.78507228828
2460809.206944444,3781.355174837083,1937.1970938005593,-3500.520154072643
2460809.207638889,3767.5213770247065,2355.6533199503397,-3249.67289046522
2460809.209027778,3651.3193297792127,3133.91755212594,-2673.2733254387736
2460809.2097222223,3549.827397377921,3487.5750840889996,-2352.236373562465
2460809.2104166667,3420.3737207767567,3813.7830011024894,-2012.613830641948
2460809.211111111,3263.9614648324246,4109.951896087965,-1657.0785084728138
2460809.2118055555,3081.8087968333393,4373.726913921745,-1288.4332349335461
2460809.2125,2875.339857326226,4603.007531377294,-909.5887184197284
2460809.2131944443,2646.1739017193336,4795.965349268017,-523.5403021608606
2460809.2138888887,2396.1126829551285,4951.059678227856,-133.34381751388594
2460809.214583333,2127.1261748425873,5067.050722314573,257.90923213883576
2460809.215277778,1841.3367637076021,5143.010194609926,647.1169082239205
2460809.2159722224,1541.002060153263,5178.32923454908,1031.192236670076
2460809.216666667,1228.4965066026234,5172.723534774992,1407.0885049913584
2460809.217361111,906.2919716072726,5126.235627326542,1771.8241961284452
2460809.2180555556,576.9375372644716,5039.234320488206,2122.5073028968836
2460809.21875,243.03869384405556,4912.411320206753,2456.3587810295608
2460809.2194444444,-92.7638494712294,4746.775106042543,2770.734925063009
2460809.220138889,-427.8155185366573,4543.642170220148,3063.1484602671944
2460809.220833333,-759.4691976434012,4304.625752774431,3331.28818642825
2460809.2215277776,-1085.106326335135,4031.6222334392833,3573.0370239331533
2460809.222222222,-1402.1575958147384,3726.7953551854434,3786.4883477045605
2460809.222916667,-1708.123086362385,3392.5584646363345,3969.9605191845303
2460809.2236111113,-2000.5917034872423,3031.5549602380333,4122.009549936811
2460809.2243055557,-2277.259789899305,2646.6371362257037,4241.439852808099
2460809.225,-2535.948804236045,2240.8436075419663,4327.313052199267
2460809.2256944445,-2774.6219724810962,1817.375492153184,4378.954838636432
2460809.226388889,-2991.399830320154,1379.5715150982678,4395.959861154794
2460809.2270833333,-3184.5745759323263,930.8822021684842,4378.194654572706
2460809.2277777777,-3352.62316828255,474.8433051720071,4325.798602938481
2460809.228472222,-3494.219096915932,15.048616464660018,4239.182938083249
2460809.2291666665,-3608.2427555306717,-444.8776802195095,4119.027773616037
2460809.229861111,-3693.790348717537,-901.3089709017215,3966.2771736439063
2460809.230555556,-3750.1812582387133,-1350.6443218370475,3782.1322578672048
2460809.23125,-3776.963794549732,-1789.3365649160867,3568.04235056792
2460809.2319444446,-3773.919260361775,-2213.9201758541617,3325.6941868671697
2460809.232638889,-3741.064255029606,-2621.038735474374,3056.999207875467
2460809.2333333334,-3678.6511561925295,-3007.4717661983696,2764.0789850369765
2460809.234027778,-3587.166725285001,-3370.1607026044285,2449.2488454973727
2460809.234722222,-3467.328798204779,-3706.233761872298,2114.999784625969
2460809.2354166666,-3320.08104164954,-4013.029462110572,1763.9787854944623
2460809.236111111,-3146.585778173374,-4288.118541221377,1398.967690012794
2460809.2368055554,-2948.214909264359,-4529.324033215692,1022.860795884253
2460809.2375,-2726.538991076888,-4734.739275115685,638.6413750139887
2460809.238194444,-2483.3145514759103,-4902.743630648691,249.35734266372447
2460809.238888889,-2220.469755861241,-5032.015754267245,-141.9036918263755
2460809.2395833335,-1940.0885688479173,-5121.544238883539,-532.0397253694015
2460809.240277778,-1644.3935677797544,-5170.635539914049,-917.9597622331853
2460809.2409722223,-1335.7275986427862,-5178.919099126313,-1296.609041193918
2460809.2416666667,-1016.5344679855185,-5146.349640209972,-1664.993837549165
2460809.242361111,-689.338883581106,-5073.206646723759,-2020.2055872832
2460809.2430555555,-356.7258516897966,-4960.091073616139,-2359.444109160225
2460809.24375,-21.319752068190933,-4807.919382623321,-2680.0397062111883
2460809.2444444443,314.2367148257993,-4617.9150194406675,-2979.4739757209923
2460809.2451388887,647.3035013948044,-4391.597483545195,-3255.399160053468
2460809.245833333,975.2639358142378,-4130.769154085928,-3505.655920870018
2460809.246527778,1295.5450244257004,-3837.5000546846,-3728.2894322957636
2460809.2472222224,1605.6371894209824,-3514.1107442485477,-3921.5637224065854
2460809.247916667,1903.1133169800955,-3163.1535197132116,-4083.974215594708
2460809.248611111,2185.6470042292176,-2787.3921169318364,-4214.258444994267
2460809.2493055556,2451.0299155418165,-2389.780082008392,-4311.404923579285
2460809.2506944444,2922.197677662417,-1541.6295883981666,-4403.53389774045
2460809.251388889,3124.2984125149665,-1097.7372250788553,-4397.802363418475
2460809.252083333,3301.9074828991174,-645.2363311142902,-4357.509897900551
2460809.2527777776,3453.631028216108,-187.66944091498382,-4282.96860607597
2460809.253472222,3578.274832356315,271.38034043188725,-4174.756244593319
2460809.254166667,3674.853610426788,728.3162293805449,-4033.7122694628533
2460809.2548611113,3742.5988995929915,1179.5548939631328,-3860.9320472259674
2460809.2555555557,3780.965483581044,1621.5536822032325,-3657.759222641031
2460809.25625,3789.6362761342407,2050.8377931931036,-3425.7762400100596
2460809.2569444445,3768.5255877428194,2464.0272176708513,-3166.7930242120574
2460809.257638889,3717.780701853739,2857.863261183352,-2882.8338379598003
2460809.2583333333,3637.781691868842,3229.2344402699614,-2576.1223512098513
2460809.2590277777,3529.1394203154136,3575.201529200128,-2249.064978601298
2460809.259722222,3392.6916756705264,3893.021521046133,-1904.2325660105803
2460809.2604166665,3229.4974207911973,4180.170259004827,-1544.3405343876123
2460809.261111111,3040.8291497604628,4434.363490814855,-1172.2276185529
2460809.261805556,2828.1633738230744,4653.576105911572,-790.833363660115
2460809.2625,2593.169288449981,4836.059320915385,-403.17457645088894
2460809.2631944446,2337.695697993578,4980.355604386796,-12.320943458824175
2460809.263888889,2063.7563055226765,5085.311151932807,378.62994568182387
2460809.2645833334,1773.5135041176388,5150.085754929325,766.5779153274739
2460809.265277778,1469.2608269393334,5174.159944325998,1148.4456030984313
2460809.265972222,1153.4042382516031,5157.339328722656,1521.2036743484439
2460809.2666666666,828.4424603110712,5099.756088845321,1881.8955936014343
2460809.267361111,496.9465449009469,5001.867631532959,2227.661700905721
2460809.2680555554,161.53890586623356,4864.452448463628,2555.7623554548168
2460809.26875,-175.12797761847983,4688.603260430501,2863.599936709167
2460809.269444444,-510.39297305057084,4475.717563100251,3148.7395077936644
2460809.270138889,-841.6076248089234,4227.485715606407,3408.927980780865
2460809.2708333335,-1166.157211601434,3945.876738073591,3642.111644943605
2460809.271527778,-1481.481365331069,3633.1219925378396,3846.451954501863
2460809.2722222223,-1785.0940898395522,3291.6969398075476,4020.3394881850304
2460809.2729166667,-2074.603050062928,2924.3011557055197,4162.406027050329
2460809.273611111,-2347.7280053016593,2533.8368004716585,4271.534707163761
2460809.2743055555,-2602.3182878311472,2123.385716743395,4346.86822705227
2460809.275,-2836.369231803814,1696.1853332024232,4387.815095595635
2460809.2756944443,-3048.0374709399766,1255.6035397029532,4394.053916169476
2460809.2763888887,-3235.655033148342,805.1126854398519,4365.535706431849
2460809.277083333,-3397.7421575555272,348.26285754819,4302.484253099861
2460809.277777778,-3533.018766604734,-111.34541581042367,4205.394501976882
2460809.2784722224,-3640.4145209962167,-570.0888836259383,4075.0289831356904
2460809.279166667,-3719.0773870742337,-1024.349562634103,3912.4122701528436
2460809.279861111,-3768.380640183308,-1470.5428285488183,3718.8234778818364
2460809.2805555556,-3787.928230568662,-1905.1454376359097,3495.786806207601
2460809.28125,-3777.5584369053327,-2324.7232832740783,3245.060149884211
2460809.2819444444,-3737.345737884349,-2725.9586840756842,2968.621805984749
2460809.282638889,-3667.6008396082675,-3105.676978136324,2668.6553323006037
2460809.283333333,-3568.8688085219237,-3460.872192136381,2347.5326282917863
2460809.2840277776,-3441.9252756748983,-3788.73153887695,2007.7953386544689
2460809.284722222,-3287.7706982545483,-4086.6584953264837,1652.134705073679
2460809.285416667,-3107.62268800318,-4352.294213687452,1283.3700202840646
2460809.2861111113,-2902.906442578036,-4583.537026210576,904.4258658591352
2460809.2868055557,-2675.2433439226397,-4778.559819708865,518.3083402308235
2460809.2875,-2426.437817514752,-4935.82507692131,128.08050719160974
2460809.2881944445,-2158.4625710656533,-5054.09741293433,-263.16269291628356
2460809.288888889,-1873.442362971093,-5132.453464214967,-652.3198056799217
2460809.2895833333,-1573.6364679646351,-5170.289031054903,-1036.3082391136618
2460809.2902777777,-1261.4200281642475,-5167.32341207083,-1412.0893910238824
2460809.290972222,-939.2644953852542,-5123.600912241211,-1776.6932669600087
2460809.292361111,-275.38145982814143,-4915.677013805871,-2460.974507955245
2460809.293055556,61.10614852533522,-4753.164001930528,-2775.2646947292574
2460809.29375,397.095173272123,-4553.255015297276,-3067.645344521622
2460809.2944444446,729.9431132133634,-4317.54681488729,-3335.82523864125
2460809.295138889,1057.0359200851467,-4047.9146805992177,-3577.706769730742
2460809.2958333334,1375.8082155706738,-3746.4966649904936,-3791.4014998301427
2460809.296527778,1683.7629103952272,-3415.6760283872045,-3975.2439488466
2460809.297222222,1978.4901048407955,-3058.062040791108,-4127.803572246344
2460809.2979166666,2257.685165461044,-2676.4693322211474,-4247.894903767484
2460809.298611111,2519.165890182112,-2273.895962394739,-4334.585854289546
2460809.2993055554,2760.888685722969,-1853.5003707996607,-4387.204166902656
2460809.3,2980.9636929621515,-1418.5773533219572,-4405.342034054881
2460809.300694444,3177.6687987897926,-972.5332060885871,-4388.858883072408
2460809.301388889,3349.462479911984,-518.860161976356,-4337.882335948937
2460809.3020833335,3494.9954210048395,-61.11024430847623,-4252.807344868412
2460809.302777778,3613.1208476703937,397.13133889237764,-4134.293501687943
2460809.3034722223,3702.9035117967255,852.2731378030919,-3983.2605153502127
2460809.3041666667,3763.627259996969,1300.744604869369,-3800.88185052532
2460809.304861111,3794.8011130997866,1739.0232987586537,-3588.5765205671914
2460809.3055555555,3796.1637801361594,2163.6619836364257,-3347.999035841511
2460809.30625,3767.6865311572,2571.315453385633,-3081.0275132073734
2460809.3069444443,3709.5743546092094,2958.7668793947373,-2789.7499721851545
2460809.3076388887,3622.2653329493332,3322.953472811473,-2476.4488578475894
2460809.308333333,3506.428180192456,3660.9912346063447,-2143.5838529944604
2460809.309027778,3362.9579014163824,3970.1985519983664,-1793.7730706976356
2460809.3097222224,3192.9695532916817,4248.11839765605,-1429.7727427531204
2460809.310416667,2997.790109296727,4492.538883896212,-1054.4555517339788
2460809.311111111,2778.948457916855,4701.511934247373,-670.7877782389895
2460809.3118055556,2538.1635925795567,4873.369844123909,-281.80546617306413
2460809.3125,2277.3310785622925,5006.739526416534,109.41017311154347
2460809.3131944444,1998.5079139078973,5100.5542615548575,499.7578723723108
2460809.313888889,1703.895924921162,5154.062807470545,886.1416825500309
2460809.314583333,1395.8238625131742,5166.835760288431,1265.4963454334606
2460809.3152777776,1076.7283851211364,5138.769097676412,1634.812400925722
2460809.315972222,749.1341289476243,5070.084878730881,1991.1607706042876
2460809.316666667,415.6330772675761,4961.3291163684435,2331.7165697562605
2460809.3173611113,78.86344175944912,4813.366877415977,2653.781920778133
2460809.3180555557,-258.5117295053016,4627.374701746952,2954.8075592011255
2460809.31875,-593.8260079394962,4404.830464723005,3232.4130485182673
2460809.3194444445,-924.4309099642056,4147.5008304485145,3484.4054516816486
2460809.320138889,-1247.716906093784,3857.4264653559108,3708.7963296963367
2460809.3208333333,-1561.133947013739,3536.905193425307,3903.816968353568
2460809.3215277777,-1862.211358944995,3188.473278743399,4067.9317598464686
2460809.322222222,-2148.576973056709,2814.8850269119603,4199.849684862471
2460809.3229166665,-2417.975375558388,2419.090888685658,4298.533862960526
2460809.323611111,-2668.285176333894,2004.2142458139772,4363.209151029515
2460809.324305556,-2897.5352083577773,1573.527047790426,4393.367780791729
2460809.325,-3103.9195761544233,1130.4244644437404,4388.7730315196495
2460809.3256944446,-3285.8114824427507,678.3987030279216,4349.46093790747
2460809.326388889,-3441.7757574997668,221.01214837274853,4275.740032978747
2460809.3270833334,-3570.5800252605036,-238.13003509793654,4168.189125829966
2460809.327777778,-3671.204431056573,-695.4076811603593,4027.653113962957
2460809.328472222,-3742.8498592303063,-1147.2136272805217,3855.2368303050966
2460809.3291666666,-3784.944563975227,-1589.9817761560187,3652.296930284441
2460809.329861111,-3797.149138412832,-2020.215037413829,3420.431828921814
2460809.3305555554,-3779.3597470912614,-2434.512948183379,3161.469712943979
2460809.33125,-3731.7095535423746,-2829.598767164665,2877.454663474097
2460809.331944444,-3654.5682827746423,-3202.3458104232986,2570.630950393375
2460809.332638889,-3548.539871786365,-3549.8027961484227,2243.425576437836
2460809.334027778,-3253.3807438088493,-4158.061612861123,1538.3754354738262
2460809.3347222223,-3066.5806130844167,-4414.047140480557,1166.1190954509984
2460809.3354166667,-2855.536278771907,-4635.149797192022,784.6128985246199
2460809.336111111,-2621.9197970301198,-4819.623489793152,396.8835198703833
2460809.3368055555,-2367.5831929913393,-4966.015106139341,6.006825351979938
2460809.3375,-2094.5432760585595,-5073.176310699189,-384.9173337851014
2460809.3381944443,-1804.9650220138924,-5140.272663532089,-772.7905196223888
2460809.3388888887,-1501.1436973787097,-5166.78997385942,-1154.5410362711143
2460809.339583333,-1185.4859189438664,-5152.53784014423,-1527.1489274609517
2460809.340277778,-860.489854845862,-5097.650370545482,-1887.6703896409856
2460809.3409722224,-528.7247774617513,-5002.584118274674,-2233.2613656470107
2460809.341666667,-192.8101863162201,-4868.113305523282,-2561.200096656965
2460809.342361111,144.6052930799849,-4695.322442924696,-2868.908443840171
2460809.3430555556,480.8650310790678,-4485.59648082614,-3153.9718108360626
2460809.34375,813.3253481793994,-4240.608651459294,-3414.157529525725
2460809.3444444444,1139.3761311583075,-3962.306175474664,-3647.4316012210247
2460809.345138889,1456.4609532837146,-3652.894019273656,-3851.9737085958523
2460809.345833333,1762.0965673978678,-3314.81688692569,-4026.190444546141
2460809.3465277776,2053.8916510410954,-2950.739634207757,-4168.726719319858
2460809.347222222,2329.5647056015414,-2563.5262812773917,-4278.475328861641
2460809.347916667,2586.961024855968,-2156.21779114575,-4354.584678492717
2460809.3486111113,2824.0686592493576,-1732.0087711335243,-4396.464663817271
2460809.3493055557,3039.0333125083466,-1294.2232409095304,-4403.790715433819
2460809.35,3230.1721109699415,-846.2896028613404,-4376.506014063495
2460809.3506944445,3395.9861905530884,-391.71493754030075,-4314.821880569458
2460809.351388889,3535.1720414706765,65.94124956575654,-4219.216341324179
2460809.3520833333,3646.631550938531,523.0937097621163,-4090.430865847574
2460809.3527777777,3729.4806783122644,976.1584350313567,-3929.4652699924477
2460809.353472222,3783.056691754802,1421.5798068387464,-3737.5707777313646
2460809.3541666665,3806.923892063333,1855.857761991543,-3516.2412366017566
2460809.354861111,3800.877746482908,2275.5748101032204,-3267.2024888393994
2460809.355555556,3764.9473558487293,2677.4227218804194,-2992.3999100274564
2460809.35625,3699.3961819467645,3058.2286867907337,-2693.9841437044056
2460809.3569444446,3604.720970555516,3414.9807222528348,-2374.2950806148187
2460809.357638889,3481.648816884718,3744.852106664288,-2035.8441509392164
2460809.3583333334,3331.1323387513385,4045.224589309569,-1681.2950316876027
2460809.359027778,3154.3429421152423,4313.710135140598,-1313.442892027088
2460809.359722222,2952.6621885545946,4548.1709583187485,-935.1923317637634
2460809.3604166666,2727.671302188513,4746.73760705551,-549.5341967623059
2460809.361111111,2481.138882328578,4907.824879072051,-159.5214798813404
2460809.3618055554,2215.00691399809,5030.145371112948,231.75546699597183
2460809.3625,1931.375202911053,5112.720489616853,621.1941566178896
2460809.363194444,1632.4843820089943,5154.888789432789,1005.7053708731149
2460809.363888889,1320.697662267138,5156.3115429660575,1382.2384809660552
2460809.3645833335,998.481517696838,5116.975483793937,1747.8064212728527
2460809.365277778,668.3855109555084,5037.192710852117,2099.5100590994334
2460809.3659722223,333.02147055370915,4917.597780877522,2434.5617207750806
2460809.3666666667,-4.957764932460452,4759.142054795812,2750.3076508410454
2460809.367361111,-342.87982054608506,4563.085400062057,3044.2492022283154
2460809.3680555555,-678.0742737245516,4330.985379039273,3314.0625861964736
2460809.36875,-1007.8939617138615,4064.6840793034635,3557.61703343188
2460809.3694444443,-1329.7359306771648,3766.292756625264,3772.991249952074
2460809.3701388887,-1641.0618610028714,3438.1744758189902,3958.4880739756977
2460809.370833333,-1939.4178267867974,3082.924935019049,4112.64726881099
2460809.371527778,-2222.453258407272,2703.3516643164558,4234.256403611685
2460809.3722222224,-2487.939001052369,2302.4517767520224,4322.359795637384
2460809.372916667,-2733.7843670536163,1883.3884523491497,4376.265495580907
2460809.373611111,-2958.0530972198676,1449.4663212709477,4395.550310183585
2460809.3743055556,-3158.9781544035613,1004.105901775811,4380.062860071886
2460809.3756944444,-3484.6551941698076,93.17296924649965,4245.529306501583
2460809.376388889,-3606.8345176476632,-365.2192797767004,4127.539519136223
2460809.377083333,-3700.5450919523705,-820.7446024302767,3976.8824567959305
2460809.3777777776,-3765.0418728313653,-1269.8088793047318,3794.7428893878528
2460809.378472222,-3799.8091711326724,-1708.866786898036,3582.5544825211564
2460809.379166667,-3804.565213324602,-2134.4496396738914,3341.9891284085065
2460809.3798611113,-3779.2649420197067,-2543.1928628681017,3074.9443578975033
2460809.3805555557,-3724.1009883040333,-2931.862868384686,2783.5288837196745
2460809.38125,-3639.502758570292,-3297.3831170214926,2470.046332372914
2460809.3819444445,-3526.1335932728257,-3636.8591144700354,2136.97726090287
2460809.382638889,-3384.8859729208352,-3947.6021011286107,1786.9595694955092
2460809.3833333333,-3216.874768932185,-4227.151184912939,1422.7674541297872
2460809.3840277777,-3023.428564641974,-4473.293670939014,1047.2890741979202
2460809.384722222,-2806.079095473063,-4684.083361811534,663.5031269597533
2460809.3854166665,-2566.548891418087,-4857.856611674683,274.45455613196896
2460809.386111111,-2306.737227429317,-4993.245952113412,-116.77037157124916
2460809.386805556,-2028.704521327635,-5089.1911319806495,-507.06936132861824
2460809.3875,-1734.65533786884,-5144.9474558362,-893.3494979122497
2460809.3881944446,-1426.9201803781423,-5160.091342576831,-1272.5525016107476
2460809.388888889,-1107.936268083584,-5134.523067950726,-1641.679572055401
2460809.3895833334,-780.227509065779,-5068.466697377822,-1997.8155700443745
2460809.390277778,-446.3838792751031,-4962.467255228865,-2338.1523096071983
2460809.390972222,-109.04042470860323,-4817.385213974221,-2660.0107459245814
2460809.3916666666,229.1439059074617,-4634.388419786478,-2960.861875437979
2460809.392361111,565.507401959302,-4414.941596302605,-3238.3461926253267
2460809.3930555554,897.4065163985255,-4160.793592447079,-3490.29157046254
2460809.39375,1222.236413820082,-3873.9625486531463,-3714.729469029396
2460809.394444444,1537.4509854274493,-3556.7191706855715,-3909.909393191778
2460809.395138889,1840.582206649534,-3211.56829261592,-4074.311554150337
2460809.3958333335,2129.258719497783,-2841.2289161563667,-4206.657701010621
2460809.396527778,2401.223548959932,-2448.6128958990075,-4305.920111453196
2460809.3972222223,2654.350867823059,-2036.802438768997,-4371.328736360874
2460809.3979166667,2886.661742111088,-1609.0265670673143,-4402.376503915326
2460809.398611111,3096.3387941960877,-1168.636685466346,-4398.822789388601
2460809.3993055555,3281.739723278725,-719.0813867417595,-4360.695056736357
2460809.4,3441.4096290979405,-263.8806140330397,-4288.2886754750025
2460809.4006944443,3574.0920759459145,193.40069087446614,-4182.164912331933
2460809.4013888887,3678.738837382006,649.1793377211503,-4043.147092815573
2460809.402083333,3754.5182519497307,1099.8809029282324,-3872.3149259973043
2460809.402777778,3800.8221179959683,1541.9668716583562,-3670.9969857907754
2460809.4034722224,3817.2710512964723,1971.961753988739,-3440.7613454104335
2460809.404166667,3803.718227244088,2386.480006459391,-3183.4043688754346
2460809.404861111,3760.2514307199735,2782.252567648164,-2900.9376785979475
2460809.4055555556,3687.193341824284,3156.152808536761,-2595.573329218259
2460809.40625,3585.0999950420314,3505.221669255557,-2269.707246562051
2460809.4069444444,3454.7573631766936,3826.6917516061703,-1925.9010088123218
2460809.407638889,3297.1760347126237,4118.010123830836,-1566.8620756248501
2460809.408333333,3113.583977261257,4376.859587981233,-1195.4226034373712
2460809.4090277776,2905.4174028995017,4601.178170034491,-814.5170073769556
2460809.409722222,2674.3097811350244,4789.176597925684,-427.15846304452566
2460809.410416667,2422.079073129056,4939.353553444413,-36.4145627093221
2460809.4111111113,2150.713288507238,5050.5085079428945,354.61764049039186
2460809.4118055557,1862.354500575727,5121.751979180819,742.8369414283321
2460809.4125,1559.281468271273,5152.5130888782405,1125.163395693702
2460809.4131944445,1243.8910523561906,5142.544332051889,1498.5635581273386
2460809.413888889,918.6786129083695,5091.923517325194,1860.0752976169292
2460809.4145833333,586.2176006655682,5001.052874843391,2206.8319295244232
2460809.4152777777,249.1385562400303,4870.655371732813,2536.0854302986804
2460809.415972222,-89.89226954483465,4701.76831112358,2845.2285205147273
2460809.417361111,-763.0949366458325,4254.189903959259,3393.5811185287407
2460809.418055556,-1091.9492443087802,3979.0516081487335,3628.459004123596
2460809.41875,-1412.1624216543935,3672.5001613142854,3834.596772127355
2460809.4194444446,-1721.209318643322,3336.9625871008852,4010.3704978124642
2460809.420138889,-2016.6542101542057,2975.0925895452715,4154.396833538533
2460809.4208333334,-2296.1695846876737,2589.749360144947,4265.5432824273
2460809.421527778,-2557.554000806636,2183.9749918889074,4342.936525950769
2460809.422222222,-2798.7489169806404,1760.970672152007,4385.968792608486
2460809.4229166666,-3017.854408709759,1324.071821334895,4394.302261975861
2460809.423611111,-3213.1436977453877,876.7223304755641,4367.871503582891
2460809.4243055554,-3383.076418943666,422.44805001812557,4306.883950216399
2460809.425,-3526.3105525407464,-35.17032080644537,4211.8184061432
2460809.425694444,-3641.712951445716,-492.5248012244405,4083.4215887942937
2460809.426388889,-3728.3683859420057,-946.0079899478242,3922.7027053380166
2460809.4270833335,-3785.5870324549505,-1392.0410672249423,3730.9260647582582
2460809.427777778,-3812.9103263345846,-1827.1017538779874,3509.60173633362
2460809.4284722223,-3810.115103554488,-2247.7520447629663,3260.47427075221
2460809.4291666667,-3777.2159572278997,-2650.6655104242363,2985.5095154904584
2460809.429861111,-3714.4657436922894,-3032.653940683026,2686.8795788750635
2460809.4305555555,-3622.354183225219,-3390.693108552364,2366.9460073961454
2460809.43125,-3501.60451729121,-3721.947398964534,2028.2412813011267
2460809.4319444443,-3353.1682032854346,-4023.7930609988625,1673.4487484143665
2460809.4326388887,-3178.217651491346,-4293.839833709158,1305.3811498577895
2460809.433333333,-2978.1370351755068,-4529.9507053749985,926.9579171348113
2460809.434027778,-2754.5112338831773,-4730.259579115308,541.1814472474017
2460809.4347222224,-2509.1129975316867,-4893.186641187746,151.11258168600364
2460809.435416667,-2243.8884493107485,-5017.451253499978,-240.1544633601752
2460809.436111111,-1960.941069933233,-5102.082227441244,-629.5174598015175
2460809.4368055556,-1662.5143313000033,-5146.425372131812,-1013.8915582600379
2460809.4375,-1350.9731657417321,-5150.148251891579,-1390.2344440032568
2460809.4381944444,-1028.7844742452144,-5113.242129341083,-1755.5709992742618
2460809.438888889,-698.4968805100983,-5036.021112160386,-2107.0172331157837
2460809.439583333,-362.71995031961643,-4919.118560690512,-2441.803247298349
2460809.4402777776,-24.10308757265933,-4763.480850612446,-2757.2950381488877
2460809.440972222,314.6856901596616,-4570.358613219724,-3051.01496062371
2460809.441666667,650.9808951928388,-4341.295605158234,-3320.6606998839284
2460809.4423611113,982.1404583026517,-4078.115373218317,-3564.1226364390945
2460809.4430555557,1305.5661958687872,-3782.9058955086994,-3779.4995095466975
2460809.44375,1618.7237119790702,-3458.002384429676,-3965.1123137226887
2460809.4444444445,1919.1616115386414,-3105.968434827318,-4119.51638604014
2460809.445138889,2204.529913805313,-2729.575699951405,-4241.5116579828145
2460809.4458333333,2472.5975772633915,-2331.7822638163866,-4330.1510636230205
2460809.4465277777,2721.2690570693712,-1915.7098696188116,-4384.7471033674
2460809.447222222,2948.599825581698,-1484.6201540047164,-4404.876568069926
2460809.4479166665,3152.810794913221,-1041.8900241268623,-4390.383430928228
2460809.448611111,3332.3015841540932,-590.9863036856526,-4341.37991263839
2460809.449305556,3485.6625712987793,-135.43977401340138,-4258.24572187232
2460809.45,3611.6856709192994,321.181272556023,-4141.625468953478
2460809.4506944446,3709.373771067126,775.297839105955,-3992.4242475961355
2460809.451388889,3777.948760627614,1223.347261729946,-3811.8013771538526
2460809.4520833334,3816.8580720320406,1661.8103345688176,-3601.162299127813
2460809.452777778,3825.779661279961,2087.2383623216756,-3362.148627832518
2460809.453472222,3804.625346913147,2496.2799696951442,-3096.6263612660427
2460809.4541666666,3753.5424308323536,2885.707470445433,-2806.6722758568985
2460809.454861111,3672.913530834218,3252.442588467601,-2494.558543617841
2460809.4555555554,3563.3545650110673,3593.5813034215707,-2162.7356346826014
2460809.45625,3425.710843788745,3906.417582491072,-1813.8135937417076
2460809.456944444,3261.0512437662896,4188.46575531824,-1450.541803845749
2460809.457638889,3070.6604620555936,4437.4812834716795,-1075.7873839060583
2460809.459027778,2618.843556248791,4828.753385190751,-303.7500292437442
2460809.4597222223,2360.9700308961333,4967.886286099298,87.41991885165363
2460809.4604166667,2084.442385130355,5067.765871818951,477.8961877888854
2460809.461111111,1791.4443626307364,5127.592699680344,864.5814037588252
2460809.4618055555,1484.2921151572993,5146.887164706706,1244.4074714078265
2460809.4625,1165.4152889176812,5125.493464261087,1614.3607108787683
2460809.4631944443,837.3371475026017,5063.580731291483,1971.5064847591907
2460809.4638888887,502.65394266390496,4961.641347050734,2313.0130666827267
2460809.464583333,164.01374660531155,4820.486483361477,2636.1745232302383
2460809.465277778,-175.90503681639143,4641.238961574018,2938.432397863223
2460809.4659722224,-514.4152732797533,4425.323546799142,3217.396014391068
2460809.466666667,-848.8426108288121,4174.454822616356,3470.8612426523982
2460809.467361111,-1176.5467183503754,3890.622810762822,3696.827598287042
2460809.4680555556,-1494.9420777186447,3576.076515167191,3893.513574326909
2460809.46875,-1801.518178549571,3233.3055739454753,4059.370130333158
2460809.4694444444,-2093.8589763617024,2865.020209749409,4193.092283496835
2460809.470138889,-2369.6614999655303,2474.129657362906,4293.628769816802
2460809.470833333,-2626.7534977844844,2063.719253431774,4360.189752044639
2460809.4715277776,-2863.1100377867856,1637.0263496762714,4392.252567442219
2460809.472222222,-3076.8689722690865,1197.4152195477493,4389.56550944863
2460809.472916667,-3266.345196841396,748.3511030224269,4352.149644148834
2460809.4736111113,-3430.043625115273,293.37354791994466,4280.298660930672
2460809.4743055557,-3566.670810647861,-163.93081265257396,4174.576757481749
2460809.475,-3675.1451402791636,-619.9558935064599,4035.81455819599
2460809.4756944445,-3754.60552308858,-1071.1040440869253,3865.1030673368027
2460809.476388889,-3804.418498381119,-1513.8140273432186,3663.7856597873115
2460809.4770833333,-3824.1836829838703,-1944.5889065342135,3433.4481220872426
2460809.4777777777,-3813.737481879592,-2360.023651481769,3175.9067637439243
2460809.478472222,-3773.1549893652777,-2756.832249227535,2893.1946386608493
2460809.4791666665,-3702.7500173258036,-3131.8740998989765,2587.5459307203682
2460809.479861111,-3603.0731998343635,-3482.1794559558125,2261.3785864914403
2460809.480555556,-3474.908139645723,-3804.9736642642324,1917.275297290096
2460809.48125,-3319.265584535652,-4097.6999574854035,1557.9629675650012
2460809.4819444446,-3137.3756439517833,-4358.04055260005,1186.2908269842342
2460809.482638889,-2930.678086299844,-4583.935815744361,805.2073785595314
2460809.4833333334,-2700.810783518985,-4773.601275505518,417.73639295188866
2460809.484027778,-2449.5963998371712,-4925.5422864384,26.952183527721132
2460809.484722222,-2179.02744988221,-5038.5661747746435,-364.0455874857582
2460809.4854166666,-1891.2498772575236,-5111.791733405621,-752.1573112652
2460809.486111111,-1588.54532610951,-5144.655972130191,-1134.3087800368055
2460809.4868055554,-1273.312299507338,-5136.918069466701,-1507.4762153716338
2460809.4875,-948.0464065482086,-5088.660515315411,-1868.7107279525032
2460809.488194444,-615.3199159851074,-5000.287474183085,-2215.161964306683
2460809.488888889,-277.760825255022,-4872.520436980033,-2544.1007290128628
2460809.4895833335,61.96833743393632,-4706.391264643057,-2852.940380986533
2460809.490277778,401.1917770503219,-4503.232755704079,-3139.256839386109
2460809.4909722223,737.2415706923057,-4264.666892420349,-3400.8070597711167
2460809.4916666667,1067.4785049284565,-3992.5909374482135,-3635.5458687812766
2460809.492361111,1389.3124535678771,-3689.161562867091,-3841.6410740236406
2460809.4930555555,1700.2221573283073,-3356.7771962633788,-4017.486791214882
2460809.49375,1997.7742830148165,-2998.0587691154938,-4161.714950742076
2460809.4944444443,2279.641663312979,-2615.8290396822176,-4273.204966670631
2460809.4951388887,2543.620623152159,-2213.090664371391,-4351.091558510199
2460809.495833333,2787.647323296818,-1793.0031661113096,-4394.770730848205
2460809.496527778,3009.813049317264,-1358.8589512102583,-4403.903914868382
2460809.4972222224,3208.3783901113,-914.0585008576907,-4378.420279955823
2460809.497916667,3381.7862430742484,-462.084870168352,-4318.517218982266
2460809.498611111,3528.6735894213894,-6.477611241145224,-4224.659008601576
2460809.4993055556,3647.881975625009,449.1937553306747,-4097.573641340926
2460809.5006944444,3799.7041754866027,1346.4622186252514,-3747.9201280047732
2460809.501388889,3831.0987610194707,1781.0129552513906,-3528.072309040138
2460809.502083333,3832.3867012755804,2201.589151841198,-3280.4187593726965
2460809.5027777776,3803.5393760264956,2604.875842650737,-3006.8941426193064
2460809.503472222,3744.764414794836,2987.6889358873186,-2709.6392154800074
2460809.504166667,3656.505064598619,3347.0006868258283,-2390.984890807714
2460809.5048611113,3539.43768884024,3679.9642306909773,-2053.434609967597
2460809.5055555557,3394.4673576089913,3983.9369326751716,-1699.6451223864624
2460809.50625,3222.7215099577675,4256.502310248233,-1332.4057960000725
2460809.5069444445,3025.541693528206,4495.490281699117,-954.616612745962
2460809.507638889,2804.4734131547502,4698.99550418927,-569.2650290398319
2460809.5083333333,2561.254150228959,4865.393577216611,-179.40190958647833
2460809.5090277777,2297.7996440148804,4993.354910569756,211.8832359517933
2460809.509722222,2016.1885511688834,5081.8560852965575,601.4874715555675
2460809.5104166665,1718.6456349291159,5130.188565186056,986.3198421047861
2460809.511111111,1407.5236490157104,5137.964660445207,1363.3267126298217
2460809.511805556,1085.2841069385447,5105.120681264774,1729.516773518642
2460809.5125,754.4771423985926,5031.917262891165,2081.985453560439
2460809.5131944446,417.72067030843647,4918.9368846877705,2417.9385020954574
2460809.513888889,77.67906736236871,4767.078644407646,2734.714513021913
2460809.5145833334,-262.9584132718906,4577.550384834717,3029.8061897210855
2460809.515277778,-601.4992866023051,4351.858299118197,3300.880176784386
2460809.515972222,-935.2693424706584,4091.7941657528645,3545.795310104459
2460809.5166666666,-1261.6338299611882,3799.4203836268903,3762.6191642821127
2460809.517361111,-1578.0181562272837,3477.052985818474,3949.642806597199
2460809.5180555554,-1881.9279482656857,3127.2428203885815,4105.393687096762
2460809.51875,-2170.9683499242587,2752.75508085655,4228.64661996065
2460809.519444444,-2442.862435182256,2356.5473723658924,4318.432824197163
2460809.520138889,-2695.468639909977,1941.746485556116,4374.047009082437
2460809.5208333335,-2926.7971228541533,1511.6240435068567,4395.052496241941
2460809.521527778,-3135.024971554423,1069.571185686728,4381.284375408443
2460809.5222222223,-3318.5101819762044,619.0724330618111,4332.850694700092
2460809.5229166667,-3475.8043343553563,163.67888937348027,4250.131685002727
2460809.523611111,-3605.663894833126,-293.01908024067706,4133.777018062844
2460809.5243055555,-3707.060065749204,-747.4195378517559,3984.7010981477733
2460809.525,-3779.1871085805456,-1195.9368734424413,3804.076388186102
2460809.5256944443,-3821.4690598452767,-1635.0297459549904,3593.3247768316733
2460809.5263888887,-3833.564761336826,-2061.2288830074644,3354.1070002340252
2460809.527083333,-3815.37112779167,-2471.164540531116,3088.310144874724
2460809.527777778,-3767.024581018784,-2861.593407561158,2798.0332748660267
2460809.5284722224,-3688.900589442692,-3229.4247279204533,2485.5712475062146
2460809.529166667,-3581.611266077963,-3571.7453988336993,2153.396805100016
2460809.529861111,-3446.000995743347,-3885.843800603948,1804.141056232219
2460809.5305555556,-3283.1400856428427,-4169.232106035497,1440.5724910090485
2460809.53125,-3094.3164574153407,-4419.666828108658,1065.5746976831845
2460809.5319444444,-2881.0254286877503,-4635.167370486792,682.1229801605198
2460809.532638889,-2644.95765914952,-4814.032368728429,293.2600940668858
2460809.533333333,-2387.9853667217744,-4954.853632061699,-97.92865776064073
2460809.5340277776,-2112.146946137474,-5056.527528261013,-488.34071727316007
2460809.534722222,-1819.6301487695819,-5118.263689305093,-874.881687027183
2460809.535416667,-1512.7540025762037,-5139.590956141776,-1254.4906065333505
2460809.5361111113,-1193.9496685575932,-5120.3605216215765,-1624.1648291271558
2460809.5368055557,-865.740443042723,-5060.746272719095,-1980.9842488501563
2460809.5375,-530.7211187413182,-4961.242373624869,-2322.1346463701457
2460809.5381944445,-191.5369211734746,-4822.658168624897,-2644.9299406045343
2460809.538888889,149.13777024944656,-4646.110516561896,-2946.833160835568
2460809.5395833333,488.6207157869108,-4433.013695741787,-3225.475980387835
2460809.5402777777,824.2429344817165,-4185.06704061489,-3478.676680196156
2460809.540972222,1153.3694804422416,-3904.2404835985412,-3704.4564427033793
2460809.542361111,1781.8869846962066,-3253.080442229497,-4066.937878693495
2460809.543055556,2076.3574598210876,-2887.8840389969378,-4200.818332366853
2460809.54375,2354.5282517081114,-2500.0412408845505,-4301.655411349051
2460809.5444444446,2614.2245056943007,-2092.597569736343,-4368.666701323283
2460809.545138889,2853.415529518209,-1668.748525463112,-4401.332614528548
2460809.5458333334,3070.229847387137,-1231.815390518298,-4399.399946504417
2460809.546527778,3262.9691254089053,-785.2202492456005,-4362.883603845673
2460809.547222222,3430.1209098809513,-332.460344970733,-4292.066506660681
2460809.5479166666,3570.370117882271,122.91810545783078,-4187.497664866265
2460809.548611111,3682.609214443961,577.3465139932739,-4049.98842462607
2460809.5493055554,3765.94700892613,1027.2608181144074,-3880.606877200931
2460809.55,3819.7159947544415,1469.1285297746808,-3680.670424090571
2460809.550694444,3843.4781549942218,1899.475787696356,-3451.736494479549
2460809.551388889,3837.029153027151,2314.9142439910047,-3195.591419447144
2460809.5520833335,3800.4008287364345,2712.1676009910607,-2914.237478184897
2460809.552777778,3733.8619252470535,3088.097591149975,-2609.878151213706
2460809.5534722223,3637.9169801156354,3439.729183798665,-2284.901632048128
2460809.5541666667,3513.30332799805,3764.274782800665,-1941.8626766455502
2460809.554861111,3360.9861802816868,4059.1571717685524,-1583.4628967163967
2460809.5555555555,3182.1517678670057,4322.030962384146,-1212.529628506851
2460809.55625,2978.1985607677766,4550.802299074801,-831.9935428372344
2460809.5569444443,2750.7266039449737,4743.646588610438,-444.86518362078755
2460809.5576388887,2501.5250379584986,4899.024037319597,-54.210648249210806
2460809.558333333,2232.557907123353,5015.692799841896,336.8733490259909
2460809.559027778,1945.948377110736,5092.7195801983125,725.2847888373414
2460809.5597222224,1643.9615224429465,5129.48755277964,1107.9417619258456
2460809.560416667,1328.9858522637096,5125.701517201506,1481.807734464023
2460809.561111111,1003.5137755184945,5081.390236370599,1843.916392065007
2460809.5618055556,670.1212089681001,4996.905952837948,2191.3958155227924
2460809.5625,331.4465435950078,4872.9211171161505,2521.491749654048
2460809.5631944444,-9.83081350663908,4710.422400092628,2831.5897475864804
2460809.563888889,-351.0121074023475,4510.702096012033,3119.2359964660304
2460809.564583333,-689.4009104206621,4275.347049448075,3382.1566598069376
2460809.5652777776,-1022.3246080385896,4006.22526431596,3618.2755952383354
2460809.565972222,-1347.1555189380776,3705.4703669917185,3825.730338262303
2460809.566666667,-1661.3314884588146,3375.464104802623,4002.886267418937
2460809.5673611113,-1962.375808873472,3018.8170683303915,4148.348887992794
2460809.5680555557,-2247.916344185456,2638.3478176648778,4260.974195842928
2460809.56875,-2515.703742630597,2237.060598486877,4339.877093371597
2460809.5694444445,-2763.628645774933,1818.1218121567883,4384.437847617803
2460809.570138889,-2989.737801788352,1384.835409816501,4394.3065825665635
2460809.5708333333,-3192.2490059599118,940.6173628723441,4369.4058056750155
2460809.5715277777,-3369.5647925389485,488.96935997288017,4309.930968356252
2460809.572222222,-3520.2848040110916,33.451876812168535,4216.349060102915
2460809.5729166665,-3643.2167620888617,-422.3432301289521,4089.395236394215
2460809.573611111,-3737.385966182,-874.8204596518723,3930.0674792104664
2460809.574305556,-3802.0432382383656,-1320.4085627342306,3739.619294354262
2460809.575,-3836.671236193507,-1755.588435530737,3519.550451293333
2460809.5756944446,-3840.9890546954252,-2176.920813227283,3271.595785544884
2460809.576388889,-3814.9550380003816,-2581.0735660768464,2997.7120934805935
2460809.5770833334,-3758.767735276356,-2964.848378052517,2700.063168804918
2460809.577777778,-3672.8649405386054,-3325.2065731942844,2381.0030539640716
2460809.578472222,-3557.9207736083563,-3659.2938528636714,2043.0575982053076
2460809.5791666666,-3414.840780092731,-3964.4636881615897,1688.9044514740278
2460809.579861111,-3244.755049651753,-4238.299125509651,1321.3516406522558
2460809.5805555554,-3049.009379139412,-4478.632761529038,943.3149083504998
2460809.58125,-2829.1545370144404,-4683.564658016002,557.7940210882844
2460809.581944444,-2586.9337115010094,-4851.477992688568,167.84826963664474
2460809.582638889,-2324.268257517455,-4981.052262925134,-223.4285901270574
2460809.584027778,-1746.0834347821178,-5121.444157259344,-997.5805017705136
2460809.5847222223,-1435.148482461166,-5131.184280970773,-1374.3239172040587
2460809.5854166667,-1112.899880337982,-5100.437804122992,-1740.1850434265955
2460809.586111111,-781.8875383106313,-5029.470108402392,-2092.2751252251287
2460809.5868055555,-444.72760646901423,-4918.865228304149,-2427.818572792621
2460809.5875,-104.08128955474243,-4769.520012374036,-2744.174824871424
2460809.5881944443,237.36649842929097,-4582.635758514326,-3038.85887653795
2460809.5888888887,576.9284426743494,-4359.707469421953,-3309.5603229879234
2460809.589583333,911.9359183288641,-4102.510891224424,-3554.160800096508
2460809.590277778,1239.7596910446196,-3813.087516857847,-3770.749723656068
2460809.5909722224,1557.830088558082,-3493.7277313558957,-3957.63826718952
2460809.591666667,1863.6565054206346,-3146.952289162741,-4113.371527483156
2460809.592361111,2154.8461368447206,-2775.4922966448535,-4236.738857612405
2460809.5930555556,2429.121842912038,-2382.2678734732494,-4326.782354254278
2460809.59375,2684.339063973586,-1970.3656503896207,-4382.80350002289
2460809.5944444444,2918.501715930588,-1543.015251672339,-4404.36796559873
2460809.595138889,3129.7770017688827,-1103.5648990305278,-4391.308578635673
2460809.595833333,3316.509079401577,-655.4562641404244,-4343.726465002217
2460809.5965277776,3477.2315252140666,-202.1986932864484,-4261.990364668994
2460809.597222222,3610.678531735777,252.65707682110374,-4146.734120525907
2460809.597916667,3715.794772798936,705.5455890657715,-3998.852334527987
2460809.5986111113,3791.7438643092364,1152.9135904577192,-3819.4941842421754
2460809.5993055557,3837.9153445810666,1591.247070359004,-3610.055393630944
2460809.6,3853.9300942793393,2017.098257466155,-3372.1683559274134
2460809.6006944445,3839.644114194584,2427.112401256102,-3107.6904162753112
2460809.601388889,3795.150581713705,2818.054144537944,-2818.6903368513354
2460809.6020833333,3720.78011232966,3186.8332834983753,-2507.4329803864316
2460809.6027777777,3617.099162787588,3530.5296850257832,-2176.362276687433
2460809.603472222,3484.9065271002733,3846.417127833269,-1828.0825565736873
2460809.6041666665,3325.2278963257436,4131.985820583488,-1465.338369309206
2460809.604861111,3139.3084755313384,4384.963351923319,-1090.9929255438406
2460809.605555556,2928.6036781685766,4603.333830214048,-708.0053378987141
2460809.60625,2694.767946073596,4785.354983836924,-319.40685659541975
2460809.6069444446,2439.641773860589,4929.573010783658,71.72367706867952
2460809.607638889,2165.237045189024,5034.834993183665,462.2849189277871
2460809.6083333334,1873.7208155335763,5100.298723734029,849.1783981038698
2460809.609027778,1567.3977033190893,5125.43982636719,1229.3339164195047
2460809.609722222,1248.691071154107,5110.05609447576,1599.7347074130134
2460809.6104166666,920.1231963782132,5054.269011125998,1957.442095175605
2460809.611111111,584.2946393563655,4958.522456774709,2299.619406828823
2460809.6118055554,243.86303029143565,4823.578651064817,2623.554902326013
2460809.6125,-98.47851461553367,4650.511410165926,2926.6835179164896
2460809.613194444,-440.02312999643084,4440.69683580285,3206.6072323177596
2460809.613888889,-778.0718927954141,4195.801575974906,3461.113902027584
2460809.6145833335,-1109.9552750653704,3917.7688211137606,3688.194432691478
2460809.615277778,-1433.054189001358,3608.8022081142785,3886.058187868864
2460809.6159722223,-1744.820461973993,3271.3478196584842,4053.1465541622974
2460809.6166666667,-2042.7966074458297,2908.074460320123,4188.144612053734
2460809.617361111,-2324.63476663112,2521.852394348648,4289.99087501252
2460809.6180555555,-2588.1147139699033,2115.730722116424,4357.885076730008
2460809.61875,-2831.1608334890275,1692.913561535637,4391.293996816793
2460809.6194444443,-3051.8579788236066,1256.735197586213,4389.955320286032
2460809.6201388887,-3248.4661388452078,810.6343528543945,4353.879530833208
2460809.620833333,-3419.4338350054336,358.1277239370014,4283.349837851307
2460809.621527778,-3563.4101736071034,-97.2170660778297,4178.920136695683
2460809.6222222224,-3679.255477817955,-551.8089504307284,4041.411002441581
2460809.622916667,-3766.0504228336836,-1002.0611863567682,3871.903716670591
2460809.623611111,-3823.1035927412954,-1444.4192396319947,3671.7323316149673
2460809.6243055556,-3849.9573786171104,-1875.3886098386577,3442.473782271416
2460809.6256944444,-3812.428541475467,-2689.648446104855,2904.144543542308
2460809.626388889,-3748.328036211612,-3066.495716956676,2599.32636356766
2460809.627083333,-3654.5913760715166,-3419.1198578902863,2273.8931797405976
2460809.6277777776,-3531.9551764547828,-3744.727522342696,1930.4221768451573
2460809.628472222,-3381.3864778884354,-4040.739313351208,1571.6355873413877
2460809.629166667,-3204.0753270348646,-4304.811058665836,1200.3788479705029
2460809.6298611113,-3001.4254074308597,-4534.8531917354185,819.5975792085028
2460809.6305555557,-2775.0427848050026,-4729.048011812006,432.31360401406033
2460809.63125,-2526.7228609825347,-4885.864623974694,41.60024004137831
2460809.6319444445,-2258.4356542142873,-5004.0713911900475,-349.4428914012619
2460809.632638889,-1972.309559381639,-5082.745757459621,-737.715270588269
2460809.6333333333,-1670.6137549200412,-5121.281347399281,-1120.1408420065072
2460809.6340277777,-1355.7394501198098,-5119.392282883805,-1493.693067135771
2460809.634722222,-1030.1801759297637,-5077.1147020216185,-1855.419415819919
2460809.6354166665,-696.5113329008732,-4994.805505620743,-2202.465056205757
2460809.636111111,-357.3692129811991,-4873.138395429422,-2532.0955230437257
2460809.636805556,-15.429707319296325,-4713.097302566834,-2841.7181700581023
2460809.6375,326.61309311145,-4515.967334304809,-3128.9022363425433
2460809.6381944446,666.0682080594249,-4283.32339247462,-3391.397384797149
2460809.638888889,1000.2688161159411,-4017.0166294426,-3627.150605080183
2460809.6395833334,1326.592872222991,-3719.158925168699,-3834.321390915628
2460809.640277778,1642.4831603470184,-3392.105562767266,-4011.295138665745
2460809.640972222,1945.4666481773768,-3038.436292048733,-4156.694723158904
2460809.6416666666,2233.173045807757,-2660.9349500168973,-4269.390236486665
2460809.642361111,2503.352473985054,-2262.5678072495975,-4348.506880192347
2460809.6430555554,2753.892162882899,-1846.460797289112,-4393.4310126658875
2460809.64375,2982.8321151955206,-1415.8757695871996,-4403.8143588994635
2460809.644444444,3188.3796693404265,-974.18590076701,-4379.5763886113255
2460809.645138889,3368.9229016168906,-524.8503917175904,-4320.904867846867
2460809.6458333335,3523.04280895421,-71.38856587760502,-4228.254584874476
2460809.646527778,3649.5242057127575,382.6465064803007,-4102.34424700008
2460809.6472222223,3747.365266199504,833.6947322425983,-3944.151543150673
2460809.6479166667,3815.7856409086,1278.2159412046935,-3754.9063631490762
2460809.648611111,3854.233065711011,1712.716899881814,-3536.0821707424443
2460809.6493055555,3862.388384203367,2133.778239250937,-3289.3855291059226
2460809.65,3840.168900255384,2538.081113225039,-3016.7437918011005
2460809.6506944443,3787.729982351823,2922.433392671182,-2720.2909853281203
2460809.6513888887,3705.464847454994,3283.795182982049,-2402.3519273826446
2460809.652083333,3594.002465034805,3619.3034305107585,-2065.4246545411606
2460809.652777778,3454.203536048143,3926.2953858602127,-1712.1612485951302
2460809.6534722224,3287.154524486398,4202.330671211947,-1345.3471907687563
2460809.654166667,3094.1597417938797,4445.21170958048,-967.8793935358212
2460809.654861111,2876.731512442284,4653.002276404191,-582.7430913721072
2460809.6555555556,2636.578476903105,4824.0439498181295,-192.9877951079511
2460809.65625,2375.592120218728,4956.970254680906,198.29745915405692
2460809.6569444444,2095.831640677253,5050.718326022228,588.009323177358
2460809.657638889,1799.507304215957,5104.537947969626,973.0555501385878
2460809.658333333,1488.962449147806,5117.997864421115,1350.3803489284342
2460809.6590277776,1166.6543315442543,5090.989295450873,1716.9894118990449
2460809.659722222,835.1340142155628,5023.726637169459,2069.9743602462904
2460809.660416667,497.0255105061094,4916.745362925769,2406.5363656090067
2460809.6611111113,155.00440213627667,4770.897182922945,2724.0087205749815
2460809.6618055557,-188.2238527894468,4587.34255526874,3019.878156186668
2460809.6625,-529.9457125064552,4367.540671285461,3291.8047309362746
2460809.6631944445,-867.4612456984238,4113.237062442681,3537.6401423451575
2460809.663888889,-1198.1055396882048,3826.4489962772464,3755.4443389140465
2460809.6645833333,-1519.2696563532984,3509.4488373399804,3943.500340768119
2460809.6652777777,-1828.4209800843353,3164.745560242094,4100.32719716023
2460809.665972222,-2123.122827704688,2795.0645955604064,4224.691036049841
2460809.667361111,-2660.0225711200765,1992.6224602686916,4372.382268506953
2460809.668055556,-2897.9906232281455,1566.193292194695,4394.5495088865755
2460809.66875,-3113.0818469114056,1127.4012623469687,4381.941837947437
2460809.6694444446,-3303.5999240369733,679.7057147723888,4334.658208881544
2460809.670138889,-3468.0408204644414,226.6361515552082,4253.069875020555
2460809.6708333334,-3605.1045130204493,-228.23492229422396,4137.8177128309335
2460809.671527778,-3713.705272984365,-681.3195480321048,3989.8075774903705
2460809.672222222,-3792.9804269095807,-1129.0421001071409,3810.2036921250797
2460809.6729166666,-3842.297513021959,-1567.8671392432893,3600.4200780517926
2460809.673611111,-3861.2597531195574,-1994.3271595521583,3362.1100358912136
2460809.6743055554,-3849.7097581089356,-2405.0500205208377,3097.1537082504233
2460809.675,-3807.7313948033006,-2796.785858621014,2807.643763996167
2460809.675694444,-3735.6497485305827,-3166.433250881843,2495.8692665495505
2460809.676388889,-3634.029130488876,-3511.0643892021562,2164.297814446808
2460809.6770833335,-3503.6690974855164,-3827.9490186567523,1815.5560683925812
2460809.677777778,-3345.5984731786625,-4114.576892495891,1452.408805079571
2460809.6784722223,-3161.067384983978,-4368.678499165546,1077.7366662717302
2460809.6791666667,-2951.537360187133,-4588.243825476779,694.5128010473534
2460809.679861111,-2718.66955318945,-4771.538940995836,305.77861978466655
2460809.6805555555,-2464.3112051589524,-4917.120212321042,-85.38110137651188
2460809.68125,-2190.4804662261536,-5023.845985979972,-475.8635112863917
2460809.6819444443,-1899.34973535292,-5090.885614957488,-862.5731081637975
2460809.6826388887,-1593.22769641664,-5117.725742440699,-1242.4470319533216
2460809.683333333,-1274.540246333771,-5104.173798433862,-1612.4799642251503
2460809.684027778,-945.8105212017657,-5050.358706186057,-1969.7483882720546
2460809.6847222224,-609.6382383576791,-4956.72883547236,-2311.433972243633
2460809.685416667,-268.6785688883185,-4824.04727793145,-2634.8458652730014
2460809.686111111,74.37924791119873,-4653.384551771694,-2937.441719595217
2460809.6868055556,416.83334144320173,-4446.108873104767,-3216.847275597212
2460809.6875,755.9905137402881,-4203.874148561366,-3470.8743839028366
2460809.6881944444,1089.1872296350969,-3928.605864722619,-3697.5373557773964
2460809.688888889,1413.8101427681868,-3622.4850519649544,-3895.0675707537284
2460809.689583333,1727.3160180076209,-3287.930506259074,-4061.9262874529904
2460809.6902777776,2027.2509288900517,-2927.579451944827,-4196.815625132709
2460809.690972222,2311.2686349917135,-2544.2668111875028,-4298.68770450872
2460809.691666667,2577.1480444400995,-2141.0032507661326,-4366.751940185143
2460809.6923611113,2822.809691897936,-1720.9521513180816,-4400.480491406822
2460809.6930555557,3046.331162981101,-1287.40564050098,-4399.611876460168
2460809.69375,3245.9614018072507,-843.7598223009566,-4364.1527571369
2460809.6944444445,3420.1338419991566,-393.4893244750397,-4294.377897534532
2460809.695138889,3567.4783004682176,59.878721006863096,-4190.8282956892535
2460809.6958333333,3686.8315632530375,512.7911315909998,-4054.3074854755832
2460809.6965277777,3777.2465982122217,961.6954500339832,-3885.8759996483486
2460809.697222222,3838.000313935516,1403.0668934852222,-3686.843989423037
2460809.6979166665,3868.5997871277236,1833.4353327176495,-3458.7619958405035
2460809.698611111,3868.7868749916197,2249.4121362348633,-3203.409875260556
2460809.699305556,3838.541129752044,2647.716688624792,-2922.783898025668
2460809.7,3778.080938270354,3025.2023862869646,-2619.082050499293
2460809.7006944446,3687.8628162663044,3378.88189233306,-2294.687592039494
2460809.701388889,3568.578801514126,3705.951411960769,-1952.1509490688597
2460809.7020833334,3421.1519064112035,4003.8137523219175,-1594.1700460302388
2460809.702777778,3246.729613654334,4270.099916140213,-1223.5692099179362
2460809.703472222,3046.6754212531578,4502.6889888998085,-843.2768052323147
2460809.7041666666,2822.558477058886,4699.72607827021,-456.30179703951694
2460809.704861111,2576.1413640549517,4859.638094418801,-65.70944614500183
2460809.7055555554,2309.366133907724,4981.147171037883,325.4036237551974
2460809.70625,2024.3387157434142,5063.281560782317,713.9347331891047
2460809.706944444,1723.3118461335914,5105.383876453118,1096.8005752439185
2460809.707638889,1408.6666992334058,5107.116582134165,1470.9624932543265
2460809.709027778,748.5706811475965,4989.735606794381,2181.3917333589598
2460809.7097222223,408.34474185204147,4871.556295513576,2512.025261439161
2460809.7104166667,64.9077880034161,4714.867595482378,2822.732767940397
2460809.711111111,-279.02379488737137,4520.916026875763,3111.0551767417987
2460809.7118055555,-620.7312656929711,4291.243078036323,3374.712892251347
2460809.7125,-957.515212082451,4027.672171010623,3611.6235725377464
2460809.7131944443,-1286.7169000023348,3732.2934723874823,3819.9181676743365
2460809.7138888887,-1605.7391304051819,3407.4467246692748,3997.955142787836
2460809.714583333,-1912.0664489734138,3055.7022879642664,4144.33281896655
2460809.715277778,-2203.2845856910553,2679.8405694848852,4257.899794947787
2460809.7159722224,-2477.0990067160988,2282.8300218826607,4337.763421750308
2460809.716666667,-2731.3524792597605,1867.8038803027473,4383.296317507292
2460809.717361111,-2964.0415587441516,1438.0358026354784,4394.140916741167
2460809.7180555556,-3173.3319192163804,996.9145626962548,4370.212053124912
2460809.71875,-3357.572444974304,547.917952769152,4311.697575204592
2460809.7194444444,-3515.3080118377907,94.5860334499048,4219.056995367077
2460809.720138889,-3645.2908780495077,-359.50611581605546,4093.0181716292045
2460809.720833333,-3746.4906084316876,-810.7759986678576,3934.57202191602
2460809.7215277776,-3818.102450174731,-1255.6614954423253,3744.9652728147607
2460809.722222222,-3859.554077388646,-1690.648673862809,3525.691251905769
2460809.722916667,-3870.5106232185344,-2112.299434888863,3278.4787394957957
2460809.7236111113,-3850.877919615296,-2517.2787888659145,3005.278911626735
2460809.7243055557,-3800.803872458502,-2902.381545732555,2708.250422721148
2460809.725,-3720.6779103593876,-3264.558187047816,2389.742699166635
2460809.7256944445,-3611.1284600145805,-3600.939680649356,2052.277537094412
2460809.726388889,-3473.018421890365,-3908.860985060351,1698.52913115203
2460809.7270833333,-3307.438640921322,-4185.8830013965,1331.302679445714
2460809.7277777777,-3115.6993967108233,-4429.8127246507165,953.5117487815177
2460809.728472222,-2899.3199617734676,-4638.721370778023,568.1545975407663
2460809.7291666665,-2660.0163115480736,-4810.9602651747655,178.28968931618348
2460809.729861111,-2399.6870944606044,-4945.174313422257,-212.98936254815413
2460809.730555556,-2120.398000578965,-5040.31290267366,-602.579160753434
2460809.73125,-1824.364690992635,-5095.638120389284,-987.3919373463661
2460809.7319444446,-1513.9344730355351,-5110.730216334128,-1364.3807487330832
2460809.732638889,-1191.5669209108637,-5085.490276443973,-1730.5641958362087
2460809.7333333334,-859.8136517122234,-5020.140117710294,-2083.0504253342347
2460809.734027778,-521.2974750955448,-4915.219453016905,-2419.0601824936875
2460809.734722222,-178.69113090382908,-4771.580411191277,-2735.948712970028
2460809.7354166666,165.3041735535581,-4590.379529329749,-3031.2263334993654
2460809.736111111,507.98022922781405,-4373.0673587097035,-3302.577523295609
2460809.7368055554,846.6431026940917,-4121.37584918093,-3547.878409675781
2460809.7375,1178.634064072081,-3837.303682255028,-3765.212560777595
2460809.738194444,1501.3500055629331,-3523.0997400037336,-3952.8850103909394
2460809.738888889,1812.2632266900698,-3181.244886051375,-4109.434476285763
2460809.7395833335,2108.940467100187,-2814.4322399526,-4233.643742648273
2460809.740277778,2389.0610921124025,-2425.546111977406,-4324.5481976291485
2460809.7409722223,2650.434346263686,-2017.6397579438803,-4381.442524688264
2460809.7416666667,2891.015602362878,-1593.91210078057,-4403.885553124605
2460809.742361111,3108.9215409873946,-1157.683553566216,-4391.703274620316
2460809.7430555555,3302.4441967944003,-712.3710736853753,-4344.990031086155
2460809.74375,3470.0638103029905,-261.4625702525827,-4264.10787697267
2460809.7444444443,3610.4604239919277,191.50922266282686,-4149.684113249159
2460809.7451388887,3722.5241498811333,642.9932732683509,-4002.6069893596423
2460809.745833333,3805.364040220209,1089.4470634333018,-3824.0195638204527
2460809.746527778,3858.3154794657303,1527.363534369381,-3615.3117190041103
2460809.7472222224,3880.9460171332407,1953.2980158627715,-3378.1103280289058
2460809.747916667,3873.059557562184,2363.89496989447,-3114.2675791903625
2460809.748611111,3834.698823808844,2755.9143527298643,-2825.8474817420392
2460809.7493055556,3766.1460195175077,3126.257393566725,-2515.1105888711386
2460809.7506944444,3540.78125192486,3790.3744962564247,-1836.6077295117545
2460809.751388889,3385.710593424437,4078.8766261200485,-1474.1845514441807
2460809.752083333,3203.9183421008274,4335.202280709394,-1100.0884692063548
2460809.7527777776,2996.827209950726,4557.309001121291,-717.2769763593251
2460809.753472222,2766.063022905079,4743.424851936801,-328.78030628522515
2460809.754166667,2513.4419898717574,4892.063508986078,62.323105249713365
2460809.7548611113,2240.9562460838483,5002.036939172959,452.9317064339023
2460809.7555555557,1950.7578043874264,5072.465515538216,839.9462083907774
2460809.75625,1645.1410722438825,5102.785447969012,1220.2949951883315
2460809.7569444445,1326.5241154704238,5092.75344848029,1590.9592996286224
2460809.757638889,997.4288674447919,5042.448591784815,1948.997884425511
2460809.7583333333,660.460493013141,4952.271373276538,2291.570981393989
2460809.7590277777,318.2861259046962,4822.940006702166,2615.9632546232397
2460809.759722222,-26.38680573002655,4655.484039434324,2919.6055804198186
2460809.7604166665,-370.8324475285472,4451.235397679202,3200.0954538811056
2460809.761111111,-712.3283787019026,4211.8169992471,3455.2158664981657
2460809.761805556,-1048.1772711150375,3939.129092268485,3682.9525239229815
2460809.7625,-1375.72816938407,3635.3334940343934,3881.509299682557
2460809.7631944446,-1692.3972347022604,3302.835909310563,4049.3218490742743
2460809.763888889,-1995.6878073160344,2944.266514229236,4185.069326582377
2460809.7645833334,-2283.209666264125,2562.4589832250795,4287.6841732620915
2460809.765277778,-2552.697372231373,2160.428138793748,4356.359950945338
2460809.765972222,-2802.027599317698,1741.3463886735053,4390.557214532339
2460809.7666666666,-3029.2353679844296,1308.5191092172893,4390.007417774386
2460809.767361111,-3232.529094957639,865.359133145968,4354.714851717824
2460809.7680555554,-3410.3043886245273,415.36047781403136,4284.956616189462
2460809.76875,-3561.156505539628,-37.92852505988056,4181.280624646855
2460809.769444444,-3683.891398347,-490.9325685034077,4044.501640425907
2460809.770138889,-3777.5352686018236,-940.0770101671777,3875.695346253489
2460809.7708333335,-3841.3425455961556,-1381.81565690329,3676.190450406524
2460809.771527778,-3874.802207289079,-1812.6585187168173,3447.5588391025544
2460809.7722222223,-3877.642360131029,-2229.1993382578776,3191.6037973009893
2460809.7729166667,-3849.832999968675,-2628.1426883543168,2910.3463353991497
2460809.773611111,-3791.586883453054,-3006.3304215303247,2606.009673639502
2460809.7743055555,-3703.3584513651344,-3360.7672291520867,2281.0019670635184
2460809.775,-3585.84076211808,-3688.6450710091217,1937.897372198444
2460809.7756944443,-3439.9604145228996,-3987.366224195572,1579.415588969013
2460809.7763888887,-3266.870462564405,-4254.564706028973,1208.4000357890513
2460809.777083333,-3067.9413535085837,-4488.125830084691,827.7948467804622
2460809.777777778,-2844.749949440089,-4686.203672422716,440.6209027277615
2460809.7784722224,-2599.0667199023537,-4847.236248051618,49.95112538240079
2460809.779166667,-2332.8412278404257,-4969.958220890257,-341.114709202685
2460809.779861111,-2048.1860506583066,-5053.411011481744,-729.4753852249737
2460809.7805555556,-1747.359309862027,-5096.95019818087,-1112.053618838103
2460809.78125,-1432.745995717528,-5100.25015261845,-1485.821129075046
2460809.7819444444,-1106.8382936000362,-5063.3058892182435,-1847.823150321328
2460809.782638889,-772.2151241047001,-4986.432150957117,-2195.2021485401146
2460809.783333333,-431.5211142226761,-4870.259791373029,-2525.2205205725422
2460809.7840277776,-87.44521652926042,-4715.729548717261,-2835.282078418621
2460809.784722222,257.30082008336257,-4524.083335661608,-3122.9521532035615
2460809.785416667,600.0039259293376,-4296.8531952638905,-3385.9761721087566
2460809.7861111113,937.9709554901143,-4035.848087619103,-3622.2966001676145
2460809.7868055557,1268.5495338427254,-3743.1386863670664,-3830.068158724973
2460809.7875,1589.1483638966542,-3421.040363037204,-4007.671264257817
2460809.7881944445,1897.2568623140883,-3072.094543669923,-4153.723645797896
2460809.788888889,2190.4640191862964,-2699.048609097761,-4267.090123642237
2460809.7895833333,2466.476386073344,-2304.8345060530987,-4346.890541060762
2460809.7902777777,2723.135113716181,-1892.5462212054535,-4392.505851329449
2460809.790972222,2958.431965150203,-1465.4162661008706,-4403.582365212762
2460809.792361111,3357.748573281994,-580.1070118729408,-4322.043702312518
2460809.793055556,3518.6334585757827,-128.86240885700056,-4230.060540955493
2460809.79375,3651.910579883885,323.40642133883745,-4104.798308895942
2460809.7944444446,3756.5247309300653,773.1528973679151,-3947.2297856175824
2460809.795138889,3831.642336457842,1216.8467782588275,-3758.580159013782
2460809.7958333334,3876.658466291764,1651.0010953122737,-3540.3184311470673
2460809.796527778,3891.2022611040716,2072.1990173698546,-3294.146977559832
2460809.797222222,3875.1406865089207,2477.1204753191237,-3021.9892706487503
2460809.7979166666,3828.5805333746325,2862.568352105426,-2725.9757917946163
2460809.798611111,3751.868589227403,3225.494021653989,-2408.4281799359046
2460809.7993055554,3645.5899173935327,3563.0220110826303,-2071.84168423923
2460809.8,3510.5641962012446,3872.4735464262526,-1718.8660162083163
2460809.800694444,3347.8400902918797,4151.388737417246,-1352.2847229710983
2460809.801388889,3158.687652256277,4397.547152424388,-974.9932371835091
2460809.8020833335,2944.588777388915,4608.986547825496,-589.9757796581064
2460809.802777778,2707.225765837664,4784.019523867477,-200.28132290926257
2460809.8034722223,2448.46807541415,4921.2479026125275,191.00115697648852
2460809.8041666667,2170.3573780595248,5019.574649859432,580.7678943226026
2460809.804861111,1875.091061985755,5078.213195365415,965.9257541178644
2460809.8055555555,1565.0043429578498,5096.694043984964,1343.4175976494876
2460809.80625,1242.5511747327398,5074.868608569899,1710.2473251782626
2460809.8069444443,910.2841581235509,5012.910238840982,2063.5043431048357
2460809.8076388887,570.8336637302233,4911.31246007838,2400.3872092829624
2460809.808333333,226.8863879471572,4770.88447612006,2718.226229911394
2460809.809027778,-118.83644525547926,4592.744024067661,3014.5048102088035
2460809.8097222224,-463.6010175923541,4378.307702759139,3286.8793747871855
2460809.810416667,-804.6827896645459,4129.278917335465,3533.19771476846
2460809.811111111,-1139.388121911263,3847.633604704259,3751.5156363851984
2460809.8118055556,-1465.0754714281231,3535.603916233899,3940.1118173370596
2460809.8125,-1779.176013072583,3195.6600367835554,4097.500803282686
2460809.8131944444,-2079.2135440533093,2830.4903253863363,4222.444093942055
2460809.813888889,-2362.823552460249,2442.979956157454,4313.95928958344
2460809.814583333,-2627.771345109818,2036.188229616015,4371.327281363846
2460809.8152777776,-2871.96913741798,1613.3247222951804,4394.097476428684
2460809.815972222,-3093.4920211367,1177.7244296331455,4382.091056133672
2460809.816666667,-3290.592729816011,732.8220517363043,4335.4022670429185
2460809.8173611113,-3461.7151243725466,282.1255673014664,4254.397744440737
2460809.8180555557,-3605.506319468166,-170.81075443160879,4139.713868767838
2460809.81875,-3720.8273748741267,-622.4137631143384,3992.2521534590737
2460809.8194444445,-3806.762467168042,-1069.1190949541783,3813.1726662974697
2460809.820138889,-3862.626459857639,-1507.398936051903,3603.885489288228
2460809.8208333333,-3887.9707871227856,-1933.7896993017162,3366.0402310846443
2460809.8215277777,-3882.5875690050793,-2344.9194199795857,3101.5136174454183
2460809.822222222,-3846.5118807044432,-2737.534658150523,2812.395201992073
2460809.8229166665,-3780.0221077499773,-3108.526682368686,2500.9712593372847
2460809.823611111,-3683.638332831708,-3454.95669386131,2169.7069492209407
2460809.824305556,-3558.1187176371445,-3774.0798479849072,1821.2268628763193
2460809.825,-3404.4538644098866,-4063.3678239325623,1458.294091924554
2460809.8256944446,-3223.859169870557,-4320.529693652723,1083.7879930866775
2460809.826388889,-3017.7652088671007,-4543.530860127579,700.680839032854
2460809.8270833334,-2787.8062164017215,-4730.609845180147,312.01357604678964
2460809.827777778,-2535.8067686485374,-4880.29273174151,-79.12906894771943
2460809.828472222,-2263.7667879636288,-4991.4051002955575,-469.64388284401423
2460809.8291666666,-1973.8450256312422,-5063.081330110914,-856.4345988662648
2460809.829861111,-1668.3412009932897,-5094.771175535624,-1236.4371994230353
2460809.8305555554,-1349.6769880955994,-5086.24357053952,-1606.6448337877432
2460809.83125,-1020.3760616373421,-5037.587653852534,-1964.1320952662425
2460809.831944444,-683.0434146638714,-4949.211049094915,-2306.0784279240524
2460809.832638889,-340.344167863584,-4821.835471191719,-2629.7904471699603
2460809.834027778,350.32202188580555,-4454.500496234826,-3212.4987264023594
2460809.8347222223,692.8517310663877,-4217.4802894931045,-3466.9262160640587
2460809.8354166667,1029.9162450702293,-3947.314013796382,-3694.016285720509
2460809.836111111,1358.871130315692,-3646.1430642233654,-3891.9966698263315
2460809.8368055555,1677.1385009679475,-3316.3478789903324,-4059.3248513350336
2460809.8375,1982.2265007431195,-2960.528882834037,-4194.699075539314
2460809.8381944443,2271.747980620726,-2581.4860270056665,-4297.067520060786
2460809.8388888887,2543.4382819245347,-2182.197089217419,-4365.63561730671
2460809.839583333,2795.1720508824114,-1765.7948789981454,-4399.871534306192
2460809.840277778,3024.979010902417,-1335.5434936436707,-4399.509814924777
2460809.8409722224,3231.058631887809,-894.81374975101,-4364.553192102385
2460809.841666667,3411.793632759175,-447.0579141876213,-4295.2725731672435
2460809.842361111,3565.7622531269462,4.216146064562363,-4192.205198012331
2460809.8430555556,3691.7492265584933,455.4712747907516,-4056.1509661807004
2460809.84375,3788.755383533407,903.1676749302255,-3888.166925409063
2460809.8444444444,3856.0058050197654,1343.7897555732925,-3689.559915574251
2460809.845138889,3892.956445362854,1773.8730326178352,-3461.877363289929
2460809.845833333,3899.2991386948815,2190.0309157612196,-3206.8962314584915
2460809.8465277776,3874.9649042470437,2588.9811999984017,-2926.6101390113427
2460809.847222222,3820.1254695928237,2967.5720599442375,-2623.214683311205
2460809.847916667,3735.192939193178,3322.8073296140233,-2299.0910178693834
2460809.8486111113,3620.8175478373773,3651.8708369141773,-1956.787761268687
2460809.8493055557,3477.8834572293736,3952.1495475834145,-1599.0013445700054
2460809.85,3307.5025743654164,4221.255275775641,-1228.5549271169987
2460809.8506944445,3111.0063958296423,4457.044715841014,-848.3760422782883
2460809.851388889,2889.9359121138427,4657.637557564929,-461.4731649819241
2460809.8520833333,2646.029631987356,4821.432468228942,-70.91140985042558
2460809.8527777777,2381.2098219248655,4947.120740926577,320.212400463392
2460809.853472222,2097.5670809487015,5033.697442820349,708.7950491398982
2460809.8541666665,1797.343399848657,5080.469928521846,1091.752359997209
2460809.854861111,1482.9138783328833,5087.06362225726,1466.044487344174
2460809.855555556,1156.7672924890762,5053.425013839251,1828.7007988205291
2460809.85625,821.4857190607224,4979.82185477073,2176.844098428915
2460809.8569444446,479.7234309266049,4866.8405807120425,2507.713952583217
2460809.857638889,134.18528526472744,4715.381025366457,2818.688897945251
2460809.8583333334,-212.39518014445838,4526.6485248036915,3107.3073381396925
2460809.859027778,-557.277733880697,4302.143539157557,3371.2869620936845
2460809.859722222,-897.7373201519875,4043.6489436989373,3608.5425416425824
2460809.8604166666,-1231.0856287212782,3753.2151557223074,3817.2019981284034
2460809.861111111,-1554.6921982320807,3433.143274344113,3995.6206517740784
2460809.8618055554,-1866.0049011519104,3085.966417027049,4142.39359051528
2460809.8625,-2162.56968058202,2714.429431740981,4256.366118288844
2460809.863194444,-2442.049420116528,2321.467163509163,4336.642255956534
2460809.863888889,-2702.241845526952,1910.1814431631121,4382.5912821590155
2460809.8645833335,-2941.0963651593174,1483.8169610148948,4393.852307873728
2460809.865277778,-3156.7297652740617,1045.736178697603,4370.336883476905
2460809.8659722223,-3347.4406805193353,599.3934271976094,4312.229638344785
2460809.8666666667,-3511.722761675749,148.3083355249866,4219.986952851942
2460809.867361111,-3648.276461108085,-303.9612616386121,4094.333662860184
2460809.8680555555,-3756.0193578151716,-753.8467943709811,3936.257794909079
2460809.86875,-3834.0949352211396,-1197.7966360336336,3747.003337072012
2460809.8694444443,-3881.879730653303,-1632.3038310256725,3528.061050303845
2460809.8701388887,-3898.9887691953836,-2053.933679195905,3281.1573393113645
2460809.870833333,-3885.279200839813,-2459.3509774102595,3008.24121406517
2460809.871527778,-3840.852065286126,-2845.3467058128417,2711.4693881168746
2460809.8722222224,-3766.05211901567,-3208.8639229404466,2393.1895872538257
2460809.872916667,-3661.4656742774623,-3547.0226337150348,2055.922160189628
2460809.873611111,-3527.916420131193,-3857.1433767702592,1702.3401185698428
2460809.8743055556,-3366.4592160622337,-4136.769290308356,1335.247749633814
2460809.8756944444,-2965.145010839172,-4595.941946918151,572.268736392104
2460809.876388889,-2728.4699428794884,-4771.860412773211,182.43839200959457
2460809.877083333,-2470.224907142652,-4910.057275748718,-208.83922547332492
2460809.8777777776,-2192.4595674907546,-5009.450126527192,-598.4602387284192
2460809.878472222,-1897.3780731322363,-5069.267158832644,-983.3361355742035
2460809.879166667,-1587.3208176119215,-5089.052914294197,-1360.4189748287877
2460809.8798611113,-1264.745101211963,-5068.671253103131,-1726.726121124784
2460809.8805555557,-932.20490925796,-5008.305555923517,-2079.364261317936
2460809.88125,-592.3300232791613,-4908.456202979438,-2415.5524753095588
2460809.8819444445,-247.80468262270773,-4769.935412582314,-2732.6441561273145
2460809.882638889,98.65399379808204,-4593.859551787067,-3028.1476025171382
2460809.8833333333,444.31761939887895,-4381.639060175802,-3299.745129232129
2460809.8840277777,786.4680019684861,-4134.9661440046375,-3545.3105772586196
2460809.884722222,1122.4182774042963,-3855.800417085476,-3762.9251244968445
2460809.8854166665,1449.5335703254095,-3546.3526620398284,-3950.8913355384866
2460809.886111111,1765.2510384518741,-3209.0668977091927,-4107.7453993433555
2460809.886805556,2067.099189492696,-2846.6009251672594,-4232.26753303382
2460809.8875,2352.716369555082,-2461.805520460168,-4323.49053978871
2460809.8881944446,2619.868335468448,-2057.702433709798,-4380.706519486527
2460809.888888889,2866.4648379079963,-1637.4613386691783,-4403.471738108274
2460809.8895833334,3090.575146963724,-1204.375868602524,-4391.6096623319745
2460809.890277778,3290.442455863834,-761.838865811679,-4345.212165011456
2460809.890972222,3464.497100469482,-313.3169636662456,-4264.638903904512
2460809.8916666666,3611.368527311163,137.67537612006774,-4150.514872560988
2460809.892361111,3729.89594345858,587.60225736868,-4003.726116878221
2460809.8930555554,3819.137569787505,1032.9330377882072,-3825.4136115982133
2460809.89375,3878.3784200485807,1470.1691798869092,-3616.965288989366
2460809.894444444,3907.1365200143596,1895.8711061870763,-3380.0062193106314
2460809.895138889,3905.1674813540885,2306.684891990568,-3116.386948797634
2460809.8958333335,3872.4673447134473,2699.3686056544325,-2828.170015921256
2460809.896527778,3809.273612663105,3070.8180874608206,-2517.6146863988065
2460809.8972222223,3716.0644025275024,3418.0919488343666,-2187.159964801451
2460809.8979166667,3593.555662986874,3738.4355541171954,-1839.4059697000514
2460809.898611111,3442.6964178996354,4029.303740440039,-1477.0937867433515
2460809.8993055555,3264.6620236989575,4288.382029804766,-1103.0839419645877
2460809.9,3060.845451566522,4513.606092665399,-720.333663448225
2460809.9006944443,2832.8466378656985,4703.1792278508665,-331.8731336746209
2460809.9013888887,2582.459971699425,4855.587649100987,59.219051741421964
2460809.902083333,2311.660023476939,4969.613386342473,449.8409737193954
2460809.902777778,2022.5856434614088,5044.3446452270955,836.8927758341626
2460809.9034722224,1717.5225886223302,5079.183501528403,1217.3020816463898
2460809.904166667,1398.8848547355165,5073.850847586971,1588.049181934364
2460809.904861111,1069.1949145231195,5028.388547512222,1946.1917275541132
2460809.9055555556,731.0630699960869,4943.158800725978,2288.8886820513485
2460809.90625,387.16613654782435,4818.840751982466,2613.4233014251854
2460809.9069444444,40.225680042424756,4656.424424015742,2917.2249280590822
2460809.907638889,-307.0139795759512,4457.202080683925,3197.8894149582775
2460809.908333333,-651.8077913570794,4222.757155166814,3453.1980212919793
2460809.9090277776,-991.4318255648463,3954.950901206239,3681.134646196115
2460809.909722222,-1323.2047810699949,3655.9069346070587,3879.9013016092476
2460809.910416667,-1644.508978811497,3327.993848788835,4047.931741603585
2460809.9111111113,-1952.8107032850032,2973.806080937744,4183.903197998962
2460809.9118055557,-2245.679760045068,2596.143211313701,4286.746183409785
2460809.9125,-2520.8081377160656,2197.987869163681,4355.652341547404
2460809.9131944445,-2776.0276744709017,1782.4824124506115,4390.080334340715
2460809.913888889,-3009.3266415333624,1352.90453595489,4389.759762275347
2460809.9145833333,-3218.8651558794318,912.6419663665498,4354.693116460984
2460809.9152777777,-3402.9893480484784,465.1663817673613,4285.155763366402
2460809.915972222,-3560.244202199925,14.006706716665288,4181.693961457968
2460809.917361111,-3789.387218464533,-885.1264253119614,3876.5108279434075
2460809.918055556,-3859.4550008513297,-1326.0019535721424,3677.1910720579494
2460809.91875,-3899.027773742064,-1756.4210667350164,3448.732297157576
2460809.9194444446,-3907.785267172982,-2172.9804550081094,3192.936686354083
2460809.920138889,-3885.6506508257658,-2572.384160470288,2911.824283470317
2460809.9208333334,-3832.791781337002,-2951.470021502783,2607.617485767331
2460809.921527778,-3749.6204891502844,-3307.235260523268,2282.7237726022436
2460809.922222222,-3636.789859447451,-3636.86096795536,1939.7167760950347
2460809.9229166666,-3495.1894827365686,-3937.735234904169,1581.3158251329758
2460809.923611111,-3325.938674522937,-4207.47468806253,1210.3641214903814
2460809.9243055554,-3130.3776915457174,-4443.944186274191,829.8057359170895
2460809.925,-2910.057001461732,-4645.274454196762,442.6616361652014
2460809.925694444,-2666.724691661476,-4809.87745103878,52.0049780273643
2460809.926388889,-2402.3121349486996,-4936.459297518979,-339.0640882980457
2460809.9270833335,-2118.9180552755274,-5024.030620661694,-727.4438378951514
2460809.927777778,-1818.7911601456033,-5071.914212428933,-1110.0563541748293
2460809.9284722223,-1504.3115324074895,-5079.749937060018,-1483.8726068537646
2460809.9291666667,-1177.9709810138722,-5047.496866461568,-1845.9369767094156
2460809.929861111,-842.352567443753,-4975.432661126827,-2193.3909831053934
2460809.9305555555,-500.10952536147835,-4864.150254336501,-2523.495994710494
2460809.93125,-153.9437883606031,-4714.551931152043,-2833.6547284265375
2460809.9319444443,193.41566101305858,-4527.840925199224,-3121.4313634158066
2460809.9326388887,539.2344261794525,-4305.510678078814,-3384.5701326521953
2460809.933333333,880.7941287640706,-4049.3319258381007,-3621.0122766199197
2460809.934027778,1215.4134714014517,-3761.3377879239006,-3828.9112743435226
2460809.9347222224,1540.4687863732113,-3443.807035388174,-4006.64629401085
2460809.935416667,1853.4139352371071,-3099.2457213853822,-4152.833821482963
2460809.936111111,2151.7994536222222,-2730.367342343379,-4266.337450093042
2460809.9368055556,2433.2908407897626,-2340.071698448533,-4346.275822056871
2460809.9375,2695.6859157904933,-1931.4226016986988,-4392.028725118011
2460809.9381944444,2936.9311617728654,-1507.624580992396,-4403.241348660053
2460809.938888889,3155.136998212932,-1071.9987071286355,-4379.82670783304
2460809.939583333,3348.5919117371227,-627.9576693845721,-4321.966239084412
2460809.9402777776,3515.775383765756,-178.98021982258422,-4230.108569190583
2460809.940972222,3655.369548612083,271.41489938892653,-4104.966453717662
2460809.941666667,3766.2695066492934,719.6954140198084,-3947.5118805484385
2460809.9423611113,3847.5922196781994,1162.3422433645171,-3758.9693281482428
2460809.9430555557,3898.6839016123704,1595.8763360005469,-3540.8071772117423
2460809.94375,3919.1258219474475,2016.8854692590428,-3294.7272726622855
2460809.9444444445,3908.7384331015564,2422.050829152977,-3022.6526494199393
2460809.945138889,3867.583737790474,2808.1731792309865,-2726.713447043899
2460809.9458333333,3795.965818394474,3172.1984055811486,-2409.2310592409676
2460809.9465277777,3694.429461540391,3511.2422114609567,-2072.70058665645
2460809.947222222,3563.756826443523,3822.613723527374,-1719.7716870452325
2460809.9479166665,3404.9621271325855,4103.8377616321495,-1353.2279487893395
2460809.948611111,3219.284320918302,4352.675530000747,-975.9649360890822
2460809.949305556,3008.177824298694,4567.143487642956,-590.9670877867806
2460809.95,2773.301307596948,4745.530171048901,-201.2836770967354
2460809.9506944446,2516.504646603987,4886.410765231779,189.9959439150329
2460809.951388889,2239.8141450184644,4988.659240237525,579.7675634039595
2460809.9520833334,1945.416163855457,5051.457908247289,964.9375390354716
2460809.952777778,1635.639322752627,5074.304289214684,1342.4481715849008
2460809.953472222,1312.9354629204634,5057.0152143193445,1709.3027543724597
2460809.9541666666,979.8595654386255,4999.728138576294,2062.5900522197135
2460809.954861111,639.0488492804777,4902.899673290978,2399.5079527371086
2460809.9555555554,293.20125783589265,4767.301388693719,2717.386076196425
2460809.95625,-54.946438412030275,4594.012973884817,3013.7071315562407
2460809.956944444,-402.64071638921683,4384.412869278038,3286.1268486908702
2460809.957638889,-747.1333428519123,4140.16651527415,3532.492332197842
2460809.959027778,-1415.677703311778,3555.7459154667554,3939.5040412009903
2460809.9597222223,-1734.4536970973877,3220.20169735322,4096.942231542422
2460809.9604166667,-2039.5176197417802,2859.2338011213824,4221.93421386634
2460809.961111111,-2328.4648819210324,2475.6947211295055,4313.49705653841
2460809.9618055555,-2599.018308946061,2072.612927045212,4370.911167011578
2460809.9625,-2849.045565730979,1653.1692438302046,4393.725521773938
2460809.9631944443,-3076.575471451268,1220.6722111707716,4381.760927953155
2460809.9638888887,-3279.8131235813794,778.5325690570309,4335.111317293421
2460809.964583333,-3457.1537523143797,330.23701221627596,4254.143071998839
2460809.965277778,-3607.195223135403,-120.67863688510754,4139.492382438844
2460809.9659722224,-3728.749108888218,-570.656693853028,3992.0606361229525
2460809.966666667,-3820.8502466085583,-1016.1451608583342,3813.007838831014
2460809.967361111,-3882.7646928179015,-1453.6253900543163,3603.744074447189
2460809.9680555556,-3913.9959916116877,-1879.6396879079985,3365.9190149991764
2460809.96875,-3914.2896690294397,-2290.8186584905475,3101.409509725788
2460809.9694444444,-3883.6358747358713,-2683.9080817039726,2812.3052925963552
2460809.970138889,-3822.270099099691,-3055.79509768977,2500.892872352833
2460809.970833333,-3730.671907849221,-3403.5334609964716,2169.637691046358
2460809.9715277776,-3609.5616547273617,-3724.3676168262405,1821.1646659954502
2460809.972222222,-3459.8951536472937,-4015.7553535361253,1458.2372537997835
2460809.972916667,-3282.856318127192,-4275.38878380949,1083.7352069901049
2460809.9736111113,-3079.847803549764,-4501.213419774236,700.6312180218315
2460809.9743055557,-2852.479718989882,-4691.445122276381,311.9666719807446
2460809.975,-2602.556503149223,-4844.584731475039,-79.17325572346421
2460809.9756944445,-2332.0620897505473,-4959.43021246182,-469.6849017575619
2460809.976388889,-2043.1435149479419,-5035.086185444293,-856.4715538918177
2460809.9770833333,-1738.0931418961973,-5070.970749432834,-1236.468762296507
2460809.9777777777,-1419.3296959656373,-5066.819548790128,-1606.6692633104954
2460809.978472222,-1089.3783180522164,-5022.6870727170335,-1964.1472656788605
2460809.9791666665,-750.8498550857443,-4938.9452187458355,-2306.081861834466
2460809.979861111,-406.4196030802493,-4816.279188987131,-2629.7793552404178
2460809.980555556,-58.80571782913682,-4655.680819886193,-2932.6943155066165
2460809.98125,289.2524959916044,-4458.439476598532,-3212.449197530763
2460809.9819444446,635.016225498142,-4226.130663310477,-3466.8523960997477
2460809.982638889,975.7685415160926,-3960.6025157553836,-3693.9146327051103
2460809.9833333334,1308.8353765270115,-3663.960354834342,-3891.8635953724424
2460809.984027778,1631.605951043351,-3338.54947717372,-4059.1567830045265
2460809.984722222,1941.552520526076,-2986.9363619120268,-4194.49251980164
2460809.9854166666,2236.249336837371,-2611.888463862245,-4296.819125440278
2460809.986111111,2513.3907353581426,-2216.3527498402755,-4365.342238481335
2460809.9868055554,2770.808263541237,-1803.433132632024,-4399.530294658502
2460809.9875,3006.486783967583,-1376.3669357963875,-4399.118168280876
2460809.988194444,3218.579482561335,-938.5005227508001,-4364.10898227815
2460809.988888889,3405.4217207582074,-493.26420694075887,-4294.77409102022
2460809.9895833335,3565.5436639580635,-44.14656440544833,-4191.6512351759375
2460809.990277778,3697.6816170741886,405.33173106291173,-4055.5408651595653
2460809.9909722223,3800.7879947671277,851.6444314385108,-3887.5006248406294
2460809.9916666667,3874.039843701454,1291.2864543833489,-3688.837990387781
2460809.992361111,3916.8458346054467,1720.8006987329454,-3461.101058822289
2460809.9930555555,3928.8516355277775,2136.804767728582,-3206.067491082441
2460809.99375,3909.9435793571574,2536.0174199787193,-2925.731624625143
2460809.9944444443,3860.2505416468143,2915.284548074463,-2622.28978748837
2460809.9951388887,3780.1439530583075,3271.6044667036444,-2298.1238675535105
2460809.995833333,3670.235883388638,3602.152280184609,-1955.7832136490285
2460809.996527778,3531.375150957936,3904.3030884527807,-1597.9649720979403
2460809.9972222224,3364.6414337751967,4175.653783366292,-1227.4929935745336
2460809.997916667,3171.3373835189145,4414.043192367648,-847.2954705084542
2460809.998611111,2952.978770924798,4617.570333653478,-460.38149277358184
2460809.9993055556,2711.282723255363,4784.610559956348,-69.81673822142821
2460810.0006944444,2165.670430565505,5004.1938828327275,709.869476974846
2460810.001388889,1866.0646465802563,5054.981343399702,1092.8027569866656
2460810.002083333,1551.7073078961516,5065.785385341171,1467.06118978834
2460810.0027777776,1225.0869831009138,5036.519169787077,1829.6739616601942
2460810.003472222,888.789913811654,4967.415876908056,2177.763789717437
2460810.004166667,545.4788684720097,4859.026410397208,2508.57025098529
2460810.0048611113,197.8714495062062,4712.214399083091,2819.471994717888
2460810.0055555557,-151.28192380852647,4528.148593119879,3108.0076394840535
2460810.00625,-499.22015007551124,4308.2927785545935,3371.8951918542994
2460810.0069444445,-843.1934953391408,4054.3933587498354,3609.049844160514
2460810.007638889,-1180.485370868036,3768.46476823556,3817.600038994814
2460810.0083333333,-1508.4336717432795,3452.7728926926684,3995.9017161840848
2460810.0090277777,-1824.451520617841,3109.8166777705596,4142.550678010066
2460810.009722222,-2126.047285555268,2742.3081029793316,4256.39303341427
2460810.0104166665,-2410.8437502667916,2353.1506979067904,4336.533693984612
2460810.011111111,-2676.5963319273815,1945.416769087499,4382.342908753661
2460810.011805556,-2921.2102534675564,1522.3234963379848,4393.460832513489
2460810.0125,-3142.756583743634,1087.2080508318072,4369.800125726211
2460810.0131944446,-3339.4870620182387,643.501885033161,4311.546586128235
2460810.013888889,-3509.8476288644756,194.7043351123171,4219.1578123947975
2460810.0145833334,-3652.490582068986,-255.64431866707366,4093.3598990327505
2460810.015277778,-3766.2852748944338,-703.9901850107271,3935.1421620735036
2460810.015972222,-3850.327270777578,-1146.7933283041093,3745.749898523512
2460810.0166666666,-3903.9458680722155,-1580.5554009982634,3526.6751873535763
2460810.017361111,-3926.709907512237,-2001.8471609704022,3279.645747225139
2460810.0180555554,-3918.4317764425896,-2407.33566489238,3006.611886453265
2460810.01875,-3879.1695326001086,-2793.8109343495826,2709.731587667245
2460810.019444444,-3809.2270782487485,-3158.211854145517,2391.3538036852356
2460810.020138889,-3709.152331175569,-3497.6510708646315,2054.0000542778293
2460810.0208333335,-3579.7333593372405,-3809.438636166846,1700.344452815493
2460810.021527778,-3421.9924663762163,-4091.1041551688295,1333.1923055117104
2460810.0222222223,-3237.178246617456,-4340.417187699689,955.457470776988
2460810.0229166667,-3026.7556504950435,-4555.40568060637,570.1386724144141
2460810.023611111,-2792.3941393937516,-4734.372211556483,180.29500305215134
2460810.0243055555,-2535.954031538135,-4875.907863975631,-210.9791450924806
2460810.025,-2259.471175080219,-4978.903575456066,-600.5794597564667
2460810.0256944443,-1965.1401059149034,-5042.558843042132,-985.4171380494512
2460810.0263888887,-1655.2958748510698,-5066.387705228991,-1362.4440974277054
2460810.027083333,-1332.3947399923763,-5050.22196412196,-1728.6777151159297
2460810.027777778,-998.9939397639029,-4994.211650384925,-2081.2248453030074
2460810.0284722224,-657.7307597885847,-4898.822774167676,-2417.3048921857376
2460810.029166667,-311.30111573102675,-4764.83244091449,-2734.2717295158045
2460810.029861111,37.56213535193456,-4593.321443384204,-3029.63428935006
2460810.0305555556,386.110951175079,-4385.6644669424895,-3301.0756693544963
2460810.03125,731.6037389391194,-4143.518063865309,-3546.4706377074995
2460810.0319444444,1071.326689876266,-3868.8065696991857,-3763.901438080427
2460810.032638889,1402.614663986945,-3563.7061350662693,-3951.671831631609
2460810.033333333,1722.8714819994518,-3230.627055075901,-4108.319326890813
2460810.0340277776,2029.5895098954338,-2872.1945676994746,-4232.625574849002
2460810.034722222,2320.368431388439,-2491.228289638936,-4323.62491687915
2460810.035416667,2592.9331213608384,-2090.720445236715,-4380.611085540651
2460810.0361111113,2845.1505442269277,-1673.8130316756974,-4403.142063299633
2460810.0368055557,3075.0456037955328,-1243.774060836137,-4391.043105407064
2460810.0375,3280.8158846514466,-803.9729950533845,-4344.407933708857
2460810.0381944445,3460.8452155649134,-357.85550314023243,-4263.598102822638
2460810.038888889,3613.7159898174204,91.08234868399077,-4149.240537355856
2460810.0395833333,3738.2201701309446,539.3203488008531,-4002.223235135878
2460810.0402777777,3833.368902441804,983.3407109823446,-3823.689128581989
2460810.040972222,3898.400655396741,1419.6548241983235,-3615.0280979482454
2460810.042361111,3936.2415351817986,2255.516241521216,-3114.0586690630366
2460810.043055556,3908.7150906449647,2648.4722775386094,-2825.66705655773
2460810.04375,3850.405091740812,3020.59159832934,-2514.9533076593593
2460810.0444444446,3761.7510466308336,3368.9273300444497,-2184.3580759666547
2460810.045138889,3643.43287655026,3690.7162791017045,-1836.4830168813735
2460810.0458333334,3496.3664561437663,3983.40171210014,-1474.0706238657103
2460810.046527778,3321.697145294883,4244.654654220698,-1099.982684031981
2460810.047222222,3120.791322421817,4472.393461593412,-717.1775260208584
2460810.0479166666,2895.2259567794063,4664.801437089596,-328.68625594588684
2460810.048611111,2646.776289834144,4820.342273392436,62.41179453781124
2460810.0493055554,2377.401723346905,4937.7731350327895,453.0141702860602
2460810.05,2089.230043968445,5016.1552181244615,840.0206874205743
2460810.050694444,1784.540140069017,5054.861663794288,1220.3588576189259
2460810.051388889,1465.7433877492144,5053.582740075483,1591.0090792822587
2460810.0520833335,1135.3639043057424,5012.328246666764,1949.0293338353938
2460810.052777778,796.0178808394353,4931.427139338212,2291.5791371936452
2460810.0534722223,450.3922097477693,4811.524409964043,2615.942517041109
2460810.0541666667,101.22262941669231,4653.575295038313,2919.549802739625
2460810.054861111,-248.72839737509474,4458.836918300749,3199.998042691239
2460810.0555555555,-596.6938636660366,4228.857499320375,3455.069891385124
2460810.05625,-939.9242571585874,3965.463283637112,3682.750832971853
2460810.0569444443,-1275.7092822768388,3670.7433588087097,3881.244642822509
2460810.0576388887,-1601.3990916666453,3347.03253975932,4048.9870033160996
2460810.058333333,-1914.4248902415109,2996.8924953589176,4184.657226024329
2460810.059027778,-2212.3187741198717,2623.0912996215256,4287.188039542964
2460810.0597222224,-2492.7326921903546,2228.581578400411,4355.77342401494
2460810.060416667,-2753.456429450072,1816.4774149357297,4389.87448202143
2460810.061111111,-2992.434517372355,1390.03017520437,4389.22334119158
2460810.0618055556,-3207.7819893605083,952.6033986445616,4353.825088689483
2460810.0625,-3397.7988975053154,507.64690228538785,4283.957737053644
2460810.0631944444,-3560.983509998494,58.67024256159906,4180.170221839958
2460810.063888889,-3696.0441094045473,-390.78432506380284,4043.2784295719825
2460810.064583333,-3801.9093044400006,-837.1692301530935,3874.3592575910548
2460810.0652777776,-3877.7367710577123,-1276.959160667876,3674.742708323976
2460810.065972222,-3922.9203329527686,-1706.6786478989327,3446.0020293107286
2460810.066666667,-3937.095294265823,-2122.92947504559,3189.941920357771
2460810.0673611113,-3920.141940383777,-2522.417706193729,2908.5848432629696
2460810.0680555557,-3872.187130098452,-2901.98011189786,2604.155492046098
2460810.06875,-3793.603914085417,-3258.6097640474873,2279.063498027243
2460810.0694444445,-3685.009131562395,-3589.480548906084,1935.8844797407264
2460810.070138889,-3547.25895688972,-3891.970356530266,1577.3395650223251
2460810.0708333333,-3381.4423928280266,-4163.682696126998,1206.2735474477174
2460810.0715277777,-3188.872734714271,-4402.4664980068,825.6318640484052
2460810.072222222,-2971.07705995778,-4606.433876301672,438.43660731073567
2460810.0729166665,-2729.7838258684924,-4773.975649906642,47.761802241495765
2460810.073611111,-2466.908691538822,-4903.774443197488,-343.2917986973169
2460810.074305556,-2184.538704524622,-4994.815224696117,-731.6221450918708
2460810.075,-1884.915021426927,-5046.393176538075,-1114.1512746936257
2460810.0756944446,-1570.4143474677846,-5058.118829914544,-1487.8503974663536
2460810.076388889,-1243.5293034855438,-5029.920440752573,-1849.764417254511
2460810.0770833334,-906.847929149631,-4962.0436225554495,-2197.0356580852704
2460810.077777778,-563.0325465489394,-4855.048290550807,-2526.9265684025777
2460810.078472222,-214.79819819672193,-4709.803006726506,-2836.8412112959045
2460810.0791666666,135.1091266798629,-4527.476845459884,-3124.345368564537
2460810.079861111,483.93427836124425,-4309.528923056098,-3387.1851189644035
2460810.0805555554,828.9345579557721,-4057.6957532293786,-3623.303777078639
2460810.08125,1167.4009872940999,-3773.976599600459,-3830.857109730753
2460810.081944444,1496.6790834962947,-3460.6170050958704,-4008.226767719059
2460810.082638889,1814.1890100275652,-3120.090672814339,-4154.031897502131
2460810.084027778,2404.0738721398357,-2368.4545286903985,-4346.669408725644
2460810.0847222223,2671.8328034757037,-1963.2501603026585,-4392.0062539167075
2460810.0854166667,2918.6258686658034,-1542.6447841183367,-4402.797810091383
2460810.086111111,3142.519692867692,-1109.9349418069685,-4378.960342603507
2460810.0868055555,3341.7579040628025,-668.5109547606306,-4320.678592550906
2460810.0875,3514.774400017174,-221.83153451457875,-4228.404523055034
2460810.0881944443,3660.205351607293,226.60213937036139,-4102.854234717513
2460810.0888888887,3776.8998665634517,673.2727479052597,-3945.0030443719315
2460810.089583333,3863.929235522631,1114.6734402100444,-3756.0787196375095
2460810.090277778,3920.5946756308485,1547.3345777912427,-3537.552863729427
2460810.0909722224,3946.433483136223,1967.8504558029886,-3291.1304523183885
2460810.091666667,3941.2235061492956,2372.905829736548,-3018.7375320191845
2460810.092361111,3904.9858498237895,2759.3020503964813,-2722.5071085904083
2460810.0930555556,3837.985733431237,3123.9825990300305,-2404.763269014855
2460810.09375,3740.73142949798,3464.0577938965885,-2068.0036080112227
2460810.0944444444,3613.9712306420893,3776.82843218589,-1714.8800527060173
2460810.095138889,3458.6884107918313,4059.8081198466793,-1348.1782112936903
2460810.095833333,3276.094170203966,4310.744046359656,-970.7953950605762
2460810.0965277776,3067.6185834799417,4527.635961287426,-585.7174977752836
2460810.097222222,2834.899596537969,4708.753128377681,-195.99493490329075
2460810.097916667,2579.7701528846396,4852.649047190757,195.2821245342862
2460810.0986111113,2304.243554808841,4958.173763990132,585.008992381528
2460810.0993055557,2010.4972009433827,5024.483620038331,970.0918968947365
2460810.1,1700.8548593154942,5051.048327500156,1347.4733614258867
2460810.1006944445,1377.7676639546098,5037.655298447596,1714.1572577955642
2460810.101388889,1043.7940363842347,4984.411196014558,2067.2332789613474
2460810.1020833333,701.5787449500098,4891.740716477333,2403.9005879827687
2460810.1027777777,353.8313233391073,4760.382650232581,2721.4904160568117
2460810.103472222,3.3040680398341378,4591.38330542952,3017.487407585644
2460810.1041666665,-347.23017043603664,4386.08740838964,3289.5495358733197
2460810.104861111,-695.0001961395916,4146.126620594313,3535.5264396965595
2460810.105555556,-1037.2584849775117,3873.4058297382417,3753.4760606860395
2460810.10625,-1371.302830546239,3570.0873883783374,3941.679485045337
2460810.1069444446,-1694.497463323961,3238.5734749312614,4098.6539234103
2460810.107638889,-2004.293498844751,2881.486756982425,4223.163779120674
2460810.1083333334,-2298.2485879000005,2501.6495346114093,4314.229774378489
2460810.109027778,-2574.0456612858193,2102.0615296871847,4371.136119001436
2460810.109722222,-2829.510666971172,1685.8764865237322,4393.435712556247
2460810.1104166666,-3062.6292119045584,1256.3777353740236,4380.953378206353
2460810.111111111,-3271.5620223599717,816.9528691483378,4333.787127767439
2460810.1118055554,-3454.65914284591,371.06767449392373,4252.307458291307
2460810.1125,-3610.4727910223446,-77.76053826221253,4137.154679494486
2460810.113194444,-3737.7687852057784,-525.9900592006028,3989.234271863513
2460810.113888889,-3835.536459019462,-970.082204025616,3809.710276628895
2460810.1145833335,-3902.9969750920495,-1406.5288776925643,3599.9967222158325
2460810.115277778,-3939.6099472347664,-1831.8800915795578,3361.747103712917
2460810.1159722223,-3945.0782852537573,-2242.771249785787,3096.8419374064956
2460810.1166666667,-3919.3511776974015,-2635.9499867978084,2807.374436207577
2460810.117361111,-3862.6251391969927,-3008.3023357473826,2495.6343674411646
2460810.1180555555,-3775.3430611906006,-3356.87798954021,2164.0901802120093
2460810.11875,-3658.191222906494,-3678.914408964331,1815.369516303516
2460810.1194444443,-3512.0942419209687,-3971.8595286371997,1452.2382470107002
2460810.1201388887,-3338.207968135949,-4233.392817255848,1077.5782031450246
2460810.120833333,-3137.910355117783,-4461.444453643554,694.3637969878065
2460810.121527778,-2912.7903715114994,-4654.212401038727,305.6377543378766
2460810.1222222224,-2664.6350459907426,-4810.177183499456,-85.51380393460083
2460810.122916667,-2395.4147701049137,-4928.114197269303,-475.9866749502435
2460810.123611111,-2107.2670082132986,-5007.103426582005,-862.6840211932674
2460810.1243055556,-1802.4785896729595,-5046.536469623393,-1242.5416858056044
2460810.1256944444,-1152.7593191625997,-5005.881406290649,-1969.7936386985323
2460810.126388889,-812.9737037014014,-4926.159376064965,-2311.443871835564
2460810.127083333,-466.79583165188507,-4807.608260630542,-2634.812030569049
2460810.1277777776,-116.95832750577979,-4651.18754938032,-2937.354968909835
2460810.128472222,233.78130382405348,-4458.15384355409,-3216.6977795414673
2460810.129166667,582.6624772769534,-4230.049724963473,-3470.6518263186117
2460810.1298611113,926.9431037893319,-3968.6905069099134,-3697.231105846871
2460810.1305555557,1263.9207791564456,-3676.1490413035,-3894.666862457941
2460810.13125,1590.953441674097,-3354.7387582237566,-4061.4204050665016
2460810.1319444445,1905.4793685409347,-3006.9951164493373,-4196.194092526754
2460810.132638889,2205.0364075084344,-2635.6556288498236,-4297.940475615966
2460810.1333333333,2487.28034671804,-2243.6386241178616,-4365.869590039682
2460810.1340277777,2750.002341061777,-1834.020893653899,-4399.454404576729
2460810.134722222,2991.145324259707,-1410.0143580437957,-4398.434431666604
2460810.1354166665,3208.819337547163,-974.941882130382,-4362.817506062909
2460810.136111111,3401.3157080552755,-532.2123618183927,-4292.879735676469
2460810.136805556,3567.120012903618,-85.29519340458852,-4189.1636237366165
2460810.1375,3704.9237537697004,362.3057477298323,-4052.4743587465036
2460810.1381944446,3813.634669498507,807.0785037552037,-3883.8742641704334
2460810.138888889,3892.3856021663532,1245.5296659271596,-3684.675402299342
2460810.1395833334,3940.5418318692914,1674.2111003699592,-3456.4303268282574
2460810.140277778,3957.706789088041,2089.7465997042027,-3200.9209898915547
2460810.140972222,3943.726055630467,2488.858283318751,-2920.1458179920555
2460810.1416666666,3898.6895672907563,2868.392545440834,-2616.3049898679537
2460810.142361111,3822.93193973812,3225.345334873921,-2291.7839696290466
2460810.1430555554,3717.030851431496,3556.886536308334,-1949.1353724059443
2460810.14375,3581.8034349120317,3860.383211130779,-1591.0592683152452
2460810.144444444,3418.3006494735105,4133.421452355467,-1220.3820580023846
2460810.145138889,3227.7996325849026,4373.826610331691,-840.0340798935155
2460810.1458333335,3011.794058434407,4579.681649507249,-453.0261427014937
2460810.146527778,2771.9825594936415,4749.3434175969605,-62.42519442233591
2460810.1472222223,2510.255297904559,4881.456627305395,328.6706378149347
2460810.1479166667,2228.6788082019307,4974.965377072542,717.1573801478488
2460810.148611111,1929.4792527529958,5029.122076557829,1099.9506628383688
2460810.1493055555,1615.024264360197,5043.493674394093,1474.0110186145764
2460810.15,1287.8035654997536,5017.965129640034,1836.368769098128
2460810.1506944443,950.4085716940123,4952.740107960101,2184.148245098191
2460810.1513888887,605.5111951122934,4848.338924138661,2514.5911032463523
2460810.152083333,255.84207043165694,4705.593790690297,2825.078519627369
2460810.152777778,-95.8315784470582,4525.6414661537465,3113.152067299841
2460810.1534722224,-446.7282179828211,4309.91342531785,3376.533110224646
2460810.154166667,-794.0742262399102,4060.1236985606065,3613.140572270026
2460810.154861111,-1135.1258715455613,3778.2545408105557,3821.1069726742403
2460810.1555555556,-1467.1908733915648,3466.5401050781834,3998.792639855822
2460810.15625,-1787.649391749018,3127.4482987994,4144.79804281022
2460810.1569444444,-2093.974310124706,2763.6609981142283,4257.97419996332
2460810.157638889,-2383.7506877183073,2378.052796695219,4337.4311383726545
2460810.158333333,-2654.6942751049255,1973.6684546726403,4382.54439123425
2460810.1590277776,-2904.668998893499,1553.6992035866572,4392.959528194938
2460810.159722222,-3131.7033229694175,1121.4580643127874,4368.594716163423
2460810.160416667,-3334.0054062402646,680.3543186518284,4309.641311648579
2460810.1611111113,-3509.976973156377,233.8672794485923,4216.562483994687
2460810.1618055557,-3658.2258142107235,-214.48049658818215,4090.089869279417
2460810.1625,-3777.5768322146796,-661.1504064810209,3931.2182546345243
2460810.1631944445,-3867.0815466041545,-1102.6152523662802,3741.1982950570305
2460810.163888889,-3926.0259656782737,-1535.3867758501203,3521.5272715680594
2460810.1645833333,-3953.9367376927485,-1956.043095987598,3273.9379066710335
2460810.1652777777,-3950.5854924076884,-2361.2558474795137,3000.3852702114295
2460810.165972222,-3915.991292225638,-2747.8168087252184,2703.0318225624164
2460810.167361111,-3754.388356495138,-3452.9055232489613,2046.5071136509923
2460810.168055556,-3628.6491824666323,-3765.8453674337857,1692.5386553694411
2460810.16875,-3474.196938089535,-4049.0034775471663,1325.1335461928452
2460810.1694444446,-3292.254405749218,-4300.1372989035435,947.2081205110694
2460810.170138889,-3084.2640877400986,-4517.260090642779,561.7630846292939
2460810.1708333334,-2851.8765395081477,-4698.6572910237355,171.85899397437922
2460810.171527778,-2596.9368664897065,-4842.900529773273,-219.40883041003772
2460810.172222222,-2321.4695142393534,-4948.859135608167,-608.9356937526628
2460810.1729166666,-2027.6615103811184,-5015.709017914386,-993.632962870182
2460810.173611111,-1717.8443422198345,-5042.938841245701,-1370.4532771231352
2460810.1743055554,-1394.4746662503358,-5030.353454398534,-1736.415281522406
2460810.175,-1060.1140631321268,-4978.074574581571,-2088.627634078304
2460810.175694444,-717.4080562817442,-4886.538767784682,-2424.312060970722
2460810.176388889,-369.0646125051018,-4756.492801890983,-2740.8252561761456
2460810.1770833335,-17.832342617578632,-4588.986481932327,-3035.67944441949
2460810.177777778,333.52139533891176,-4385.363101571248,-3306.5614604507027
2460810.1784722223,682.2322962560143,-4147.247665652018,-3551.350221441361
2460810.1791666667,1025.560634372558,-3876.533052887038,-3768.132498576988
2460810.179861111,1360.81236027675,-3575.364292513488,-3955.216922246694
2460810.1805555555,1685.3596268533029,-3246.1211330488727,-4111.146174773617
2460810.18125,1996.6606261847612,-2891.3990733466662,-4234.707347167316
2460810.1819444443,2292.2786297674925,-2513.989024171073,-4324.940447465695
2460810.1826388887,2569.900145516432,-2116.8557518449284,-4381.145061885226
2460810.183333333,2827.3521094290363,-1703.1152517174676,-4402.88517274065
2460810.184027778,3062.618044682564,-1276.0111792219225,-4389.99214105655
2460810.1847222224,3273.8531163450357,-838.8904695088122,-4342.565858534899
2460810.185416667,3459.3980182914875,-395.17826001264746,-4260.974071984908
2460810.186111111,3617.791622877536,51.64776742111197,-4145.849877617417
2460810.1868055556,3747.7823180867604,498.0835002240334,-3998.087380990321
2460810.1875,3848.3379568670607,940.6248473414313,-3818.835513359756
2460810.1881944444,3918.654330736156,1375.7943821980227,-3609.490000983553
2460810.188888889,3958.1620821573906,1800.168035481494,-3371.6834822848987
2460810.189583333,3966.531962360882,2210.4016592511975,-3107.273784119568
2460810.1902777776,3943.6783460664406,2603.257283759398,-2818.3303744335026
2460810.190972222,3889.760916995238,2975.6288560723533,-2507.119033416596
2460810.191666667,3805.184448709577,3324.567242302579,-2176.0848029161
2460810.1923611113,3690.5966188930192,3647.3042579623866,-1827.833301464709
2460810.1930555557,3546.8838140961298,3941.2754834113034,-1465.1105194423105
2460810.19375,3375.1649050674005,4204.141618102487,-1090.7812378632318
2460810.1944444445,3176.7829990697146,4433.808131266861,-707.8062419721643
2460810.195138889,2953.295205484914,4628.442975840165,-319.21852910968175
2460810.1958333333,2706.4604817226873,4786.492150832067,71.90126672158273
2460810.1965277777,2438.2256548915716,4906.692922579958,462.44999541018467
2460810.197222222,2150.709749260824,4988.084541611432,849.3273960078618
2460810.1979166665,1846.1867717462458,5030.016331278951,1229.4615271354292
2460810.198611111,1527.0671342700866,5032.153060158072,1599.8339560721954
2460810.199305556,1195.8779100439813,4994.477551787884,1957.5044467187204
2460810.2,855.2421337609757,4917.290525986973,2299.6348986159314
2460810.2006944446,507.8573679234405,4801.2077064462965,2623.5123018469153
2460810.201388889,156.47374972350204,4647.154263744033,2926.5705044801125
2460810.2020833334,-196.12825279979683,4456.35669979308,3206.4105971823747
2460810.202777778,-547.1601757988446,4230.332300638458,3460.819767347996
2460810.203472222,-893.8477784528304,3970.876312364546,3687.788484769415
2460810.2041666666,-1233.4529675753831,3680.047003985745,3885.525921218561
2460810.204861111,-1563.2952592044207,3360.148792851193,4052.473525195638
2460810.2055555554,-1880.7726277372622,3013.713610687945,4187.316697681481
2460810.20625,-2183.3816107353055,2643.480686132089,4288.994533970287
2460810.206944444,-2468.736553483201,2252.3749132273406,4356.707611227965
2460810.207638889,-2734.5878874989266,1843.4839714847324,4389.92381077494
2460810.209027778,-3199.5640588657934,985.3664395891861,4352.09477702792
2460810.2097222223,-3395.0193548206394,542.9087899988424,4281.34666648823
2460810.2104166667,-3563.6603349068964,96.15175428446074,4176.693785633352
2460810.211111111,-3704.151986698135,-351.37941507342316,4038.958961049367
2460810.2118055555,-3815.37984118622,-796.1518214141113,3869.22590760684
2460810.2125,-3896.459053211136,-1234.652384792552,3668.8312699714725
2460810.2131944443,-3946.7418191890933,-1663.4153340226774,3439.354709311364
2460810.2138888887,-3965.823041706978,-2079.0495415020155,3182.6070569759
2460810.214583333,-3953.544154147924,-2478.265497522913,2900.6165714806666
2460810.215277778,-3909.9950258120134,-2857.9017023452,2595.613356406912
2460810.2159722224,-3835.5138798382104,-3214.950246359161,2270.0120162929256
2460810.216666667,-3730.6851724833887,-3546.5813320668854,1926.3926579037684
2460810.217361111,-3596.335402887907,-3850.1664922101836,1567.4803678965964
2460810.2180555556,-3433.526848059621,-4123.300254273123,1196.1233303444833
2460810.21875,-3243.5492431588327,-4363.820015297744,815.2697676088385
2460810.2194444444,-3027.9094600302938,-4569.823897109638,427.94392171828997
2460810.220138889,-2788.3192668761144,-4739.686378467143,37.221309983710114
2460810.220833333,-2526.681279281495,-4872.07152893097,-353.7964990945292
2460810.2215277776,-2245.0732461728694,-4965.943697202462,-742.0073240737016
2460810.222222222,-1945.7308355329105,-5020.575548260185,-1124.333760909213
2460810.222916667,-1631.0291094075897,-5035.553381190893,-1497.7482600480635
2460810.2236111113,-1303.4628885051757,-5010.77970189312,-1859.2976407833667
2460810.2243055557,-965.6262273635151,-4946.473064180137,-2206.126795727793
2460810.225,-620.191213301583,-4843.16523246647,-2535.501373599275
2460810.2256944445,-269.8863131895898,-4701.695753321469,-2844.8292386849926
2460810.226388889,82.52552213798336,-4523.204052913219,-3131.680541566151
2460810.2270833333,434.26879033495914,-4309.119202968652,-3393.8062578356084
2460810.2277777777,782.5772230759546,-4061.1475127092986,-3629.1550866736616
2460810.228472222,1124.7152498963933,-3781.2581190782653,-3835.8886217789427
2460810.2291666665,1457.9989896389095,-3471.6667504478282,-4012.3947372616262
2460810.229861111,1779.816637584476,-3134.817837077721,-4157.29915191441
2460810.230555556,2087.6481281995107,-2773.3651421984428,-4269.475149852906
2460810.23125,2379.0839791756266,-2390.151070085689,-4348.051453830223
2460810.2319444446,2651.843226440608,-1988.1848053716292,-4392.4182510371575
2460810.232638889,2903.7903746917036,-1570.61942280584,-4402.231378383589
2460810.2333333334,3132.9512940363647,-1140.7280962100758,-4377.414674183755
2460810.234027778,3337.527995273745,-701.8795283579159,-4318.16050056278
2460810.234722222,3515.9122154133624,-257.5127203414454,-4224.928437479479
2460810.2354166666,3666.697742909607,188.88880255209818,-4098.442145551037
2460810.236111111,3788.6914077569604,633.8231895430389,-3939.6843909558693
2460810.2368055554,3880.92265424346,1073.7967564018822,-3749.8902254290983
2460810.2375,3942.651610304918,1505.3506310769674,-3530.538315717987
2460810.238194444,3973.3755624753876,1925.0873939547068,-3283.3404242901006
2460810.238888889,3972.833745078007,2329.697539513123,-3010.2290526471575
2460810.2395833335,3941.0103536556812,2715.985568340132,-2713.3432725760663
2460810.240277778,3878.1356988478797,3080.8954951155015,-2395.012794020894
2460810.2409722223,3784.6854285797144,3421.5355487964553,-2057.740338437683
2460810.2416666667,3661.3777615292793,3735.201827283715,-1704.1824136418793
2460810.242361111,3509.1686946636855,4019.4006623961754,-1337.1286135447165
2460810.2430555555,3329.2451737934416,4271.869446393138,-959.4795994774963
2460810.24375,3123.016241268136,4490.595683607834,-574.2239404102324
2460810.2444444443,2892.102207423475,4673.834037033003,-184.4140224176232
2460810.2451388887,2638.3219203056688,4820.121164202846,206.85874685294334
2460810.245833333,2363.678243717427,4928.288158032901,596.4891865822003
2460810.246527778,2070.34187668604,4997.470445514599,981.3837906039151
2460810.2472222224,1760.6336780698389,5027.115028953508,1358.48610737741
2460810.247916667,1437.0056826745556,5016.984995752789,1724.8017864977141
2460810.248611111,1102.0210083996622,4967.161264036509,2077.423038603642
2460810.2493055556,758.3328713617411,4878.041571006468,2413.552261911853
2460810.2506944444,55.77916395406313,4585.064378687588,3025.829317276697
2460810.251388889,-297.5264439563002,4383.539908400512,3297.129545314337
2460810.252083333,-648.460302082984,4147.365416194519,3542.2807041907204
2460810.2527777776,-994.2494012678727,3878.416130490139,3759.347027254028
2460810.253472222,-1332.1631713641755,3578.824905379742,3946.6163638604003
2460810.254166667,-1659.5348315666533,3250.964813206107,4102.6131060362595
2460810.2548611113,-1973.7820861592043,2897.430037287329,4226.109200200038
2460810.2555555557,-2272.42704112553,2521.015237065769,4316.133216530335
2460810.25625,-2553.115230398154,2124.6935510668663,4371.9774596355355
2460810.2569444445,-2813.6336464687215,1711.5934033023054,4393.203111418321
2460810.257638889,-3051.9276878866876,1284.9742605305462,4379.643405303669
2460810.2583333333,-3266.116934442947,848.2014905518367,4331.404830786436
2460810.2590277777,-3454.509667575037,404.7204629140062,4248.866368892686
2460810.259722222,-3615.616052896483,-41.96996734016992,4132.676757686077
2460810.2604166665,-3748.159897888732,-488.3444440453675,3983.749787843577
2460810.261111111,-3851.088897910457,-930.8784119109448,3803.257629469605
2460810.261805556,-3923.583279868433,-1366.0755740658192,3592.62219478563
2460810.2625,-3965.062750218339,-1790.4953202601478,3353.5045538469635
2460810.2631944446,-3975.191659139116,-2200.779942502703,3087.7924256075607
2460810.263888889,-3953.882293321364,-2593.681420694341,2797.5857909060833
2460810.2645833334,-3901.2962211790145,-2966.087558954919,2485.1806887695398
2460810.265277778,-3817.8436267735374,-3315.047232198027,2153.0512865703004
2460810.265972222,-3704.180586168497,-3637.794502325708,1803.8303351196864
2460810.2666666666,-3561.2042628927857,-3931.7713511926536,1440.2881547218801
2460810.267361111,-3390.046024371797,-4194.648787350637,1065.3103206088228
2460810.2680555554,-3192.0625102097847,-4424.346089642531,681.8742454243649
2460810.26875,-2968.824713436773,-4619.047968266551,293.0248791546636
2460810.269444444,-2722.1051671173614,-4777.2194466424535,-98.15023268309216
2460810.270138889,-2453.863357677032,-4897.618297629937,-488.5462791662518
2460810.2708333335,-2166.229514838423,-4979.304900854452,-875.0666387492188
2460810.271527778,-1861.486952575164,-5021.649426510086,-1254.648193086502
2460810.2722222223,-1542.0531543787915,-5024.336291809246,-1624.2862400632173
2460810.2729166667,-1210.459812291824,-4987.3658769456715,-1981.058755029767
2460810.273611111,-869.3320328297624,-4911.053526902489,-2322.1497714713782
2460810.2743055555,-521.3669389620612,-4796.025904012387,-2644.871659733276
2460810.275,-169.3118766462962,-4643.214788025183,-2946.686127560753
2460810.2756944443,184.05755767692557,-4453.848449479987,-3225.2237766277067
2460810.2763888887,535.9594717526345,-4229.440744091745,-3478.3020865696367
2460810.277083333,883.6274320430027,-3971.778090794171,-3703.941725071477
2460810.277777778,1224.3318521635006,-3682.904505822767,-3900.381108281178
2460810.2784722224,1555.4008680246145,-3365.1048687729563,-4066.0891602242114
2460810.279166667,1874.2405727944579,-3020.886592949472,-4199.776241291557
2460810.279861111,2178.35449993192,-2652.959867667462,-4300.403230576816
2460810.2805555556,2465.3622598759757,-2264.21662885255,-4367.188759503305
2460810.28125,2733.017246593137,-1857.708404808353,-4399.614600210237
2460810.2819444444,2979.223338634019,-1436.6231743405988,-4397.429215431359
2460810.282638889,3202.0505270896274,-1004.2613612998514,-4360.649476550424
2460810.283333333,3399.7494017907325,-564.0110862112638,-4289.560552848882
2460810.2840277776,3570.7644263267725,-119.32279248458944,-4184.713971700127
2460810.284722222,3713.745929724762,326.3166361488042,-4046.9238455231553
2460810.285416667,3827.560737422429,769.4101470728143,-3877.261257370229
2460810.2861111113,3911.301355466397,1206.4770404353503,-3677.0467997068245
2460810.2868055557,3964.293620830143,1634.0795982961613,-3447.841262609942
2460810.2875,3986.1027257615283,2048.8496612651174,-3191.434473883172
2460810.2881944445,3976.537522690711,2447.51496765342,-2909.832309309721
2460810.288888889,3935.653021409472,2826.925057860617,-2605.241906035982
2460810.2895833333,3863.750997020327,3184.0765304304214,-2280.0551313902
2460810.2902777777,3761.3786400495965,3516.137415612448,-1936.8303886469978
2460810.290972222,3629.3251967522374,3820.4704298051042,-1578.2728623390012
2460810.292361111,3280.5078811190465,4336.506844392955,-826.5857800645622
2460810.293055556,3066.474000860201,4544.097789612755,-439.40378711302463
2460810.29375,2828.198133475513,4715.770736624926,-48.73626364098553
2460810.2944444446,2567.5585104210045,4850.154443440953,342.31758157888214
2460810.295138889,2286.6133280496306,4946.175031545441,730.653582970896
2460810.2958333334,1987.584069637913,5003.065050978122,1113.1880734774634
2460810.296527778,1672.8373805315787,5020.369864884475,1486.8831822021862
2460810.297222222,1344.8656909424137,4997.95129158008,1848.7717077167188
2460810.2979166666,1006.2667901229744,4935.98848485285,2195.9813185344246
2460810.298611111,659.7225712956263,4834.976071964407,2525.757840349972
2460810.2993055554,307.9771692744203,4695.719607605678,2835.4874127753446
2460810.3,-46.18528930098645,4519.328435429686,3122.7173231253582
2460810.300694444,-399.9631081112835,4307.20607783396,3385.175350128185
2460810.301388889,-750.5594111290221,4061.0382982430688,3620.7874785742424
2460810.3020833335,-1095.2043125502619,3782.778995179467,3827.6938755744422
2460810.302777778,-1431.1766889309297,3474.634102232299,4004.2630411859814
2460810.3034722223,-1755.8254027733258,3139.0436659597967,4149.104076239637
2460810.3041666667,-2066.589834437648,2778.662280124391,4261.077023798235
2460810.304861111,-2361.0195996753428,2396.3380483985557,4339.301260293747
2460810.3055555555,-2636.793346099241,1995.0902376607996,4383.1619243111845
2460810.30625,-2891.7365273738533,1578.0857827653645,4392.314376584399
2460810.3069444443,-3123.8380683481128,1148.6147879050081,4366.686690648955
2460810.3076388887,-3331.265831428205,710.0651749048734,4306.4801736585005
2460810.308333333,-3512.380803279442,265.89661575324146,4212.167917898478
2460810.309027778,-3665.74991648741,-180.38610821865674,4084.491381653151
2460810.3097222224,-3790.1574173145113,-625.2601683697314,3924.4550005196047
2460810.310416667,-3884.614692565127,-1065.2120232276416,3733.3188300551656
2460810.311111111,-3948.3684610353994,-1496.7648506612513,3512.589229765566
2460810.3118055556,-3980.907238721042,-1916.5059007276247,3264.007604474666
2460810.3125,-3981.965986560257,-2321.1135663143536,2989.5372366411952
2460810.3131944444,-3951.5288572136856,-2707.383960224712,2691.348258302024
2460810.313888889,-3889.829966516343,-3072.2567698007756,2371.8008342421776
2460810.314583333,-3797.352130590201,-3412.840147378932,2033.4266547798236
2460810.3152777776,-3674.823528820301,-3726.434391629829,1678.9088611608936
2460810.315972222,-3523.2122762817394,-4010.5541709699364,1311.0605562120495
2460810.316666667,-3343.7189169548897,-4262.949044931968,932.8020815923257
2460810.3173611113,-3137.7668761574023,-4481.622055103872,547.1372632420174
2460810.3180555557,-2906.990946420199,-4664.846168091578,157.12886011743265
2460810.31875,-2653.2239039407305,-4811.178389203889,-234.1265473654467
2460810.3194444445,-2378.4813917752317,-4919.471384908555,-623.5239613890539
2460810.320138889,-2084.945224482118,-4988.882497332969,-1007.9754051983854
2460810.3208333333,-1774.9452957509452,-5018.880067844289,-1384.4351301509291
2460810.3215277777,-1450.9402901145709,-5009.247028689602,-1749.924331603263
2460810.322222222,-1115.4974087186397,-4960.081763324437,-2101.5551319227857
2460810.3229166665,-771.2713298894272,-4871.796274164368,-2436.553602286079
2460810.323611111,-420.98262506200126,-4745.111733281043,-2752.2816199896465
2460810.324305556,-67.39584619455039,-4581.051522886252,-3046.2573842468923
2460810.325,286.7025085901222,-4380.931898080949,-3316.174441641911
2460810.3256944446,638.5259551429152,-4146.350425532053,-3559.9190992494773
2460810.326388889,985.3097336238011,-3879.1723632522694,-3775.5861349422144
2460810.3270833334,1324.3321069016065,-3581.5151561887315,-3961.4927366861066
2460810.327777778,1652.9351086338,-3255.7312204711666,-4116.190629064936
2460810.328472222,1968.5446162768505,-2904.3891886664896,-4238.476361037027
2460810.3291666666,2268.689644345603,-2530.253778544232,-4327.399745674383
2460810.329861111,2551.020766564121,-2136.2644381301784,-4382.2704516086815
2460810.3305555554,2813.3275854456806,-1725.5129104939303,-4402.662751088212
2460810.33125,3053.5551766689896,-1301.21985023544,-4388.418431880492
2460810.331944444,3269.819439643011,-866.7106147459924,-4339.647878705729
2460810.332638889,3460.4212865598124,-425.3903464270259,-4256.729326024947
2460810.334027778,3758.842868974857,463.817316706164,-3991.2831059626583
2460810.3347222223,3864.2994700733343,904.7273154094274,-3810.8187693297386
2460810.3354166667,3939.386428861367,1338.5464248956703,-3600.318730897687
2460810.336111111,3983.496648296967,1761.8607123761994,-3361.424988483212
2460810.3368055555,3996.264464469857,2171.333911506506,-3096.004276417153
2460810.3375,3977.569452411827,2563.7336187044098,-2806.134444309895
2460810.3381944443,3927.538392067482,2935.956992482391,-2494.0890529633893
2460810.3388888887,3846.5453158148016,3285.055730185264,-2162.3202528272504
2460810.339583333,3735.209573155002,3608.260092002823,-1813.4400301532046
2460810.340277778,3594.3918673597095,3903.0017263976924,-1450.1999389967912
2460810.3409722224,3425.1882408497486,4166.935053807239,-1075.4694606456185
2460810.341666667,3228.922015224156,4397.95696222696,-692.2131676415703
2460810.342361111,3007.133718368704,4594.224585813776,-303.46688779186826
2460810.3430555556,2761.5690648101836,4754.17094886266,87.68690566566718
2460810.34375,2494.165084438737,4876.518285282816,478.144237626872
2460810.3444444444,2207.0345263688687,4960.288871431662,864.8050511714745
2460810.345138889,1902.4486919737337,5004.813246051809,1244.598640254384
2460810.345833333,1582.8188732813417,5009.735729520537,1614.5088320669315
2460810.3465277776,1250.6765969904461,4975.0171942231045,1971.5986554745261
2460810.347222222,908.6528816594513,4900.935079739424,2313.03425198426
2460810.347916667,559.4567301832014,4788.080684770636,2636.107794921814
2460810.3486111113,205.85308117995186,4637.353805890701,2938.259206664328
2460810.3493055557,-149.3595644455619,4449.954823722635,3217.0964929338757
2460810.35,-503.37162618985946,4227.374366128806,3470.4145338287276
2460810.3506944445,-853.3848401385201,3971.3806957364154,3696.2122062642425
2460810.351388889,-1196.6343773722713,3684.0049894499366,3892.707731864489
2460810.3520833333,-1530.4105219532614,3367.5246794003283,4058.3521788225517
2460810.3527777777,-1852.0797539041573,3024.445033242534,4191.841061755073
2460810.353472222,-2159.105104428496,2657.4791471521,4292.124005947602
2460810.3541666665,-2449.0656656112883,2269.5265190883424,4358.412455991897
2460810.354861111,-2719.675146092273,1863.650367367331,4390.1854179588545
2460810.355555556,-2968.7993787618548,1443.0538474361297,4387.193232708754
2460810.35625,-3194.4726943506835,1011.0553086860119,4349.459379278189
2460810.3569444446,-3394.9130677204976,571.0627467577414,4277.2803083691415
2460810.357638889,-3568.535960823156,126.54757850386652,4171.223306002544
2460810.3583333334,-3713.966770803532,-318.9821085219948,4032.1223863777154
2460810.359027778,-3830.051796104518,-762.0086847667759,3861.0722147113133
2460810.359722222,-3915.8676290189483,-1199.032325647852,3659.420064435968
2460810.3604166666,-3970.728881908573,-1626.5984064340532,3428.7558190261225
2460810.361111111,-3994.194153423802,-2041.3247555123703,3170.900041159033
2460810.3618055554,-3986.070145480372,-2439.928561745968,2887.8901475220828
2460810.3625,-3946.4138491127433,-2819.2527191279214,2581.9647450793486
2460810.363194444,-3875.5327283875226,-3176.291374773354,2255.5462095256426
2460810.363888889,-3773.9828488242456,-3508.214435994742,1911.2216139100367
2460810.3645833335,-3642.5649167132965,-3812.390792042181,1551.7221386276797
2460810.365277778,-3482.3182209209986,-4086.410000959829,1179.9011264970957
2460810.3659722223,-3294.512498150001,-4328.102200395155,798.7109744642394
2460810.3666666667,-3080.6377685415673,-4535.556021439832,411.1790691185838
2460810.367361111,-2842.392226450319,-4707.134294044107,20.383009867947088
2460810.3680555555,-2581.6682947626955,-4841.487371691864,-370.5746365440251
2460810.36875,-2300.5369834447483,-4937.5639282713255,-758.591787089605
2460810.3694444443,-2001.2307209949372,-4994.619118319045,-1140.5922303279867
2460810.3701388887,-1686.1248429013744,-5012.220034284701,-1513.550693878958
2460810.370833333,-1357.7179440010807,-4990.248431935877,-1874.5173338284503
2460810.371527778,-1018.6113098750212,-4928.900737529584,-2220.641407945907
2460810.3722222224,-671.4876464525137,-4828.685387696439,-2549.193915395451
2460810.372916667,-319.08933089597525,-4690.417588282771,-2857.5890051621573
2460810.373611111,35.80360540767966,-4515.211607098824,-3143.4039890199365
2460810.3743055556,390.39555373421365,-4304.470741613975,-3404.3978159860417
2460810.3756944444,1087.547575611735,-3783.367485535478,-3843.965227628244
2460810.376388889,1424.634453435136,-3477.1371990502885,-4019.107649285753
2460810.377083333,1750.5157579970494,-3143.6025283390136,-4162.591385377095
2460810.3777777776,2062.639066040454,-2785.3914983491886,-4273.300659046922
2460810.378472222,2358.5607816082957,-2405.3213969474104,-4350.375491899267
2460810.379166667,2635.9643342944046,-2006.3771086280292,-4393.217650150917
2460810.3798611113,2892.677405459196,-1591.6884080729897,-4401.494750227042
2460810.3805555557,3126.6881069670403,-1164.5063470287935,-4375.142529759094
2460810.38125,3336.1600472914565,-728.1788500994317,-4314.365289277183
2460810.3819444445,3519.4462134117175,-286.12563863961003,-4219.634504796378
2460810.382638889,3675.101596629749,158.18740239198726,-4091.6856079505105
2460810.3833333333,3801.894483993028,601.2742924662288,-3931.512927801671
2460810.3840277777,3898.8163333897255,1039.6553337270418,-3740.3627859744106
2460810.384722222,3965.0901417744303,1469.883653282665,-3519.7247417874532
2460810.3854166665,4000.177215347665,1888.571759263527,-3271.32098638804
2460810.386111111,4003.7822459115623,2292.41792996467,-2997.0939009217736
2460810.386805556,3975.8566021363395,2678.232249507258,-2699.1918034376745
2460810.3875,3916.5997491381913,3042.9620751315574,-2379.9529345283227
2460810.3881944446,3826.4587211765584,3383.7167145587714,-2041.88774979514
2460810.388888889,3706.12558847442,3697.7910713289934,-1687.6596202082135
2460810.3895833334,3556.5328788622433,3982.6880173336435,-1320.0640632487355
2460810.390277778,3378.8469397879594,4236.139245317684,-942.0066606071654
2460810.390972222,3174.4592540075696,4456.124361556501,-556.4798447267276
2460810.3916666666,2944.975753142079,4640.88799064832,-166.53876350740484
2460810.392361111,2692.2042043278907,4788.954685012107,224.72354653133846
2460810.3930555554,2418.139773288089,4899.141458560105,614.201434937074
2460810.39375,2124.948903879063,4970.567790989664,998.8020929609413
2460810.394444444,1814.9516725938117,5002.662991579641,1375.4709314680174
2460810.395138889,1490.6028041797513,4995.170846240962,1741.2166147794783
2460810.3958333335,1154.4715504692977,4948.151513613063,2093.135494688651
2460810.396527778,809.2206500327205,4861.980676859988,2428.4351990889227
2460810.3972222223,457.5845845870579,4737.345995223779,2744.45715710614
2460810.3979166667,102.34736265201013,4575.240936755309,3038.697851556438
2460810.398611111,-253.67996002448635,4376.956100820369,3308.8286321708465
2460810.3993055555,-607.6818074520836,4144.068167953475,3552.713935870208
2460810.4,-956.8604648097901,3878.426631124489,3768.4277980827464
2460810.4006944443,-1298.4581356361386,3582.1384738679835,3954.2685636701553
2460810.4013888887,-1629.778507024528,3257.5509723135215,4108.771726935105
2460810.402083333,-1948.207682934842,2907.2327914730977,4230.720857900129
2460810.402777778,-2251.234349927083,2533.9535534899624,4319.156582382956
2460810.4034722224,-2536.469066992039,2140.6620379088963,4373.383602828867
2460810.404166667,-2801.662571441649,1730.4631784551498,4392.975750461865
2460810.404861111,-3044.7230113085066,1306.5940027584197,4377.779068025526
2460810.4055555556,-3263.7320139847534,872.3986624351298,4327.912922146413
2460810.40625,-3456.9595054343617,431.3026957422198,4243.76914583203
2460810.4069444444,-3622.877195760359,-13.213338754920967,4126.009210434813
2460810.407638889,-3760.1706421413073,-457.6407103548803,3975.559426784222
2460810.408333333,-3867.7497992426893,-898.4696945606263,3793.6041771794485
2460810.4090277776,-3944.7579646806685,-1332.2169211342832,3581.5771831547763
2460810.409722222,-3990.579023793681,-1755.452709617858,3341.150825401255
2460810.410416667,-4004.8429020318345,-2164.828204140219,3074.223541293011
2460810.4111111113,-3987.429135984731,-2557.1020946327085,2782.905346098586
2460810.4118055557,-3938.4684837256045,-2929.166706185663,2469.5015391840675
2460810.4125,-3858.342507859135,-3278.0732135135254,2136.4946886303205
2460810.4131944445,-3747.6810832335373,-3601.0557400783473,1786.525007462901
2460810.413888889,-3607.3578036024137,-3895.55409125533,1422.3692674617887
2460810.4145833333,-3438.4832860909983,-4159.234879274177,1046.918418849416
2460810.4152777777,-3242.3964036509133,-4390.010799866303,663.1541183329158
2460810.415972222,-3020.6535055538725,-4586.057842725063,274.12438653078243
2460810.417361111,-2507.4344260738353,-4868.072991192931,-507.3576958231823
2460810.418055556,-2220.035150103037,-4951.831807728795,-893.6085732407352
2460810.41875,-1915.0998842367399,-4996.460422945742,-1272.772704050831
2460810.4194444446,-1595.0481947382812,-5001.62517244466,-1641.8484186822175
2460810.420138889,-1262.417227834571,-4967.306853918004,-1997.9179037785466
2460810.4208333334,-919.8408622985361,-4893.799885139202,-2338.170539124692
2460810.421527778,-570.0282280100823,-4781.708823754829,-2659.9251270667205
2460810.422222222,-215.74180794399746,-4631.9423447893705,-2960.650830874545
2460810.4229166666,140.22466346304665,-4445.704799861254,-3237.986662941907
2460810.423611111,495.0683066987012,-4224.485503521409,-3489.7593946745314
2460810.4243055554,845.9990209008299,-3970.0459098262577,-3713.9997854031703
2460810.425,1190.2610653284598,-3684.4048447532814,-3908.957061468651
2460810.425694444,1525.1541393044245,-3369.8219752232826,-4073.111587912429
2460810.426388889,1848.053842033873,-3028.7796784896545,-4205.185710308013
2460810.4270833335,2156.4313927750295,-2663.963482023199,-4304.152748078716
2460810.427777778,2447.8725178655895,-2278.241226785575,-4369.244138762187
2460810.4284722223,2720.0954179494665,-1874.6411007953286,-4399.954736575897
2460810.4291666667,2970.9677414319412,-1456.328674688311,-4396.04627265853
2460810.429861111,3198.522491337161,-1026.583066613468,-4357.5489825823415
2460810.4305555555,3400.9727968357665,-588.7723546043037,-4284.761404855185
2460810.43125,3576.7254796518882,-146.3283496696384,-4178.24834929613
2460810.4319444443,3724.3933385156097,297.27914932587123,-4038.8370313449695
2460810.4326388887,3842.806074149982,738.5685026382334,-3867.6113641720835
2460810.433333333,3931.0197663737813,1174.0726406069848,-3665.904402920231
2460810.434027778,3988.324813756573,1600.365596811151,-3435.2889369443237
2460810.4347222224,4014.25224068626,2014.0889994679064,-3177.5662352151276
2460810.435416667,4008.5782771524864,2411.978342418066,-2894.75296114237
2460810.436111111,3971.3271194411514,2790.8888351085425,-2589.066292069446
2460810.4368055556,3902.771788288205,3147.820617267172,-2262.907298186294
2460810.4375,3803.433013000347,3479.943108706746,-1918.8426602487232
2460810.4381944444,3674.076087938894,3784.6182520977545,-1559.5848349125263
2460810.438888889,3515.7056691325524,4059.42240492031,-1187.9708021329795
2460810.439583333,3329.5585050577874,4302.166634999172,-806.9395602673437
2460810.4402777776,3117.0941250441474,4510.915182750222,-419.50856187001625
2460810.440972222,2879.983536984638,4684.001870757648,-28.749302961236346
2460810.441666667,2620.096022098426,4820.044257390104,362.2376917407715
2460810.4423611113,2339.4841409523383,4917.955365127038,750.3482387815714
2460810.4430555557,2040.3670951621239,4976.9528442343835,1132.49995876652
2460810.44375,1725.1126161322202,4996.565469848961,1505.65756492856
2460810.4444444445,1396.217571486606,4976.636911396751,1866.8577166892546
2460810.445138889,1056.2874973733772,4917.3267533964945,2213.233185104702
2460810.4458333333,708.015274528195,4819.108786909438,2542.0360937291443
2460810.4465277777,354.1591694363875,4682.766627641603,2850.660019759375
2460810.447222222,-2.479532699855023,4509.386752574088,3136.6607589779173
2460810.4479166665,-359.0790940333969,4300.349072254392,3397.775595525385
2460810.448611111,-712.8198781851812,4057.3151824742554,3631.9409340266616
2460810.449305556,-1060.9067027926076,3782.2144540695995,3837.308186686107
2460810.45,-1400.5908176317128,3477.2281281389023,4012.2578333964207
2460810.4506944446,-1729.1913452339024,3144.7715947066936,4155.411591989938
2460810.451388889,-2044.1160502537336,2787.4750229493784,4265.642662785993
2460810.4520833334,-2342.881306043179,2408.162518697091,4342.084019792708
2460810.452777778,-2623.131152708332,2009.8299677138737,4384.134738688548
2460810.453472222,-2882.655344392401,1595.6217225214295,4391.464355290374
2460810.4541666666,-3119.4062941454854,1168.8062810153442,4364.015253699526
2460810.454861111,-3331.5148292555036,732.7510993575354,4302.003084308819
2460810.4555555554,-3517.30467099245,290.89667946510787,4205.915211367961
2460810.45625,-3675.3055512626515,-153.2699259247367,4076.5071897702915
2460810.456944444,-3804.2648778564026,-596.2420459711745,3914.7972707894005
2460810.457638889,-3903.1578556461586,-1034.5206065036407,3722.058939222204
2460810.459027778,-4007.833729702908,-1883.2026294908446,3249.8086743347035
2460810.4597222223,-4012.773602789457,-2286.8913383230183,2974.0254079992387
2460810.4604166667,-3985.969013074455,-2672.51048832093,2674.6426618998153
2460810.461111111,-3927.625367163201,-3037.004482383865,2354.0305391485276
2460810.4618055555,-3838.1990223233156,-3377.4840797748184,2014.729676321571
2460810.4625,-3718.394162348336,-3691.250058711816,1659.4310834110638
2460810.4631944443,-3569.157562633849,-3975.8154350290415,1290.9545791839375
2460810.4638888887,-3391.67125148223,-4228.925998236163,912.225998306657
2460810.464583333,-3187.3431083559485,-4448.578927898489,526.2533837021982
2460810.465277778,-2957.7954681612787,-4633.039281358144,136.10239010798026
2460810.4659722224,-2704.8518305455395,-4780.8541661409,-255.1288569974846
2460810.466666667,-2430.5218087963844,-4890.864437180146,-644.3351813254825
2460810.467361111,-2136.984471770692,-4962.213801858649,-1028.4297973723149
2460810.4680555556,-1826.5702638711,-4994.355248287669,-1404.3695032121684
2460810.46875,-1501.7416994036482,-4987.054756989215,-1769.1793722400066
2460810.4694444444,-1165.0730476522742,-4940.392294382347,-2119.976695367401
2460810.470138889,-819.2292259471384,-4854.76012689699,-2453.9939520347857
2460810.470833333,-466.94412331608567,-4730.858529196378,-2768.600606309571
2460810.4715277776,-110.9985738446153,-4569.688992538715,-3061.3235508064877
2460810.472222222,245.80181280107735,-4372.545064745278,-3329.8660521258603
2460810.472916667,600.6487701164837,-4141.0009714754415,-3572.125080104962
2460810.4736111113,950.75325831343,-3876.898185965,-3786.2069259839254
2460810.4743055557,1293.3669572704632,-3582.330115666836,-3970.4410488600647
2460810.475,1625.8032229059374,-3259.6250802214145,-4123.392105206786
2460810.4756944445,1945.457383939199,-2911.3277493084556,-4243.870138680248
2460810.476388889,2249.826272207392,-2540.17920130933,-4330.938920992626
2460810.4770833333,2536.5268927862917,-2149.09575505736,-4383.922443790363
2460810.4777777777,2803.314153564822,-1741.1467132738353,-4402.409567356953
2460810.478472222,3048.0975765706758,-1319.5311525889222,-4386.256832423511
2460810.4791666665,3268.956924263917,-887.5538773550417,-4335.589441326975
2460810.479861111,3464.1566686318065,-448.60065642556884,-4250.800409807168
2460810.480555556,3632.159230902067,-6.1128577528953105,-4132.547887465082
2460810.48125,3771.636915063413,436.43840192069996,-3981.7506411292084
2460810.4819444446,3881.4824521298187,875.5784667102247,-3799.581693954137
2460810.482638889,3960.8180668285027,1307.855575015459,-3587.4601141061526
2460810.4833333334,4009.002973426616,1729.8673670194905,-3347.040951317966
2460810.484027778,4025.63920423945,2138.2872939418235,-3080.2033321062427
2460810.484722222,4010.575676837133,2529.8907497740925,-2789.036732561565
2460810.4854166666,3963.9104086987045,2901.580713874524,-2475.825473797728
2460810.486111111,3885.9907987609276,3250.412689521862,-2143.0315000792393
2460810.4868055554,3777.41190951991,3573.6186988885224,-1793.2755333712541
2460810.4875,3639.0127009772123,3868.630097989101,-1429.3167162132834
2460810.488194444,3471.8701936385846,4133.098959069587,-1054.0308955883986
2460810.488888889,3277.2915608952994,4364.917784512404,-670.3877150891533
2460810.4895833335,3056.8041867386455,4562.237313141747,-281.42672522147694
2460810.490277778,2812.143748924648,4723.482210279666,109.76727239402045
2460810.4909722223,2545.2404252336783,4847.364446234459,500.089398067929
2460810.4916666667,2258.2033478930225,4932.894203346534,886.4401292971907
2460810.492361111,1953.3034594147816,4979.388185038166,1265.750734550433
2460810.4930555555,1632.9549483698747,4986.47523829609,1635.0084397293538
2460810.49375,1299.6954608339925,4954.099241560148,1991.2810701001863
2460810.4944444443,956.1653039602817,4882.519250512153,2331.7409150857634
2460810.4951388887,605.0858560030924,4772.306933483841,2653.6875929044654
2460810.495833333,249.23741222272,4624.3413647674215,2954.569700274125
2460810.496527778,-108.56331575879965,4439.80127599432,3232.005068048072
2460810.4972222224,-465.4858338792761,4220.154891984748,3483.7994669421946
2460810.497916667,-818.7084287422152,3967.1475003194073,3707.963634095377
2460810.498611111,-1165.4404757438713,3682.786916107241,3902.7285227523953
2460810.4993055556,-1502.944323526889,3369.3270111164506,4066.5587007479553
2460810.5006944444,-2139.708787998041,2665.244049888899,4296.5082847522135
2460810.501388889,-2433.947014594712,2280.187186144146,4360.818623974186
2460810.502083333,-2708.9508349021053,1877.1196481113113,4390.589347485475
2460810.5027777776,-2962.551025325231,1459.2228533371,4385.586493997186
2460810.503472222,-3192.746228099633,1029.794312719073,4345.849343866085
2460810.504166667,-3397.7183828973775,592.2222380102562,4271.690138914672
2460810.5048611113,-3575.8468550571297,149.95946762947537,4163.691831182603
2460810.5055555557,-3725.7211710960937,-293.50314381178543,4022.7038608459675
2460810.50625,-3846.1522728439177,-734.6637285000268,3849.835963032235
2460810.5069444445,-3936.1821943411355,-1170.0366373662687,3646.4500089603926
2460810.507638889,-3995.0920673443134,-1596.1797344083693,3414.149891037489
2460810.5083333333,-4022.4083581522377,-2009.7215591472288,3154.769477708911
2460810.5090277777,-4017.907245338107,-2407.388157866239,2870.3586756575924
2460810.509722222,-3981.617053181769,-2786.0293676505794,2563.167655039317
2460810.5104166665,-3913.8186676052505,-3142.6443132578124,2235.6293243643563
2460810.511111111,-3815.0438790565327,-3474.4058794679836,1890.3401602579038
2460810.511805556,-3686.07161586165,-3778.6839124246526,1530.03952566036
2460810.5125,-3527.9220599926407,-4053.06689607507,1157.5876476271492
2460810.5131944446,-3341.848660579813,-4295.3818731828105,775.9424359844876
2460810.513888889,-3129.3280962872664,-4503.712377722271,388.1353664301263
2460810.5145833334,-2892.048264692063,-4676.4141783838995,-2.753341024200607
2460810.515277778,-2631.8944108030632,-4812.128653606764,-393.6199935781218
2460810.515972222,-2350.933533697374,-4909.793654427412,-781.3628873813217
2460810.5166666666,-2051.397237874187,-4968.651746364905,-1162.9076930590918
2460810.517361111,-1735.663218833081,-4988.255761910685,-1535.232500920459
2460810.5180555554,-1406.235583128558,-4968.4716364619135,-1895.3922784637775
2460810.51875,-1065.7242265642922,-4909.478538993111,-2240.542493007195
2460810.519444444,-716.8234852040258,-4811.766348841771,-2567.9616904142654
2460810.520138889,-362.29028430619405,-4676.130562758724,-2875.0728318434735
2460810.5208333335,-4.922000131794398,-4503.664746965845,-3159.4632233423786
2460810.521527778,352.46576147029464,-4295.750671852926,-3418.902901709523
2460810.5222222223,707.061275755437,-4054.0462867045617,-3651.3613653767843
2460810.5229166667,1056.078530645502,-3780.471698362514,-3855.0225729044387
2460810.523611111,1396.7786182375137,-3477.1933286140925,-4028.2981482268424
2460810.5243055555,1726.4905529402638,-3146.6064199199636,-4169.8387599306725
2460810.525,2042.6313970434462,-2791.3160557044816,-4278.543655956101
2460810.5256944443,2342.7255918457427,-2414.1168517637993,-4353.568348347877
2460810.5263888887,2624.4234016916594,-2017.971470008615,-4394.330449689396
2460810.527083333,2885.5183966186432,-1605.9880851028752,-4400.513669252605
2460810.527777778,3123.9638948662264,-1181.3969378809104,-4372.0699741789595
2460810.5284722224,3337.8883000096007,-747.5260875139115,-4309.21992076112
2460810.529166667,3525.609257049155,-307.7764844381097,-4212.45115591522
2460810.529861111,3685.6465556934077,134.40352473106438,-4082.515085538679
2460810.5305555556,3816.7337007514966,575.5441408499231,-3920.421702629228
2460810.53125,3917.8280629467677,1012.1803728766246,-3727.4325690252813
2460810.5319444444,3988.1195208110666,1440.8784798023448,-3505.0519445933965
2460810.532638889,4027.037497055881,1858.262434101758,-3255.016066647853
2460810.533333333,4034.256293133357,2261.0402329467915,-2979.2805929609935
2460810.5340277776,4009.698627421354,2646.029867238006,-2680.0062355269088
2460810.534722222,3953.537288092919,3010.1847357509273,-2359.5426351164756
2460810.535416667,3866.1948236201843,3350.6182789957193,-2020.4105495234417
2460810.5361111113,3748.3412089559715,3664.627597469839,-1665.282452823383
2460810.5368055557,3600.889446565402,3949.7158074925396,-1296.9616752008483
2460810.5375,3424.9890862043467,4203.612890101856,-918.3602393533399
2460810.5381944445,3222.0176753232345,4424.29479346424,-532.4755775760292
2460810.538888889,2993.5701819322912,4610.000561958977,-142.36633844536473
2460810.5395833333,2741.446465738477,4759.24728253495,248.8724820217377
2460810.5402777777,2467.636900669793,4870.842669133862,638.1348404147755
2460810.540972222,2174.3062861177527,4943.895133009325,1022.3291132800821
2460810.542361111,1538.506035055822,4972.350381219164,1763.3708773251087
2460810.543055556,1201.0727529414255,4927.526917073998,2114.333509140762
2460810.54375,854.1498549672106,4843.709309719982,2448.506268308061
2460810.5444444446,500.48550648894303,4721.5667785105115,2763.2392516523273
2460810.545138889,142.88021283377384,4562.073263614392,3056.038923137698
2460810.5458333334,-215.83579451653517,4366.498904861871,3324.587836284702
2460810.546527778,-572.8252421659793,4136.399155698815,3566.762757491526
2460810.547222222,-925.2663698308766,3873.601686740464,3780.6510713126463
2460810.5479166666,-1270.3751791091458,3580.1912415095107,3964.5653803895098
2460810.548611111,-1605.4272068850717,3258.4926188533072,4117.05623062
2460810.5493055554,-1927.7786785249798,2911.0519539314914,4236.922918271732
2460810.55,-2234.8869118743114,2540.61646548712,4323.222351219844
2460810.550694444,-2524.3298500845012,2150.1128400083862,4375.275946827427
2460810.551388889,-2793.824627538628,1742.6244002409744,4392.674562568601
2460810.5520833335,-3041.245065085711,1321.3672175213485,4375.281454896308
2460810.552777778,-3264.6380113911187,889.6653030241247,4323.233267868478
2460810.5534722223,-3462.238438583827,450.92502398540296,4236.939050831115
2460810.5541666667,-3632.4832062015716,8.60888319841891,4117.077305334425
2460810.554861111,-3774.023404889419,-433.79119814570373,3964.591059636677
2460810.5555555555,-3885.735183841668,-872.7809349829731,3780.680974181539
2460810.55625,-3966.7289696074013,-1304.8909145280177,3566.7964830883693
2460810.5569444443,-4016.356977927397,-1726.7038337333029,3324.62498753438
2460810.5576388887,-4034.218923402605,-2134.881546805855,3056.0791285319656
2460810.558333333,-4020.1658359948465,-2526.1917108203443,2763.282186458749
2460810.559027778,-3974.301902662626,-2897.533812704959,2448.5516690823315
2460810.5597222224,-3896.984265447998,-3245.9643312466656,2114.3811859725924
2460810.560416667,-3788.8207251073122,-3568.7208005268094,1763.4207186459698
2460810.561111111,-3650.6653233317184,-3863.244516619663,1398.4554405193082
2460810.5618055556,-3483.611801183133,-4127.201649295396,1022.3832545442298
2460810.5625,-3288.9849617302366,-4358.502520092526,638.191250946192
2460810.5631944444,-3068.3299956543237,-4555.318827978477,248.93130808089848
2460810.563888889,-2823.3998601808044,-4716.098626515852,-142.3049211366239
2460810.564583333,-2556.1408318766557,-4839.578885844174,-532.4113816677515
2460810.5652777776,-2268.67638216857,-4924.795506488575,-918.2930840709512
2460810.565972222,-1963.289551042789,-4971.090689486989,-1296.8914004325093
2460810.566666667,-1642.4040111524273,-4978.117608773754,-1665.208931733851
2460810.5673611113,-1308.5640344772157,-4945.842370717894,-2020.333694784231
2460810.5680555557,-964.4135781047521,-4874.543286489814,-2359.462400459161
2460810.56875,-612.6747134886422,-4764.807519088957,-2679.92261154169
2460810.5694444445,-256.12562038626686,-4617.525200876133,-2979.1935959001476
2460810.570138889,102.42164616453016,-4433.88114265826,-3254.925723009537
2460810.5708333333,460.14340925721336,-4215.344280094629,-3504.958271402703
2460810.5715277777,814.2264611276922,-3963.6550164671016,-3727.3355511175578
2460810.572222222,1161.8898234587057,-3680.810630123149,-3920.321268503017
2460810.5729166665,1500.4060264611526,-3369.0489189360715,-4082.411084155258
2460810.573611111,1827.1217781423693,-3030.830249274185,-4212.3433365931305
2460810.574305556,2139.477908321955,-2668.8181737147115,-4309.107917308747
2460810.575,2435.028488101644,-2285.8587730714203,-4371.95329530329
2460810.5756944446,2711.459043676806,-1884.95886000345,-4400.391697051417
2460810.576388889,2966.6037809947957,-1469.2631835887728,-4394.2024467116535
2460810.5770833334,3198.4617531384574,-1042.0307533582886,-4353.433473920148
2460810.577777778,3405.2118963501307,-606.610404706957,-4278.400992003752
2460810.578472222,3585.226866154184,-166.4157126863751,-4169.687344916264
2460810.5791666666,3737.085591418919,275.10061940588616,-4028.1370193452794
2460810.579861111,3859.5844692109054,714.4727848499037,-3854.850813597882
2460810.5805555554,3951.7471093500326,1148.248174626707,-3651.178157046764
2460810.58125,4012.8325358653224,1573.0138104534894,-3418.707577280875
2460810.581944444,4042.341748554768,1985.4227485516603,-3159.2553197921943
2460810.582638889,4040.0225470838436,2382.220270769895,-2874.852140295971
2460810.584027778,3940.1401405106385,3116.5774192313183,-2240.296828290895
2460810.5847222223,3843.323810322852,3448.31745586326,-1895.1351268899741
2460810.5854166667,3716.1689383651847,3752.8544156487383,-1534.965030699879
2460810.586111111,3559.662877762741,4027.7654926424707,-1162.6314596686875
2460810.5868055555,3375.0277992277697,4270.8607285318885,-781.079830143796
2460810.5875,3163.7114938926834,4480.201479170016,-393.33241908569175
2460810.5881944443,2927.376162941034,4654.116839033135,-2.463900251631961
2460810.5888888887,2667.885276680204,4791.2178256711095,388.42371243711614
2460810.589583333,2387.2886208724058,4890.409150197757,776.2264566069616
2460810.590277778,2087.8056743743355,4950.898436916141,1157.8638872725862
2460810.5909722224,1771.8074871775214,4972.202791025668,1530.3043529902354
2460810.591666667,1441.7972530580532,4954.1526521127125,1890.5898175595146
2460810.592361111,1100.3897830725443,4896.892912972458,2235.859978385412
2460810.5930555556,750.2901011347935,4800.881322395741,2563.3754432095434
2460810.59375,394.2713836767995,4666.884228040455,2870.5397524056134
2460810.5944444444,35.152466126957066,4495.969748151973,3154.9200562764477
2460810.595138889,-324.2248625798019,4289.498491972127,3414.2662805302225
2460810.595833333,-681.0185770581538,4049.1119671388556,3646.5286498920577
2460810.5965277776,-1032.4089468881032,3776.718832790444,3849.8734582028906
2460810.597222222,-1375.6207066929348,3474.479166158875,4022.697004514004
2460810.597916667,-1707.944708537303,3144.786912361097,4163.6376383977
2460810.5986111113,-2026.7589102703841,2790.250692699248,4271.585873430567
2460810.5993055557,-2329.5485778479297,2413.6731358830534,4345.692548034673
2460810.6,-2613.9255875832905,2018.0288945593936,4385.375020674377
2460810.6006944445,-2877.646726146125,1606.4415023401768,4390.3213948324155
2460810.601388889,-3118.6308973338373,1182.1592143760718,4360.49277320173
2460810.6020833333,-3334.9751430288,748.5299775793789,4296.1235407425065
2460810.6027777777,-3524.969392766266,308.9756666126917,4197.71967685321
2460810.603472222,-3687.109852329128,-133.0342733686538,4066.0550956177467
2460810.6041666665,-3820.110938766481,-574.0096283601267,3902.1660151258416
2460810.604861111,-3922.9156697892067,-1010.4665135039227,3707.3433568511973
2460810.605555556,-3994.7044072882136,-1438.9545906186038,3483.12318740981
2460810.60625,-4034.9018606454492,-1856.0842337943327,3231.275218161704
2460810.6069444446,-4043.182252192481,-2258.5534350948406,2953.789400749727
2460810.607638889,-4019.472557179577,-2643.1742459934485,2652.8606658994713
2460810.6083333334,-3963.9537384735186,-3006.898517055736,2330.8718857308163
2460810.609027778,-3877.0599128823596,-3346.842703223512,1990.3751556573613
2460810.609722222,-3759.4754047133238,-3660.311485171384,1634.071525404511
2460810.6104166666,-3612.1296669054736,-3944.819958948196,1264.789335519814
2460810.611111111,-3436.190077116882,-4198.114152226569,885.4613419309386
2460810.6118055554,-3233.052646121312,-4418.189636273247,499.1008370973051
2460810.6125,-3004.3307086816285,-4603.308020358435,108.77700057900832
2460810.613194444,-2751.8416948562717,-4752.011144462184,-282.41027783805316
2460810.613888889,-2477.5921167160527,-4863.132810415697,-671.355835084326
2460810.6145833335,-2183.7609233059393,-4935.8079354021875,-1054.9746756341788
2460810.615277778,-1872.6814092348409,-4969.47904294573,-1430.2271456138517
2460810.6159722223,-1546.8218761940059,-4963.900051455292,-1794.1435858154528
2460810.6166666667,-1208.7652602863423,-4919.137359290859,-2143.8482214815645
2460810.617361111,-861.1879477701924,-4835.568264052122,-2476.582063125922
2460810.6180555555,-506.83800086208157,-4713.876789642608,-2789.72461907402
2460810.61875,-148.5130129869506,-4555.047025657377,-3080.814244882319
2460810.6194444443,210.9621976779375,-4360.354108883376,-3347.5669846406813
2460810.6201388887,568.7578571540673,-4131.352997866451,-3587.893785218008
2460810.620833333,922.0612913022126,-3869.8652009541975,-3799.915997907085
2460810.621527778,1268.0986014103178,-3577.9636294534316,-3981.9791005332495
2460810.6222222224,1604.1558174351965,-3257.9557466251845,-4132.664600474609
2460810.622916667,1927.5994069385981,-2912.3651763460125,-4250.800097520504
2460810.623611111,2235.8960264045795,-2543.911934869915,-4335.467495402618
2460810.6243055556,2526.6314242511667,-2155.491432353335,-4386.009364688107
2460810.6256944444,3046.4638203840527,-1331.07376067678,-4383.4154126637695
2460810.626388889,3271.484391332492,-901.5408957713493,-4330.29956179853
2460810.627083333,3470.821495753373,-464.9208699761482,-4243.097995661703
2460810.6277777776,3642.9046407774417,-24.63728240509477,-4122.487730631478
2460810.628472222,3786.3736646329494,415.85547129284174,-3969.4060642058453
2460810.629166667,3900.089542261163,853.0982921444331,-3785.0440800027136
2460810.6298611113,3983.1437086219926,1283.6537035535162,-3570.8383017135266
2460810.6305555557,4034.865804864057,1704.1322610547506,-3328.4604949072877
2460810.63125,4054.8297486806714,2111.218876190765,-3059.805626924629
2460810.6319444445,4042.858031690902,2501.698871798249,-2766.9780063859416
2460810.632638889,3999.024150705166,2872.4835579843443,-2452.275648847309
2460810.6333333333,3923.6530901180304,3220.6351148809536,-2118.172929591618
2460810.6340277777,3817.3197867396775,3543.390542133471,-1767.301619417651
2460810.634722222,3680.845526988302,3838.1844376121053,-1402.4304187108742
2460810.6354166665,3515.292251003704,4102.670355923782,-1026.443141411848
2460810.636111111,3321.9547652171636,4334.740505959873,-642.3157246662807
2460810.636805556,3102.3508942818976,4532.543556285137,-253.09226599255535
2460810.6375,2858.2096368029484,4694.500332213612,138.13968339214227
2460810.6381944446,2591.457417635388,4819.317216153633,528.2743285943458
2460810.638888889,2304.202565225672,4905.99708795949,914.2130818632652
2460810.6395833334,1998.7181658137615,4953.8476811758555,1292.889993422075
2460810.640277778,1677.4234723407749,4962.487266433602,1661.296897453771
2460810.640972222,1342.8640699976797,4931.847613786859,2016.5080100825814
2460810.6416666666,997.6910058063103,4862.174227157058,2355.703739402661
2460810.642361111,644.6391092441806,4754.023881959312,2676.193472374377
2460810.6430555554,286.50472426701714,4608.25953335325,2975.4371367065874
2460810.64375,-73.87692052427109,4426.042695787233,3251.065352311011
2460810.644444444,-433.65449724258804,4208.823416467788,3500.8980256596733
2460810.645138889,-789.9833058209608,3958.327993996254,3722.9612526448254
2460810.6458333335,-1140.0477654115605,3676.544598242891,3915.5024402605404
2460810.646527778,-1481.0834919130707,3365.706964212877,4077.0035690015325
2460810.6472222223,-1810.398813725494,3028.2763275453995,4206.19254880198
2460810.6479166667,-2125.395582991343,2666.9217764697105,4302.052632756936
2460810.648611111,-2423.589165400313,2284.4991815287967,4363.829872650887
2460810.6493055555,-2702.6274978219717,1884.028862741162,4391.03860636146
2460810.65,-2960.3091157567965,1468.672143736046,4383.464974359014
2460810.6506944443,-3194.6000564246215,1041.7069397813736,4341.168464905931
2460810.6513888887,-3403.649551320676,606.5025151613967,4264.481488187497
2460810.652083333,-3585.804416371157,166.49355377083657,4154.00697899384
2460810.652777778,-3739.6220517572883,-274.84631985924415,4010.6140270270844
2460810.6534722224,-3863.881955988228,-714.0314163366081,3835.4315364988793
2460810.654166667,-3957.5956598522994,-1147.5910998125305,3629.8399188816015
2460810.654861111,-4020.014980905972,-1572.0969750136655,3395.460831457491
2460810.6555555556,-4050.6385006472633,-1984.189955240711,3134.144986108079
2460810.65625,-4049.216170193474,-2380.6070092941363,2847.9580676476085
2460810.6569444444,-4015.7519572805018,-2758.2073666879296,2539.1648227323453
2460810.657638889,-3950.5044594913415,-3113.997951556348,2210.2114008622225
2460810.658333333,-3853.985425842531,-3445.157797627526,1863.706061729258
2460810.6590277776,-3726.956149119135,-3749.061203412391,1502.3983813640339
2460810.659722222,-3570.4217178950726,-4023.299375513664,1129.1571275869505
2460810.660416667,-3385.6231456812543,-4265.700322584508,746.9469968074437
2460810.6611111113,-3174.0274236243827,-4474.3467767753955,358.80442637994906
2460810.6618055557,-2937.3155778846112,-4647.591935526445,-32.18727596511552
2460810.6625,-2677.368841498293,-4784.07284885698,-422.9232352757787
2460810.6631944445,-2396.2530814574625,-4882.72130718199,-810.3024816379555
2460810.663888889,-2096.201646487865,-4942.772122548803,-1191.2533275138244
2460810.6645833333,-1779.5968265241754,-4963.768734377006,-1562.7583848331606
2460810.6652777777,-1448.9501269358457,-4945.56611316497,-1921.8789732738546
2460810.665972222,-1106.8815765799482,-4888.330973790985,-2265.7786803135914
2460810.667361111,-399.37251549539144,-4658.9716050458355,-2897.2148669039766
2460810.668055556,-39.519360922640004,-4488.7050203129775,-3179.7858941542536
2460810.66875,320.6255583551763,-4283.104050883623,-3437.2432279927707
2460810.6694444446,678.22839319697,-4043.8084512580003,-3667.5718619638747
2460810.670138889,1030.4790620768667,-3772.719406072918,-3868.9723631252837
2460810.6708333334,1374.6128281862134,-3471.9838469757365,-4039.87394332088
2460810.671527778,1707.9313175457078,-3143.977120501223,-4178.94570253098
2460810.672222222,2027.8228527043643,-2791.284175741672,-4285.106024315094
2460810.6729166666,2331.7820043925144,-2416.6794223690576,-4357.530121894771
2460810.673611111,2617.428267558933,-2023.10540640922,-4395.655736000169
2460810.6743055554,2882.523780012586,-1613.650440376662,-4399.186991216863
2460810.675,3124.9900119101017,-1191.5253094215875,-4368.096418053249
2460810.675694444,3342.923351374234,-760.0391749303708,-4302.625144320728
2460810.676388889,3534.609515616556,-322.5747859689992,-4203.281255844277
2460810.6770833335,3698.5367083475694,117.43688190289055,-4070.8363232068277
2460810.677777778,3833.4074446325444,556.5424470371526,-3906.3200870879377
2460810.6784722223,3938.148953527766,991.2922701738306,-3711.013295289931
2460810.6791666667,4011.922065306002,1418.2667899075511,-3486.4386878342693
2460810.679861111,4054.128486567776,1834.102892839235,-3234.350130876121
2460810.6805555555,4064.4163627819025,2235.5201400917204,-2956.7199150689066
2460810.68125,4042.684031737452,2619.3466593340795,-2655.7242479190754
2460810.6819444443,3989.0818771375966,2982.54449165837,-2333.726990851657
2460810.6826388887,3904.0122024904827,3322.2341690023613,-1993.2617142419604
2460810.683333333,3788.127062182294,3635.718281620567,-1637.0121744449225
2460810.684027778,3642.3240065965488,3920.503794884891,-1267.7913396335884
2460810.6847222224,3467.7397243923033,4174.322867221044,-888.5191261702968
2460810.685416667,3265.741592086428,4395.151932195899,-502.19902941123115
2460810.686111111,3037.917174271915,4581.228815769379,-111.89386416900776
2460810.6868055556,2786.0617455712945,4731.067684888552,279.2991571139929
2460810.6875,2512.163943158192,4843.471642798027,668.2737520852437
2460810.6881944444,2218.3896820179784,4917.542824714695,1051.9400471886229
2460810.688888889,1907.0644987610663,4952.689878412743,1427.2499369555956
2460810.689583333,1580.6545064171528,4948.6327565324655,1791.2220651613175
2460810.6902777776,1241.7461681494988,4905.404785463339,2140.9661676979345
2460810.690972222,893.0251039045133,4823.352017462614,2473.706540055005
2460810.691666667,537.2541533465626,4703.129909120578,2786.8044078399685
2460810.6923611113,177.25092312962147,4545.697405668893,3077.778999522593
2460810.6930555557,-184.13496573163107,4352.308538679801,3344.327154542132
2460810.69375,-544.0447149219577,4124.501671538976,3584.3413196811134
2460810.6944444445,-899.633075885617,3864.0865424724225,3795.9258215731584
2460810.695138889,-1248.0907804535634,3573.1292707148577,3977.4113239816866
2460810.6958333333,-1586.666512873862,3253.9354936262494,4127.367407811603
2460810.6965277777,-1912.6882733929033,2909.031806362815,4244.6132288612325
2460810.697222222,-2223.5839993817617,2541.1456747318703,4328.2262258796145
2460810.6979166665,-2516.9013327132557,2153.183977053475,4377.5488666293095
2460810.698611111,-2790.326420508214,1748.2103376436462,4392.193422982775
2460810.699305556,-3041.7016581785965,1329.4213933925178,4372.044775334234
2460810.7,-3269.0422806346037,900.1221379130033,4317.261245234423
2460810.7006944446,-3470.551711904507,463.7004832572782,4228.273456642658
2460810.701388889,-3644.6355845186617,23.60117674114178,4105.781225427865
2460810.7020833334,-3789.91433672705,-416.7007848873165,3950.7484762646363
2460810.702777778,-3905.23429121135,-853.7270900270552,3764.3961894740387
2460810.703472222,-3989.6771186283477,-1284.0232362551128,3548.1933839416265
2460810.7041666666,-4042.567585444085,-1704.1856620588148,3303.8461543366716
2460810.704861111,-4063.479489802568,-2110.888702596366,3033.2847874162317
2460810.7055555554,-4052.239689992751,-2500.9111478120913,2738.6490110279865
2460810.70625,-4008.930143139126,-2871.1621922605923,2422.271436607751
2460810.706944444,-3933.8878823527143,-3218.7065306125064,2086.659293903419
2460810.707638889,-3827.7028809768926,-3540.788358124319,1734.474576051013
2460810.709027778,-3525.501432374759,-4098.573130026178,991.6801489546722
2460810.7097222223,-3331.8804247182707,-4329.857717840698,606.9704371798265
2460810.7104166667,-3111.8884103034693,-4526.879534519824,217.44005239874875
2460810.711111111,-2867.273569467567,-4688.084969861667,-173.8168065560328
2460810.7118055555,-2599.980180963338,-4812.2076282312755,-563.6935878236818
2460810.7125,-2312.1325013381406,-4898.278358032212,-949.09685679156
2460810.7131944443,-2006.0171192656435,-4945.632652059087,-1326.9715752873526
2460810.7138888887,-1684.0639799855614,-4953.915363922853,-1694.3259301633357
2460810.714583333,-1348.8262917375555,-4923.082726455738,-2048.2554622565813
2460810.715277778,-1002.959532982681,-4853.401697867127,-2385.9662675702216
2460810.7159722224,-649.1997832338308,-4745.446697015038,-2704.7970635059687
2460810.716666667,-290.3416013541865,-4600.093822634321,-3002.239935842988
2460810.717361111,70.78433600633102,-4418.512678609344,-3275.9596143193703
2460810.7180555556,431.3336361512672,-4202.155946973628,-3523.811153478509
2460810.71875,788.4704411149513,-3952.7468686261686,-3743.855918461749
2460810.7194444444,1139.3893622291416,-3672.264796960687,-3934.375808593596
2460810.720138889,1481.3369454651527,-3362.9289955851646,-4093.8856700744504
2460810.720833333,1811.6325395698032,-3027.1808443805826,-4221.1438726376
2460810.7215277776,2127.6884481609254,-2667.6646181733904,-4315.161035740805
2460810.722222222,2427.029269358092,-2287.2069875882203,-4375.206904691427
2460810.722916667,2707.310335734402,-1888.7953826146609,-4400.815381114395
2460810.7236111113,2966.335174699263,-1475.5553508465641,-4391.787714227038
2460810.7243055557,3202.0719149636484,-1050.7270336848198,-4348.193859249632
2460810.725,3412.6685695240803,-617.6408713521522,-4270.372005440848
2460810.7256944445,3596.4671161479646,-179.69265767222822,-4158.926272739224
2460810.726388889,3752.0163010076076,259.68194780145006,-4014.7225713229664
2460810.7270833333,3878.0830781284326,697.033324085678,-3838.882617219448
2460810.7277777777,3973.662594973645,1128.9240789810851,-3632.7760975778024
2460810.728472222,4037.986628539957,1551.955380471698,-3398.010983006765
2460810.7291666665,4070.530372548326,1962.7932688685064,-3136.4219918140984
2460810.729861111,4071.017475068556,2358.1947633091813,-2850.057228804859
2460810.730555556,4039.4232315875984,2735.033570482598,-2541.163032296299
2460810.73125,3975.9758442571983,3090.3251772172684,-2212.167088886215
2460810.7319444446,3881.155672333942,3421.2510947282153,-1865.65990195427
2460810.732638889,3755.692416162592,3725.182017228697,-1504.3747232511225
2460810.7333333334,3600.560199731531,3999.699647864065,-1131.1660895358852
2460810.734027778,3416.9705431639054,4242.616948839639,-748.9871328532388
2460810.734722222,3206.363245268946,4451.996580720206,-360.86585922246746
2460810.7354166666,2970.3952298476775,4626.1673083153355,30.119381118532225
2460810.736111111,2710.927439348753,4763.7381763083795,420.86499421187233
2460810.7368055554,2430.009891596387,4863.610283522156,808.2675587851575
2460810.7375,2129.8650448311223,4924.986018047437,1189.2492949627856
2460810.738194444,1812.8696435274105,4947.375652760168,1560.7833182323486
2460810.738888889,1481.5352346793409,4930.601241006909,1919.9184214015525
2460810.7395833335,1138.487569254719,4874.797791389975,2263.8031274590467
2460810.740277778,786.4451011987375,4780.411740740028,2589.7087877438853
2460810.7409722223,428.1968176906754,4648.196781628367,2895.0515027445967
2460810.7416666667,66.57961746513061,4479.207132851596,3177.412684929898
2460810.742361111,-295.54454040031817,4274.7883706237235,3434.5580979837932
2460810.7430555555,-655.3115116805052,4036.565959493075,3664.455241303521
2460810.74375,-1009.8776711590349,3766.4316393309614,3865.2889732795898
2460810.7444444443,-1356.4422694641971,3466.5278336254382,4035.475294737002
2460810.7451388887,-1692.2692827224257,3139.2302487234565,4173.673235992575
2460810.745833333,-2014.7086099899884,2787.12883565255,4278.794809501175
2460810.746527778,-2321.2164946837856,2413.007277145735,4350.0130077408485
2460810.7472222224,-2609.3750541385884,2019.821160914432,4386.767833975217
2460810.747916667,-2876.9108155390736,1610.674990012132,4388.770362060357
2460810.748611111,-3121.7121613693707,1188.7981778831552,4356.00482456101
2460810.7493055556,-3341.84559727589,757.5201621365549,4288.728729355084
2460810.7506944444,-3701.353990782129,-119.5759432459245,4053.028169706662
2460810.751388889,-3837.8806395940574,-558.4684953571914,3886.458538047687
2460810.752083333,-3944.0655690946514,-992.9648297702214,3689.074445994928
2460810.7527777776,-4019.0621941545205,-1419.6294899306965,3462.432525539328
2460810.753472222,-4062.2696942438197,-1835.0866654395588,3208.3220387819874
2460810.754166667,-4073.338390191472,-2236.047007616423,2928.7513072615525
2460810.7548611113,-4052.1731798041264,-2619.333980546931,2625.9322936263475
2460810.7555555557,-3998.934952199399,-2981.9095243785728,2302.2634096355173
2460810.75625,-3914.0399149921714,-3320.8987877479776,1960.3106553492344
2460810.7569444445,-3798.1567891235695,-3633.613684515273,1602.787219017306
2460810.757638889,-3652.2018496103865,-3917.575028338435,1232.531694806557
2460810.7583333333,-3477.3318197302597,-4170.53300039965,852.4851069106484
2460810.7590277777,-3274.9346550857895,-4390.485722726996,465.66694832798106
2460810.759722222,-3046.618286182367,-4575.695725063473,75.15046708736618
2460810.7604166665,-2794.197422018304,-4724.7041179245725,-315.9625476736574
2460810.761111111,-2519.678543278787,-4836.342319640957,-704.5672240033828
2460810.761805556,-2225.24324454921,-4909.7412161426655,-1087.5810422465222
2460810.7625,-1913.2301105528281,-4944.337672440932,-1461.9689801110615
2460810.7631944446,-1586.1153227981688,-4939.878356881894,-1824.7681186564364
2460810.763888889,-1246.4922161889149,-4896.420876146562,-2173.1114609874126
2460810.7645833334,-897.0500039567316,-4814.332259701089,-2504.2507461577243
2460810.765277778,-540.55189891877,-4694.284867261669,-2815.5780552053816
2460810.765972222,-179.81284541947724,-4537.249822457751,-3104.646042891732
2460810.7666666666,182.32292145276278,-4344.488103371226,-3369.1866462238904
2460810.767361111,543.0042980401644,-4117.539436258349,-3607.1281605730974
2460810.7680555554,899.3955284834119,-3858.2091561076622,-3816.6105917302098
2460810.76875,1248.6980564152623,-3568.5532000388744,-3995.9992260039235
2460810.769444444,1588.1718668133658,-3250.8614021472335,-4143.896378153451
2460810.770138889,1915.1561912604463,-2907.63925510179,-4259.1512955857615
2460810.7708333335,2227.0894673008847,-2541.5882960414992,-4340.868211515909
2460810.771527778,2521.5284583044286,-2155.5852624514714,-4388.41254901166
2460810.7722222223,2796.1664473374894,-1752.6601571383644,-4401.41528114932
2460810.7729166667,3048.8504300293125,-1335.9733467656872,-4379.775454663666
2460810.773611111,3277.5972308559335,-908.7918155334892,-4323.6608816216985
2460810.7743055555,3480.608470427052,-474.464687070971,-4233.50700076354
2460810.775,3656.2843075447545,-36.39812743554421,-4110.013905528396
2460810.7756944443,3803.235875004578,401.9702554912971,-3954.1415319743437
2460810.7763888887,3920.296319790478,837.1973863389312,-3767.103001062796
2460810.777083333,4006.5303576693755,1265.8609427684305,-3550.3561074062095
2460810.777777778,4061.2422415019837,1684.5856656634203,-3305.5929559848537
2460810.7784722224,4083.98204326304,2090.0695911880125,-3034.7277576783463
2460810.779166667,4074.550150270744,2479.1100203673304,-2739.8828075411334
2460810.779861111,4032.9998802996583,2848.629019114394,-2423.3726914810227
2460810.7805555556,3959.6381304948595,3195.698229029061,-2087.6867880942455
2460810.78125,3855.023989586337,3517.5627535412805,-1735.4701605475557
2460810.7819444444,3719.965262517686,3811.6638775442425,-1369.5029602260172
2460810.782638889,3555.5128801770265,4075.660375582914,-992.6784925072952
2460810.783333333,3362.9531950695673,4307.44816604748,-607.980124646304
2460810.7840277776,3143.7981948139927,4505.178079864937,-218.45724217334728
2460810.784722222,2899.773694171364,4667.271532486778,172.79952267858664
2460810.785416667,2632.805604337484,4792.433905610684,562.6835376413824
2460810.7861111113,2345.0044028988295,4879.66548232259,948.0976391529764
2460810.7868055557,2038.6479594590312,4928.2698092385535,1325.9795567373096
2460810.7875,1716.1628973313764,4937.859398416558,1693.3270268269048
2460810.7881944445,1380.1046899100054,4908.358722560659,2047.222339105549
2460810.788888889,1033.1367050977663,4840.004496419952,2384.8560704822294
2460810.7895833333,678.0084215795862,4733.343276148072,2703.549778353381
2460810.7902777777,317.533041396548,4589.226444006269,3000.777449875164
2460810.790972222,-45.43527632983356,4408.802677903695,3274.185526903822
2460810.792361111,-767.3668557962108,3945.0537611833524,3741.0999511155374
2460810.793055556,-1120.6230179861566,3665.412087101165,3930.918937845916
2460810.79375,-1465.0028496401872,3356.800008821058,4089.5716683827636
2460810.7944444446,-1797.78787735248,3021.6613916888828,4215.80839863042
2460810.795138889,-2116.352159387493,2662.6474638113564,4308.63553207742
2460810.7958333334,-2418.182491588578,2282.5958965721134,4367.322900813723
2460810.796527778,-2700.8976897701623,1884.508622159388,4391.409077691713
2460810.797222222,-2962.2668472346636,1471.5285380325124,4380.704716684978
2460810.7979166666,-3200.226474533986,1046.9152393738996,4335.29392139777
2460810.798611111,-3412.8964295384962,614.0199193270792,4255.53364163102
2460810.7993055554,-3598.594547134041,176.25957522419407,4142.0510979205765
2460810.8,-3755.8498771988493,-262.9093412511059,3995.7392328220635
2460810.800694444,-3883.4144328934462,-700.0176772031876,3817.7501910659944
2460810.801388889,-3980.273352814459,-1131.6105817988366,3609.4868327163417
2460810.8020833335,-4045.6533747361404,-1554.2745839751276,3372.5922936504735
2460810.802777778,-4079.0295214138705,-1964.6645604137889,3108.937617278214
2460810.8034722223,-4080.1299008469687,-2359.5303864377897,2820.607500972744
2460810.8041666667,-4048.9385324491,-2735.7430540572896,2509.884217468781
2460810.804861111,-3985.6961218366314,-3090.320022163359,2179.229798585644
2460810.8055555555,-3890.898724318415,-3420.4495580950716,1831.2665926510094
2460810.80625,-3765.294259377577,-3723.51382081188,1468.7563386033073
2460810.8069444443,-3609.8768626937995,-3997.1104434442477,1094.5779213762946
2460810.8076388887,-3425.8790935655747,-4239.072371988172,711.7040087736336
2460810.808333333,-3214.762043144649,-4447.48574064001,323.17678317774767
2460810.809027778,-2978.203426994309,-4620.705575093606,-67.91698424719033
2460810.8097222224,-2718.0837682819893,-4757.369154456557,-458.47127289226415
2460810.810416667,-2436.4708166524656,-4856.406883562446,-845.3862940926984
2460810.811111111,-2135.602367480216,-4917.0505720246965,-1225.5938539693313
2460810.8118055556,-1817.867673745821,-4938.839051730283,-1596.0823323073005
2460810.8125,-1485.7876538330536,-4921.621107002904,-1953.9210308060756
2460810.8131944444,-1141.9941176067823,-4865.555729530372,-2296.2836503289896
2460810.813888889,-789.2082301769601,-4771.109748709628,-2620.470688131897
2460810.814583333,-430.2184408800924,-4639.052921607088,-2923.930561364436
2460810.8152777776,-67.85809328199689,-4470.450596027254,-3204.2792976123746
2460810.815972222,295.0170806816804,-4266.654080575324,-3459.318662335557
2460810.816666667,655.5513811970167,-4029.288878385177,-3687.052612073482
2460810.8173611113,1010.9113089610737,-3760.240944404808,-3885.7020033971908
2460810.8180555557,1358.3073195631637,-3461.641136164882,-4053.71750075655
2460810.81875,1695.0150265594198,-3135.8480250781327,-4189.7906521626155
2460810.8194444445,2018.3957351228732,-2785.4292278306634,-4292.863117976872
2460810.820138889,2325.9161973961136,-2413.141415214641,-4362.1340471530375
2460810.8208333333,2615.167502359198,-2021.9091377388158,-4397.065606463718
2460810.8215277777,2883.883016905436,-1614.8026013950278,-4397.386668304052
2460810.822222222,3129.955300054431,-1195.0145201856835,-4363.094663480331
2460810.8229166665,3351.45191977095,-765.8361578229407,-4294.455603203929
2460810.823611111,3546.630095653208,-330.6326741057122,-4192.002269645318
2460810.824305556,3713.9500893496856,107.18211046792521,-4056.530571179362
2460810.825,3852.0872596918707,544.1714157292768,-3889.0940547558907
2460810.8256944446,3959.9426905953574,976.9015363178374,-3690.9965696320037
2460810.826388889,4036.6522980966715,1401.9680757184835,-3463.7830761983637
2460810.8270833334,4081.5943138998746,1816.0222151157664,-3209.228606529149
2460810.827777778,4094.3950458833915,2215.7968504639857,-2929.3253884874002
2460810.828472222,4074.9328146712937,2598.132398905391,-2626.268167876344
2460810.8291666666,4023.3399740929067,2960.002066307058,-2302.4377802115396
2460810.829861111,3940.0029338596923,3298.536350083607,-1960.3830487425641
2460810.8305555554,3825.5601192202444,3611.0465393125933,-1602.8011129005163
2460810.83125,3680.897824473729,3895.0469664015336,-1232.5163218477521
2460810.831944444,3507.143940827956,4148.275769135108,-852.4578507351869
2460810.832638889,3305.659570165568,4368.713920692449,-465.63623266748283
2460810.834027778,2826.04507575239,4704.456622618736,315.99419919163034
2460810.8347222223,2551.699188884091,4817.079973334396,704.5971506062566
2460810.8354166667,2257.160830468454,4891.572923027034,1087.602371521607
2460810.836111111,1944.762060378879,4927.340987406085,1461.9665477055728
2460810.8368055555,1616.9779661067018,4924.0994324324065,1824.7154535189613
2460810.8375,1276.4063559258516,4881.875366852063,2172.968229681117
2460810.8381944443,925.7464681797276,4801.007132567431,2503.9607634555
2460810.8388888887,567.7769215194922,4682.141036475373,2815.0679513227697
2460810.839583333,205.3331352510829,4526.22550352102,3103.8246457829514
2460810.840277778,-158.71556437791577,4334.5027578750305,3367.9451227024115
2460810.8409722224,-521.4889368259093,4108.498164624275,3605.3409252768365
2460810.841666667,-880.1187172891698,3850.007384271254,3814.136970699157
2460810.842361111,-1231.7712277228154,3561.0814978102053,3992.6858380436697
2460810.8430555556,-1573.6695340132464,3244.010275648467,4139.580169503558
2460810.84375,-1903.11500823383,2901.303753669115,4253.663147842214
2460810.8444444444,-2217.5081567850816,2535.672287192581,4334.037020939684
2460810.845138889,-2514.3685997711045,2150.0052400491986,4380.06966197615
2460810.845833333,-2791.354094893761,1747.3484608457024,4391.3991590170635
2460810.8465277776,-3046.2785058458217,1330.8806941775426,4367.936432043719
2460810.847222222,-3277.128622109034,903.8890678580917,4309.8658781371605
2460810.847916667,-3482.0797417536737,469.7437887652825,4217.64404428874
2460810.8486111113,-3659.509920907981,31.87219290090354,4091.99632784589
2460810.8493055557,-3808.012799630503,-406.26771483639357,3933.9117037231476
2460810.85,-3926.40890441226,-841.2140769957106,3744.635480634179
2460810.8506944445,-4013.7553266647424,-1269.5281911824432,3525.6600955819476
2460810.851388889,-4069.353677503729,-1687.8215398075731,3278.713960302705
2460810.8520833333,-4092.7562155810715,-2092.7826385086423,3005.7483950985466
2460810.8527777777,-4083.7700547278705,-2481.203502507882,2708.9226950937
2460810.853472222,-4042.459363887089,-2850.005504220144,2390.5873999295145
2460810.8541666665,-3969.1454874608808,-3196.2643822574473,2053.2658654918405
2460810.854861111,-3864.4049323194513,-3517.234163170874,1699.634255867812
2460810.855555556,-3729.0651910588876,-3810.3697439678017,1332.5001097080265
2460810.85625,-3564.1983988269676,-4073.347891842406,954.7796598325697
2460810.8569444446,-3371.112849219877,-4304.086429181748,569.4741075678471
2460810.857638889,-3151.3424293678927,-4500.761382915176,179.64508345398383
2460810.8583333334,-2906.634061985812,-4661.821907820174,-211.61046611542884
2460810.859027778,-2638.933279561144,-4786.002814806286,-601.1857012155322
2460810.859722222,-2350.368078862803,-4872.334576656727,-985.9893597921391
2460810.8604166666,-2043.2312310994325,-4920.150717329212,-1362.971012955927
2460810.861111111,-1719.961246287409,-4929.092530887097,-1729.1458426232066
2460810.8618055554,-1383.122201006785,-4899.111117881329,-2081.6186988211757
2460810.8625,-1035.3826540729108,-4830.466764996996,-2417.6072047394914
2460810.863194444,-679.4938696251627,-4723.725730028412,-2734.4637097396126
2460810.863888889,-318.2675754819308,-4579.754526881212,-3029.695905176422
2460810.8645833335,45.44653306521611,-4399.711831210914,-3300.985956594365
2460810.865277778,408.7833383263648,-4185.038149392329,-3546.208027239658
2460810.8659722223,768.8847074345789,-3937.4434078523213,-3763.444099703508
2460810.8666666667,1122.9215944343734,-3658.892626236326,-3950.9980292566734
2460810.867361111,1468.1156831028688,-3351.589843821773,-4107.407781859474
2460810.8680555555,1801.7604400975915,-3017.960463314192,-4231.455832786955
2460810.86875,2121.2414638607743,-2660.632169800748,-4322.177715131098
2460810.8694444443,2424.056027467985,-2282.414575851481,-4378.868716947336
2460810.8701388887,2707.8317300071412,-1886.2777285873465,-4401.088733015199
2460810.870833333,2970.344172403818,-1475.3296125443883,-4388.6652772360585
2460810.871527778,3209.533587337149,-1052.792762379158,-4341.694662220512
2460810.8722222224,3423.5203446994055,-621.9801055363778,-4260.541347817709
2460810.872916667,3610.619258798713,-186.27014384122634,-4145.83545712487
2460810.873611111,3769.352615607424,250.9184104835193,-3998.468454369828
2460810.8743055556,3898.4618333611165,686.1524237135828,-3819.5869772085457
2460810.8756944444,4063.9288311341074,1537.1088169745653,-3373.093049321189
2460810.876388889,4098.949022387142,1946.128126588878,-3108.9683076776564
2460810.877083333,4101.682100056939,2339.8389842551846,-2820.2792463676615
2460810.8777777776,4072.085465785953,2715.1277651477903,-2509.2912051649178
2460810.878472222,4010.371468344729,3069.0215937950165,-2178.4491546786576
2460810.879166667,3917.0067843618876,3398.7125122438306,-1830.3590008791987
2460810.8798611113,3792.7097121061074,3701.5805642662585,-1467.767366490026
2460810.8805555557,3638.4453422575675,3975.215552124731,-1093.5399915027103
2460810.88125,3455.418596835937,4217.437221692626,-710.6389257912987
2460810.8819444445,3245.065155684074,4426.313642909099,-322.0987096868565
2460810.882638889,3009.0403258271795,4600.177562293929,68.99822918821157
2460810.8833333333,2749.2059343523774,4737.640535130557,459.54672954570975
2460810.8840277777,2467.6153667352405,4837.604662814938,846.44433485391
2460810.884722222,2166.4968914893198,4899.271803648644,1226.616761637515
2460810.8854166665,1848.2354471051688,4922.150155301233,1597.0431259649256
2460810.886111111,1515.3530839004748,4906.058150592797,1954.7806699709406
2460810.886805556,1170.4882719587129,4851.12564710484,2296.988738230674
2460810.8875,816.3742954191182,4757.792430389699,2620.9517725787664
2460810.8881944446,455.81695889846486,4626.8040866676565,2924.101114346559
2460810.888888889,91.67183320197505,4459.205334626162,3204.0354263673717
2460810.8895833334,-273.17874144297923,4256.330933513394,3458.539577405814
2460810.890277778,-635.8486892193947,4019.7943044480494,3685.601860713522
2460810.890972222,-993.4710706643864,3751.4740214279027,3883.429440371263
2460810.8916666666,-1343.2206186093592,3453.4983341224975,4050.461951237436
2460810.892361111,-1682.3357734580468,3128.2278934033543,4185.383195876324
2460810.8930555554,-2008.140079408997,2778.2368429705666,4287.130905820972
2460810.89375,-2318.0628093237315,2406.2924435573545,4354.9045440169075
2460810.894444444,-2609.6587040442755,2015.3333874096913,4388.171139122514
2460810.895138889,-2880.626726640284,1608.4469471835716,4386.669148686136
2460810.8958333335,-3128.8277283661205,1188.8451103797813,4350.410349257565
2460810.896527778,-3352.300939515927,759.8398302187288,4279.679754525982
2460810.8972222223,-3549.2791893088456,324.8175352405817,4175.033560760604
2460810.8979166667,-3718.2027632581917,-112.78696568123333,4037.295119249204
2460810.898611111,-3857.7318019112035,-549.5170388457159,3867.5489357003003
2460810.8993055555,-3966.7571406594534,-981.9210854179285,3667.132701014674
2460810.9,-4044.409489514247,-1406.579540294646,3437.627363532668
2460810.9006944443,-4090.06684973277,-1820.1318262543539,3180.8452649340074
2460810.9013888887,-4103.3600675418165,-2219.3030656877067,2898.816376382985
2460810.902083333,-4084.1764312302307,-2600.9303345785347,2593.7726917601117
2460810.902777778,-4032.661228903255,-2961.988231437272,2268.130856421873
2460810.9034722224,-3949.2171998336157,-3299.6135194143194,1924.4731384441682
2460810.904166667,-3834.5018325237243,-3611.1285979375884,1565.5268733613198
2460810.904861111,-3689.4224880764446,-3894.063553845291,1194.1425465464058
2460810.9055555556,-3515.129354624447,-4146.176553469915,813.2706989067798
2460810.90625,-3313.006270698501,-4365.472344348838,425.937871673202
2460810.9069444444,-3084.659486172474,-4550.218658119579,35.22182289630832
2460810.907638889,-2831.9044625988236,-4698.960329154465,-355.7737323182739
2460810.908333333,-2556.750845184377,-4810.530975733969,-743.9445962747936
2460810.9090277776,-2261.3857648586377,-4884.062126506742,-1126.211514100938
2460810.909722222,-1948.1556562087126,-4918.989711839918,-1499.5452835154354
2460810.910416667,-1619.546791433601,-4915.057881844694,-1860.9912976650044
2460810.9111111113,-1278.1647488262142,-4872.320151127775,-2207.6932776860026
2460810.9118055557,-926.7130357449732,-4791.137909230475,-2536.915978710155
2460810.9125,-567.9710948245229,-4672.176370464002,-2846.0666689310337
2460810.9131944445,-204.77191015718515,-4516.3980667128935,-3132.715216719947
2460810.913888889,160.02057223871242,-4325.054012351749,-3394.6126424543386
2460810.9145833333,523.5340129397794,-4099.672688537422,-3629.7080248156703
2460810.9152777777,882.9100549674247,-3842.0470064114215,-3836.163677409922
2460810.915972222,1235.3263429128572,-3554.2194154376316,-4012.368536442357
2460810.917361111,1908.298728007867,-2897.2749851620056,-4268.78225923087
2460810.918055556,2223.580542080881,-2533.334033992485,-4346.996933480557
2460810.91875,2521.39350993323,-2149.5027674856733,-4390.986315134186
2460810.9194444446,2799.4039438988807,-1748.7943565428766,-4400.4089264204285
2460810.920138889,3055.4318488773124,-1334.3520796976832,-4375.191577337817
2460810.9208333334,3287.467253424762,-909.4257133721042,-4315.529868371104
2460810.921527778,3493.6853960170497,-477.3471825949408,-4221.886862236397
2460810.922222222,3672.4606850981218,-41.50558825688449,-4094.9899208126094
2460810.9229166666,3822.3793495595646,394.6782726394566,-3935.8257013387242
2460810.923611111,3942.250690578324,827.7777705024507,-3745.633304599111
2460810.9243055554,4031.1168394889087,1254.3865569618238,-3525.8955685998535
2460810.925,4088.260919067464,1671.1447704492955,-3278.3285120371756
2460810.925694444,4113.213507750199,2074.7651756723985,-3004.868934113356
2460810.926388889,4105.757302029637,2462.059037397201,-2707.660204043401
2460810.9270833335,4065.9298817620097,2829.961534312153,-2389.0362805952705
2460810.927777778,3994.0244903572734,3175.5564829739046,-2051.5040371129357
2460810.9284722223,3890.5887586072267,3496.100141150578,-1697.7239869016098
2460810.9291666667,3756.4213193292567,3789.0438490677625,-1330.489532516464
2460810.929861111,3592.566285704855,4052.0552604549484,-952.7048959030956
2460810.9305555555,3400.30559399107,4283.037923711199,-567.3619107384078
2460810.93125,3181.149240430239,4480.148984493106,-177.51588219750434
2460810.9319444443,2936.8234788025384,4641.814793619251,213.73924976094054
2460810.9326388887,2669.2570702136486,4766.744236779673,603.296204175572
2460810.933333333,2380.565717191482,4853.939623234872,988.059841347602
2460810.934027778,2073.0348348159255,4902.705013342139,1364.9725740018866
2460810.9347222224,1749.1008391423786,4912.651898518514,1731.0394424204303
2460810.935416667,1411.3311554858944,4883.702187549635,2083.3525938255225
2460810.936111111,1062.403161092444,4816.0884942625225,2419.1149234895142
2460810.9368055556,705.0822844138047,4710.35175883075,2735.6626540712637
2460810.9375,342.19949058951715,4567.3362710239835,3030.486648214667
2460810.9381944444,-23.371626612925386,4388.182193485842,3301.2522819082396
2460810.938888889,-388.73792535073443,4174.31571133923,3545.8177263522484
2460810.939583333,-751.0097699045559,3927.436950420947,3762.2505227895176
2460810.9402777776,-1107.323865737027,3649.505823220851,3948.842354362828
2460810.940972222,-1454.8657035982949,3342.725968093803,4104.121947548569
2460810.941666667,-1790.8914602064096,3009.526947067228,4226.8660574340065
2460810.9423611113,-2112.7492106964296,2652.5448737073248,4316.108504622148
2460810.9430555557,-2417.899338935418,2274.601622899787,4371.147251439245
2460810.94375,-2703.9340264057387,1878.682783809942,4391.549506406179
2460810.9444444445,-2968.595721499108,1467.9145002127696,4377.154856608161
2460810.945138889,-3209.794494443645,1045.5393376247362,4328.076427697095
2460810.9458333333,-3425.624184606754,614.891314301711,4244.700070979415
2460810.9465277777,-3614.377245246565,179.37023702592882,4127.6815778537375
2460810.947222222,-3774.5581943687944,-257.58452444347915,3977.941920357073
2460810.9479166665,-3904.8955705032804,-692.5206709547265,3796.6605201156162
2460810.948611111,-4004.3522944169567,-1121.9998625164396,3585.2665502928144
2460810.949305556,-4072.134331707071,-1542.624685264779,3345.428286170906
2460810.95,-4107.6975544094175,-1951.0655110638925,3079.040530775659
2460810.9506944446,-4110.752702399783,-2344.087046878448,2788.21015809501
2460810.951388889,-4081.2683530125114,-2718.5743503194158,2475.2398408984855
2460810.9520833334,-4019.471820702241,-3071.5580832172172,2142.610048843038
2460810.952777778,-3925.847925407495,-3400.238756575594,1792.9594353761552
2460810.953472222,-3801.1355902164723,-3702.009723320919,1429.063754138664
2460810.9541666666,-3646.322256589522,-3974.4786688124086,1053.8134810279616
2460810.954861111,-3462.6361312994436,-4215.487367603278,670.1903327897066
2460810.9555555554,-3251.5363162878893,-4423.129475961636,281.24291294967
2460810.95625,-3014.700898716319,-4595.766164913717,-109.93828189541351
2460810.956944444,-2754.0131161217914,-4732.039415511547,-500.24623379459854
2460810.957638889,-2471.5457354570663,-4830.882837914761,-886.5828951837459
2460810.959027778,-1850.4060655362941,-4913.519549987373,-1635.1466348206027
2460810.9597222223,-1516.6649305502995,-4896.699064684263,-1991.4482336044969
2460810.9604166667,-1170.9657576766242,-4841.224373391942,-2331.9752322595036
2460810.961111111,-816.0451311042137,-4747.557673413034,-2654.042705072768
2460810.9618055555,-454.7086836475303,-4616.462562710589,-2955.115874955156
2460810.9625,-89.80857332802044,-4448.996755011602,-3232.8296479949536
2460810.9631944443,275.7791599626972,-4246.5025206802175,-3485.006567098812
2460810.9638888887,639.177168943365,-4010.595003658472,-3709.673087048704
2460810.964583333,997.5291249400879,-3743.148577968502,-3905.0740935985905
2460810.965277778,1348.0216414417189,-3446.281407956977,-4069.6856185369074
2460810.9659722224,1687.9056529391532,-3122.338379711783,-4202.225718450515
2460810.966666667,2014.5171323986017,-2773.8725599928766,-4301.663505360158
2460810.967361111,2325.297039225458,-2403.625335842835,-4367.226324792728
2460810.9680555556,2617.810406841767,-2014.5053746340648,-4398.405086102063
2460810.96875,2889.7644862398515,-1609.5665359564816,-4394.957751676895
2460810.9694444444,3139.0258692948964,-1191.984855525597,-4356.910991389852
2460810.970138889,3363.6365151173864,-765.0347180712992,-4284.560005503217
2460810.970833333,3561.828604255117,-332.06432896581657,-4178.466515304497
2460810.9715277776,3732.0381388620153,103.52940040097411,-4039.4549170717096
2460810.972222222,3872.9172037328326,538.3264376273194,-3868.6065919163157
2460810.972916667,3983.3447945230796,968.9095547873738,-3667.252365072762
2460810.9736111113,4062.4361155172073,1391.8904557309788,-3436.9631105518583
2460810.9743055557,4109.550243497475,1803.9359456157,-3179.5385066110057
2460810.975,4124.296054265791,2201.7939704918276,-2896.9939573613005
2460810.9756944445,4106.536309498737,2582.31932882952,-2591.545716983579
2460810.976388889,4056.389809592992,2942.4988491201066,-2265.5942681349534
2460810.9770833333,3974.2315290561396,3279.475801903903,-1921.7060378963429
2460810.9777777777,3860.6906686331527,3590.573311127133,-1562.5935569598648
2460810.978472222,3716.6465786028,3873.316522047885,-1191.0941960067898
2460810.9791666665,3543.2225360682114,4125.453276774387,-810.1476491361324
2460810.979861111,3341.777385088074,4344.973064694639,-422.7723506461243
2460810.980555556,3113.895083221696,4530.124019448021,-32.0410462578238
2460810.98125,2861.372228202638,4679.427759903918,358.9442465101093
2460810.9819444446,2586.203672402646,4791.691895982697,747.0776344087031
2460810.982638889,2290.5663622230977,4866.02005339167,1129.2748391364262
2460810.9833333334,1976.8015677406509,4901.819306726278,1502.4985162720209
2460810.984027778,1647.3956911108446,4898.804949540959,1863.7831398279618
2460810.984722222,1304.9598584456585,4857.002569677815,2210.2592015276873
2460810.9854166666,952.2085183016841,4776.747437649974,2539.1764829834547
2460810.986111111,591.9372671104659,4658.681253010889,2847.9261897336446
2460810.9868055554,227.0001344975265,4503.746328524052,3134.0617482015905
2460810.9875,-139.71345450354337,4313.177319589322,3395.3181049675622
2460810.988194444,-505.3018257353516,4088.4906305323625,3629.6293886480594
2460810.988888889,-866.8741102926863,3831.4716474691813,3835.144824223025
2460810.9895833335,-1221.5730237093562,3544.159958202768,4010.2428170181724
2460810.990277778,-1566.5972033722658,3228.832725181972,4153.543146624389
2460810.9909722223,-1899.2229566140968,2887.986376128259,4263.917231450868
2460810.9916666667,-2216.825280504947,2524.3167809656243,4340.4964375076415
2460810.992361111,-2516.8980410371078,2140.6980665900633,4382.678421876077
2460810.9930555555,-2797.0731985858124,1740.1602252562107,4390.131503781268
2460810.99375,-3055.138984628594,1325.8656550422686,4362.7970631040425
2460810.9944444443,-3289.05693002998,901.0847774759594,4300.889965870164
2460810.9951388887,-3496.9776561029807,469.1708627898588,4204.897017064491
2460810.995833333,-3677.2553322298445,33.534202701048436,4075.5734397977403
2460810.996527778,-3828.46070369846,-402.3842276069405,3913.937380883729
2460810.9972222224,-3949.392589687049,-835.1394673640134,3721.262445698948
2460810.997916667,-4039.087748863586,-1261.309466679245,3499.0682703514844
2460810.998611111,-4096.829007606744,-1677.5220021077228,3249.109150441576
2460810.9993055556,-4122.15154864842,-2080.481420095754,2973.360757998376
2460811.0006944444,-4074.967070372389,-2833.9986888290778,2353.4130814683126
2460811.001388889,-4002.821155115677,-3178.5820452145717,2014.1268998195012
2460811.002083333,-3898.977028336765,-3498.0120222379023,1658.838851051658
2460811.0027777776,-3764.255419747169,-3789.755469374106,1290.370245758257
2460811.003472222,-3599.7239758656733,-4051.5000311143162,911.6484930499288
2460811.004166667,-3406.688796985564,-4281.173238512312,525.6832638613249
2460811.0048611113,-3186.683873002129,-4476.959569514499,135.5418674753904
2460811.0055555557,-2941.4585076615363,-4637.315289199787,-255.6759163845387
2460811.00625,-2672.9628548488427,-4760.98090490198,-644.8632882263898
2460811.0069444445,-2383.3317205223007,-4846.991107207085,-1028.9318948513155
2460811.007638889,-2074.8668029683236,-4894.682107828222,-1404.8370526106378
2460811.0083333333,-1750.0175755506932,-4903.696320305978,-1769.6024612641988
2460811.0090277777,-1411.361018252806,-4873.984374314524,-2120.3441730912555
2460811.009722222,-1061.5804260771429,-4805.8044894931445,-2454.2935842159914
2460811.0104166665,-703.4435151449776,-4699.719272157209,-2768.8192510323593
2460811.011111111,-339.78005531993745,-4556.590030423771,-3061.447349913812
2460811.011805556,26.540763858598243,-4377.568726507017,-3329.8806401066886
2460811.0125,392.63301995593764,-4164.087710936226,-3572.015801482404
2460811.0131944446,755.6166195758815,-3917.847390681099,-3785.959064596978
2460811.013888889,1112.6395598114857,-3640.801996413681,-3970.0400629981937
2460811.0145833334,1460.8997372132203,-3335.1436162707046,-4122.823865790671
2460811.015277778,1797.666179074386,-3003.284653026073,-4243.121170569124
2460811.015972222,2120.299573056891,-2647.8388669833244,-4329.996642677032
2460811.0166666666,2426.2719994507634,-2271.60114805456,-4382.775403975462
2460811.017361111,2713.1857764493,-1877.5261536052765,-4401.047676000448
2460811.0180555554,2978.791336267754,-1468.7059401422307,-4384.671584190633
2460811.01875,3221.0040564593837,-1048.3467062156392,-4333.774128869572
2460811.019444444,3437.919970356082,-619.7447594684332,-4248.750324641563
2460811.020138889,3627.830277465203,-186.261820736228,-4130.260506197769
2460811.0208333335,3789.2345723091676,248.70022404011465,-3979.225794131733
2460811.021527778,3920.852699891632,681.7249972654171,-3796.821715044422
2460811.0222222223,4021.635145939568,1109.4076059426945,-3584.4699669931156
2460811.0229166667,4090.771857172146,1528.3807653346005,-3343.8283321263198
2460811.023611111,4127.699389340809,1935.3409110462956,-3076.778744126564
2460811.0243055555,4132.106278253525,2327.074119512434,-2785.4135316227257
2460811.025,4103.936532493484,2700.4816316515835,-2472.0198820973847
2460811.0256944443,4043.391156424188,3052.6047679822295,-2139.0625870317267
2460811.0263888887,3950.927624440337,3380.6490015640525,-1789.165159579803
2460811.027083333,3827.257247434917,3682.006946900277,-1425.089444522819
2460811.027777778,3673.3403939665177,3954.280024254276,-1049.7138630138375
2460811.0284722224,3490.379557545832,4195.298552684058,-666.0104710378665
2460811.029166667,3279.8102912268923,4403.140039271822,-277.02103234766037
2460811.029861111,3043.2900616625393,4576.145447310292,114.16767107113212
2460811.0305555556,2782.6851111339442,4712.933245169717,504.4490425762119
2460811.03125,2500.0554417187154,4812.411071720356,890.7221378164182
2460811.0319444444,2197.638073484619,4873.7848810298,1269.917123303644
2460811.032638889,1877.8287470597331,4896.565471797862,1639.0204668141353
2460811.033333333,1543.162267070792,4880.572342606285,1995.099597869362
2460811.0340277776,1196.291701068225,4825.934855636603,2335.3267878190713
2460811.034722222,839.9666519095505,4733.090730243327,2657.0020243938457
2460811.035416667,477.0108338102108,4602.781923223236,2957.5746687346086
2460811.0361111113,110.29917745369187,4436.04798557115,3234.663713013939
2460811.0368055557,-257.2653166608437,4234.217012175269,3486.076483756018
2460811.0375,-622.774766417211,3998.8943231181725,3709.825662834893
2460811.0381944445,-983.3394455379193,3731.949028550366,3904.144528192614
2460811.038888889,-1336.1104896386948,3435.4986406362664,4067.500338297007
2460811.0395833333,-1678.3021105628477,3111.8918985789105,4198.605809094713
2460811.0402777777,-2007.2131753169303,2763.6899716741596,4296.428650174899
2460811.040972222,-2320.24802128412,2393.64620094926,4360.199140808047
2460811.042361111,-2888.952383360029,1599.8768096976016,4383.848701537725
2460811.043055556,-3140.1323233865273,1182.4189999202338,4343.541772374597
2460811.04375,-3366.491452405997,755.606606028262,4268.81184251699
2460811.0444444446,-3566.2393503320704,322.8092826436215,4160.246678256264
2460811.045138889,-3737.793990107119,-112.55513349008292,4018.7006589658713
2460811.0458333334,-3879.794328346682,-547.0470609012864,3845.2885438973644
2460811.046527778,-3991.111328147375,-977.2319164673073,3641.377270932021
2460811.047222222,-4070.857311595898,-1399.7070020879646,3408.5757972635915
2460811.0479166666,-4118.393535125596,-1811.1283460656582,3148.7230077699364
2460811.048611111,-4133.335887074301,-2208.2373073845056,2863.873726311196
2460811.0493055554,-4115.558610280228,-2587.8867190976084,2556.2828937208096
2460811.05,-4065.1959664411897,-2947.0663499965954,2228.387989773923
2460811.050694444,-3982.6417735425625,-3282.9274376728504,1882.7898125711515
2460811.051388889,-3868.546768965513,-3592.8060522011438,1522.2317478223622
2460811.0520833335,-3723.8137761743124,-3874.245040597538,1149.577695287626
2460811.052777778,-3549.5906816640554,-4125.014312525981,767.7888433608141
2460811.0534722223,-3347.2612602111826,-4343.129239212389,379.89950835155383
2460811.0541666667,-3118.4339176401168,-4526.866958304495,-11.007726766205502
2460811.054861111,-2864.9284555060904,-4674.780399792668,-401.82731797558677
2460811.0555555555,-2588.760989869249,-4785.709883645483,-789.456250716273
2460811.05625,-2292.1271850808703,-4858.792172861212,-1170.8194494084216
2460811.0569444443,-1977.3839900354096,-4893.466903980828,-1542.894840116978
2460811.0576388887,-1647.0300777417956,-4889.480358984708,-1902.7378174022574
2460811.058333333,-1303.685208133252,-4846.886579876484,-2247.5048736624585
2460811.059027778,-950.0687377735692,-4766.045866639977,-2574.4761747745565
2460811.0597222224,-588.9775005951726,-4647.620732474721,-2881.076890351024
2460811.060416667,-223.2632835555307,-4492.569420786577,-3164.897110222887
2460811.061111111,144.1898917952354,-4302.13711268082,-3423.7102113641267
2460811.0618055556,510.4884851917605,-4077.8449705269295,-3655.489568110029
2460811.0625,872.7519661090103,-3821.477177248553,-3858.4235224359168
2460811.0631944444,1228.134994539666,-3535.0661336094763,-4030.9285604747465
2460811.063888889,1573.8491049788765,-3220.875980757412,-4171.660657923289
2460811.064583333,1907.1837723494527,-2881.384604192445,-4279.524779595973
2460811.0652777776,2225.526745476559,-2519.2642743604843,-4353.682525588857
2460811.065972222,2526.383552971098,-2137.361065755148,-4393.557927800659
2460811.066666667,2807.3960960510058,-1738.6731859608624,-4398.841403357599
2460811.0673611113,3066.360248054568,-1326.3283381910665,-4369.491871208557
2460811.0680555557,3301.2423826509967,-903.5602357795398,-4305.737036610177
2460811.06875,3510.1947589343367,-473.68437148896726,-4208.071842927203
2460811.0694444445,3691.569674373608,-40.07316774984691,-4077.255088732362
2460811.070138889,3843.932309159985,393.8693932321796,-3914.304201146883
2460811.0708333333,3966.0721624485586,824.7335218446046,-3720.488160460101
2460811.0715277777,4057.012986002926,1249.1296270312662,-3497.318569973581
2460811.072222222,4116.021110723829,1663.7144220516302,-3246.5388732116735
2460811.0729166665,4142.612060190813,2065.2169584328644,-2970.1117330545358
2460811.073611111,4136.555347390171,2450.4644042179325,-2670.204599406049
2460811.074305556,4097.877355017643,2816.4073539939523,-2349.173518860848
2460811.075,4026.8622112015246,3160.1444556413985,-2009.5452547726843
2460811.0756944446,3924.0505871938362,3478.946113101754,-1653.9978220671767
2460811.076388889,3790.236364812107,3770.277024769918,-1285.339564382879
2460811.0770833334,3626.461144791625,4031.817314539228,-906.486928738146
2460811.077777778,3434.006598343317,4261.4820112106045,-520.4411279532636
2460811.078472222,3214.3846918124746,4457.438651669012,-130.26389612560888
2460811.0791666666,2969.3258514670506,4618.1227929484185,260.9474244826748
2460811.079861111,2700.765163654849,4742.251249928218,650.0852201369208
2460811.0805555554,2410.8267404722287,4828.832900888781,1034.0571021962485
2460811.08125,2101.806406761046,4877.176940583231,1409.8113002028867
2460811.081944444,1776.1528939326852,4886.898496770311,1774.3616831736654
2460811.082638889,1436.4477373885281,4857.921567832262,2124.812159929244
2460811.084027778,725.7447434992845,4685.111473968758,2772.419321921217
2460811.0847222223,360.37937484664866,4542.659764688204,3064.440154852043
2460811.0854166667,-7.81840476870736,4364.260048166055,3332.1302233205683
2460811.086111111,-375.9343334025818,4151.332705857478,3573.3719872065103
2460811.0868055555,-741.0567015377694,3905.570573005393,3786.259216306471
2460811.0875,-1100.2993502347495,3628.924855636243,3969.111541136936
2460811.0881944443,-1450.824287685033,3323.5891528627008,4120.487127877246
2460811.0888888887,-1789.8637635911136,2991.9817534691733,4239.19342977015
2460811.089583333,-2114.7416679177973,2636.7263658222787,4324.295989889108
2460811.090277778,-2422.8941229360503,2260.631445980651,4375.125277574747
2460811.0909722224,-2711.889165829931,1866.6682663380436,4391.281554918931
2460811.091666667,-2979.4454104777446,1457.9478785465246,4372.637768924904
2460811.092361111,-3223.449597532455,1037.6971029629428,4319.340470950166
2460811.0930555556,-3441.9729356496223,609.233683041968,4231.808762674965
2460811.09375,-3633.286139381944,175.94074004084487,4110.731268203878
2460811.0944444444,-3795.8730662657467,-258.75933160715806,3957.0611322475843
2460811.095138889,-3928.4428534140366,-691.431382928515,3772.0090456068933
2460811.095833333,-4029.9404489447556,-1118.654283163046,3557.034304890664
2460811.0965277776,-4099.555432577901,-1537.0477741472534,3313.8339221364695
2460811.097222222,-4136.729020187965,-1943.299217722391,3044.3298131510915
2460811.097916667,-4141.15915118119,-2334.1900318761154,2750.6541102864185
2460811.0986111113,-4112.803565538679,-2706.6215953585,2435.1326667749863
2460811.0993055557,-4051.8807905300905,-3057.6403863369515,2100.2668454298514
2460811.1,-3958.8689752935534,-3384.462113011014,1748.7137106368734
2460811.1006944445,-3834.5025331437796,-3684.4945910952792,1383.2647687930057
2460811.101388889,-3679.7665799986844,-3955.359118679727,1006.8234369870082
2460811.1020833333,-3495.8891842434,-4194.910117441753,622.3814350167182
2460811.1027777777,-3284.331478603619,-4401.252813732899,232.99433072845537
2460811.103472222,-3046.7757144657517,-4572.758762643268,-158.2435214745694
2460811.1041666665,-2785.1113743896644,-4708.0790410483705,-548.2243882243811
2460811.104861111,-2501.419482504355,-4806.1549735326425,-933.8526530397154
2460811.105555556,-2197.955287916381,-4866.226285231933,-1312.0701269386202
2460811.10625,-1877.1295115066778,-4887.836620955193,-1679.880918177233
2460811.1069444446,-1541.4883643132607,-4870.836406811793,-2034.3756139898112
2460811.107638889,-1193.69256083399,-4815.383069451697,-2372.7545401157504
2460811.1083333334,-836.4955528385657,-4721.938666088144,-2692.349890265541
2460811.109027778,-472.72120740535433,-4591.265010354048,-2990.6465438790283
2460811.109722222,-105.24114850672352,-4424.416406703342,-3265.301416396043
2460811.1104166666,263.04802983440584,-4222.730128329669,-3514.161215648802
2460811.111111111,629.2474836424378,-3987.8147907333723,-3735.2785053885896
2460811.1118055554,990.4786003469184,-3721.536779509942,-3926.9260075494167
2460811.1125,1343.9050818291335,-3426.004897097922,-4087.609093611523
2460811.113194444,1686.7544895740411,-3103.553392218099,-4216.07643699061
2460811.113888889,2016.3391338562078,-2756.7235267193,-4311.328815460221
2460811.1145833335,2330.0761986778066,-2388.243830529507,-4372.626060616117
2460811.115277778,2625.5070119821817,-2001.0091809332168,-4399.492160009809
2460811.1159722223,2900.3153762584534,-1598.058835178309,-4391.718518250558
2460811.1166666667,3152.344880010622,-1182.553537693639,-4349.365383248831
2460811.117361111,3379.615115999328,-757.751811284955,-4272.7614404245705
2460811.1180555555,3580.3367240058856,-326.9855486702621,-4162.501573898407
2460811.11875,3752.925179147114,106.3649898598438,-4019.442788963197
2460811.1194444443,3896.013233512572,538.8966482778987,-3844.698289727201
2460811.1201388887,4008.4619187705734,967.2091942944957,-3639.6297037469094
2460811.120833333,4089.3700063783103,1387.9313396192072,-3405.837452704163
2460811.121527778,4138.081821804676,1797.7468084626864,-3145.1492725808052
2460811.1222222224,4154.193304713991,2193.4202715771366,-2859.6069054059017
2460811.122916667,4137.556212642215,2571.8229579896292,-2551.4509951521054
2460811.123611111,4088.2803705071656,2929.957727241506,-2223.104248553972
2460811.1243055556,4006.7338820762325,3264.983376649594,-1877.1529434252714
2460811.1256944444,3749.5792617644324,3855.260776552799,-1143.4780169527041
2460811.126388889,3575.9709164450146,4105.813074432273,-761.5576576729962
2460811.127083333,3374.076914309942,4323.896752919075,-373.5928858636322
2460811.1277777776,3145.485241641038,4507.7713187704085,17.338033244380902
2460811.128472222,2891.9986324773568,4655.968607362433,408.13074567630804
2460811.129166667,2615.6201160733553,4767.3051864795125,795.6802376336292
2460811.1298611113,2318.5367732870313,4840.892287326867,1176.9063267104484
2460811.1305555557,2003.1018680054729,4876.143153914708,1548.7789495613165
2460811.13125,1671.8155472650155,4872.777740786619,1908.3429796802575
2460811.1319444445,1327.3043148082386,4830.824730978172,2252.742328762153
2460811.132638889,972.2994994743387,4750.620883016419,2579.243094921603
2460811.1333333333,609.6149470587925,4632.807753895124,2885.255542160001
2460811.1340277777,242.1241611485634,4478.325877753572,3168.3547238328083
2460811.134722222,-127.26288258563541,4288.4065089883925,3426.299586223286
2460811.1354166665,-495.6230358847655,4064.561061361342,3657.0504187714537
2460811.136111111,-860.0431932482803,3808.5683900601657,3858.7845457810427
2460811.136805556,-1217.6432348380936,3522.4600782337156,4029.910176564317
2460811.1375,-1565.598534754706,3208.503889497363,4169.078359937628
2460811.1381944446,-1901.1618820190697,2869.185552535818,4275.1930034404895
2460811.138888889,-2221.684680205374,2507.1890399008444,4347.418935279159
2460811.1395833334,-2524.6373097396013,2125.3754923153792,4385.187998762082
2460811.140277778,-2807.628539403275,1726.760941559555,4388.203173232746
2460811.140972222,-3068.423889612508,1314.492970428763,4356.440721805078
2460811.1416666666,-3304.962850313167,891.8264471419535,4290.150365500943
2460811.142361111,-3515.3748574363626,462.09847089884425,4189.85348385525
2460811.1430555554,-3697.9939333678394,28.702662306973487,4056.339341194527
2460811.14375,-3851.3718913138546,-404.93705841405574,3890.659338603862
2460811.144444444,-3974.290000807885,-835.3930540188868,3694.119295228865
2460811.145138889,-4065.7690095453904,-1259.2607525085746,3468.269767851522
2460811.1458333335,-4125.077413969674,-1673.1854489777015,3214.8944295346964
2460811.146527778,-4151.737874023102,-2073.888934358268,2935.996541447095
2460811.1472222223,-4145.5316721465615,-2458.195739866503,2633.7835717717167
2460811.1479166667,-4106.5011268802255,-2823.0587720463996,2310.6500379940044
2460811.148611111,-4034.9498861877337,-3165.584101309906,1969.1586746098649
2460811.1493055555,-3931.4410453017754,-3483.0546593192234,1612.0200559004422
2460811.15,-3796.7930581961164,-3772.9525981969273,1242.070831889456
2460811.1506944443,-3632.0734392492477,-4032.980069758057,862.2507615776644
2460811.1513888887,-3438.590283802775,-4261.078190822408,475.57875641185484
2460811.152083333,-3217.8816670614965,-4455.44398234121,85.12816361150563
2460811.152777778,-2971.703015816582,-4614.545090059942,-305.9984584463313
2460811.1534722224,-2702.012574182858,-4737.132128764043,-694.6948180377618
2460811.154166667,-2410.955123617225,-4822.248519320035,-1077.8763447847425
2460811.154861111,-2100.8441275946684,-4869.237735330722,-1452.505370481183
2460811.1555555556,-1774.1425088088959,-4877.747905982393,-1815.6157672307586
2460811.15625,-1433.4422673146598,-4847.733768457782,-2164.3368092411697
2460811.1569444444,-1081.443166885694,-4779.455997748054,-2495.916030324966
2460811.157638889,-720.9307145632964,-4673.477978619086,-2807.7408798099177
2460811.158333333,-354.75365711870325,-4530.660114734975,-3097.3590040348845
2460811.1590277776,14.19878807900068,-4352.15179661343,-3362.4970078635424
2460811.159722222,383.01976651826897,-4139.381168738153,-3601.077582794497
2460811.160416667,748.8074962718662,-3894.042849894275,-3811.234913472475
2460811.1611111113,1108.687681963497,-3618.0837699901426,-3991.32829935582
2460811.1618055557,1459.835485499672,-3313.6872848664852,-4139.953954150134
2460811.1625,1799.4969194004518,-2983.255730021345,-4255.954960178223
2460811.1631944445,2125.0095463022903,-2629.3915678424937,-4338.42936973154
2460811.163888889,2433.8223864010533,-2254.8772700297327,-4386.736455665052
2460811.1645833333,2723.514940380166,-1862.6540718919366,-4400.501116111708
2460811.1652777777,2991.8152476981813,-1455.7997212088383,-4379.61644087229
2460811.165972222,3236.616901427305,-1037.5053390094918,-4324.244444242057
2460811.167361111,3648.2205519167996,-179.783666051571,-4112.022735014357
2460811.168055556,3811.774457014401,252.9129801923086,-3956.822597974107
2460811.16875,3945.3589583967873,683.6390716511884,-3770.422891307244
2460811.1694444446,4047.908480579964,1109.0069395269138,-3554.2769651453427
2460811.170138889,4118.598541915164,1525.666630260152,-3310.0728506324504
2460811.1708333334,4156.853037091914,1930.3319138804586,-3039.721083810865
2460811.171527778,4162.349725432162,2319.806099306106,-2745.3407095714224
2460811.172222222,4135.023822015621,2691.0074521574807,-2429.2435119887195
2460811.1729166666,4075.0695984864647,3040.994001140591,-2093.916535802155
2460811.173611111,3982.939913527989,3366.9874995108507,-1742.0029935558446
2460811.1743055554,3859.3436130226314,3666.396300186303,-1376.2816810573727
2460811.175,3705.2407632478717,3936.8369014732148,-999.645050538457
2460811.175694444,3521.835707791167,4176.153921465329,-615.0761197625833
2460811.176388889,3310.567971051672,4382.438266671586,-225.62442439244208
2460811.1770833335,3073.1010628875356,4554.043279548207,165.61875950357873
2460811.177777778,2811.309271331097,4689.598671660953,555.5456779462224
2460811.1784722223,2527.2625640621395,4788.022076417061,941.0575860266528
2460811.1791666667,2223.2097475126197,4848.528090526446,1319.0901954144126
2460811.179861111,1901.5600595282635,4870.6347095325855,1686.63881679901
2460811.1805555555,1564.8633949983198,4854.167102431306,2040.7829365330274
2460811.18125,1215.7893726107245,4799.2587101946765,2378.7099876743373
2460811.1819444443,857.1054740593909,4706.34969077939,2697.7380792669787
2460811.1826388887,491.6544775734015,4576.182769540941,2995.3374858115235
2460811.183333333,122.33141569389498,4409.796585092753,3269.1507140133926
2460811.184027778,-247.93972052238604,4208.516648994877,3517.010994230947
2460811.1847222224,-616.2293288427671,3973.9440535297813,3736.959078435418
2460811.185416667,-979.6253909479876,3707.9420836228965,3927.258241739511
2460811.186111111,-1335.2563430269022,3412.6208911810595,4086.407421060946
2460811.1868055556,-1680.3134583721594,3090.3203970648597,4213.152439854291
2460811.1875,-2012.0725988112092,2743.591582865161,4306.495288095105
2460811.1881944444,-2327.91520447086,2375.176332574698,4365.701439261751
2460811.188888889,-2625.3484081351035,1987.9859743524635,4390.305196893552
2460811.189583333,-2902.024167574384,1585.0786677874169,4380.113067435165
2460811.1902777776,-3155.757314903038,1169.6357781753754,4335.20515917453
2460811.190972222,-3384.542429070775,744.9373705297708,4255.934607784489
2460811.191666667,-3586.569435341725,314.33695744116176,4142.925027373289
2460811.1923611113,-3760.23783184255,-118.76435772135672,3997.0659873391214
2460811.1930555557,-3904.1694450049354,-550.9442034853319,3819.506515010848
2460811.19375,-4017.219607075842,-978.7855700812621,3611.646630083439
2460811.1944444445,-4098.4866495783535,-1398.9035798831173,3375.126923804398
2460811.195138889,-4147.319605420001,-1807.9722161279412,3111.8162071512065
2460811.1958333333,-4163.324014490125,-2202.7508073437316,2823.797270651146
2460811.1965277777,-4146.365735873776,-2580.1100528914803,2513.350817280853
2460811.197222222,-4096.572680763726,-2937.0573608908717,2182.9376532122033
2460811.1979166665,-4014.334396952853,-3270.7612557149937,1835.1792507240655
2460811.198611111,-3900.299457186248,-3578.5746116407786,1472.8368215756216
2460811.199305556,-3755.3706299008977,-3858.056464181399,1098.7890717239422
2460811.2,-3580.697839020734,-4106.9921622429465,716.0088297890959
2460811.2006944446,-3377.6689522456654,-4323.411632723864,327.53877060758055
2460811.201388889,-3147.898470485285,-4505.6055512050925,-63.53352599282409
2460811.2020833334,-2893.2142209426843,-4652.139240528759,-454.10093061371606
2460811.202777778,-2615.642191388957,-4761.864145959287,-841.0622662510661
2460811.203472222,-2317.3896677688363,-4833.926775495727,-1221.3476933553543
2460811.2041666666,-2000.8268620916424,-4867.775030412273,-1591.9437157903553
2460811.204861111,-1668.46723795169,-4863.161891004454,-1949.9175540726353
2460811.2055555554,-1322.946749834143,-4820.1464625007675,-2292.4406534210407
2460811.20625,-967.002225111161,-4739.092422657432,-2616.8111083221806
2460811.206944444,-603.4491118901237,-4620.663946634805,-2920.4748177468236
2460811.207638889,-235.15881818195734,-4465.819214415585,-3201.0452054519656
2460811.209027778,504.00504312678675,-4052.1288877422135,-3684.3045955575044
2460811.2097222223,869.0615562681318,-3796.580076412169,-3883.2130327055556
2460811.2104166667,1227.266152571476,-3511.180926165952,-4051.4946875402115
2460811.211111111,1575.807910129267,-3198.187419081346,-4187.838494152905
2460811.2118055555,1911.9537495550262,-2860.0678829840544,-4291.183572005646
2460811.2125,2233.068933025969,-2499.483734298715,-4360.726623311574
2460811.2131944443,2536.636742094155,-2119.269003882598,-4395.92748166598
2460811.2138888887,2820.277244450411,-1722.4087781267472,-4396.512817291383
2460811.214583333,3081.7650690234923,-1312.0166768248325,-4362.478005863433
2460811.215277778,3319.046113570691,-891.3114787663587,-4294.087164735674
2460811.2159722224,3530.2531038670004,-463.59300768999435,-4191.871355971377
2460811.216666667,3713.7199221073793,-32.21738945548853,-4056.624952366347
2460811.217361111,3867.994617249838,399.42820633284515,-3889.400159015233
2460811.2180555556,3991.8510008038274,827.9512122077252,-3691.499684398663
2460811.21875,4084.2987291747054,1249.9795652312332,-3464.467554756542
2460811.2194444444,4144.591763881677,1662.187704856796,-3210.078078439999
2460811.220138889,4172.235104094872,2061.3225049188536,-2930.322970943352
2460811.220833333,4166.989682648581,2444.2289404481194,-2627.3966776456887
2460811.2215277776,4128.875326366816,2807.8752903435247,-2303.6799420217008
2460811.222222222,4058.171689800625,3149.37764845963,-1961.721698547067
2460811.222916667,3955.4170890190017,3466.0235077176662,-1604.219395058432
2460811.2236111113,3821.4051819725546,3755.294177251357,-1233.9978746247082
2460811.2243055557,3657.179468711658,4014.885784815487,-853.9869821101453
2460811.225,3464.0256117004405,4242.728628826014,-467.1980803138583
2460811.2256944445,3243.4616112541885,4437.004648717271,-76.69969479188762
2460811.226388889,2997.225901217617,4596.162807537052,314.407480714022
2460811.2270833333,2727.2634634830188,4718.93220220102,703.0159668428756
2460811.2277777777,2435.7100952377837,4804.332746341167,1086.037002542821
2460811.228472222,2124.874983203724,4851.6833101459415,1460.425912221749
2460811.2291666665,1797.2217761581262,4860.607233924694,1823.2070628140139
2460811.229861111,1455.3483518225767,4831.035176836456,2171.4981667253387
2460811.230555556,1101.9655042757026,4763.205297763763,2502.533681341438
2460811.23125,739.8747712300195,4657.660804768781,2813.6870935387724
2460811.2319444446,371.9456358253885,4515.244943569303,3102.4918872592534
2460811.232638889,1.092323707509141,4337.093524439045,3366.661029702797
2460811.2333333334,-369.74958219157634,4124.625113932601,3604.1048309676817
2460811.234027778,-737.6465125253784,3879.5290307258574,3812.947070206143
2460811.234722222,-1099.6900694501157,3603.751305078909,3991.5392953262694
2460811.2354166666,-1453.0198052796757,3299.4787609737114,4138.473238441923
2460811.236111111,-1794.8454635630872,2969.1213860528383,4252.591303154112
2460811.2368055554,-2122.4685458175195,2615.2931486462867,4332.995099025745
2460811.2375,-2433.3030774263775,2240.7914193989855,4379.052008711762
2460811.238194444,-2724.895461392357,1848.5751458348097,4390.399782717861
2460811.238888889,-2994.9433176270745,1441.7419200851123,4366.9491602294975
2460811.2395833335,-3241.3132061388233,1023.5040809272288,4308.884515786917
2460811.240277778,-3462.0571407379293,597.1639808635072,4216.662532235337
2460811.2409722223,-3655.4277957244535,166.0885528461634,4091.008898654398
2460811.2416666667,-3819.8923040239774,-266.31668041879186,3932.913033935336
2460811.242361111,-3954.144546125954,-696.6340119455714,3743.6208373362124
2460811.2430555555,-4057.115821745,-1121.4602089129444,3524.6254742721303
2460811.24375,-4127.983796379805,-1537.4332517168268,3277.6562143154506
2460811.2444444443,-4166.179615067856,-1941.2589641157117,3004.6653522394363
2460811.2451388887,-4171.39308005166,-2329.7373285375143,2707.813260962979
2460811.245833333,-4143.575797748634,-2699.788266271056,2389.4516463180557
2460811.246527778,-4082.942214103102,-3048.4766457600067,2052.105101691819
2460811.2472222224,-3989.968475326159,-3373.036281863053,1698.4510806494236
2460811.247916667,-3865.389075415431,-3670.8926716634664,1331.298445723296
2460811.248611111,-3710.1912770451277,-3939.684230352227,953.5647649421671
2460811.2493055556,-3525.607325585706,-4177.281785400468,568.2525676439121
2460811.2506944444,-3074.3731188696242,-4551.643324944743,-212.82040290427403
2460811.251388889,-2811.31251881011,-4685.457909051375,-602.3749690048575
2460811.252083333,-2526.0153125904612,-4782.203336962585,-987.1465745001868
2460811.2527777776,-2220.7499397670413,-4841.13008822952,-1364.083819510901
2460811.253472222,-1897.941798553528,-4861.791062258972,-1730.2010444010286
2460811.254166667,-1560.153141729132,-4844.044346226996,-2082.602400585639
2460811.2548611113,-1210.0619587724823,-4788.05335920882,-2418.5049725774725
2460811.2555555557,-850.4400759159417,-4694.284426181739,-2735.260740360608
2460811.25625,-484.13069747301296,-4563.501868785815,-3030.377205911251
2460811.2569444445,-114.02560706827052,-4396.760725686588,-3301.5365329437686
2460811.257638889,256.9577603392151,-4195.397238401661,-3546.6130753560865
2460811.2583333333,625.899186284541,-3961.017251244717,-3763.6892033552217
2460811.2590277777,989.8982972496794,-3695.482685884928,-3951.06935681108
2460811.259722222,1346.0967990349027,-3400.896251791764,-4107.292282991107
2460811.2604166665,1691.7001801550473,-3079.584551086667,-4231.141433458443
2460811.261111111,2023.9987574833874,-2734.0797372309125,-4321.653507019596
2460811.261805556,2340.3879680674404,-2367.0998649626918,-4378.125142040336
2460811.2625,2638.387803196373,-1981.5280771780024,-4400.117759606802
2460811.2631944446,2915.6613110949997,-1580.3907429991148,-4387.4605673474325
2460811.263888889,3170.0320772099963,-1166.834677827873,-4340.251727690781
2460811.2645833334,3399.5006143936766,-744.1035433687745,-4258.857693826461
2460811.265277778,3602.2595735770074,-315.5135494564709,-4143.910711490937
2460811.265972222,3776.707696259222,115.57144079685624,-3996.304480265898
2460811.2666666666,3921.4624125412033,545.7652756638912,-3817.187968680439
2460811.267361111,4035.37099090342,971.6852297399706,-3607.9573743752217
2460811.2680555554,4117.520132390913,1389.977918685872,-3370.246230237516
2460811.26875,4167.243903734197,1797.3452612704493,-3105.913661330022
2460811.269444444,4184.129899033642,2190.5703070629356,-2817.0308153068822
2460811.270138889,4168.023524797884,2566.542734659687,-2505.8655055686922
2460811.2708333335,4119.030309962085,2922.2838102884534,-2174.865126018419
2460811.271527778,4037.516155328257,3254.970573289279,-1826.6379287457348
2460811.2722222223,3924.105454934601,3561.959015063192,-1463.9327757057376
2460811.2729166667,3779.6770444236136,3840.8060049199626,-1089.6175102556397
2460811.273611111,3605.3579589491187,4089.2897198730325,-706.6561212581375
2460811.2743055555,3402.5150114712833,4305.428344863108,-318.0848955798347
2460811.275,3172.7442393920614,4487.496817322067,73.01221109669426
2460811.2756944443,2917.8582936301536,4634.041421283567,463.5287515975947
2460811.2763888887,2639.8718842094504,4743.89205315441,850.3612493297123
2460811.277083333,2340.9854223643856,4816.172020190631,1230.4346841429324
2460811.277777778,2023.567028010436,4850.3052662399605,1600.727735974037
2460811.2784722224,1690.1330969575265,4846.020958202414,1958.2975228789662
2460811.279166667,1343.3276337778198,4803.355407071967,2300.3035889230955
2460811.279861111,985.9005774870392,4722.651335007135,2624.0309035078876
2460811.2805555556,620.6853454717988,4604.554537649905,2926.911664886552
2460811.28125,250.57582284547277,4450.00802188944,3206.54572275864
2460811.2819444444,-121.49697478145332,4260.2437295805685,3460.7194576996017
2460811.282638889,-492.588356923836,4036.771977010049,3687.422991779706
2460811.283333333,-859.7633286270063,3781.36875880623,3884.865624800346
2460811.2840277776,-1220.119692950406,3496.0610738466257,4051.4894205320497
2460811.284722222,-1570.810720689138,3183.1104338299115,4185.980889572178
2460811.285416667,-1909.0672331777857,2844.9947202502112,4287.280731457367
2460811.2861111113,-2232.218969013309,2484.3885450635394,4354.591617903685
2460811.2868055557,-2537.7151131125192,2104.1422682292405,4387.384005880769
2460811.2875,-2823.1438770915433,1707.2598199780477,4385.399976594988
2460811.2881944445,-3086.2510304963353,1296.875466363417,4348.655100545892
2460811.288888889,-3324.957286713991,876.2296502197995,4277.438328277058
2460811.2895833333,-3537.3744422042023,448.6440477679563,4172.309906958364
2460811.2902777777,-3721.8201758001173,17.49596820759579,4034.0973213929615
2460811.290972222,-3876.831401983691,-413.8077548660498,3863.889260833438
2460811.292361111,-4093.8633391694693,-1263.26619380626,3433.0975101876897
2460811.293055556,-4154.1519033786635,-1674.6986608652612,3175.9154059375333
2460811.29375,-4181.556552591232,-2072.8954660913046,2893.5152936714876
2460811.2944444446,-4175.852675557825,-2454.7003676630775,2588.1330481492755
2460811.295138889,-4137.078728979525,-2817.085553176793,2262.189017622551
2460811.2958333334,-4065.5365587979327,-3157.1762938236716,1918.268952638823
2460811.296527778,-3961.789523648063,-3472.2744984184947,1559.1034126856318
2460811.297222222,-3826.6583901495846,-3759.8809249717197,1187.5458097529115
2460811.2979166666,-3661.2149977536783,-4017.7158073946675,806.5492782543654
2460811.298611111,-3466.7737223608556,-4243.737666654107,419.14258542082337
2460811.2993055554,-3244.88080205508,-4436.160092957084,28.40531938641863
2460811.3,-2997.301618220342,-4593.466313716265,-362.5573978213021
2460811.300694444,-2726.0060605643403,-4714.421387010925,-750.6404068824771
2460811.301388889,-2433.1521318948994,-4798.081898314618,-1132.763952311961
2460811.3020833335,-2121.0679738637846,-4843.803075275659,-1505.8988046573572
2460811.302777778,-1792.2325134862024,-4851.243274586889,-1867.090810903781
2460811.3034722223,-1449.2549500892796,-4820.365833618245,-2213.484628848839
2460811.3041666667,-1094.8533048013544,-4751.438318880374,-2542.346429214659
2460811.304861111,-731.832261896217,-4645.029237092371,-2851.085367658644
2460811.3055555555,-363.0605250938447,-4502.002305152658,-3137.2736593483896
2460811.30625,8.552094113062466,-4323.508400552472,-3398.6651150384687
2460811.3069444443,380.0776523714571,-4110.975333226962,-3633.212027365369
2460811.3076388887,748.592930582292,-3866.095590307812,-3839.080325837306
2460811.308333333,1111.2019941393544,-3590.812217646557,-4014.662937705324
2460811.309027778,1465.058315353766,-3287.3029944679797,-4158.59132334694
2460811.3097222224,1807.3863192022734,-2957.9630628333257,-4269.745162746546
2460811.310416667,2135.5022405057052,-2605.386160559219,-4347.260188961324
2460811.311111111,2446.834190596105,-2232.3445994804965,-4390.534170188832
2460811.3118055556,2738.941342961405,-1841.7681210128071,-4399.231046742966
2460811.3125,3009.5321560615726,-1436.7217498301559,-4373.283229887957
2460811.3131944444,3256.4815527931273,-1020.3827615586035,-4312.892066871423
2460811.313888889,3477.8469781835324,-596.0168731463783,-4218.526472868824
2460811.314583333,3671.8832511522965,-166.95376814426692,-4090.9197269225297
2460811.3152777776,3837.056124609366,263.43793371190515,-3931.0644248608355
2460811.315972222,3972.0544580819505,691.7761399939238,-3740.205581611847
2460811.316666667,4075.800901121271,1114.6910463848565,-3519.831879315488
2460811.3173611113,4147.460983243271,1528.8510530837718,-3271.6650598313004
2460811.3180555557,4186.450498624404,1930.9886640260247,-2997.6474768773996
2460811.31875,4192.441078171459,2317.926192062347,-2699.927831425626
2460811.3194444445,4165.363843213721,2686.601060539797,-2380.845141897715
2460811.320138889,4105.411046646755,3034.090488620119,-2042.9110160759365
2460811.3208333333,4013.035620956838,3357.6353235028487,-1688.7903256333686
2460811.3215277777,3888.948572760879,3654.6627812915954,-1321.2804073096158
2460811.322222222,3734.1141873359293,3922.807851955838,-943.2889454464535
2460811.3229166665,3549.7430363362837,4159.93312537319,-557.8107213582958
2460811.323611111,3337.2828110934906,4364.146810014016,-167.90343484301314
2460811.324305556,3098.4070391164523,4533.818727493272,223.33716827396444
2460811.325,2835.0017739644572,4667.594092607535,612.8026145602255
2460811.3256944446,2549.150378492719,4764.404917811081,997.397210369548
2460811.326388889,2243.1165570722233,4823.478911495632,1374.0634668187508
2460811.3270833334,1919.3258116972875,4844.345781047551,1739.8071827259414
2460811.327777778,1580.3455231014123,4826.840887537423,2091.721925689228
2460811.328472222,1228.8638729832323,4771.106239872663,2427.0126672743536
2460811.3291666666,867.667830199436,4677.58885367396,2743.0183501796964
2460811.329861111,499.6204328988474,4547.036535317316,3037.2331828801766
2460811.3305555554,127.63759389254037,4380.491183226994,3307.326487085948
2460811.33125,-245.3353526240444,4179.279722728103,3551.160952362456
2460811.331944444,-616.3471493945075,3945.0028135612242,3766.8091752745904
2460811.332638889,-982.4639705894806,3679.521478474796,3952.5683947525795
2460811.334027778,-1688.502210858146,3063.5979556532134,4228.807229684968
2460811.3347222223,-2022.84780160794,2718.033419191611,4317.110647215091
2460811.3354166667,-2341.1898230143133,2350.9810418094658,4371.188683360536
2460811.336111111,-2641.015217266414,1965.3416040874629,4390.615932508446
2460811.3368055555,-2919.956560095046,1564.1613167153314,4375.239584206439
2460811.3375,-3175.8102722520166,1150.6082961015563,4325.1805286902445
2460811.3381944443,-3406.553651527314,727.9481623328256,4240.832487874861
2460811.3388888887,-3610.3606247034063,299.5188972465603,4122.859171787243
2460811.339583333,-3785.6161229598683,-131.29490683463172,3972.1894589705616
2460811.340277778,-3930.928973188968,-561.0882566415327,3790.010603541376
2460811.3409722224,-4045.1432007059007,-986.4622756057771,3577.759474170078
2460811.341666667,-4127.347632729737,-1404.0508596873824,3337.11183944493
2460811.342361111,-4176.883692521433,-1810.547285984926,3069.9697271633627
2460811.3430555556,-4193.351277770372,-2202.730571346602,2778.446903234235
2460811.34375,-4176.61262483461,-2577.4913700296975,2464.8525314336907
2460811.3444444444,-4126.794071018397,-2931.8571721993217,2131.673108598125
2460811.345138889,-4044.2856462964064,-3263.0165673539227,1781.5527891030306
2460811.345833333,-3929.7384462298664,-3568.3423271241595,1417.272242202672
2460811.3465277776,-3784.0597653529694,-3845.413059162724,1041.726217684882
2460811.347222222,-3608.4060005134997,-4092.033194718046,657.9000191465426
2460811.347916667,-3404.173362886601,-4306.251088773419,268.8451026643282
2460811.3486111113,-3172.986475432449,-4486.375023532034,-122.34595007577171
2460811.3493055557,-2916.684960915709,-4630.986941635639,-512.5648328973712
2460811.35,-2637.3081583183357,-4738.953762395193,-898.7130254176031
2460811.3506944445,-2337.0781349543067,-4809.436170588099,-1277.727144358616
2460811.351388889,-2018.3811825619468,-4841.894807703372,-1646.6038769524894
2460811.3520833333,-1683.748003628014,-4836.093833530561,-2002.42424798065
2460811.3527777777,-1335.8328137002734,-4792.101864993304,-2342.3769815548335
2460811.353472222,-977.3915792986555,-4710.290336966624,-2663.780754933759
2460811.3541666665,-611.25962535151,-4591.329361995941,-2964.105151481879
2460811.354861111,-240.32883044018737,-4436.181194709633,-3240.9901593397576
2460811.355555556,132.47537662432057,-4246.091429316892,-3492.264085403781
2460811.35625,504.21701957708603,-4022.57807623522,-3715.9597835803047
2460811.3569444446,871.9723978478798,-3767.4186726558955,-3910.329125436139
2460811.357638889,1232.8525657025773,-3482.6355879882763,-4073.8556623296454
2460811.3583333334,1584.0253227098674,-3170.4796847900116,-4205.265449532506
2460811.359027778,1922.7365930776966,-2833.4124869474085,-4303.536020231539
2460811.359722222,2246.331077779354,-2474.0870068749823,-4367.903504518039
2460811.3604166666,2552.272088728522,-2095.3273633773824,-4397.867900092568
2460811.361111111,2838.1604728415386,-1700.1073216427717,-4393.196499820934
2460811.3618055554,3101.752546307051,-1291.5278723375523,-4353.925483196183
2460811.3625,3340.9769602606993,-872.7939604423157,-4280.359674528615
2460811.363194444,3553.9504144194307,-447.19047686202873,-4173.070467351875
2460811.363888889,3738.9921371051973,-18.05761746222532,-4032.891909708582
2460811.3645833335,3894.6370378270917,411.23427052592484,-3860.914943726112
2460811.365277778,4019.64743628999,837.3102323155539,-3658.479792353784
2460811.3659722223,4113.0232635640905,1256.8165011610201,-3427.166490164308
2460811.3666666667,4174.010626976461,1666.4463932677695,-3168.783562023327
2460811.367361111,4202.108627163801,2062.966125808418,-2885.35486921474
2460811.3680555555,4197.074319659279,2443.240371164729,-2579.104655760673
2460811.36875,4158.925717975265,2804.2573379184637,-2252.4408509234945
2460811.3694444443,4087.9427473395976,3143.153152376083,-1907.9367106238444
2460811.3701388887,3984.6660749030216,3457.2353072249975,-1548.3109044052342
2460811.370833333,3849.8937635166785,3744.0049335771464,-1176.4061857389586
2460811.371527778,3684.675722232931,4001.177652884693,-795.1668113050291
2460811.3722222224,3490.3059575836905,4226.702769073547,-407.6149048768095
2460811.372916667,3268.312658781992,4418.780578506502,-16.82597885194092
2460811.373611111,3020.446187513832,4575.877587435031,374.09614299386857
2460811.3743055556,2748.6650738403227,4696.739457716733,762.0447495956748
2460811.3756944444,2142.13698316441,4826.196816837096,1516.7330166729582
2460811.376388889,1812.1968045540625,4833.761361425314,1877.4732339353632
2460811.377083333,1467.9161202081204,4803.0369717920685,2223.290117310106
2460811.3777777776,1112.0252453286332,4734.271283689516,2551.437646868696
2460811.378472222,747.3459771441723,4628.015219609824,2859.3121701928985
2460811.379166667,376.768639455727,4485.117906114858,3144.473159966764
2460811.3798611113,3.228725164117766,4306.719152095251,3404.6624638955386
2460811.3805555557,-370.3166459023429,4094.2396130182387,3637.8219105080016
2460811.38125,-740.9122504489251,3849.3687830423405,3842.1091629433645
2460811.3819444445,-1105.628075316712,3574.0509702075383,4015.911736943438
2460811.382638889,-1461.5822514038973,3270.469413464137,4157.859125494519
2460811.3833333333,-1805.9634503601665,2941.0287044770666,4266.832989523092
2460811.3840277777,-2136.052607259699,2588.3356713801254,4341.975392216797
2460811.384722222,-2449.2438437757946,2215.1788783021498,4382.6950643390755
2460811.3854166665,-2743.0644788990694,1824.506887464916,4388.671695944817
2460811.386111111,-3015.194025242228,1419.405420184087,4359.858253418569
2460811.386805556,-3263.4820652425924,1003.0735595790277,4296.481321744577
2460811.3875,-3485.9649162605615,578.7991183640269,4199.039472077106
2460811.3881944446,-3680.8809799987275,149.933312747996,4068.299653865006
2460811.388888889,-3846.684676410414,-280.13512154832284,3905.2916117412606
2460811.3895833334,-3982.0588565368666,-708.0062250212362,3711.3003292062012
2460811.390277778,-4085.9255834603687,-1130.2953580572207,3487.856509605085
2460811.390972222,-4157.455172576646,-1543.6598239978287,3236.725111088021
2460811.3916666666,-4196.073379360725,-1944.8253752061844,2959.891971452149
2460811.392361111,-4201.466630822762,-2330.612400393665,2659.548572095084
2460811.3930555554,-4173.585203921632,-2697.961565989638,2338.0750185889665
2460811.39375,-4112.644269596671,-3043.9586823792783,1998.0213338980388
2460811.394444444,-4019.1227395978235,-3365.8585466337763,1642.0871956799378
2460811.395138889,-3893.759877019302,-3661.107519955703,1273.100269520324
2460811.3958333335,-3737.549660010356,-3927.364592901456,893.9933247008664
2460811.396527778,-3551.7329180968763,-4162.52070701209,507.78033877987986
2460811.3972222223,-3337.7872942204644,-4364.716113938107,117.53182327340866
2460811.3979166667,-3097.4151173262862,-4532.355578496581,-273.65038359132876
2460811.398611111,-2832.5293065575597,-4664.1212569791105,-662.6585922182271
2460811.3993055555,-2545.2374520471312,-4758.983121130719,-1046.404745712246
2460811.4,-2237.824250848574,-4816.206829175305,-1421.8456419644638
2460811.4006944443,-1912.732492427344,-4835.358988743749,-1786.0076403790956
2460811.4013888887,-1572.5428084102716,-4816.309793444186,-2136.0106072517588
2460811.402083333,-1219.9524103514261,-4759.233054214918,-2469.0908750898943
2460811.402777778,-857.7530433402136,-4664.603681917333,-2782.6230146115954
2460811.4034722224,-488.8083812072101,-4533.1927086905225,-3074.1402448656813
2460811.404166667,-116.03108546385265,-4366.059963133021,-3341.353332605011
2460811.404861111,257.6402684609353,-4164.544532828732,-3582.167866704374
2460811.4055555556,629.2641996302549,-3930.253165522853,-3794.6998136905727
2460811.40625,995.919094642633,-3665.0467644775445,-3977.289294257055
2460811.4069444444,1354.7255865160832,-3371.025138910439,-4128.512537382931
2460811.407638889,1702.8684021344466,-3050.510167147758,-4247.191989630595
2460811.408333333,2037.6175577236256,-2706.0275242543994,-4332.404570915209
2460811.4090277776,2356.3487979211473,-2340.287116016709,-4383.48807776137
2460811.409722222,2656.5631844300538,-1956.1623522828475,-4400.045739378717
2460811.410416667,2935.9057474187794,-1556.6683850224374,-4381.9489335237095
2460811.4111111113,3192.1831221409416,-1144.9394222688313,-4329.338067703592
2460811.4118055557,3423.38008718779,-724.2052320990052,-4242.621626954472
2460811.4125,3627.674923116794,-297.7669439508246,-4122.473386241767
2460811.4131944445,3803.4535046049346,131.0277432721754,-3969.827781041515
2460811.413888889,3949.3220309110097,558.80982660471,-3785.873428748226
2460811.4145833333,4064.118293819301,982.2146081864074,-3572.044795556722
2460811.4152777777,4146.9213772997555,1397.9075073126455,-3330.0120072213504
2460811.415972222,4197.059677421651,1802.6099129082875,-3061.668813475877
2460811.417361111,4197.937549202087,2566.362598007569,-2454.659398079085
2460811.418055556,4148.626944700627,2919.365041651488,-2120.7652334957543
2460811.41875,4066.553785584404,3249.330200451696,-1770.0684449940532
2460811.4194444446,3952.347089163813,3553.63502141013,-1405.3385543820218
2460811.420138889,3806.89232304552,3829.8571983679494,-1029.4605582534527
2460811.4208333334,3631.3250924900362,4075.795440136748,-645.4119103694755
2460811.421527778,3427.0226297557083,4289.48799936906,-256.2385300144631
2460811.422222222,3195.59313136201,4469.229245087091,134.96994031332895
2460811.4229166666,2938.8630250379047,4613.584079274262,525.1053802508641
2460811.423611111,2658.862278743343,4721.400028491792,911.0666840527064
2460811.4243055554,2357.8078981057593,4791.816871658583,1289.7852320136656
2460811.425,2038.0857802057749,4824.273704109433,1658.2500804852561
2460811.425694444,1702.231124030461,4818.513373347076,2013.532603396854
2460811.426388889,1352.907604661499,4774.584264831342,2352.810344897996
2460811.4270833335,992.8855375774359,4692.839451763181,2673.389850139725
2460811.427777778,625.0192624664759,4573.933260031382,2972.7282674024677
2460811.4284722223,252.22397539561464,4418.815331179071,3248.45354046064
2460811.4291666667,-122.54776615556477,4228.722293710984,3498.3830366353195
2460811.429861111,-496.32965419280004,4005.167173157258,3720.540486395377
2460811.4305555555,-866.1651527609434,3749.9266901548917,3913.1711331552156
2460811.43125,-1229.1307562504517,3465.026598609271,4074.755024947466
2460811.4319444443,-1582.3588080292527,3152.7252298852522,4204.018391724835
2460811.4326388887,-1923.0597375919792,2815.4953984061917,4299.943080085703
2460811.433333333,-2248.54357916342,2456.0048266556273,4361.774024755698
2460811.434027778,-2556.2406519943142,2077.0952393526863,4389.024748383682
2460811.4347222224,-2843.72129211083,1681.760270636726,4381.48088675217
2460811.435416667,-3108.714534185893,1273.1223194406143,4339.201739080778
2460811.436111111,-3349.1256410773094,854.4084905016472,4262.51984353043
2460811.4368055556,-3563.0523859509703,428.92574795539315,4152.038577307662
2460811.4375,-3748.79998256803,0.03542180628104495,4008.627781204237
2460811.4381944444,-3904.8945621724683,-428.87279560613536,3833.4174088091004
2460811.438888889,-4030.0950876726943,-854.4072096402439,3627.7892054172603
2460811.439583333,-4123.40359455687,-1273.2006755763564,3393.366429099056
2460811.4402777776,-4184.073646986437,-1681.9371634778263,3132.0016378123373
2460811.440972222,-4211.616899549171,-2077.378139954536,2845.7625819461023
2460811.441666667,-4205.807661143499,-2456.3885516153673,2536.9162641383227
2460811.4423611113,-4166.6853694926795,-2815.9621856947488,2207.9112489603776
2460811.4430555557,-4094.5548997515025,-3153.2461696053015,1861.3583324297153
2460811.44375,-3989.9846525478833,-3465.564361875951,1500.0097123938565
2460811.4444444445,-3853.802391405177,-3750.4393926696885,1126.7368226727262
2460811.445138889,-3687.0888295515815,-4005.6131101348233,744.5070274966306
2460811.4458333333,-3491.168996685598,-4229.065206414505,356.3593912549135
2460811.4465277777,-3267.6014523588606,-4419.029810494217,-34.62023373847186
2460811.447222222,-3018.1654416969714,-4574.009866759248,-425.3245532491131
2460811.4479166665,-2744.8461238098425,-4692.789142708832,-812.6503454741552
2460811.448611111,-2449.818033379043,-4774.441745811285,-1193.5238754030795
2460811.449305556,-2135.4269576945853,-4818.339069256958,-1564.9259492748736
2460811.45,-1804.1704327694051,-4824.154123599597,-1923.9163560287805
2460811.4506944446,-1458.6770780139145,-4791.863250666372,-2267.65745690719
2460811.451388889,-1101.6849950969379,-4721.745254114759,-2593.436707928846
2460811.4520833334,-736.0194595904657,-4614.378014671955,-2898.687923412174
2460811.452777778,-364.5701309006504,-4470.632688056608,-3181.011115857954
2460811.453472222,9.732004889645516,-4291.6656072049245,-3438.190777979456
2460811.4541666666,383.93775351736565,-4078.9080301961553,-3668.212498107988
2460811.454861111,755.1027110189458,-3834.053883602287,-3869.277833231994
2460811.4555555554,1120.3099647641302,-3559.0456644811043,-4039.8173793088804
2460811.45625,1476.6923585977004,-3256.0586534577196,-4178.50201201982
2460811.456944444,1821.4541800055467,-2927.483600678262,-4284.252275172701
2460811.457638889,2151.8921627055593,-2575.908026619822,-4356.245916444215
2460811.459027778,2759.566167237751,-1814.9684838108906,-4396.992601489168
2460811.4597222223,3032.0353124763383,-1411.5784737655033,-4365.429098831101
2460811.4604166667,3280.682560087375,-997.0908703865503,-4299.478050558952
2460811.461111111,3503.5512220160213,-574.7573629470484,-4199.651674181716
2460811.4618055555,3698.883485415247,-147.89233315684316,-4066.7259130466164
2460811.4625,3865.134101598286,280.15207454740505,-3901.7350877044905
2460811.4631944443,4000.9826776797986,706.0113159148467,-3705.964694794269
2460811.4638888887,4105.344465476808,1126.3341057391167,-3480.9423502556992
2460811.464583333,4177.379539908876,1537.8082270776245,-3228.4268780938974
2460811.465277778,4216.500253680084,1937.1863200347716,-2950.395560646617
2460811.4659722224,4222.376857874626,2321.3114685849173,-2649.029578384145
2460811.466666667,4194.941181449945,2687.1423775569037,-2326.6976924172677
2460811.467361111,4134.388274280804,3031.777921180985,-1985.9382443487466
2460811.4680555556,4041.1759327820437,3352.4808316930134,-1629.4395741065966
2460811.46875,3916.0220479813397,3646.70028438686,-1260.0189884968022
2460811.4694444444,3759.8997409466765,3912.0931366200166,-880.6004390810031
2460811.470138889,3574.030279687931,4146.543580116249,-494.1910975770613
2460811.470833333,3359.873803215602,4348.180977583554,-103.85704111481806
2460811.4715277776,3119.117911374345,4515.395671847596,287.30171915658076
2460811.472222222,2853.6642145974074,4646.852577998848,676.1766127794368
2460811.472916667,2565.6129676863147,4741.5024012638705,1059.6760286155343
2460811.4736111113,2257.2459422508223,4798.590355465299,1434.7507112163264
2460811.4743055557,1931.0077204472902,4817.662294216248,1798.4187685842926
2460811.475,1589.4856103599323,4798.568207322702,2147.79003822826
2460811.4756944445,1235.3884007023432,4741.463072658408,2480.0895698842496
2460811.476388889,871.524183750346,4646.805092155292,2792.6800018062513
2460811.4770833333,500.7774727012711,4515.351374046128,3083.0826370585323
2460811.4777777777,126.08584845052167,4348.151155951529,3348.997042791813
2460811.478472222,-249.583651925185,4146.536684572924,3588.3190367602233
2460811.4791666665,-623.2581879833165,3912.1118917296585,3799.1569397723333
2460811.479861111,-991.9826208488938,3646.7390154868654,3979.8460100531393
2460811.480555556,-1352.8426912398463,3352.5233243837297,4128.960994216939
2460811.48125,-1702.9877093071311,3031.796105620962,4245.32675126849
2460811.4819444446,-2039.6526144003178,2687.096073979789,4328.02692389944
2460811.482638889,-2360.1792739656485,2321.14935638883,4376.41064203171
2460811.4833333334,-2662.0369074785867,1936.8481965990954,4390.0972531697025
2460811.484027778,-2942.8415245157034,1537.2285240898445,4368.979077300092
2460811.484722222,-3200.374279390527,1125.4465172838436,4313.222186905836
2460811.4854166666,-3432.5986389048676,704.7542979881139,4223.265211680364
2460811.486111111,-3637.6762654681515,278.47488688900836,4099.816167694539
2460811.4868055554,-3813.9815124773577,-150.02344297709962,3943.8473105543394
2460811.4875,-3960.1144261239847,-577.353272239776,3756.5880136107103
2460811.488194444,-4074.912141379545,-1000.1344392345073,3539.5156806898262
2460811.488888889,-4157.458563040253,-1415.0205798850502,3294.3447069622325
2460811.4895833335,-4207.092217202857,-1818.725611109445,3023.0135202370147
2460811.490277778,-4223.412166106533,-2208.049959732625,2727.6697480810963
2460811.4909722223,-4206.281885113803,-2579.906316482127,2410.6535808538733
2460811.4916666667,-4155.8310146371205,-2931.344683204796,2074.479425349573
2460811.492361111,-4072.454917530709,-3259.5764740490463,1721.8159689091176
2460811.4930555555,-3956.811995072529,-3561.997423606929,1355.4648043793675
2460811.49375,-3809.8187416991186,-3836.209058216511,978.3377925950825
2460811.4944444443,-3632.6425493490347,-4080.038493039452,593.4333664956569
2460811.4951388887,-3426.6923045190542,-4291.556333268915,203.8120025314306
2460811.495833333,-3193.6068557709923,-4469.092477389508,-187.4288940840307
2460811.496527778,-2935.2414592316545,-4611.249650563243,-577.1804364042907
2460811.4972222224,-2653.6523470120883,-4716.914522791595,-962.3477628991816
2460811.497916667,-2351.0795829011695,-4785.266309652563,-1339.875346570589
2460811.498611111,-2029.9283998251367,-4815.782785864457,-1706.77184180103
2460811.4993055556,-1692.749230055107,-4808.243684372217,-2060.1342210655603
2460811.5006944444,-981.1074501399077,-4679.629686998828,-2715.2241698220946
2460811.501388889,-612.2781210994466,-4559.618501084735,-3011.790166055922
2460811.502083333,-238.6418689346675,-4403.668307509107,-3284.53887538656
2460811.5027777776,136.854515263348,-4213.03077040922,-3531.331398513845
2460811.503472222,511.2538066166937,-3989.2278945902417,-3750.2359717368045
2460811.504166667,881.6113070622597,-3734.039135194605,-3939.5421402776997
2460811.5048611113,1245.0174646930463,-3449.4867218931277,-4097.773118917297
2460811.5055555557,1598.6200034460444,-3137.8193575280225,-4223.6963099776995
2460811.50625,1939.6454406416967,-2801.4944414289116,-4316.331968903669
2460811.5069444445,2265.4198806020386,-2443.158962763081,-4374.960015545739
2460811.507638889,2573.388989158603,-2065.629196402328,-4399.124996770013
2460811.5083333333,2861.13705868278,-1671.8693284018482,-4388.63920686935
2460811.5090277777,3126.405084636348,-1264.9691228332995,-4343.5839719221085
2460811.509722222,3367.1077676853347,-848.1207464147976,-4264.309100429037
2460811.5104166665,3581.3493628425904,-424.59485328194046,-4151.430498885229
2460811.511111111,3767.4382863173373,2.283958649560284,-4005.825946575
2460811.511805556,3923.9003861563233,429.1622036632284,-3828.6290225721164
2460811.5125,4049.490776334254,852.682950763718,-3621.221178929841
2460811.5131944446,4143.204128762819,1269.5115179001298,-3385.221955947651
2460811.513888889,4204.283309525471,1676.3612562730204,-3122.4773485821484
2460811.5145833334,4232.226247930489,2070.0192550694783,-2835.0463423770025
2460811.515277778,4226.790927024887,2447.371772848479,-2525.1856572429724
2460811.515972222,4187.998391734962,2805.4291857685157,-2195.332758783397
2460811.5166666666,4116.133683198063,3141.3502255250432,-1848.0872243939389
2460811.517361111,4011.744624780484,3452.465273992396,-1486.1905743785826
2460811.5180555554,3875.6384077367375,3736.298468853795,-1112.5047125530357
2460811.51875,3708.8759517246867,3990.5883776025094,-729.9891472929253
2460811.519444444,3512.7640443836294,4213.3070047986685,-341.6771886079431
2460811.520138889,3288.845298374064,4402.676907007287,49.34865471038376
2460811.5208333335,3038.8859974107045,4557.1862123311685,439.9818369347462
2460811.521527778,2764.8619354647662,4675.601367207435,827.1172415300435
2460811.5222222223,2468.942386850747,4756.977463069006,1207.6766853853417
2460811.5229166667,2153.4723710685225,4800.666032557364,1578.6341970094595
2460811.523611111,1820.9534032144954,4806.320241612237,1937.0408052761125
2460811.5243055555,1474.0229377383328,4773.89744397894,2280.048589435764
2460811.525,1115.4327275627643,4703.659102620005,2604.933756297069
2460811.5256944443,748.0263283230678,4596.168119255359,2909.118531599417
2460811.5263888887,374.71597853501135,4452.283646469224,3190.191678131879
2460811.527083333,-1.5409191994078566,4273.153484506727,3445.9274814916103
2460811.527777778,-377.7654969116834,4060.204188649083,3674.303070166404
2460811.5284722224,-750.9810978432995,3815.1290284433585,3873.5139673624176
2460811.529166667,-1118.2367387388922,3539.8739539192843,4041.987794156083
2460811.529861111,-1476.6301926212602,3236.6217231252294,4178.396072000669
2460811.5305555556,-1823.3305292382847,2907.7743556401833,4281.6640839993415
2460811.53125,-2155.5999813883204,2555.934063784972,4350.978777311878
2460811.5319444444,-2470.8150118470517,2183.8828114457624,4385.794694802644
2460811.532638889,-2766.486463023807,1794.5606494293538,4385.837931238716
2460811.533333333,-3040.278690677416,1391.0429576868528,4351.108114727709
2460811.5340277776,-3290.0275750216147,976.5167334398561,4281.87841244819
2460811.534722222,-3513.757311819335,554.2560538472175,4178.693560966146
2460811.535416667,-3709.6958812052926,127.59684742270132,4042.36592054034
2460811.5361111113,-3876.289090667737,-300.088889549012,3873.969552927573
2460811.5368055557,-4012.2130815585037,-725.4192795052782,3674.8323274513946
2460811.5375,-4116.38518929218,-1145.0289966909995,3446.526064492444
2460811.5381944445,-4187.973042462757,-1555.5957682465184,3190.854738571797
2460811.538888889,-4226.401789582603,-1953.8667539776243,2909.8407759806532
2460811.5395833333,-4231.359345947606,-2336.684592742482,2605.7095047929515
2460811.5402777777,-4202.799564327143,-2701.0128981646485,2280.871831686744
2460811.540972222,-4140.943246588099,-3043.960961087729,1937.9052551122084
2460811.542361111,-3919.5494418950516,-3655.022657043112,1208.6038396753072
2460811.543055556,-3761.7661181980693,-3918.289661077955,828.0655812811465
2460811.54375,-3574.180866856722,-4150.523153301184,440.94444671107925
2460811.5444444446,-3358.2859732711736,-4349.886732608008,50.31856487714196
2460811.545138889,-3115.7998312049704,-4514.8078666416295,-340.70696426387025
2460811.5458333334,-2848.652689405886,-4643.990559366293,-729.0255748626379
2460811.546527778,-2558.970571809968,-4736.425566738329,-1111.5546979141388
2460811.547222222,-2249.0575464068093,-4791.398070505388,-1485.2609220500722
2460811.5479166666,-1921.3765438218825,-4808.492755615601,-1847.1845938015642
2460811.548611111,-1578.5289435599666,-4787.596277948652,-2194.4636139859604
2460811.5493055554,-1223.2331483551907,-4728.897147095808,-2524.356214658634
2460811.55,-858.3023803841801,-4632.883082531485,-2834.2625139210772
2460811.550694444,-486.62192438771075,-4500.33593342697,-3121.7446807410806
2460811.551388889,-111.12603587095406,-4332.324276571579,-3384.54556879184
2460811.5520833335,265.2252731642795,-4130.19382934603,-3620.6057026852623
2460811.552777778,639.469386526031,-3895.5558234611563,-3828.078537063305
2460811.5534722223,1008.6639926771762,-3630.2734986147248,-4005.343923403173
2460811.5541666667,1369.9096007702578,-3336.4468711182335,-4151.019750639178
2460811.554861111,1720.3715232284428,-3016.3959346771894,-4263.971737153205
2460811.5555555555,2057.3012071978856,-2672.6424407414866,-4343.321368565367
2460811.55625,2378.056809630419,-2307.8903979819515,-4388.451982889458
2460811.5569444443,2680.1229211233435,-1925.0054221118007,-4399.013009026012
2460811.5576388887,2961.1293545749777,-1526.9930544704364,-4374.92236580331
2460811.558333333,3218.8689145296935,-1116.9761645795686,-4316.367025851938
2460811.559027778,3451.3140655804964,-698.1715454687089,-4223.801745841161
2460811.5597222224,3656.6324169123195,-273.86580606102183,-4097.945959360424
2460811.560416667,3833.20093057774,152.60932571176508,-3939.7788260645616
2460811.561111111,3979.618756443066,577.9021691296667,-3750.5324307612223
2460811.5618055556,4094.718592564613,998.6666024978488,-3531.6831248296535
2460811.5625,4177.576458122164,1411.5877679725031,-3284.941013592547
2460811.5631944444,4227.519768272942,1813.4078145790852,-3012.2375977998727
2460811.563888889,4244.133595534189,2200.951491992956,-2715.711599197774
2460811.564583333,4227.265009448323,2571.1514023572204,-2397.693012497682
2460811.5652777776,4177.025393077077,2921.0726879585077,-2060.6854575603156
2460811.565972222,4093.7906501529465,3247.936930270915,-1707.3469240333823
2460811.566666667,3978.1992356004666,3549.145016988892,-1340.4690361998237
2460811.5673611113,3831.14796612124,3822.2987361431865,-962.9549892889806
2460811.5680555557,3653.7855964006117,4065.2208541475734,-577.7963407997186
2460811.56875,3447.5041773073217,4275.973446351229,-188.04886339083274
2460811.5694444445,3213.9282459340657,4452.874262941205,203.19231046693272
2460811.570138889,2954.9019315003297,4594.510935215803,592.8180038224381
2460811.5708333333,2672.474094604528,4699.752855508402,977.730509931202
2460811.5715277777,2368.8816464593647,4767.76059778605,1354.869042143856
2460811.572222222,2046.5312231885337,4797.9927811119105,1721.234853156251
2460811.5729166665,1707.9794133967898,4790.210317242016,2073.9157647455086
2460811.573611111,1355.911754036145,4744.478023294654,2410.1098632134926
2460811.574305556,993.1207178016367,4661.163617749236,2727.148137058368
2460811.575,622.4829244489379,4540.934152856633,3022.5158517150353
2460811.5756944446,246.93580851454578,4384.749969580652,3293.872482800434
2460811.576388889,-130.54603776416272,4193.856285010257,3539.0700631830186
2460811.5770833334,-506.9746297826119,3969.7725444827015,3756.1698198561794
2460811.577777778,-879.3722652631526,3714.2796851079447,3943.457007403763
2460811.578472222,-1244.79492707298,3429.4054648920855,4099.453870084106
2460811.5791666666,-1600.3552475282154,3117.4080164041134,4222.930684374612
2460811.579861111,-1943.24488500683,2780.757783208563,4312.914852195848
2460811.5805555554,-2270.7561818502145,2422.1179904323244,4368.698029062567
2460811.58125,-2580.30298106464,2044.32379836851,4389.841278673455
2460811.581944444,-2869.44049152516,1650.360280205423,4376.178252076846
2460811.582638889,-3135.884099632525,1243.3393565303807,4327.816391356511
2460811.584027778,-3592.4567132873667,403.06258813141443,4128.788283231801
2460811.5847222223,-3778.969885523974,-23.554707580881832,3979.6890467308767
2460811.5854166667,-3935.5860979898334,-450.00360912514145,3799.0135735355525
2460811.586111111,-4061.05974167914,-872.9110909113627,3588.187166078209
2460811.5868055555,-4154.390343557161,-1288.929995722076,3348.8746788514345
2460811.5875,-4214.831063594857,-1694.7654759459078,3082.9679644668304
2460811.5881944443,-4241.895274950472,-2087.2012397453414,2792.5714349073746
2460811.5888888887,-4235.36112312089,-2463.125392291476,2479.985799171977
2460811.589583333,-4195.2739704405885,-2819.5556366207493,2147.6900709107863
2460811.590277778,-4121.94665057149,-3153.6636030821355,1798.3219557994576
2460811.5909722224,-4015.957478443389,-3462.7980566551337,1434.6567666542064
2460811.591666667,-3878.145987517988,-3744.506740593102,1059.5850348713805
2460811.592361111,-3709.6063964232935,-3996.5566154335565,676.0890181655466
2460811.5930555556,-3511.678838439816,-4216.952268684867,287.2183244147431
2460811.59375,-3285.938422730086,-4403.952286338102,-103.93510422094047
2460811.5944444444,-3034.182227158847,-4556.08340692754,-494.2623943019532
2460811.595138889,-2758.4143582005117,-4672.152305555764,-880.6632627886145
2460811.595833333,-2460.8292368485095,-4751.2548949741695,-1260.0713965277773
2460811.5965277776,-2143.7933011625387,-4792.783064018031,-1629.4794220946264
2460811.597222222,-1809.8253280150084,-4796.428816853133,-1985.9632208557714
2460811.597916667,-1461.575598456548,-4762.185812431324,-2326.705350010107
2460811.5986111113,-1101.8041296885906,-4690.348341920346,-2649.0173628318507
2460811.5993055557,-733.3582081335252,-4581.507814600214,-2950.3608355723723
2460811.6,-359.14944495725035,-4436.546851734629,-3228.3669458739937
2460811.6006944445,17.869428490146845,-4256.631111166621,-3480.854470579011
2460811.601388889,394.72782156728465,-4043.198983850073,-3705.846100527192
2460811.6020833333,768.4604207533733,-3797.949311234407,-3901.5830007894183
2460811.6027777777,1136.1300278598203,-3522.8272830463293,-4066.5375613476554
2460811.603472222,1494.8499543766907,-3220.0086714062654,-4199.424310458792
2460811.6041666665,1841.8058446908728,-2891.8825504705446,-4299.208977345285
2460811.604861111,2174.2768078511904,-2541.032650810986,-4365.115698601721
2460811.605555556,2489.6557601093336,-2170.2174824253493,-4396.632374313703
2460811.60625,2785.468889587205,-1782.3493492987543,-4393.51418069857
2460811.6069444446,3059.394154499859,-1380.4723765968915,-4355.785244598479
2460811.607638889,3309.2787347384265,-967.7396594601943,-4283.7384839826245
2460811.6083333334,3533.155354099643,-547.3896396139794,-4177.933613479735
2460811.609027778,3729.257384987595,-122.72181874622287,-4039.193310192233
2460811.609722222,3896.0326420862807,302.92807773536356,-3868.597533062741
2460811.6104166666,4032.155765713502,726.2133664956266,-3667.475988173361
2460811.611111111,4136.539086926454,1143.8019646026817,-3437.39873715494
2460811.6118055554,4208.341862957799,1552.4020909950552,-3180.1649525562298
2460811.6125,4246.977768030306,1948.7879413509665,-2897.7898372575028
2460811.613194444,4252.120526284661,2329.825149775505,-2592.489740987937
2460811.613888889,4223.707579096916,2692.4958287608624,-2266.665531218671
2460811.6145833335,4161.941690176264,3033.9229715506917,-1922.8842938417436
2460811.615277778,4067.2904077345656,3351.3939760383582,-1563.8594764860286
2460811.6159722223,3940.483324264034,3642.383054468565,-1192.4296057510742
2460811.6166666667,3782.507100906853,3904.5722818290983,-811.5357468269613
2460811.617361111,3594.5982516788936,4135.871047155151,-424.1978944738293
2460811.6180555555,3378.233717533318,4334.433677437559,-33.4905163352163
2460811.61875,3135.119290689952,4498.675027978597,357.482518226897
2460811.6194444443,2867.1759879739875,4627.28385143244,745.6133653197658
2460811.6201388887,2576.5245002778997,4719.233793059178,1127.8157301940116
2460811.620833333,2265.46787565015,4773.791891220353,1501.0502214793478
2460811.621527778,1936.4726232277312,4790.52449912507,1862.3492686831216
2460811.6222222224,1592.1484397357708,4769.300585101495,2208.84135381165
2460811.622916667,1235.2267796522387,4710.292405354696,2537.774317128855
2460811.623611111,868.5384973358712,4613.973580988896,2846.5375200988256
2460811.6243055556,494.9907934715136,4481.114645061989,3132.6826718065013
2460811.6256944444,-260.8137275920878,4110.299482594756,3628.2517092955964
2460811.626388889,-637.0871394966981,3875.2954411263954,3833.756369451385
2460811.627083333,-1008.3006220393896,3609.6308617868767,4008.8345643357443
2460811.6277777776,-1371.519980201905,3315.4133121925947,4152.105327625378
2460811.628472222,-1723.8755740016152,2994.974094406531,4262.439572659492
2460811.629166667,-2062.584515290567,2650.849682177772,4338.968411380884
2460811.6298611113,-2384.9720985891813,2285.7617517087765,4381.089502563728
2460811.6305555557,-2688.4923562875874,1902.595943438397,4388.471426272398
2460811.63125,-2970.7476226465214,1504.3795001954963,4361.056081691745
2460811.6319444445,-3229.50700981895,1094.2579079589111,4299.0591095550035
2460811.632638889,-3462.7236901670485,675.4706751906431,4202.968338686045
2460811.6333333333,-3668.550886198822,251.32637720663394,4073.54025562668
2460811.6340277777,-3845.356459435412,-174.82289255143795,3911.7944981580868
2460811.634722222,-3991.735992351592,-599.6075253576421,3719.0063741105455
2460811.6354166665,-4106.52424804929,-1019.6666924587872,3496.697415499968
2460811.636111111,-4188.804894628113,-1431.674765963546,3246.6239848715654
2460811.636805556,-4237.918378422319,-1832.3676741721547,2970.7639681166856
2460811.6375,-4253.467836766227,-2218.5689902136887,2671.3016034756843
2460811.6381944446,-4235.32294824176,-2587.2155324387245,2350.6105213132137
2460811.638888889,-4183.621632955594,-2935.382244552312,2011.2350936307166
2460811.6395833334,-4098.76953305455,-3260.306117216618,1655.8702163606451
2460811.640277778,-3981.4372291109667,-3559.4088976581816,1287.3396868799068
2460811.640972222,-3832.5551731786736,-3830.318353900757,908.5733493393853
2460811.6416666666,-3653.3063524309664,-4070.8878516700315,522.5832221834655
2460811.642361111,-3445.1167309076422,-4279.214025360174,132.4388383885582
2460811.6430555554,-3209.6435467893507,-4453.652348782352,-258.7579597125242
2460811.64375,-2948.7615824075688,-4592.830430452601,-647.8985029822637
2460811.644444444,-2664.547548339689,-4695.658899768549,-1031.892796119303
2460811.645138889,-2359.262755293426,-4761.33978068076,-1407.6947677474643
2460811.6458333335,-2035.334268425764,-4789.3722905611685,-1772.3270128016165
2460811.646527778,-1695.3347563068378,-4779.556040458887,-2122.9047828254675
2460811.6472222223,-1341.9612587857785,-4731.9916508553615,-2456.658997883085
2460811.6479166667,-978.0131056824814,-4647.078833444206,-2770.958075262511
2460811.648611111,-606.3692077308239,-4525.512019329341,-3063.3284054608434
2460811.6493055555,-229.96495406684542,-4368.273644161405,-3331.473316980447
2460811.65,148.2310840768894,-4176.625217404489,-3573.290421681851
2460811.6506944443,525.2404386550164,-3952.0963219937494,-3786.8872428584646
2460811.6513888887,898.097843286024,-3696.4716968542143,-3970.595064239697
2460811.652083333,1263.8739831638213,-3411.776559151981,-4122.98095696804
2460811.652777778,1619.6977551556013,-3100.260320497884,-4242.857961513279
2460811.6534722224,1962.7779123081423,-2764.3788471608314,-4329.293414813871
2460811.654166667,2290.423985363355,-2406.7754035661796,-4381.615423791639
2460811.654861111,2600.0663825197366,-2030.2604117093674,-4399.417490236869
2460811.6555555556,2889.275580428714,-1637.7901468844418,-4382.56129444829
2460811.65625,3155.7803215404856,-1232.4444848259902,-4331.177642807473
2460811.6569444444,3397.4847365561504,-817.403806797342,-4245.665581083202
2460811.657638889,3612.4843055067267,-395.92517102271404,-4126.689671038422
2460811.658333333,3799.0805676462155,28.682140225882822,-3975.1754249486407
2460811.6590277776,3955.794484891993,453.0815848744258,-3792.3028898214325
2460811.659722222,4081.378353737584,873.9347078901319,-3579.49837568986
2460811.660416667,4174.826156131655,1287.926730217117,-3338.424327516478
2460811.6611111113,4235.382235816774,1691.792225051538,-3070.967348038737
2460811.6618055557,4262.5481836200515,2082.340702439506,-2779.2243960315873
2460811.6625,4256.087819783824,2456.481909216787,-2465.487201241088
2460811.6631944445,4216.030168277912,2811.250633423408,-2132.2249595520248
2460811.663888889,4142.670330818047,3143.8307849237754,-1782.065400060951
2460811.6645833333,4036.568187130019,3451.5785151041673,-1417.7743430245216
2460811.6652777777,3898.5448702032036,3732.0441349234493,-1042.233894055818
2460811.665972222,3729.676993739188,3982.9925864820475,-658.419453222676
2460811.667361111,3304.9411451544674,4388.581755516305,121.80793671844877
2460811.668055556,3052.4207670427213,4539.984927732332,512.0229308428759
2460811.66875,2775.7243293551287,4655.423139687082,898.1667520087046
2460811.6694444446,2477.042995592902,4733.975484920476,1277.168560372931
2460811.670138889,2158.744334891443,4775.0163294262065,1646.0143794007104
2460811.6708333334,1823.3528732381626,4778.220286130028,2001.7717743821886
2460811.671527778,1473.5293431777416,4743.564566074049,2341.6137452600847
2460811.672222222,1112.0488532340964,4671.328715163741,2662.841606587373
2460811.6729166666,741.7782114436033,4562.091781084,2962.906642685134
2460811.673611111,365.65262932197845,4416.726986266581,3239.430360113881
2460811.6743055554,-13.347959651669663,4236.394012998882,3490.2231762044075
2460811.675,-392.222759430828,4022.529023815248,3713.30142442887
2460811.675694444,-767.9739363128257,3776.8325622026077,3906.902570691043
2460811.676388889,-1137.630228183302,3501.2554829583914,4069.498571376916
2460811.6770833335,-1498.2701634224934,3197.9830707948117,4199.8073189676525
2460811.677777778,-1847.0447380605933,2869.417502733756,4296.802143431346
2460811.6784722223,-2181.1994127052794,2518.158807862143,4359.719350001452
2460811.6791666667,-2498.0953051494644,2146.9844719715943,4388.063784352984
2460811.679861111,-2795.2294654523907,1758.827827731013,4381.612422092646
2460811.6805555555,-3070.2541268740574,1356.7553657629333,4340.415982008713
2460811.68125,-3320.9948290137963,943.9430996485653,4264.798563554804
2460811.6819444443,-3545.467314530225,523.6521099794621,4155.355307602653
2460811.6826388887,-3741.89309066403,99.2034074979283,4012.9480808684657
2460811.683333333,-3908.7135536234723,-326.0477551582258,3838.6991828323266
2460811.684027778,-4044.602559206854,-748.7379646754684,3633.983082284964
2460811.6847222224,-4148.4773292654845,-1165.5219678990034,3400.4161931809203
2460811.685416667,-4219.507575873516,-1573.09905161222,3139.844714100002
2460811.686111111,-4257.122729061178,-1968.239285943193,2854.33057229098
2460811.6868055556,-4261.017160795112,-2347.8094259567233,2546.1355292589787
2460811.6875,-4231.1533065121475,-2708.7982428579153,2217.7035334086418
2460811.6881944444,-4167.762602637985,-3048.341050153003,1871.641428671017
2460811.688888889,-4071.344178321621,-3363.743182197726,1510.6981556075837
2460811.689583333,-3942.6612655032495,-3652.502177595421,1137.7426129049563
2460811.6902777776,-3782.735320331756,-3912.3284283470525,755.7403705427154
2460811.690972222,-3592.837881206747,-4141.164064223638,367.7294525907563
2460811.691666667,-3374.480222444487,-4337.199860374733,-23.20457246066264
2460811.6923611113,-3129.4008959396956,-4498.889980534834,-413.95394117811406
2460811.6930555557,-2859.5512874470483,-4624.964396468682,-801.4142192946947
2460811.69375,-2567.079341086303,-4714.438860820867,-1182.509737085139
2460811.6944444445,-2254.311634834305,-4766.622344988127,-1554.2186703784357
2460811.695138889,-1923.7340097162594,-4781.121894262886,-1913.597513889863
2460811.6958333333,-1577.9709693872878,-4757.844891095991,-2257.804710463593
2460811.6965277777,-1219.7640771106867,-4696.998753745548,-2584.123218665123
2460811.697222222,-851.9495840942633,-4599.088133025085,-2889.98182284322
2460811.6979166665,-477.4355096601789,-4464.909698218869,-3172.9750271046587
2460811.698611111,-99.17840033147209,-4295.544629927066,-3430.8813897068553
2460811.699305556,279.84003232909714,-4092.348953547661,-3661.6801962341665
2460811.7,656.6361985262491,-3856.9418632064626,-3863.5663868814627
2460811.7006944446,1028.2476734800182,-3591.192188861954,-4034.963685797996
2460811.701388889,1391.7558405100779,-3297.203163392937,-4174.535896451772
2460811.7020833334,1744.307999904178,-2977.2956410998563,-4281.196346694309
2460811.702777778,2083.1388236132702,-2633.9899139294366,-4354.115478181239
2460811.703472222,2405.5910517678108,-2269.986261707649,-4392.726583567389
2460811.7041666666,2709.135338332653,-1888.144361972264,-4396.729698096729
2460811.704861111,2991.38915718402,-1491.4616794695892,-4366.093651788308
2460811.7055555554,3250.1346867167304,-1083.0509448398768,-4301.056286749523
2460811.70625,3483.335589586114,-666.1168282978061,-4202.122839280975
2460811.706944444,3689.152597359133,-243.93192003959922,-4070.062483922892
2460811.707638889,3865.9578123711403,180.1878810114206,-3905.9030307284534
2460811.709027778,4127.154114740053,1020.9028007020177,-3486.646464653663
2460811.7097222223,4209.454908744914,1430.876784187741,-3234.824472503054
2460811.7104166667,4258.581234240095,1829.59461815917,-2957.430048329854
2460811.711111111,4274.124197952774,2213.9044075021407,-2656.6398175692975
2460811.7118055555,4255.939091453245,2580.7632444485084,-2334.8184977807005
2460811.7125,4204.147651695696,2927.2617458162845,-1994.5009305084877
2460811.7131944443,4119.138185336631,3250.6477818005965,-1638.37252933765
2460811.7138888887,4001.5634905174456,3548.349158893961,-1269.2482723317626
2460811.714583333,3852.3365354439056,3817.9950112640295,-890.0504007532713
2460811.715277778,3672.6238800587453,4057.435664309076,-503.78500639878695
2460811.7159722224,3463.836861679509,4264.760735924843,-113.51772443462671
2460811.716666667,3227.6205984268986,4438.315262953254,277.6512351750494
2460811.717361111,2965.840895853445,4576.713663392943,666.6124706838001
2460811.7180555556,2680.5691810689195,4678.851368684631,1050.2729180483582
2460811.71875,2374.0656123896006,4743.913999790813,1425.5812665155215
2460811.7194444444,2048.7605459470774,4771.383992737063,1789.5529912088632
2460811.720138889,1707.2345574248425,4761.044620792765,2139.294750111131
2460811.720833333,1352.1972375964901,4712.981397562476,2472.0279016864924
2460811.7215277776,986.4649882827397,4627.580883414878,2785.1109222991677
2460811.722222222,612.9380510204521,4505.5269518610985,3076.060524651386
2460811.722916667,234.57700125851542,4347.794604085589,3342.5713039244797
2460811.7236111113,-145.62107427698433,4155.641442111668,3582.533772678753
2460811.7243055557,-524.6464968491538,3930.596935050784,3794.050662923038
2460811.725,-899.5008177955903,3674.4496232342144,3975.451410349366
2460811.7256944445,-1267.220361823984,3389.2324133195893,4125.304755830982
2460811.726388889,-1624.899326251336,3077.206120959357,4242.4294197985355
2460811.7270833333,-1969.712286454203,2740.8414179312463,4325.902822090564
2460811.7277777777,-2298.9359796605763,2382.799330135719,4375.067834457047
2460811.728472222,-2609.970240247785,2005.9104369642332,4389.537557559909
2460811.7291666665,-2900.357983704755,1613.1529019646016,4369.198122481489
2460811.729861111,-3167.804126147427,1207.6294761704446,4314.209515341001
2460811.730555556,-3410.1933418929557,792.543598918371,4225.004426108026
2460811.73125,-3625.6065555949217,371.174725681417,4102.285120070141
2460811.7319444446,-3812.3360605907924,-53.146978786643125,3947.0183323858673
2460811.732638889,-3968.8991563499953,-477.0664440672401,3760.4281870681575
2460811.7333333334,-4094.050190365829,-897.2298398069072,3543.9871477207053
2460811.734027778,-4186.790888639537,-1310.3108975727164,3299.4050156936596
2460811.734722222,-4246.378857644758,-1713.0372238396565,3028.6160060951743
2460811.7354166666,-4272.3341451918,-2102.2164062224774,2733.7639479437444
2460811.736111111,-4264.443754128899,-2474.7616979929544,2417.185676207766
2460811.7368055554,-4222.764015460369,-2827.717047832668,2081.3927121090423
2460811.7375,-4147.620745758706,-3158.2812397877933,1729.0513492391724
2460811.738194444,-4039.607135680795,-3463.830895773541,1362.9612966452605
2460811.738888889,-3899.5793432546066,-3741.9420984473163,986.0330536744419
2460811.7395833335,-3728.649797747534,-3990.4103938822814,601.2642236027016
2460811.740277778,-3528.178249485618,-4207.268955325101,211.7149857089673
2460811.7409722223,-3299.7606404569387,-4390.804698613844,-179.51702115750047
2460811.7416666667,-3045.2158969771926,-4539.572177783223,-569.3221544549252
2460811.742361111,-2766.5707852989153,-4652.405110207734,-954.6042901511503
2460811.7430555555,-2466.0429936321675,-4728.425423585653,-1332.3061501032169
2460811.74375,-2146.0226321821124,-4767.049751098122,-1699.4341721287878
2460811.7444444443,-1809.052359069797,-4767.993341642789,-2053.0826766638
2460811.7451388887,-1457.8063550613456,-4731.271389305793,-2390.457098762181
2460811.745833333,-1095.068378926492,-4657.1978235053975,-2708.896075476648
2460811.746527778,-723.7091288742855,-4546.3816331821745,-3005.8922115782525
2460811.7472222224,-346.6631383103268,-4399.7208260504285,-3279.11136644011
2460811.747916667,33.09457756079048,-4218.394147694692,-3526.4103369002632
2460811.748611111,412.57192611802157,-4003.850699725209,-3745.8528422890163
2460811.7493055556,788.783006678172,-3757.797607495577,-3935.7237402057576
2460811.7506944444,1519.6310744826615,-3179.1947087319513,-4221.068390882709
2460811.751388889,1868.531557378755,-2851.2140714122615,-4314.319926298901
2460811.752083333,2202.73595637089,-2500.8262578781955,-4373.570971894349
2460811.7527777776,2519.623035224823,-2130.785972492405,-4398.3611147779375
2460811.753472222,2816.70646809015,-1743.9994242898365,-4388.49774480959
2460811.754166667,3091.6534501678034,-1343.5024215082824,-4344.057372900918
2460811.7548611113,3342.302257007087,-932.437593546878,-4265.385114420001
2460811.7555555557,3566.6786662525706,-514.0308479228762,-4153.09233664569
2460811.75625,3763.011154581248,-91.56716532225772,-4008.0524641639904
2460811.7569444445,3929.7447696767003,331.6341471791933,-3831.39493656308
2460811.757638889,4065.553578573399,752.2446308663777,-3624.4973091815014
2460811.7583333333,4169.351578116008,1166.9521333194855,-3388.975497164804
2460811.7590277777,4240.301955042036,1572.4864019392096,-3126.6721675511158
2460811.759722222,4277.824577556664,1965.64463945564,-2839.6433002024805
2460811.7604166665,4281.601603534703,2343.3168340448906,-2530.1429536965043
2460811.761111111,4251.581096080221,2702.510653086804,-2200.6062981631458
2460811.761805556,4187.9785496321765,3040.3756814766225,-1853.6309972154672
2460811.7625,4091.2762464402376,3354.226765731113,-1491.9570550645467
2460811.7631944446,3962.220385077279,3641.5662259561495,-1118.4452671951817
2460811.763888889,3801.815950342862,3900.1046894707356,-736.0544487133047
2460811.7645833334,3611.3193227730303,4127.780312038392,-347.8176344168957
2460811.765277778,3392.228660390354,4322.776159668145,43.18252545873654
2460811.765972222,3146.272119341752,4483.535545511849,433.8389324544862
2460811.7666666666,2875.394012689408,4608.775142037331,821.0455160910266
2460811.767361111,2581.739041602684,4697.495716957984,1201.7227521252794
2460811.7680555554,2267.6347595462266,4748.990378429785,1572.842959111896
2460811.76875,1935.5724587659543,4762.850250581791,1931.455108875672
2460811.769444444,1588.186686291215,4738.96754073293,2274.7089010216023
2460811.770138889,1228.2336094687637,4677.535997006306,2599.877868947209
2460811.7708333335,858.5684667260587,4579.0487922348575,2904.38129910878
2460811.771527778,482.12232770540504,4444.293901684339,3185.8047834319837
2460811.7722222223,101.8784013152671,4274.34707323667,3441.919235567867
2460811.7729166667,-279.15189663053394,4070.562508193444,3670.6982460957797
2460811.773611111,-657.9529018217105,3834.56139203037,3870.333666851292
2460811.7743055555,-1031.5284981226764,3568.2184219845085,4039.249349015324
2460811.775,-1396.9255737506012,3273.646487534297,4176.112977130338
2460811.7756944443,-1751.2569798803538,2953.17965892748,4279.84596358699
2460811.7763888887,-2091.7238504261045,2609.3546356131346,4349.63138231903
2460811.777083333,-2415.637153557597,2244.890803122505,4384.9199303052255
2460811.777777778,-2720.438357200094,1862.6690413154788,4385.433913138337
2460811.7784722224,-3003.7191037255216,1465.7094148939607,4351.169254433
2460811.779166667,-3263.239785844515,1057.1478806134035,4282.39552828836
2460811.779861111,-3496.9469207179905,640.2121412784171,4179.654015416567
2460811.7805555556,-3702.989220467312,218.19677327589542,4043.753781770855
2460811.78125,-3879.7322492684825,-205.5622340600127,3875.765779598411
2460811.7819444444,-4025.7715541975494,-627.7133791733767,3677.0149758058474
2460811.782638889,-4139.94415703416,-1044.915837530398,3449.070515595877
2460811.783333333,-4221.338286517999,-1453.865759544931,3193.733945071485
2460811.7840277776,-4269.3012367789115,-1851.3224942781098,2913.025525967945
2460811.784722222,-4283.445238591444,-2234.1345286806013,2609.1686998457253
2460811.785416667,-4263.651241806856,-2599.264923027607,2284.5727793645146
2460811.7861111113,-4210.070521108699,-2943.8160087922124,1941.8139710465869
2460811.7868055557,-4123.124036763602,-3265.0531077035216,1583.6148608505603
2460811.7875,-4003.499506622218,-3560.4270257604617,1212.8225238081834
2460811.7881944445,-3852.146174211257,-3827.5950805838697,832.385444939872
2460811.788888889,-3670.267289444344,-4064.4404291847213,445.32946433620754
2460811.7895833333,-3459.310352213004,-4269.089479432253,54.73298075842887
2460811.7902777777,-3220.9552028013613,-4439.927191487415,-336.2983361540931
2460811.790972222,-2957.100077814886,-4575.610102402382,-724.6570613724625
2460811.792361111,-2361.478130372151,-4737.556745644235,-1481.0708331854566
2460811.793055556,-2034.4489251904306,-4762.5743976269705,-1843.1297996723936
2460811.79375,-1691.3555734591894,-4749.953600597251,-2190.5724522350024
2460811.7944444446,-1334.9196781002454,-4699.817275297322,-2520.6549891682444
2460811.795138889,-967.9647725285377,-4612.585452440668,-2830.775326306689
2460811.7958333334,-593.3934449952175,-4488.970738312362,-3118.4932878073228
2460811.796527778,-214.16407470245525,-4329.971464481502,-3381.5492643219736
2460811.797222222,166.73260889068197,-4136.8626525881555,-3617.8812253320248
2460811.7979166666,546.296951652054,-3911.184936788459,-3825.640002695851
2460811.798611111,921.5436033966507,-3654.731597349719,-4003.202782426153
2460811.7993055554,1289.524391553786,-3369.5338598948633,-4149.184767895181
2460811.8,1647.3507023098946,-3057.8446099614985,-4262.448995389509
2460811.800694444,1992.2152405798445,-2722.120672628321,-4342.114292730731
2460811.801388889,2321.413065375023,-2365.0037910422966,-4387.561384989242
2460811.8020833335,2632.361800265441,-1989.3004346627022,-4398.437152224273
2460811.802777778,2922.6209338548533,-1597.9605519703766,-4374.657046651466
2460811.8034722223,3189.9101196173156,-1194.0553859170627,-4316.405673645781
2460811.8041666667,3432.12639781416,-780.754450103948,-4224.135537797259
2460811.804861111,3647.360246026956,-361.3017791018005,-4098.56395099395
2460811.8055555555,3833.910369900704,61.00844471793498,-3940.668095388253
2460811.80625,3990.2971308157594,482.8567653718124,-3751.6782352767423
2460811.8069444443,4115.274507015721,900.9237071585524,-3533.069070824776
2460811.8076388887,4207.840473117471,1311.915262355207,-3286.549235199038
2460811.808333333,4267.245681582399,1712.58845443724,-3014.048945945347
2460811.809027778,4293.000328207577,2099.776797315599,-2717.705838001381
2460811.8097222224,4284.879087956977,2470.4154564447335,-2399.849022877397
2460811.810416667,4242.924014729629,2821.565897462591,-2062.9814433788374
2460811.811111111,4167.445313341692,3150.4397914903175,-1709.7606226837086
2460811.8118055556,4059.019910596946,3454.4219439523977,-1342.9779280417051
2460811.8125,3918.487777109129,3731.091999482184,-965.5365071577556
2460811.8131944444,3746.9459783152815,3978.244686110641,-580.4280742426489
2460811.813888889,3545.7404662906088,4193.908362419816,-190.70875663454407
2460811.814583333,3316.455658196724,4376.361649553997,200.52576688262496
2460811.8152777776,3060.901877660759,4524.1479541240205,590.1655936403017
2460811.815972222,2781.1007753515314,4636.087708453753,975.1121236515792
2460811.816666667,2479.268871583571,4711.288193239011,1352.3035229661552
2460811.8173611113,2157.799392846137,4749.150840659195,1718.7398587702305
2460811.8180555557,1819.242600605717,4749.375953880201,2071.50764511838
2460811.81875,1466.2848240326393,4711.964818957822,2407.803557530712
2460811.8194444445,1101.7264251429626,4637.219221778392,2724.9570874791275
2460811.820138889,728.4589263168458,4525.738418222427,3020.451935725146
2460811.8208333333,349.4415337096553,4378.413636942898,3291.945965731571
2460811.8215277777,-32.32271503279597,4196.420221909658,3537.289566908585
2460811.822222222,-413.81096950918277,3981.2075385104745,3754.5423115081394
2460811.8229166665,-792.0045380902186,3734.4867895985044,3941.987803625198
2460811.823611111,-1163.9126363551575,3458.2168878240127,4098.14665847364
2460811.824305556,-1526.5957371210661,3154.588541458501,4221.787560283203
2460811.825,-1877.1883710445288,2826.0067074968724,4311.936370030163
2460811.8256944446,-2212.9212406042802,2475.0715627959576,4367.883266449565
2460811.826388889,-2531.1425251981295,2104.558136344854,4389.187913111491
2460811.8270833334,-2829.3382624358514,1717.3947416113597,4375.682648587654
2460811.827777778,-3105.1516971823958,1316.6403436121868,4327.473699789543
2460811.828472222,-3356.401496588649,905.4609876408329,4244.940418875419
2460811.8291666666,-3581.098726877143,487.1054180073955,4128.732542510376
2460811.829861111,-3777.4624829916415,64.88002315032992,3979.7654739113736
2460811.8305555554,-3943.934064306044,-357.87675911538173,3799.2135880026467
2460811.83125,-4079.189580128861,-777.8204236874913,3588.501565887122
2460811.831944444,-4182.150868350374,-1191.626606251904,3349.2937720133223
2460811.832638889,-4251.994607906706,-1596.017335501799,3083.481702105706
2460811.834027778,-4290.351479528976,-2363.8287815662425,2480.6579108889987
2460811.8347222223,-4258.546642956907,-2721.158430655842,2148.4258531346886
2460811.8354166667,-4192.992170810782,-3056.9399796692487,1799.1112330518815
2460811.836111111,-4094.2048251241363,-3368.508315587771,1435.4896387410918
2460811.8368055555,-3962.967203251041,-3653.391271238802,1060.4519859312672
2460811.8375,-3800.321673306044,-3909.330024062616,676.9810176681979
2460811.8381944443,-3607.5620293644542,-4134.297717654882,288.12691813458997
2460811.8388888887,-3386.22293051299,-4326.516094614171,-103.01771434540053
2460811.839583333,-3138.0672191987796,-4484.469959089857,-493.34328271503887
2460811.840277778,-2865.071251555918,-4606.9193126066875,-879.7487251963432
2460811.8409722224,-2569.4083953126533,-4692.909047190114,-1259.166908220998
2460811.841666667,-2253.4308853760717,-4741.776111042536,-1628.5896088695945
2460811.842361111,-1919.6502357033849,-4753.154106174559,-1985.0918453692373
2460811.8430555556,-1570.7164376451278,-4726.9753110133115,-2325.8553093427136
2460811.84375,-1209.3961629031728,-4663.470161880648,-2648.1906999465177
2460811.8444444444,-838.550210128239,-4563.164257431455,-2949.5587634575018
2460811.845138889,-461.11042060748963,-4426.872981471237,-3227.589882049949
2460811.845833333,-80.05627876145459,-4255.693860845521,-3480.102083484599
2460811.8465277776,301.6085907817319,-4050.9967959889273,-3705.117365190625
2460811.847222222,680.879847825936,-3814.412308415476,-3900.8762633771703
2460811.847916667,1054.7756039041997,-3547.8179615274303,-4065.8506111355155
2460811.8486111113,1420.3591870723726,-3253.323104442347,-4198.754459555183
2460811.8493055557,1774.7613643458265,-2933.252091622777,-4298.553144449369
2460811.85,2115.201908164784,-2590.126118041462,-4364.470497959735
2460811.8506944445,2439.0104014401595,-2226.6438038790848,-4395.9942082290545
2460811.851388889,2743.6461878774107,-1845.6606520136922,-4392.8793340355605
2460811.8520833333,3026.7173787142983,-1450.167495454494,-4355.149980713361
2460811.8527777777,3285.998834074502,-1043.2680400378563,-4283.099140929166
2460811.853472222,3519.4490309539333,-628.1556100926101,-4177.2866992354075
2460811.8541666665,3725.22572846744,-208.08920282450913,-4038.535596015461
2460811.854861111,3901.700334345939,213.63103724709953,-3867.9261440756295
2460811.855555556,4047.470871123608,633.6888076767759,-3666.788489369253
2460811.85625,4161.373429108671,1048.776962816166,-3436.693214434983
2460811.8569444446,4242.491992853977,1455.6230101373446,-3179.4400874226344
2460811.857638889,4290.166521703719,1851.0146209049672,-2897.0449733211085
2460811.8583333334,4303.999166275188,2231.824967665247,-2591.724942806379
2460811.859027778,4283.8585091948735,2595.0376884821517,-2265.881631833152
2460811.859722222,4229.881727728633,2937.771256323703,-1922.0829332062315
2460811.8604166666,4142.474592427306,3257.3025223306036,-1563.0431268985783
2460811.861111111,4022.3092370311188,3551.089191937582,-1191.6015861139524
2460811.8618055554,3870.3196600632045,3816.7909927637693,-810.7002222627711
2460811.8625,3687.694949636253,4052.289293033732,-423.3598642672496
2460811.863194444,3475.8702544341454,4255.704944464121,-32.6557872650873
2460811.863888889,3236.515558255724,4425.414138440669,358.30737125221003
2460811.8645833335,2971.5223511876957,4560.062087565014,746.4210525464287
2460811.865277778,2682.9883225409067,4658.574375640724,1128.5983125468538
2460811.8659722223,2373.2002296753944,4720.165852433872,1501.7991879642846
2460811.8666666667,2044.6151285866217,4744.346984699169,1863.0556245061591
2460811.867361111,1699.8401666325794,4730.927616328525,2209.495718510448
2460811.8680555555,1341.6111583147842,4680.018126313663,2538.3670318891027
2460811.86875,972.7701752870643,4592.028011443976,2847.058761455528
2460811.8694444443,596.2423812843094,4467.661954055146,3133.1225720848756
2460811.8701388887,215.01234393544973,4307.9134643811085,3394.291926351203
2460811.870833333,-167.89995185244825,4114.056212241424,3628.4997720868105
2460811.871527778,-549.4631794915803,3887.6331798636893,3833.8944797185
2460811.8722222224,-926.6586367047784,3630.4437814851863,4008.853944531417
2460811.872916667,-1296.5039209811807,3344.52910270327,4151.997793946517
2460811.873611111,-1656.076154366577,3032.1554117686196,4262.197661295992
2460811.8743055556,-2002.5346072419654,2695.7960975851456,4338.5855003172765
2460811.8756944444,-2645.2885031780775,1961.9315370621218,4387.790598321201
2460811.876388889,-2936.5059003290157,1570.2269768999452,4360.220581784702
2460811.877083333,-3204.4925152517867,1166.0932974550012,4298.066790940089
2460811.8777777776,-3447.128091680368,752.7234494935686,4201.818411551116
2460811.878472222,-3662.4909437724914,333.38394148196926,4072.2333632573323
2460811.879166667,-3848.8731298913062,-88.61038651491093,3910.3327805826384
2460811.8798611113,-4004.7941256996496,-509.9220720645557,3717.3935191940272
2460811.8805555557,-4129.012882009907,-927.2170711010738,3494.938695864241
2460811.88125,-4220.53814871148,-1337.1909631334847,3244.726279528955
2460811.8819444445,-4278.636944706175,-1736.5951329753289,2968.735767377627
2460811.882638889,-4302.8410594939505,-2122.2627276593385,2669.1529975622634
2460811.8833333333,-4292.951480218298,-2491.134172596725,2348.35317135113
2460811.8840277777,-4249.040650427564,-2840.2820177093886,2008.882182090705
2460811.884722222,-4171.452486180165,-3166.934867397303,1653.4363829258464
2460811.8854166665,-4060.800098292555,-3468.5001575071865,1284.8409415647614
2460811.886111111,-3917.9611979365277,-3742.5855298952465,906.0269703881966
2460811.886805556,-3744.0711928881165,-3987.0185735496034,520.0076357775929
2460811.8875,-3540.514017068646,-4199.864708399725,129.85348086035785
2460811.8881944446,-3308.910768596507,-4379.443014293432,-261.33279282527997
2460811.888888889,-3051.106266732345,-4524.339831319514,-650.4418230489935
2460811.8895833334,-2769.1536684130424,-4633.4199913497905,-1034.3830994059747
2460811.890277778,-2465.2973164434125,-4705.835574580591,-1410.1102221872761
2460811.890972222,-2141.954009284041,-4741.0321255252575,-1774.645654791081
2460811.8916666666,-1801.692911188983,-4738.752298209228,-2125.10471659702
2460811.892361111,-1447.2143192765675,-4699.03694190645,-2458.718600230612
2460811.8930555554,-1081.3275249593003,-4622.223670917556,-2772.856202420993
2460811.89375,-706.92799696333,-4508.942995698784,-3065.04459649591
2460811.894444444,-326.9741134635642,-4360.112119247275,-3332.9879965922914
2460811.895138889,55.536346050078016,-4176.926522410272,-3574.5850978788985
2460811.8958333335,437.5897437091183,-3960.849479981282,-3787.9446979980276
2460811.896527778,816.1799823563266,-3713.599655778868,-3971.399538369831
2460811.8972222223,1188.331595877997,-3437.136929364965,-4123.5183224402435
2460811.8979166667,1551.1223832152123,-3133.64660739263,-4243.1158866596925
2460811.898611111,1901.7054605543824,-2805.5221645179586,-4329.2615164407425
2460811.8993055555,2237.3306192494924,-2455.346651675839,-4381.2854071679885
2460811.9,2555.3648873481575,-2085.8729026975448,-4398.783275437482
2460811.9006944443,2853.3122064455933,-1700.002656225052,-4381.619128243992
2460811.9013888887,3128.832135089965,-1300.7647072273312,-4329.926194972076
2460811.902083333,3379.757495657063,-891.2921921298915,-4244.106024057496
2460811.902777778,3604.11087514282,-474.7991147703229,-4124.825741956983
2460811.9034722224,3800.1198884156997,-54.55621890030855,-3973.013468633728
2460811.904166667,3966.2311044867697,366.13367926175033,-3789.8518819674778
2460811.904861111,4101.122529135505,783.9607745174501,-3576.7699248364124
2460811.9055555556,4203.714530343507,1195.6336333432303,-3335.4326543076836
2460811.90625,4273.179088849157,1597.9046771152398,-3067.729241678519
2460811.9069444444,4308.9472543019765,1987.5956152410413,-2775.7591458923994
2460811.907638889,4310.714689574192,2361.6226334430144,-2461.8165041020443
2460811.908333333,4278.445194080994,2717.0211314286207,-2128.37280147738
2460811.9090277776,4212.37210837034,3050.9697820660817,-1778.0579131663628
2460811.909722222,4112.997521204843,3360.813677208169,-1413.6396370337773
2460811.910416667,3981.0892227578875,3644.0863193267555,-1038.0018640973487
2460811.9111111113,3817.675375911362,3898.5302153530984,-654.1215651398668
2460811.9118055557,3624.036907253501,4122.115839836584,-265.04479338291674
2460811.9125,3401.6976556407335,4313.058742207925,126.13806615558934
2460811.9131944445,3152.4123477705166,4469.834598776743,516.3175593979529
2460811.913888889,2878.152506567207,4591.192031762002,902.390677710965
2460811.9145833333,2581.09042947926,4676.16305061559,1281.2863594283112
2460811.9152777777,2263.5814031087793,4724.071005360502,1649.9907123641287
2460811.915972222,1928.1443474316904,4734.535979184338,2005.5716950876983
2460811.917361111,1214.2545478101663,4643.115183068614,2666.1869953567757
2460811.918055556,841.4658980651475,4541.965518025368,2965.976245295741
2460811.91875,462.0312193479942,4404.837916593953,3242.1938839498016
2460811.9194444446,78.95758442915358,4232.827075586392,3492.6522298081945
2460811.920138889,-304.72102621489984,4027.3036036537924,3715.3697890090266
2460811.9208333334,-685.9678344201433,3789.9024397422563,3908.5864577604825
2460811.921527778,-1061.7671978347857,3522.509299009194,4070.7768622395242
2460811.922222222,-1429.148194858756,3227.245297969358,4200.661785843538
2460811.9229166666,-1785.2077018248817,2906.4499135119995,4297.217649843248
2460811.923611111,-2127.1328245514815,2562.6624232453655,4359.684029816993
2460811.9243055554,-2452.2225520363027,2198.601975935566,4387.569197434818
2460811.925,-2757.908520792205,1817.1464258978285,4380.6536860544875
2460811.925694444,-3041.774777066134,1421.3100669040439,4338.991878674921
2460811.926388889,-3301.576431567431,1014.2203949433089,4262.911618980459
2460811.9270833335,-3535.257104421886,599.0940236065492,4153.011844465152
2460811.927777778,-3740.9650488282623,179.2118889773141,4010.1582419624833
2460811.9284722223,-3917.0678474979577,-242.10612684862366,3835.476924997399
2460811.9291666667,-4062.1655635697293,-661.527002062572,3630.3461385666897
2460811.929861111,-4175.102228770369,-1075.7306531381198,3396.3860037771524
2460811.9305555555,-4254.9755498154245,-1481.4361143520332,3135.4463234548384
2460811.93125,-4301.144711534524,-1875.4276170973546,2849.5924943605
2460811.9319444443,-4313.236167215769,-2254.5803755984516,2541.0895774920186
2460811.9326388887,-4291.147310259689,-2615.8858419419385,2212.3846190896434
2460811.933333333,-4235.047941683477,-2956.4762067671127,1866.0873251091975
2460811.934027778,-4145.379465989957,-3273.647896394073,1504.9492323717755
2460811.9347222224,-4022.8517743160537,-3564.8838253144354,1131.8415400421331
2460811.935416667,-3868.4378027582484,-3827.8741622092452,749.7317955895217
2460811.936111111,-3683.365786163643,-4060.535379371852,361.65965270732
2460811.9368055556,-3469.109263026042,-4261.027371102557,-29.288058401140887
2460811.9375,-3227.3749190748645,-4427.768453593486,-420.0026980765478
2460811.9381944444,-2960.0883926217844,-4559.448083619584,-807.3793559167148
2460811.938888889,-2669.37819598119,-4655.037168584167,-1188.3422931905884
2460811.939583333,-2357.5579299469755,-4713.795878767907,-1559.8700300030685
2460811.9402777776,-2027.1069966086534,-4735.278907655955,-1919.0198186471075
2460811.940972222,-1680.6500256505715,-4719.338167784698,-2262.951269350826
2460811.941666667,-1320.9352442103927,-4666.12294471689,-2588.9489087860547
2460811.9423611113,-950.8120210312661,-4576.0775667645585,-2894.4434804387
2460811.9430555557,-573.2078146408355,-4449.9366775351355,-3177.031821782017
2460811.94375,-191.1047473396257,-4288.718223132257,-3434.495182353651
2460811.9444444445,192.48398391358685,-4093.714285523296,-3664.8158746818203
2460811.945138889,574.5376682198803,-3866.4799049223616,-3866.1921800979876
2460811.9458333333,952.0514344036355,-3608.8200429314606,-4037.051452651909
2460811.9465277777,1322.0592432487927,-3322.7748370770155,-4176.061388923325
2460811.947222222,1681.656375837819,-3010.603298255003,-4282.139444990242
2460811.9479166665,2028.021299661773,-2674.7655915598043,-4354.460397737888
2460811.948611111,2358.4368043061704,-2317.9040343193105,-4392.462052771408
2460811.949305556,2670.3103069866947,-1942.8229393370448,-4395.849105111487
2460811.95,2961.1932435787603,-1552.4674144411513,-4364.595160330918
2460811.9506944446,3228.799455628879,-1149.9012306431225,-4298.942919345808
2460811.951388889,3471.022488584441,-738.2838623101886,-4199.402527198984
2460811.9520833334,3685.951710244099,-320.8468059680694,-4066.748082243017
2460811.952777778,3871.8871562389945,99.13071804874181,-3902.012297670084
2460811.953472222,4027.3529955278573,518.346556511647,-3706.479310308096
2460811.9541666666,4151.109510692211,933.5007875303255,-3481.675629029311
2460811.954861111,4242.163472603941,1341.3211048163223,-3229.359228558483
2460811.9555555554,4299.776792347183,1738.5882658803753,-2951.5068006418205
2460811.95625,4323.473329458717,2122.161421763874,-2650.299193366008
2460811.956944444,4313.043740829122,2489.0031292485837,-2328.1050894675736
2460811.957638889,4268.548264270743,2836.203828205462,-1987.4630003393763
2460811.959027778,4078.950033098441,3460.824681189273,-1261.719047608886
2460811.9597222223,3935.3101078761133,3733.2733343020536,-882.3599206238883
2460811.9604166667,3760.5199070305976,3976.1794375822274,-495.9925007228062
2460811.961111111,3555.9518817744124,4187.604956510302,-105.68407614142323
2460811.9618055555,3323.217921535758,4365.862249468972,285.46398051177016
2460811.9625,3064.156536919284,4509.52828860699,674.341609933921
2460811.9631944443,2780.8180157478046,4617.456595316396,1057.855610650201
2460811.9638888887,2475.4477021173248,4688.786756599326,1432.9550616217218
2460811.964583333,2150.467576937697,4722.951426291094,1796.6563566763482
2460811.965277778,1808.4563370483088,4719.6807542628785,2146.067598387052
2460811.9659722224,1452.12819303252,4679.004223457935,2478.4121062450063
2460811.966666667,1084.3106119608997,4601.249913058229,2791.0508200622485
2460811.967361111,707.9212396857803,4487.041239783022,3081.503399337995
2460811.9680555556,325.9442346070155,4337.291259830672,3347.4678479479962
2460811.96875,-58.593760060081394,4153.194639583536,3586.8385203636713
2460811.9694444444,-442.6477906031577,3936.217422620592,3797.7223948420124
2460811.970138889,-823.1787115613208,3688.0847350321656,3978.4535247960184
2460811.970833333,-1197.17706622472,3410.766577354017,4127.6056054420715
2460811.9715277776,-1561.6865566724864,3106.4618587621326,4244.002610306022
2460811.972222222,-1913.8269584146246,2777.58082103164,4326.72747376129
2460811.972916667,-2250.816338938754,2426.7260026867502,4375.12880295237
2460811.9736111113,-2569.9924571460624,2056.671885611341,4388.825613900209
2460811.9743055557,-2868.8332337873812,1670.343355260943,4367.710090659823
2460811.975,-3144.976179990492,1270.7931096492764,4311.948366606979
2460811.9756944445,-3396.236680793757,861.1781424649491,4221.9793284890275
2460811.976388889,-3620.625027585298,444.7354277063165,4098.511442268025
2460811.9770833333,-3816.3620893473817,24.756939369584945,3942.5176007134123
2460811.9777777777,-3981.893510922511,-395.4358564027669,3755.227994182573
2460811.978472222,-4115.902320012493,-812.5178841365628,3538.1210123039787
2460811.9791666665,-4217.319823176238,-1223.1865522645653,3292.912193197765
2460811.979861111,-4285.334670796627,-1624.1878794239426,3021.5412478320586
2460811.980555556,-4319.399971160662,-2012.3424487592395,2726.157211318396
2460811.98125,-4319.238345364622,-2384.570984657152,2409.101785764673
2460811.9819444446,-4284.844823493537,-2737.9193185785925,2072.8909723681877
2460811.982638889,-4216.487501869155,-3069.582509623652,1720.1951115341483
2460811.9833333334,-4114.705903254586,-3376.927873126031,1353.8174832161387
2460811.984027778,-3980.3070096155197,-3657.5166747459084,976.6716446552524
2460811.984722222,-3814.3589657237508,-3909.124255523113,591.7577052577591
2460811.9854166666,-3618.182489733462,-4129.7583569453645,202.13777397866997
2460811.986111111,-3393.3400552685894,-4317.675448675537,-189.08918508762582
2460811.9868055554,-3141.622949608331,-4471.394874554799,-578.8128233449399
2460811.9875,-2865.0363417397557,-4589.71067082176,-963.9369418084717
2460811.988194444,-2565.7825237561715,-4671.700942937453,-1341.404823111065
2460811.988888889,-2246.2425165172235,-4716.734724246357,-1708.2240989296133
2460811.9895833335,-1908.9562464365506,-4724.476279930874,-2061.4909080575876
2460811.990277778,-1556.601517588258,-4694.886856037871,-2398.413113246057
2460811.9909722223,-1191.9720103304464,-4628.223910487039,-2716.3323690927573
2460811.9916666667,-817.954536986355,-4525.037895203669,-3012.744861211066
2460811.992361111,-437.50578257661476,-4386.166686119113,-3285.320562912747
2460811.9930555555,-53.62874887741318,-4212.7277805378,-3531.920885089574
2460811.99375,330.6508931329711,-4006.1083983766634,-3750.6146232167425
2460811.9944444443,712.3083570329258,-3767.953632822176,-3939.6921336529676
2460811.9951388887,1088.3430310336548,-3500.1528013948937,-4097.677692424788
2460811.995833333,1455.8013500258164,-3204.8241513396897,-4223.340008609211
2460811.996527778,1811.799126808034,-2884.2980589525287,-4315.700885093161
2460811.9972222224,2153.5432136696368,-2541.098870826646,-4374.042020763238
2460811.997916667,2478.35240437175,-2177.925506066216,-4397.909963647172
2460811.998611111,2783.6774700862593,-1797.6309513914478,-4387.119218631667
2460811.9993055556,3067.1202530036994,-1403.2007499413337,-4341.753517726693
2460812.0006944444,3559.628908096155,-584.4031639185323,-4148.973079889586
2460812.001388889,3764.8106268383176,-166.46418502741133,-4003.057658370885
2460812.002083333,3940.371883827354,252.80195676013312,-3825.555570232164
2460812.0027777776,4084.9168640132552,670.0971533665814,-3617.851359192095
2460812.003472222,4197.290385147647,1082.134788397683,-3381.567721180815
2460812.004166667,4276.587700534254,1485.6651276242733,-3118.5538402206284
2460812.0048611113,4322.162528289108,1877.5007078550796,-2830.8718921511813
2460812.0055555557,4333.633187611793,2254.5415353537246,-2520.781755493591
2460812.00625,4310.886729132481,2613.7998918779676,-2190.723987102298
2460812.0069444445,4254.080956841348,2952.424522491576,-1843.3011517473865
2460812.007638889,4163.644257037257,3267.7239749088963,-1481.2576171903293
2460812.0083333333,4040.273170934268,3557.1888492570065,-1107.4579574359707
2460812.0090277777,3884.9276751438683,3818.512714886048,-724.8641370209119
2460812.009722222,3698.824164790224,4049.6114579351506,-336.51167432114215
2460812.0104166665,3483.4261666890197,4248.64083497246,54.514994774814
2460812.011111111,3240.4328450571743,4414.012025175808,445.1077104176175
2460812.011805556,2971.765398170187,4544.404997876434,832.1600812866438
2460812.0125,2679.551475308024,4638.779544317582,1212.5930134471064
2460812.0131944446,2366.1077740853425,4696.383854884425,1583.3800090861214
2460812.013888889,2033.921007288845,4716.760559900595,1941.5719702110966
2460812.0145833334,1685.6274427908263,4699.750192111553,2284.3212614748472
2460812.015277778,1323.9912431097755,4645.492064998647,2608.9047932332046
2460812.015972222,951.8818333148907,4554.422598731149,2912.745915658541
2460812.0166666666,572.2505328072672,4427.271157750847,3193.434935071563
2460812.017361111,188.10668050139665,4265.05349214519,3448.7480938450954
2460812.0180555554,-197.50652041411206,4069.0628996600044,3676.664879910493
2460812.01875,-581.5362318142331,3840.8592399873446,3875.383565182518
2460812.019444444,-960.9440846307918,3582.2559475291973,4043.334892130843
2460812.020138889,-1332.7299823501828,3295.3051915873775,4179.193855474804
2460812.0208333335,-1693.9554384411972,2982.281338596537,4281.889541104745
2460812.021527778,-2041.7663075972314,2645.6628622530466,4350.6130033496
2460812.0222222223,-2373.4147740437747,2288.112850518038,4384.823168107361
2460812.0229166667,-2686.280482821035,1912.4582431074853,4384.250759565969
2460812.023611111,-2977.890696885775,1521.6679374262121,4348.90024877877
2460812.0243055555,-3245.939377879743,1118.8298859513777,4279.049824796615
2460812.025,-3488.3050801741556,707.1273168236164,4175.249387875682
2460812.0256944443,-3703.067553314368,289.814202872727,4038.3165641273936
2460812.0263888887,-3888.5229404270503,-129.8098853123092,3869.330741956132
2460812.027083333,-4043.1974579537764,-548.4254008566973,3669.6251333206783
2460812.027777778,-4165.859435724855,-962.7187572374003,3440.7768718398042
2460812.0284722224,-4255.529598068502,-1369.4084149981516,3184.5951666657866
2460812.029166667,-4311.489462681793,-1765.2709249390773,2903.107551774283
2460812.029861111,-4333.287742806521,-2147.1667303813542,2598.5442830922584
2460812.0305555556,-4320.744644211591,-2512.065502889014,2273.3209666019475
2460812.03125,-4273.9539651346195,-2857.070785725501,1930.019518117122
2460812.0319444444,-4193.282925843596,-3179.443697808114,1571.367593086758
2460812.032638889,-4079.369679085721,-3476.6254604305263,1200.2166419675318
2460812.033333333,-3933.118481681373,-3746.258500113833,819.5187839977787
2460812.0340277776,-3755.692540421607,-3986.205895401136,432.3027133597259
2460812.034722222,-3548.5045770889296,-4194.568953109964,41.64886873200929
2460812.035416667,-3313.2051951335125,-4369.702715392307,-349.3358779596783
2460812.0361111113,-3051.6691617920505,-4510.229231964551,-737.5437543026386
2460812.0368055557,-2765.979754375643,-4615.048460792575,-1119.8915714723628
2460812.0375,-2458.41134209037,-4683.346700203453,-1493.3459002787051
2460812.0381944445,-2131.410403793642,-4714.602489304067,-1854.947679006777
2460812.038888889,-1787.5751965598001,-4708.589954914322,-2201.836013272885
2460812.0395833333,-1429.634300339448,-4665.379619534853,-2531.2709482874543
2460812.0402777777,-1060.4242741758756,-4585.336719623589,-2840.6550130302053
2460812.040972222,-682.8666512945374,-4469.117114253019,-3127.5533703906867
2460812.042361111,85.32123308808936,-4132.183788253595,-3625.0768067788517
2460812.043055556,469.8954102297412,-3914.1665953470065,-3831.8045572076676
2460812.04375,850.7522228444757,-3665.342642169965,-4008.2806076282595
2460812.0444444446,1224.8983969374585,-3387.683566785444,-4153.128362141626
2460812.045138889,1589.3959335355607,-3083.3834863294114,-4265.2194565912
2460812.0458333334,1941.3842595803594,-2754.841722140238,-4343.681656246384
2460812.046527778,2278.101676602842,-2404.6442140967706,-4387.904898554198
2460812.047222222,2596.906011716446,-2035.5437459036434,-4397.545488099923
2460812.0479166666,2895.294374973437,-1650.4391018812387,-4372.528449405793
2460812.048611111,3170.92193834056,-1252.3532623859562,-4313.048043009478
2460812.0493055554,3421.6196488878413,-844.4107428152058,-4219.566445467124
2460812.05,3645.410786381794,-429.8141794754762,-4092.8105897965456
2460812.050694444,3840.5262688660673,-11.820270625477969,-3933.767160251221
2460812.051388889,4005.4186049306877,406.28481535911953,-3743.6757333645364
2460812.0520833335,4138.77438119325,821.2104363153646,-3524.020060954573
2460812.052777778,4239.525170014893,1229.6867402737275,-3276.517494684721
2460812.0534722223,4306.856735266839,1628.4900366741717,-3003.1065649671905
2460812.0541666667,4340.216414917404,2014.4681003009575,-2705.9327405251547
2460812.054861111,4339.318561591667,2384.565211626138,-2387.3324165187164
2460812.0555555555,4304.147931059577,2735.84672402216,-2049.8151999319703
2460812.05625,4234.9609214527645,3065.5229296238363,-1696.0445904038618
2460812.0569444443,4132.284586072209,3370.9719862968304,-1328.8171833743286
2460812.0576388887,3996.9133659432696,3649.7616666113645,-951.0405476289839
2460812.058333333,3829.9035169961912,3899.6696863659276,-565.7099614137452
2460812.059027778,3632.5652396719115,4118.702378810276,-175.88421738841367
2460812.0597222224,3406.4525501992284,4305.111498527398,215.33927675103803
2460812.060416667,3153.350972107344,4457.40895338283,604.8498475812429
2460812.061111111,2875.263156486014,4574.379296231701,989.5490989380115
2460812.0618055556,2574.392573787263,4655.089835747888,1366.3763810885152
2460812.0625,2253.1254505215957,4698.898261810115,1732.3339182746283
2460812.0631944444,1914.0111425972138,4705.457720152478,2084.5113415374585
2460812.063888889,1559.7411641135952,4674.719306803164,2420.1093765880614
2460812.064583333,1193.1270950768849,4606.931992383377,2736.4624654164563
2460812.0652777776,817.0776040088662,4502.6400201833485,3031.060116418129
2460812.065972222,434.5748173380991,4362.677853218806,3301.566808737968
2460812.066666667,48.65026718488862,4188.162772742392,3545.8403003070944
2460812.0673611113,-337.6393682652859,3980.485249144149,3761.9482228807788
2460812.0680555557,-721.2365192799901,3741.297225855827,3948.182866374757
2460812.06875,-1099.106793175794,3472.4984592702126,4103.07408968328
2460812.0694444445,-1468.262676077403,3176.2210702971283,4225.400306383348
2460812.070138889,-1825.7867210806367,2854.812452836722,4314.197520179796
2460812.0708333333,-2168.85407460271,2510.8166921475663,4368.76639042783
2460812.0715277777,-2494.7542211998984,2146.954629427183,4388.677323061653
2460812.072222222,-2800.9118255146086,1766.1027119473715,4373.773583261011
2460812.0729166665,-3084.906564564678,1371.2707557051272,4324.172430308683
2460812.073611111,-3344.4918401195346,965.578751304614,4240.264274588128
2460812.074305556,-3577.6122672177385,552.232836027579,4122.709856210907
2460812.075,-3782.419827618066,134.50056365007381,3972.435444547174
2460812.0756944446,-3957.288574416713,-284.3143903536723,3790.626060441848
2460812.076388889,-4100.827771293383,-700.8979436748627,3578.716726060141
2460812.0770833334,-4211.893342852696,-1111.9515758347968,3338.381759024361
2460812.077777778,-4289.5975164256615,-1514.2183817055784,3071.5221341535002
2460812.078472222,-4333.3165316167715,-1904.509006520783,2780.2509619810535
2460812.0791666666,-4342.696306205183,-2279.727262339776,2466.877143450891
2460812.079861111,-4317.6559536902405,-2636.8951924250664,2133.887296274601
2460812.0805555554,-4258.389067177671,-2973.177355666159,1783.9260637198663
2460812.08125,-4165.3627043260885,-3285.9040825742263,1419.7749549977714
2460812.081944444,-4039.3140357946418,-3572.593460901377,1044.329889120218
2460812.082638889,-3881.2446477178582,-3830.9718147121694,660.5776377143802
2460812.084027778,-3474.321778939595,-4254.852415198408,-119.59426978602288
2460812.0847222223,-3228.71019582154,-4417.007235421889,-509.80888029652925
2460812.0854166667,-2957.534765379226,-4544.183219559016,-895.9715707493622
2460812.086111111,-2662.955317551222,-4635.387464566496,-1275.0164910902727
2460812.0868055555,-2347.3164662975196,-4689.915326706947,-1643.9377803437287
2460812.0875,-2013.1280662415306,-4707.355359995566,-1999.8138700244706
2460812.0881944443,-1663.0443970134954,-4687.591709026589,-2339.830890089104
2460812.0888888887,-1299.8423116282197,-4630.8039830343105,-2661.304958059453
2460812.089583333,-926.3985766367324,-4537.464673305026,-2961.703170812405
2460812.090277778,-545.6666373416404,-4408.334204195964,-3238.663137030908
2460812.0909722224,-160.65302668576336,-4244.453731442215,-3490.01092344119
2460812.091666667,225.60637176404444,-4047.135819923253,-3713.7773124273876
2460812.092361111,610.070017534261,-3817.9531430491716,-3908.2122991626234
2460812.0930555556,989.7141851377667,-3558.7253552724915,-4071.7977757553476
2460812.09375,1361.5560658047298,-3271.5042838765544,-4203.2583765359195
2460812.0944444444,1722.676354688292,-2958.5575907280927,-4301.570467020539
2460812.095138889,2070.241210169234,-2622.351038779604,-4365.969277331898
2460812.095833333,2401.5234748311764,-2265.5294961450254,-4395.954182403374
2460812.0965277776,2713.923061575737,-1890.896799999617,-4391.292136431956
2460812.097222222,3004.986418754571,-1501.394589257848,-4352.019268119979
2460812.097916667,3272.4249827969156,-1100.0802170981513,-4278.440639397653
2460812.0986111113,3514.132532969519,-690.103843591145,-4171.128167040133
2460812.0993055557,3728.2013545328205,-274.68481379937344,-4030.916702246976
2460812.1,3912.9371116877223,142.91256998923402,-3858.8982609884906
2460812.1006944445,4066.872324007623,559.4037638318729,-3656.4143981625634
2460812.101388889,4188.778333086157,971.509055456641,-3425.0467219765524
2460812.1020833333,4277.67563946281,1375.9788470942342,-3166.6055541571072
2460812.1027777777,4332.8424881594065,1769.6189860470133,-2883.1167518812576
2460812.103472222,4353.821579818211,2149.3159556173964,-2576.806728508671
2460812.1041666665,4340.424791682986,2512.061728784248,-2250.0857268704763
2460812.104861111,4292.735801308099,2854.978064743206,-1905.5294272781146
2460812.105555556,4211.110522833698,3175.340016431173,-1545.8590003073507
2460812.10625,4096.17528599141,3470.5984132118997,-1173.9197386370429
2460812.1069444446,3948.8227153471926,3738.401072086767,-792.6584393665946
2460812.107638889,3770.205294927374,3976.6125044025907,-405.09972448105276
2460812.1083333334,3561.7266405214664,4183.331884049582,-14.321525553378011
2460812.109027778,3325.0305313889635,4356.909071458448,376.57003593378545
2460812.109722222,3061.987793200055,4495.958501376317,764.466112482531
2460812.1104166666,2774.681154438396,4599.370777090396,1146.2806776027473
2460812.111111111,2465.388230616841,4666.321844663375,1518.9758888834651
2460812.1118055554,2136.562818684658,4696.279657276192,1879.5870028823322
2460812.1125,1790.8147055888548,4689.008278486234,2225.2465888524316
2460812.113194444,1430.888208034092,4644.569410628311,2553.2078070351863
2460812.113888889,1059.6396815304925,4563.321371458455,2860.866527423937
2460812.1145833335,680.0142237129193,4445.915575281816,3145.7821066696797
2460812.115277778,295.02181394783014,4293.290605182055,3405.6966496650234
2460812.1159722223,-92.28689312176459,4106.663984718129,3638.5526260214524
2460812.1166666667,-478.84489632996207,3887.52178097737,3842.5087260370838
2460812.117361111,-861.5931109682388,3637.6061754531233,4015.953881403828
2460812.1180555555,-1237.5043720578155,3358.9011559351084,4157.519384876044
2460812.11875,-1603.6070184949106,3053.6164772189945,4266.089074056992
2460812.1194444443,-1957.0079074549728,2724.1700395552675,4340.807554801133
2460812.1201388887,-2294.91472247565,2373.1688307544255,4381.08645171612
2460812.120833333,-2614.657453588084,2003.3885699569491,4386.608681759835
2460812.121527778,-2913.7089375066303,1617.752183010102,4357.330749759379
2460812.1222222224,-3189.704344069065,1219.3072428325213,4293.483065658103
2460812.122916667,-3440.459506972855,811.2024946108678,4195.568283437679
2460812.123611111,-3663.987985741273,396.66359867041876,4064.3576613696277
2460812.1243055556,-3858.516750655277,-21.031781777642067,3900.8854430939814
2460812.1256944444,-4154.6335998118175,-852.6742392790276,3482.560581310186
2460812.126388889,-4253.8621927088125,-1260.0364365423359,3231.013179132613
2460812.127083333,-4319.391903641682,-1657.437327878178,2953.7897290182004
2460812.1277777776,-4350.695472769226,-2041.7252235916826,2653.086509594449
2460812.128472222,-4347.517533697988,-2409.8508077898496,2331.288332479857
2460812.129166667,-4309.877330587397,-2758.8919012041724,1990.949781059487
2460812.1298611113,-4238.069166830337,-3086.0773504283147,1634.7748906614881
2460812.1305555557,-4132.660530580377,-3388.809798654718,1265.5954284002785
2460812.13125,-3994.487869318352,-3664.687099032296,886.3479530890033
2460812.1319444445,-3824.6500183093026,-3911.52213219357,500.04986827286746
2460812.132638889,-3624.4993209830504,-4127.360808885819,109.77469816845864
2460812.1333333333,-3395.6305147270828,-4310.498056630487,-281.3731635538994
2460812.1340277777,-3139.8674893638286,-4459.491616950315,-670.2839719956495
2460812.134722222,-2859.2480592082643,-4573.173510072826,-1053.8681484187084
2460812.1354166665,-2556.0069166441203,-4650.6590607691305,-1429.0815333093835
2460812.136111111,-2232.5569621206796,-4691.3534149013,-1792.9501152504301
2460812.136805556,-1891.46922145815,-4694.95551594749,-2142.5939936581613
2460812.1375,-1535.4515788100277,-4661.459547333822,-2475.250347118982
2460812.1381944446,-1167.3265529549644,-4591.15388225502,-2788.295210522709
2460812.138888889,-790.0083543339151,-4484.617613737773,-3079.263881035799
2460812.1395833334,-406.47944750134684,-4342.714765125387,-3345.86980956489
2460812.140277778,-19.766834698235346,-4166.586301133038,-3586.021860856652
2460812.140972222,367.081733418405,-3957.6400769141283,-3797.839850397641
2460812.1416666666,751.0214375804654,-3717.538869863142,-3979.6682970634224
2460812.142361111,1129.0337922405272,-3448.186643718267,-4130.088349617205
2460812.1430555554,1498.1496217087652,-3151.713193744689,-4247.927864534364
2460812.14375,1855.4714830817613,-2830.457313439162,-4332.269627867005
2460812.144444444,2198.1954149782237,-2486.948622802063,-4382.457719953966
2460812.145138889,2523.6319168663545,-2123.888178692558,-4398.102031195224
2460812.1458333335,2829.2260604234634,-1744.1279882610897,-4379.080934146051
2460812.146527778,3112.5766457220666,-1350.649534027039,-4325.542117829323
2460812.1472222223,3371.454315466777,-946.5414135620344,-4237.9015855336365
2460812.1479166667,3603.8185341494986,-534.9762007859355,-4116.840814185664
2460812.148611111,3807.8333419318833,-119.18662592035945,-3963.30206754259
2460812.1493055555,3981.8817742506276,297.5588037924835,-3778.481857976594
2460812.15,4124.578842381295,711.9806282198734,-3563.822549286811
2460812.1506944443,4234.782956221087,1120.8135644974043,-3321.002100157912
2460812.1513888887,4311.605667084154,1520.8317882136203,-3051.921958745602
2460812.152083333,4354.419607799345,1908.8741962438096,-2758.693131239396
2460812.152777778,4362.8645082047,2281.8694592859065,-2443.6204681322097
2460812.1534722224,4336.851172155008,2636.8606553429454,-2109.1852350649915
2460812.154166667,4276.563314549629,2971.0292632713185,-1758.0260585579906
2460812.154861111,4182.45717468817,3281.718278944484,-1392.9183695977445
2460812.1555555556,4055.258846003704,3566.454214563779,-1016.752493911952
2460812.15625,3895.959289270367,3822.967740633685,-632.5105660250348
2460812.1569444444,3705.807028738299,4049.2127340782126,-243.24247334420392
2460812.157638889,3486.29856419321,4243.383511152048,147.95894286417365
2460812.158333333,3239.166567858415,4403.930041967258,537.9831823312875
2460812.1590277776,2966.3659667111197,4529.570971163388,923.727621326111
2460812.159722222,2670.0580497231463,4619.304295147,1302.1230167924712
2460812.160416667,2352.5927635420303,4672.415586319791,1670.158717309081
2460812.1611111113,2016.4893876230308,4688.483688728893,2024.9073205747334
2460812.1618055557,1664.4158011543705,4667.3838480654695,2363.5485286512567
2460812.1625,1299.1665675336494,4609.288277307247,2683.3919716451474
2460812.1631944445,923.6400673125555,4514.664194053301,2981.8987951918552
2460812.163888889,540.8149181101442,4384.269398039908,3256.7018274912566
2460812.1645833333,153.72590883973328,4219.145483823071,3505.6241759420586
2460812.1652777777,-234.56032639750435,4020.6088067963583,3726.6961257738462
2460812.165972222,-620.9696882650373,3790.239335321304,3918.1702452011414
2460812.167361111,-1375.9691768674127,3241.5594272514877,4206.524191297791
2460812.168055556,-1738.5901734198249,2927.599988762927,4301.130096679145
2460812.16875,-2087.442301459897,2590.4750122746877,4361.607107774339
2460812.1694444446,-2419.7690532308175,2232.8515957799054,4387.479045349758
2460812.170138889,-2732.944152684991,1857.557378923965,4378.5422352681635
2460812.1708333334,-3024.491772839734,1467.5586645983133,4334.8669826360965
2460812.171527778,-3292.1056629105287,1065.9375488854976,4256.79706786282
2460812.172222222,-3533.6670764020496,655.8681853326707,4144.947263819086
2460812.1729166666,-3747.2613893510666,240.59231254653534,4000.1988736809944
2460812.173611111,-3931.193295202042,-176.6058211304656,3823.6932903219513
2460812.1743055554,-4084.00045786163,-592.4249918413966,3616.8235820424234
2460812.175,-4204.465500735523,-1003.5728370674692,3381.2241164590205
2460812.175694444,-4291.626205715231,-1406.791816424133,3118.7582502963137
2460812.176388889,-4344.783802385443,-1798.8851160983531,2831.5041210535724
2460812.1770833335,-4363.509226985789,-2176.742281874137,2521.738606461842
2460812.177777778,-4347.647245601268,-2537.364364481667,2191.9195343077176
2460812.1784722223,-4297.318349264123,-2877.8883427023748,1844.6662548698184
2460812.1791666667,-4212.918350048397,-3195.610582234239,1482.7387165818516
2460812.179861111,-4095.1156331708175,-3488.0090866116925,1109.0152133719068
2460812.1805555555,-3944.846048832482,-3752.764301838811,726.4689964628558
2460812.18125,-3763.3054616175536,-3987.778241900667,338.1439729266508
2460812.1819444443,-3551.940008939966,-4191.191723414935,-52.870271238261495
2460812.1826388887,-3312.4341561423307,-4361.399517971253,-443.4638671085191
2460812.183333333,-3046.696667576257,-4497.063261666651,-830.5322165739019
2460812.184027778,-2756.8446472051087,-4597.121991316047,-1211.001434017059
2460812.1847222224,-2445.185827645593,-4660.800215661498,-1581.853414278236
2460812.185416667,-2114.1993092938483,-4687.613466871095,-1940.1502742592818
2460812.186111111,-1766.514967966729,-4677.371315531437,-2283.057931331628
2460812.1868055556,-1404.8917618268367,-4630.177869266715,-2607.8686011113145
2460812.1875,-1032.1951695338626,-4546.429809368004,-2912.022025557881
2460812.1881944444,-651.373991149202,-4426.8120488843915,-3193.125267942191
2460812.188888889,-265.43673551162755,-4272.291120190196,-3448.9709405054173
2460812.189583333,122.57219243180964,-4084.1064196809607,-3677.553758226358
2460812.1902777776,509.59630805547306,-3863.7594501529547,-3877.0853410507084
2460812.190972222,892.5906934187973,-3613.0012051879944,-4046.0072133200288
2460812.191666667,1268.5453058055043,-3333.8178483429956,-4183.001963148039
2460812.1923611113,1634.5078147982526,-3028.41482905153,-4287.0025499488065
2460812.1930555557,1987.6058395103842,-2699.199576869814,-4357.1997537942125
2460812.19375,2325.0684773123126,-2348.762904582652,-4393.047770790888
2460812.1944444445,2644.2470251590807,-1979.8592421444614,-4394.267961210773
2460812.195138889,2942.634802627524,-1595.3858138898452,-4360.85075684934
2460812.1958333333,3217.885986505668,-1198.3608677212765,-4293.05573142081
2460812.1965277777,3467.833371061014,-791.9010552893462,-4191.409833458512
2460812.197222222,3690.5049570540027,-379.19807189741175,-4056.703778248669
2460812.1979166665,3884.1392750701903,36.50534271375906,-3889.9865910969943
2460812.198611111,4047.1993345406017,451.9399239431024,-3692.5582951632655
2460812.199305556,4178.385086243256,863.8347975999479,-3465.9607387456044
2460812.2,4276.644276791811,1268.9426440875263,-3211.9665670352024
2460812.2006944446,4341.1815732930345,1664.0649555301434,-2932.5663514280345
2460812.201388889,4371.465833114899,2046.0772060376996,-2629.953907450652
2460812.2020833334,4367.235398397637,2411.9537332217296,-2306.509856790806
2460812.202777778,4328.50130587977,2758.792122077297,-1964.7835065261527
2460812.203472222,4255.5483154930635,3083.836860210996,-1607.4731512280025
2460812.2041666666,4148.933682463389,3384.5020268485464,-1237.4049309990824
2460812.204861111,4009.4836227721653,3658.3927745458604,-857.5104069320616
2460812.2055555554,3838.2874505816376,3903.325365157478,-470.80304208515156
2460812.20625,3636.68940065045,4117.345527184365,-80.35380576477712
2460812.206944444,3406.278181072374,4298.74492210262,310.73386659390627
2460812.207638889,3148.874339696438,4446.0755242385485,699.3495022538334
2460812.209027778,2561.4400306135285,4634.110203321067,1456.8407902232802
2460812.2097222223,2236.0680800166742,4673.316936853393,1819.689362554378
2460812.2104166667,1892.982250420788,4675.472174682295,2168.0611063608308
2460812.211111111,1534.9060543864578,4640.562468682326,2499.1870229072074
2460812.2118055555,1164.6816299198726,4568.87030710619,2810.4372075697634
2460812.2125,785.2465307766729,4460.971222999539,3099.3418688146558
2460812.2131944443,399.60988948542376,4317.728481999016,3363.6108592912096
2460812.2138888887,10.828180063846643,4140.285454239024,3601.1515793862113
2460812.214583333,-378.01920538330023,3930.055792413171,3810.0851418531474
2460812.215277778,-763.8543541700249,3688.7115574399963,3988.760705654961
2460812.2159722224,-1143.6250283290199,3418.169432428459,4135.767923002989
2460812.216666667,-1514.328476378392,3120.575179853578,4249.947451408768
2460812.217361111,-1873.0347172886377,2798.286484607297,4330.399509716862
2460812.2180555556,-2216.90915209915,2453.8543308391136,4376.490461700874
2460812.21875,-2543.2343809569625,2090.0030482900174,4387.857422848102
2460812.2194444444,-2849.431105702444,1709.6091638131634,4364.4108883353565
2460812.220138889,-3133.0780115763673,1315.679181158381,4306.33538262862
2460812.220833333,-3391.9305153174487,911.3264184858562,4214.088130150465
2460812.2215277776,-3623.938271887498,499.74702828779243,4088.395747059677
2460812.222222222,-3827.261328980738,84.19532696545033,3930.2489531438014
2460812.222916667,-4000.284810928625,-332.0414261058877,3740.89530613784
2460812.2236111113,-4141.632010988367,-745.6686502014658,3521.8299669463436
2460812.2243055557,-4250.1757693877025,-1153.410306201498,3274.784511182176
2460812.225,-4325.048010184083,-1552.0348170579707,3001.71381984387
2460812.2256944445,-4365.647316057406,-1938.38085173196,2704.7810974513836
2460812.226388889,-4371.644426174598,-2309.3827620735824,2386.341086949367
2460812.2270833333,-4342.985553996122,-2662.095442507159,2048.921580082607
2460812.2277777777,-4279.893440794563,-2993.718378712899,1695.203344559149
2460812.228472222,-4182.866082592315,-3301.6186411610074,1327.9986206646108
2460812.2291666665,-4052.673096543652,-3583.3525797226825,950.2283682157474
2460812.229861111,-3890.349722924764,-3836.6859848712843,564.8984669174739
2460812.230555556,-3697.1884927822725,-4059.612490169801,175.07509904980856
2460812.23125,-3474.7286291775144,-4250.3700086387025,-216.14043429517142
2460812.2319444446,-3224.74327883738,-4407.455028450168,-605.6372120976688
2460812.232638889,-2949.2247114725433,-4529.634613878174,-990.320233408179
2460812.2333333334,-2650.3676464918176,-4615.9560000832325,-1367.1357391715735
2460812.234027778,-2330.550900557235,-4665.7537012960975,-1733.096049650512
2460812.234722222,-1992.3175622438828,-4678.654094855657,-2085.3036756540737
2460812.2354166666,-1638.3539182951527,-4654.577478124162,-2420.974473400776
2460812.236111111,-1271.4673647826003,-4593.737631997247,-2737.4596358342246
2460812.2368055554,-894.563535176255,-4496.638957116743,-3032.2663426449867
2460812.2375,-510.62287612619014,-4364.071276477384,-3303.07691654641
2460812.238194444,-122.67688890387629,-4197.102419790136,-3547.766365295063
2460812.238888889,266.21575382048746,-3997.0687229116666,-3764.4182132302326
2460812.2395833335,652.9930296088831,-3765.5635839813863,-3951.338557323114
2460812.240277778,1034.6131533203304,-3504.424224019943,-4107.068301907554
2460812.2409722223,1408.0777746238248,-3215.7168012729667,-4230.393546193598
2460812.2416666667,1770.45465744028,-2901.720018348768,-4320.354116792118
2460812.242361111,2118.8997181940767,-2564.907360247677,-4376.250242425997
2460812.2430555555,2450.6783165694355,-2207.9280918375803,-4397.647376777726
2460812.24375,2763.185709014847,-1833.587126587745,-4384.37917746955
2460812.2444444443,3053.966567174823,-1444.8238835402522,-4336.548645482807
2460812.2451388887,3320.733478457945,-1044.6902309440347,-4254.527428010231
2460812.245833333,3561.3843346885064,-636.3276222493716,-4138.95328253274
2460812.246527778,3774.0185147507273,-222.94352688078985,-3990.7256967902667
2460812.2472222224,3956.951759592632,192.2127361243207,-3810.9996565760175
2460812.247916667,4108.729628279003,605.8746397225658,-3601.177555644214
2460812.248611111,4228.139419282922,1014.7834349688515,-3362.899245427799
2460812.2493055556,4314.220433742124,1415.71333068549,-3098.03023274857
2460812.2506944444,4383.862327953485,2181.049133101766,-2497.026808358538
2460812.251388889,4366.828496985019,2539.394108797295,-2165.620086722162
2460812.252083333,4315.283436558718,2877.68710483827,-1817.0420924825921
2460812.2527777776,4229.61384501934,3193.238875162036,-1454.0473610351014
2460812.253472222,4110.478559583988,3483.537675903672,-1079.509050728112
2460812.254166667,3958.8041439126296,3746.2701953614787,-696.3960322341036
2460812.2548611113,3775.778142367829,3979.3409472743574,-307.74897457586377
2460812.2555555557,3562.840024710103,4180.889906887392,83.34435353942106
2460812.25625,3321.669882956062,4349.308179885694,473.77431975951816
2460812.2569444445,3054.174975750938,4483.251522691473,860.4349454844106
2460812.257638889,2762.4742492298988,4581.651560954921,1240.2494397018636
2460812.2583333333,2448.8809946800893,4643.724586411803,1610.1954820559092
2460812.2590277777,2115.8838301304886,4668.97784926036,1967.3299932286548
2460812.259722222,1766.1262137368699,4657.213301441176,2308.813143177103
2460812.2604166665,1402.3847111343077,4608.528783386628,2631.9313656991385
2460812.261111111,1027.5462524803127,4523.316682793196,2934.1191655346192
2460812.261805556,644.5846108092804,4402.260126211189,3212.9795364478973
2460812.2625,256.53633940419303,4246.326793363675,3466.3028281831157
2460812.2631944446,-133.52361030364145,4056.7604660631505,3692.0839358705043
2460812.263888889,-522.5063777582441,3835.070440381516,3888.5377095294316
2460812.2645833334,-907.3335873066533,3583.018945204471,4054.1125051169474
2460812.265277778,-1284.9614718352905,3302.6067115960677,4187.5018268704425
2460812.265972222,-1652.404558907105,2996.056842677632,4287.654024118114
2460812.2666666666,-2006.7587719650019,2665.7971303057107,4353.780022908918
2460812.267361111,-2345.2238149257964,2314.4409582317217,4385.359083117298
2460812.2680555554,-2665.12471484342,1944.7669299727277,4382.142576897256
2460812.26875,-2963.932413095131,1559.6973463635982,4344.155788526021
2460812.269444444,-3239.283288887629,1162.275665227574,4271.69773538011
2460812.270138889,-3488.9975125177025,755.6430600349206,4165.339009592914
2460812.2708333335,-3711.09611129714,343.0142119164764,4025.917640499743
2460812.271527778,-3903.8166391589834,-72.34754102674978,3854.532976821403
2460812.2722222223,-4065.6273259750387,-487.1555482040577,3652.53759440433
2460812.2729166667,-4195.239586603436,-898.1255361992917,3421.5272392186816
2460812.273611111,-4291.618762512003,-1302.0014723869672,3163.328828285328
2460812.2743055555,-4353.992970594164,-1695.5814148152433,2879.9865478532406
2460812.275,-4381.859939781446,-2075.74315033311,2573.7461037391176
2460812.2756944443,-4374.991722870455,-2439.469397997001,2247.037207964251
2460812.2763888887,-4333.437187471701,-2783.8723512105607,1902.45440595716
2460812.277083333,-4257.522209118476,-3106.217313745725,1542.7363841401782
2460812.277777778,-4147.84751418766,-3403.9451927303885,1170.7439156073099
2460812.2784722224,-4005.2841497564937,-3674.6936021481697,789.436639508656
2460812.279166667,-3830.9665903212203,-3916.3163462221146,401.84888862192724
2460812.279861111,-3626.283525241809,-4126.901066156524,11.064801015915998
2460812.2805555556,-3392.8664060475508,-4304.784854556793,-379.80703149124537
2460812.28125,-3132.575867835319,-4448.567668884441,-767.6591141221649
2460812.2819444444,-2847.486171743736,-4557.1234079891765,-1149.410531231037
2460812.282638889,-2539.8678397819085,-4629.608552933374,-1522.032100038555
2460812.283333333,-2212.168685117826,-4665.4683069722405,-1882.5709339000002
2460812.2840277776,-1866.9934483012137,-4664.440212198474,-2228.17418287715
2460812.284722222,-1507.0822732401068,-4626.5552535750685,-2556.111724932457
2460812.285416667,-1135.2882514377907,-4552.136497756163,-2863.7976184069234
2460812.2861111113,-754.5542722183844,-4441.795343748504,-3148.8101431259006
2460812.2868055557,-367.88940060460766,-4296.425487524833,-3408.910295606468
2460812.2875,21.654997464625925,-4117.194723769448,-3642.058624493615
2460812.2881944445,411.0091845694911,-3905.534720979981,-3846.4303258463183
2460812.288888889,797.1088529572585,-3663.1289142374803,-4020.428540533141
2460812.2895833333,1176.9186315148238,-3391.898663943379,-4162.69581707073
2460812.2902777777,1547.4551558079954,-3093.9878242353507,-4272.123722869604
2460812.290972222,1905.8095705553462,-2771.7458621204937,-4347.860597069793
2460812.292361111,2574.8393564634207,-2064.5841076716297,-4396.1720035916405
2460812.293055556,2880.26197539749,-1685.2216483914642,-4368.370914616599
2460812.29375,3163.036350923726,-1292.600801146727,-4306.130126759535
2460812.2944444446,3420.9365182541364,-889.8038470938872,-4209.933410698349
2460812.295138889,3651.928410909722,-479.9937272428227,-4080.5290526251183
2460812.2958333334,3854.18561613842,-66.39028165535973,-3918.9246981538486
2460812.296527778,4026.1037832940883,347.7540719596246,-3726.3803390701746
2460812.297222222,4166.31356349511,759.1790815807956,-3504.399442662915
2460812.2979166666,4273.691967281382,1164.641700754295,-3254.718220325592
2460812.298611111,4347.3720108797725,1560.9412596510467,-2979.2930515615385
2460812.2993055554,4386.750526902691,1944.944594841329,-2680.2860914315575
2460812.3,4391.494017007276,2313.610947108805,-2360.049107736082
2460812.300694444,4361.5424311793295,2664.016411579223,-2021.105623847913
2460812.301388889,4297.110773791416,2993.3777180080915,-1666.1314646294506
2460812.3020833335,4198.688454477635,3299.075105588672,-1297.9338328733502
2460812.302777778,4067.0363272788904,3578.674048924747,-919.429075959749
2460812.3034722223,3903.1813903726716,3829.9455967781855,-533.6193268981212
2460812.3041666667,3708.4091490194146,4050.885093027917,-143.5682271425175
2460812.304861111,3484.2536840083453,4239.7290559734765,247.62402782545584
2460812.3055555555,3232.4854962926656,4394.97002429371,636.8460793075999
2460812.30625,2955.097239754709,4515.369193843297,1021.0009645673102
2460812.3069444443,2654.2874837845716,4599.966706675857,1397.0315793881693
2460812.3076388887,2332.4426764697546,4648.089487417209,1761.9457795206124
2460812.308333333,1992.1175041022543,4659.356558777517,2112.840863710815
2460812.309027778,1636.0138635581409,4633.681805993226,2446.9271933547598
2460812.3097222224,1266.958675134021,4571.274197682555,2761.5507257708496
2460812.310416667,887.8807696613628,4472.635504382012,3054.2142613955552
2460812.311111111,501.7870876719346,4338.555587377346,3322.5972288334597
2460812.3118055556,111.73842029150983,4170.105356580024,3564.5738628867543
2460812.3125,-279.17508859040703,3968.6275159007214,3778.2296584566843
2460812.3131944444,-667.8584684393796,3735.7252313820304,3961.8760075150435
2460812.313888889,-1051.2362882295415,3473.2488640846377,4114.062954956025
2460812.314583333,-1426.2766861155849,3183.280915946018,4233.590026875862
2460812.3152777776,-1790.014906513957,2868.119334846262,4319.515103948628
2460812.315972222,-2139.5762012944197,2530.25932330864,4371.161324150063
2460812.316666667,-2472.1979669892444,2172.373788476405,4388.122008507471
2460812.3173611113,-2785.2509980438153,1797.2925666757117,4370.263607900293
2460812.3180555557,-3076.2597463260786,1407.9805464549352,4317.726670719762
2460812.31875,-3342.921471203806,1007.5148213018427,4230.9248315401
2460812.3194444445,-3583.1241765970394,599.0609887747822,4110.541820060817
2460812.320138889,-3794.9632178783777,185.84872861517906,3957.5264898154237
2460812.3208333333,-3976.756462173119,-228.85320511332876,3773.08586892303
2460812.3215277777,-4127.057882316087,-641.7624361324945,3558.676237807486
2460812.322222222,-4244.669456110065,-1049.6086965989498,3315.9922515846984
2460812.3229166665,-4328.65124693547,-1449.1596668253533,3046.954132901513
2460812.323611111,-4378.329539090891,-1837.2467273342882,2753.6929828802604
2460812.324305556,-4393.302910404662,-2210.7904161964216,2438.5342765788732
2460812.325,-4373.446135177561,-2566.8253673015897,2103.979635644183
2460812.3256944446,-4318.911827329784,-2902.524497107497,1752.6869951631966
2460812.326388889,-4230.129755021251,-3215.222196206388,1387.4493132298721
2460812.3270833334,-4107.803786653415,-3502.436280147531,1011.1720021107956
2460812.327777778,-3952.906455650601,-3761.8884687687305,626.8492742026522
2460812.328472222,-3766.671168625928,-3991.5231590804,237.53963667108647
2460812.3291666666,-3550.5821138709407,-4189.524287369186,-153.65922632938583
2460812.329861111,-3306.3619650953515,-4354.33009305065,-543.6359221390467
2460812.3305555554,-3035.957504724018,-4484.645631464225,-929.2909085132713
2460812.33125,-2741.523327076749,-4579.452910732884,-1307.5618714696684
2460812.331944444,-2425.403805943989,-4638.018568375349,-1675.448662195583
2460812.332638889,-2090.113530868052,-4659.899040418394,-2030.0375459290083
2460812.334027778,-1372.80385989249,-4593.292577669216,-2688.2375423022186
2460812.3347222223,-996.4717408858512,-4505.378965649566,-2986.6573433472054
2460812.3354166667,-612.2972330424867,-4381.919920758165,-3261.4368997578636
2460812.336111111,-223.3149098321696,-4223.9118493863025,-3510.4192108211973
2460812.3368055555,167.4071988566876,-4032.6210597072004,-3731.6534172359807
2460812.3375,556.791557140809,-3809.5728341931135,-3923.4091466121154
2460812.3381944443,941.774879086665,-3556.5386822208225,-4084.189041687196
2460812.3388888887,1319.3315386769793,-3275.521916284132,-4212.739446295202
2460812.339583333,1686.4964898924834,-2968.741697362998,-4308.059233951925
2460812.340277778,2040.3875794473959,-2638.615682323847,-4369.406779477987
2460812.3409722224,2378.227139563613,-2287.7414037195276,-4396.305076934966
2460812.341666667,2697.362767082941,-1918.8764962754033,-4388.545011874795
2460812.342361111,2995.2871915105575,-1534.9178855033338,-4346.186793152935
2460812.3430555556,3269.657148265421,-1138.8800364399651,-4269.559547596861
2460812.34375,3518.3111606419234,-733.8723700549891,-4159.259076284027
2460812.3444444444,3739.2861397470847,-323.0759435990768,-4016.143766742184
2460812.345138889,3930.8326963989853,90.28049217846296,-3841.3286547342577
2460812.345833333,4091.429058695032,502.9449480754655,-3636.177627183791
2460812.3465277776,4219.79347475601,911.6670279698104,-3402.293765809156
2460812.347222222,4314.8949803921805,1313.222997425685,-3141.5078347954513
2460812.347916667,4375.962403293433,1704.4409224295393,-2855.864932476261
2460812.3486111113,4402.49147806929,2082.2256956609613,-2547.609344054668
2460812.3493055557,4394.249951803575,2443.5837511521513,-2219.167652825884
2460812.35,4351.280569378207,2785.647251062661,-1873.130192514696
2460812.3506944445,4273.901844514069,3105.697510653263,-1512.2309558692423
2460812.351388889,4162.706543805396,3401.18742823081,-1139.326095470647
2460812.3520833333,4018.5578368658494,3669.76267644311,-757.371187655835
2460812.3527777777,3842.5830983028427,3909.281415261239,-369.39745932120957
2460812.353472222,3636.1653766275895,4117.832304531222,21.51280907161555
2460812.3541666665,3400.932586335078,4293.7505990626905,412.2514547074129
2460812.354861111,3138.744508798222,4435.6321432324885,799.7099292352372
2460812.355555556,2851.67772665154,4542.345102992672,1180.8048523006983
2460812.35625,2542.008644932661,4613.039309977016,1552.5033569523562
2460812.3569444446,2212.1947820429377,4647.153126705074,1911.8479626509315
2460812.357638889,1864.8545341454496,4644.417780494249,2255.9807250618687
2460812.3583333334,1502.7456354403937,4604.859150670154,2582.1664255789624
2460812.359027778,1128.7425451131026,4528.797030097156,2887.8145872020427
2460812.359722222,745.8129981107484,4416.841914945062,3170.500126073327
2460812.3604166666,356.9939554578679,4269.889406344853,3427.982475730046
2460812.361111111,-34.632822988120495,4089.1123292510297,3658.223053257189
2460812.3618055554,-425.96535882302396,3875.950696603941,3859.400955390348
2460812.3625,-813.9059962705848,3632.0996531028636,4029.9268108170195
2460812.363194444,-1195.3857127822441,3359.4955456020125,4168.45472736167
2460812.363888889,-1567.3880331365465,3060.3002666241705,4273.8922982216645
2460812.3645833335,-1926.972395802666,2736.884016121223,4345.408645275943
2460812.365277778,-2271.296835880793,2391.8066211214496,4382.440488396455
2460812.3659722223,-2597.6398573204583,2027.797550183383,4384.696235786691
2460812.3666666667,-2903.4213784085664,1647.7347522629493,4352.15809510835
2460812.367361111,-3186.222641029049,1254.6224426722054,4285.082205352047
2460812.3680555555,-3443.8049692654004,851.5679647739379,4183.996789566183
2460812.36875,-3674.1272717057955,441.7578442806108,4049.698326644642
2460812.3694444443,-3875.362165349998,28.4331757029978,3883.245743933676
2460812.3701388887,-4045.9106068118494,-385.13552801036224,3685.952632608529
2460812.370833333,-4184.414904572147,-795.673869729654,3459.3774954017667
2460812.371527778,-4289.769984269221,-1199.929317775163,3205.312048634496
2460812.3722222224,-4361.132781618402,-1594.6969926769139,2925.767612143622
2460812.372916667,-4397.929638561122,-1976.845290494342,2622.959641979331
2460812.373611111,-4399.861587575827,-2343.3411282624947,2299.290482864953
2460812.3743055556,-4366.90742263631,-2691.274581974212,1957.3304447623213
2460812.3756944444,-4197.647030821816,-3320.5721180650407,1229.5345894113868
2460812.376388889,-4062.6823736950696,-3596.9406218963345,849.4882414321197
2460812.377083333,-3895.50443227563,-3844.7967789971426,462.6828522145048
2460812.3777777776,-3697.4450921678135,-4062.178061923449,72.19672641152601
2460812.378472222,-3470.0832301220344,-4247.366878789556,-318.8633918949617
2460812.379166667,-3215.2315830642024,-4398.904464266403,-707.3878606627785
2460812.3798611113,-2934.9215897707845,-4515.60247162324,-1090.2896572597374
2460812.3805555557,-2631.3863766803374,-4596.552156627059,-1464.5296031404537
2460812.38125,-2307.0420793853837,-4641.131084310036,-1827.1410428706483
2460812.3819444445,-1964.467716856237,-4649.0073247596865,-2175.2537301981615
2460812.382638889,-1606.38384098968,-4620.141143517746,-2506.1167031180835
2460812.3833333333,-1235.6301995042309,-4554.784225247329,-2817.1199437014548
2460812.3840277777,-855.1426422817387,-4453.476501410611,-3105.814654651604
2460812.384722222,-467.9295037527909,-4317.040679112121,-3369.9320055300254
2460812.3854166665,-77.04767666314213,-4146.574588544937,-3607.4002368617707
2460812.386111111,314.4214159789055,-3943.441482531805,-3816.3600333908844
2460812.386805556,703.3957655821329,-3709.2584296880827,-3995.1781067546153
2460812.3875,1086.8164702087365,-3445.8829469033494,-4142.458948066238
2460812.3881944446,1461.6710234396141,-3155.3980165664216,-4257.0547291772
2460812.388888889,1825.016070313691,-2840.095626476075,-4338.073346405283
2460812.3895833334,2173.9995120917642,-2502.458965153503,-4384.884607431875
2460812.390277778,2505.881855233235,-2145.1433961885177,-4397.124567709933
2460812.390972222,2818.0567109608724,-1770.9563239671454,-4374.698023626032
2460812.3916666666,3108.070353230432,-1382.8360583174199,-4317.779166685231
2460812.392361111,3373.6402428006063,-983.8297831821079,-4226.810400496142
2460812.3930555554,3612.6724293018233,-577.0707237308122,-4102.499316763872
2460812.39375,3823.2777270361594,-165.7546230277757,-3945.813825088687
2460812.394444444,4003.7865635369913,246.88436825262545,-3757.975427783393
2460812.395138889,4152.762384442051,657.5982638141661,-3540.450634938346
2460812.3958333335,4269.013495125457,1063.1501417178438,-3294.9405196290218
2460812.396527778,4351.603213001069,1460.3392192825254,-3023.3684242237446
2460812.3972222223,4399.858202951565,1846.0259315213975,-2727.865844055755
2460812.3979166667,4413.374870996781,2217.156827665413,-2410.7565303494634
2460812.398611111,4392.0236969510315,2570.789068662715,-2074.538888517344
2460812.3993055555,4335.951402378499,2904.114315635495,-1721.8667574436115
2460812.4,4245.580865827577,3214.4817655135957,-1355.52870120442
2460812.4006944443,4121.608722980213,3499.42009815372,-978.4259630250141
2460812.4013888887,3965.0006154930347,3756.6580961224354,-593.5492599424207
2460812.402083333,3776.984087621032,3984.1436977716744,-203.95463202637964
2460812.402777778,3559.0391595046776,4180.061268283461,187.26143204600407
2460812.4034722224,3312.886647070044,4342.846881348516,576.9873378198517
2460812.404166667,3040.47432815769,4471.201438288369,962.1219421432328
2460812.404861111,2743.9610942964655,4564.101475095387,1339.6000519408597
2460812.4055555556,2425.699250727687,4620.807547711825,1706.4176045139034
2460812.40625,2088.2151590655444,4640.870118318727,2059.6562663326845
2460812.4069444444,1734.1884339090664,4624.132905544502,2396.507205993978
2460812.407638889,1366.4299208622112,4570.733697875747,2714.2938131034807
2460812.408333333,987.8586896023995,4481.102664605291,3010.4931597138466
2460812.4090277776,601.4782798798923,4355.958230190245,3282.7560247309216
2460812.409722222,210.35243158127082,4196.300604460309,3528.9253321083415
2460812.410416667,-182.41947380500008,4003.4030843524765,3747.052878332899
2460812.4111111113,-573.7270560330293,3778.8012548256647,3935.414258612719
2460812.4118055557,-960.473459484583,3524.2802329169613,4092.521916683384
2460812.4125,-1339.5995866211772,3241.8600966681474,4217.1362747088215
2460812.4131944445,-1708.1078739649442,2933.7796480160932,4308.274909695843
2460812.413888889,-2063.0854690470806,2602.47865023375,4365.219761413089
2460812.4145833333,-2401.7266741698363,2250.578679073453,4387.522363105659
2460812.4152777777,-2721.354535400374,1880.862720069867,4375.007092873847
2460812.415972222,-3019.4414638364797,1496.253637167054,4327.7724455571515
2460812.417361111,-3541.7450391670095,694.6108652979561,4130.903356941911
2460812.418055556,-3761.8231237231257,283.915214570944,3982.820219776897
2460812.41875,-3952.115816460463,-129.04644335908793,3803.108998059815
2460812.4194444446,-4111.109901889542,-541.0055398073625,3593.1885600179035
2460812.420138889,-4237.538566573786,-948.6993992212739,3354.7179758650077
2460812.4208333334,-4330.392004824761,-1348.896982333629,3089.5840020594096
2460812.421527778,-4388.926098035357,-1738.4245927491818,2799.886673411581
2460812.422222222,-4412.669045298814,-2114.191338687068,2487.923068465302
2460812.4229166666,-4401.425835089678,-2473.2141314298087,2156.16933515952
2460812.423611111,-4355.280462429592,-2812.6419889438603,1807.261090357993
2460812.4243055554,-4274.59581735744,-3129.779401268469,1443.9723388830391
2460812.425,-4160.011196645385,-3422.1085178413255,1069.1930805014447
2460812.425694444,-4012.4374214391287,-3687.3099145791566,685.9058057937992
2460812.426388889,-3833.0495758979678,-3923.281714019944,297.16109995923
2460812.4270833335,-3623.27741710765,-4128.156844942694,-93.94740346243624
2460812.427777778,-3384.793544047765,-4300.318249903672,-484.30845970524234
2460812.4284722223,-3119.4994446964547,-4438.411881518881,-870.8187795555193
2460812.4291666667,-2829.50957454997,-4541.3573572791865,-1250.4084566916188
2460812.429861111,-2517.133645538004,-4608.356180601552,-1620.0659948040493
2460812.4305555555,-2184.8573310228676,-4638.897471922853,-1976.862679366195
2460812.43125,-1835.3216022544093,-4632.761193441079,-2317.9760646110644
2460812.4319444443,-1471.3009327669693,-4590.018885027202,-2640.712355411834
2460812.4326388887,-1095.680599238946,-4511.0319639832105,-2942.5275028089923
2460812.433333333,-711.4333186702996,-4396.447670159591,-3221.04684636232
2460812.434027778,-321.59543932775097,-4247.19276076875,-3474.0831790807983
2460812.4347222224,70.75709247769531,-4064.4650805803644,-3699.653125387668
2460812.435416667,462.53279740774514,-3849.7231433002808,-3895.9917613239604
2460812.436111111,850.6485797125955,-3604.6738668919297,-4061.5654249226272
2460812.4368055556,1232.0533315002344,-3331.2586093081554,-4195.082684560917
2460812.4375,1603.75108449138,-3031.637645652953,-4295.503452249544
2460812.4381944444,1962.8235829666853,-2708.17322271247,-4362.046238398902
2460812.438888889,2306.452164785945,-2363.411320030352,-4394.193551847186
2460812.439583333,2631.9388532810754,-2000.0622332385656,-4391.695452773097
2460812.4402777776,2936.7265632410167,-1620.980092506588,-4354.57126391968
2460812.440972222,3218.4183309005357,-1229.1414200736613,-4283.109444065996
2460812.441666667,3474.795477854351,-827.6228256292302,-4177.8656228101545
2460812.4423611113,3703.83461056296,-419.5779443501993,-4039.658792733556
2460812.4430555557,3903.7233570866106,-8.213717915663052,-3869.5656508199336
2460812.44375,4072.8747290149818,403.2338648504041,-3668.913082039881
2460812.4444444445,4209.939990559602,811.5244387693252,-3439.2687831847907
2460812.445138889,4313.819913873231,1213.4382089417252,-3182.430028376839
2460812.4458333333,4383.6742903566765,1605.8010090225973,-2900.4105944633757
2460812.4465277777,4418.929570549978,1985.5092930343278,-2595.4258802011336
2460812.447222222,4419.284509284409,2349.55486627248,-2269.876272276515
2460812.4479166665,4384.713701364635,2695.049138202971,-1926.3288403687625
2460812.448611111,4315.468908718239,3019.2466746204595,-1567.4974643230648
2460812.449305556,4212.07810086305,3319.5678056498023,-1196.2215358276092
2460812.45,4075.34215496487,3593.6200567413657,-815.4433916985809
2460812.4506944446,3906.329193462793,3839.218157591459,-428.1846780567978
2460812.451388889,3706.3665700320903,4054.402401983351,-37.52186070208829
2460812.4520833334,3477.030547558289,4237.455146070837,353.43888365270556
2460812.452777778,3220.133752098565,4386.915248790893,741.5871354816037
2460812.453472222,2937.71051824491,4501.59029170729,1123.8337991400374
2460812.4541666666,2632.0002730482684,4580.5664453643,1497.1365026849512
2460812.454861111,2305.429138600483,4623.215882981215,1858.5245628581958
2460812.4555555554,1960.5899523273058,4629.201682389039,2205.1232641731744
2460812.45625,1600.2209246152827,4598.480192862415,2534.177212435374
2460812.456944444,1227.1831651743116,4531.300880385159,2843.0725441598734
2460812.457638889,844.4373151584937,4428.203698823247,3129.357797981898
2460812.459027778,62.016966589767065,4117.83552770502,3625.218805096055
2460812.4597222223,-331.45676642130644,3913.040289025588,3830.8696347808727
2460812.4604166667,-722.2863967608272,3677.2576474519374,4006.090648356812
2460812.461111111,-1107.3794140121383,3412.3605720541013,4149.498563044408
2460812.4618055555,-1483.6902121252504,3120.450510881833,4259.9622398772035
2460812.4625,-1848.2437069639473,2803.840593473601,4336.611024034108
2460812.4631944443,-2198.158301877373,2465.0373656052066,4378.841111743101
2460812.4638888887,-2530.6680756148135,2106.7211890030662,4386.319938889632
2460812.464583333,-2843.1440698040706,1731.725438802326,4358.988589388352
2460812.465277778,-3133.1145657771976,1343.0146208665203,4297.062224100211
2460812.4659722224,-3398.2842377826014,943.6615330812463,4201.028529940489
2460812.466666667,-3636.5520717704235,536.8235917265592,4071.6441880216
2460812.467361111,-3846.02793082659,125.71845551758216,3909.9293617814897
2460812.4680555556,-4025.0476507103836,-286.40092222976847,3717.160206434166
2460812.46875,-4172.186538135957,-696.2716625255496,3494.8594087077627
2460812.4694444444,-4286.271143479629,-1100.6465874517794,3244.7847763481413
2460812.470138889,-4366.389180358336,-1496.3199302158555,2968.915908083234
2460812.470833333,-4411.897464320909,-1880.1529291434108,2669.438997308951
2460812.4715277776,-4422.427752941344,-2249.0990967567013,2348.729841678088
2460812.472222222,-4397.8903808084815,-2600.228937615625,2009.3351579504547
2460812.472916667,-4338.475601661171,-2930.75387713019,1653.9523305950588
2460812.4736111113,-4244.652572962372,-3238.0491629058665,1285.407746149937
2460812.4743055557,-4117.165946059848,-3519.675493641005,906.6338987378551
2460812.475,-3957.0300572498318,-3773.399140548775,520.6454748263856
2460812.4756944445,-3765.520748596745,-3997.2103389475465,130.51464685991533
2460812.476388889,-3544.1648846416497,-4189.33974414419,-260.65417287712756
2460812.4770833333,-3294.7276631567483,-4348.272775374359,-649.7498620036262
2460812.4777777777,-3019.197856796377,-4472.761695759659,-1033.680128921176
2460812.478472222,-2719.7711471939288,-4561.835316518395,-1409.3968041401097
2460812.4791666665,-2398.8317437226146,-4614.8062458753,-1773.920619942261
2460812.479861111,-2058.932496056676,-4631.275643340402,-2124.36523545021
2460812.480555556,-1702.7737279615192,-4611.135475942561,-2457.960278152182
2460812.48125,-1333.1810230555325,-4554.568309071378,-2772.073201751207
2460812.4819444446,-953.0822000542175,-4462.044695663761,-3064.229781281081
2460812.482638889,-565.4837066349234,-4334.318254985975,-3332.1330993057304
2460812.4833333334,-173.44665538053866,-4172.418554537743,-3573.6809027237177
2460812.484027778,219.9372923538302,-3977.6419238914186,-3786.9812410292934
2460812.484722222,611.5700022069325,-3751.5403401740846,-3970.366320268132
2460812.4854166666,998.3707311126177,-3495.908528358849,-4122.404531536295
2460812.486111111,1377.2996237934342,-3212.769421345015,-4241.910629544488
2460812.4868055554,1745.3807081075813,-2904.3581177735527,-4327.954053564803
2460812.4875,2099.7242685349,-2573.1044698110704,-4379.865390737144
2460812.488194444,2437.5484903014953,-2221.614424705933,-4397.240987347857
2460812.488888889,2756.2002770418303,-1852.6502342055176,-4379.945715256812
2460812.4895833335,3053.175148949446,-1469.1096394677195,-4328.113898733301
2460812.490277778,3326.136130991422,-1074.0041325906193,-4242.14840349801
2460812.4909722223,3572.9315372973556,-670.4363952207545,-4122.717885516862
2460812.4916666667,3791.6115535301415,-261.57701568620604,-3970.7521935379823
2460812.492361111,3980.443511491022,149.3594073696606,-3787.435917668713
2460812.4930555555,4137.925741733658,559.1386551178965,-3574.200078542781
2460812.49375,4262.799884584831,964.5316430871552,-3332.7119551464793
2460812.4944444443,4354.061531727164,1362.339389064761,-3064.863061093267
2460812.4951388887,4410.96906970053,1749.418027798924,-2772.7552927154125
2460812.495833333,4433.050597965923,2122.7036900299886,-2458.6852883924767
2460812.496527778,4420.108798947758,2479.237034454905,-2125.1270696918027
2460812.4972222224,4372.223652095531,2816.1872210990414,-1774.71304980459
2460812.497916667,4289.752898624653,3130.87509097113,-1410.2135306032412
2460812.498611111,4173.330188516037,3420.7953110532985,-1034.5148395314252
2460812.4993055556,4023.860867799818,3683.6372482446827,-650.5962794125041
2460812.5006944444,3630.720416267652,4119.931701892099,129.6633091267957
2460812.501388889,3390.147546367544,4289.901870465138,519.8006716213991
2460812.502083333,3122.699971721468,4425.858328307636,905.8014130690628
2460812.5027777776,2830.4969840030635,4526.716829595387,1284.5931712022843
2460812.503472222,2515.8566196724964,4591.674303534271,1653.1610473212836
2460812.504166667,2181.2765874792876,4620.2152884050265,2008.572311391196
2460812.5048611113,1829.413694335894,4612.115845608636,2348.0003158790937
2460812.5055555557,1463.0619944627229,4567.444945626231,2668.747387894524
2460812.50625,1085.129895987827,4486.563353040612,2968.266491518721
2460812.5069444445,698.6164632560825,4370.1200701054995,3244.1814771886684
2460812.507638889,306.587149834828,4219.046426475958,3494.3057635351597
2460812.5083333333,-87.8508158600671,4034.5479229163398,3716.6593283207253
2460812.5090277777,-481.57317122459585,3818.093957416355,3909.4839048157705
2460812.509722222,-871.463292487976,3571.4055697382178,4071.256313988328
2460812.5104166665,-1254.436614656184,3296.441349111437,4200.699879553351
2460812.511111111,-1627.4646367103471,2995.381647472757,4296.793894717769
2460812.511805556,-1987.598358540445,2670.6112432344753,4358.781120193351
2460812.5125,-2331.991017737443,2324.700591042093,4386.173306026192
2460812.5131944446,-2657.9200002344833,1960.3857907491695,4378.754733650291
2460812.513888889,-2962.807810318594,1580.5473999553471,4336.5837778552705
2460812.5145833334,-3244.24198279013,1188.1882182860415,4259.992488939134
2460812.515277778,-3499.993831560069,786.4101581685118,4149.584194324396
2460812.515972222,-3728.035914682388,378.3903332692731,4006.2291194202066
2460812.5166666666,-3926.558101219805,-32.6435095674781,3831.0580279045157
2460812.517361111,-4093.982115284372,-443.43807292275,3625.45388623101
2460812.5180555554,-4228.974429577453,-850.7399514083339,3391.041565700208
2460812.51875,-4330.457380745352,-1251.3212714101512,3129.6756032460676
2460812.519444444,-4397.618374197192,-1642.0053348240515,2843.426065218782
2460812.520138889,-4429.917056621725,-2019.692072108364,2534.562570727007
2460812.5208333335,-4427.090339715302,-2381.383083592377,2205.5365605640254
2460812.521527778,-4389.155175503515,-2724.206038860258,1858.9619229304026
2460812.5222222223,-4316.409003799522,-3045.4381963242104,1497.5941142304796
2460812.5229166667,-4209.427816816962,-3342.5288017104904,1124.3079404316006
2460812.523611111,-4069.061817327734,-3613.1201210280997,742.0741981141969
2460812.5243055555,-3896.4286771990787,-3855.0668827206014,353.9353868708227
2460812.525,-3692.904441486873,-4066.4539073745796,-37.01926118902193
2460812.5256944443,-3460.1121570037294,-4245.611733532187,-427.67918333199947
2460812.5263888887,-3199.908338744205,-4391.130072609273,-814.938056409657
2460812.527083333,-2914.367421883273,-4501.868956432231,-1195.7192661516272
2460812.527777778,-2605.76437532223,-4576.967477910366,-1567.001011918105
2460812.5284722224,-2276.555674675725,-4615.850062782291,-1925.840795347272
2460812.529166667,-1929.3588532794995,-4618.2302465400535,-2269.399053415701
2460812.529861111,-1566.9308630441917,-4584.111968324666,-2594.9617171542177
2460812.5305555556,-1192.1454747538376,-4513.78842716059,-2899.9615095170043
2460812.53125,-807.96995874483,-4407.838575563175,-3181.9978113792813
2460812.5319444444,-417.44127024360307,-4267.121351272078,-3438.854964229749
2460812.532638889,-23.641954636042872,-4092.7677657501795,-3668.518903229103
2460812.533333333,370.32402045973555,-3886.1709846148074,-3869.192037814956
2460812.5340277776,761.355327023207,-3648.97453997051,-4039.3063288390867
2460812.534722222,1146.377067206748,-3383.0588173377346,-4177.5345280708625
2460812.535416667,1522.364141207821,-3090.525961716416,-4282.799561483091
2460812.5361111113,1886.3640692771166,-2773.6833349990984,-4354.282054797541
2460812.5368055557,2235.519149406736,-2435.0256547830236,-4391.426002703052
2460812.5375,2567.087847775906,-2077.2159341186875,-4393.9425890391085
2460812.5381944445,2878.465329898385,-1703.0653293090088,-4361.812164662055
2460812.538888889,3167.203034469454,-1315.5120061021858,-4295.2843866275825
2460812.5395833333,3431.027204361303,-917.5991174894932,-4194.876518856319
2460812.5402777777,3667.856274404493,-512.4519978330322,-4061.369890070615
2460812.540972222,3875.81701599724,-103.25467477682535,-3895.8045020671893
2460812.542361111,4198.769559568239,714.4057998265708,-3473.9054680475588
2460812.543055556,4311.182232448229,1116.4260501184067,-3220.870649088642
2460812.54375,4389.590046821109,1509.660482443424,-2942.3509433123386
2460812.5444444446,4433.352027880082,1890.9992361396874,-2640.5338762930896
2460812.545138889,4442.099694480478,2257.4217784076864,-2317.794491228406
2460812.5458333334,4415.741128957516,2606.0212088521107,-1976.6772751678454
2460812.546527778,4354.462845173657,2934.027914977926,-1619.8765015896684
2460812.547222222,4258.729370535014,3238.832342232803,-1250.2151222282782
2460812.5479166666,4129.280482949708,3518.006639057414,-870.6223686583294
2460812.548611111,3967.126072587075,3769.3249384811975,-484.1102513809792
2460812.5493055554,3773.5386335634093,3990.7820417718335,-93.74917496923116
2460812.55,3550.0434219154517,4180.610291579766,297.3571016140052
2460812.550694444,3298.406355142011,4337.294434656666,686.0969038574045
2460812.551388889,3020.619764536323,4459.584303475931,1069.3762153698303
2460812.5520833335,2718.8861421111924,4546.505179044058,1444.1441218477805
2460812.552777778,2395.600053678193,4597.365729981463,1807.417861180188
2460812.5534722223,2053.32841894014,4611.76345927012,2156.3072194106303
2460812.5541666667,1694.7893709124135,4589.5876297469995,2488.038036672923
2460812.554861111,1322.8299287404705,4531.019673821304,2799.9745967156505
2460812.5555555555,940.4027177178145,4436.53112833936,3089.640705773321
2460812.55625,550.541975092113,4306.879165229808,3354.739288631318
2460812.5569444443,156.33907229078943,4143.099813849453,3593.170360513901
2460812.5576388887,-239.08222165716273,3946.49899227414,3803.047258693725
2460812.558333333,-632.5905293783604,3718.64147775327,3982.711048133979
2460812.559027778,-1021.0715127991126,3461.337956676691,4130.74303671822
2460812.5597222224,-1401.4522062143492,3176.630295943853,4245.975358420031
2460812.560416667,-1770.72486939073,2866.7751835141366,4327.49959595715
2460812.561111111,-2125.970226921243,2534.2262712904144,4374.673432559198
2460812.5618055556,-2464.379955603463,2181.6149596280616,4387.1253238543095
2460812.5625,-2783.2782993616834,1811.7299531933804,4364.757189642205
2460812.5631944444,-3080.1427011559986,1427.4957078535347,4307.745125837308
2460812.563888889,-3352.6233347592324,1031.9498945411842,4216.538135896656
2460812.564583333,-3598.5614252043038,628.2200001867536,4091.854881321975
2460812.5652777776,-3816.006240503108,219.49919309719718,3934.678451165092
2460812.565972222,-4003.2306348868715,-190.97841537776398,3746.249152119495
2460812.566666667,-4158.74501719562,-599.9629677172861,3528.0553264510545
2460812.5673611113,-4281.309614211307,-1004.2143548957653,3281.822215582456
2460812.5680555557,-4369.944899338195,-1400.527836258379,3009.498898857811
2460812.56875,-4423.9400575533455,-1785.7595929704144,2713.2433552292837
2460812.5694444445,-4442.859363952582,-2156.852003027255,2395.405720836042
2460812.570138889,-4426.5463668389675,-2510.858420807627,2058.5098337736117
2460812.5708333333,-4375.125781328751,-2844.967221732011,1705.233192720475
2460812.5715277777,-4289.00302332777,-3156.5248749950083,1338.3854774905558
2460812.572222222,-4168.861340554307,-3443.057799832975,960.8858126894106
2460812.5729166665,-4015.6565293725475,-3702.2927684372676,575.7389800160755
2460812.573611111,-3830.6092583838536,-3932.175632496977,186.0108034844912
2460812.574305556,-3615.195058468951,-4130.888161542793,-205.19704063639512
2460812.575,-3371.1320721375164,-4296.862812142732,-594.7725331329931
2460812.5756944446,-3100.3666890476234,-4428.795273174312,-979.6188749728316
2460812.576388889,-2805.057230565977,-4525.654663837498,-1356.6798321335866
2460812.5770833334,-2487.5558644595367,-4586.691302868797,-1722.9646099899746
2460812.577777778,-2150.388961054012,-4611.441998837383,-2075.5720038426666
2460812.578472222,-1796.2361142218924,-4599.732852341458,-2411.713597249964
2460812.5791666666,-1427.9080588508252,-4551.679595592205,-2728.7358029160964
2460812.579861111,-1048.3237215529473,-4467.68552675108,-3024.1405645779246
2460812.5805555554,-660.4866374367126,-4348.437124803453,-3295.6045678874816
2460812.58125,-267.46095560269845,-4194.897452845374,-3540.9968383058513
2460812.581944444,127.65275109444303,-4008.2974766898624,-3758.3946284818962
2460812.582638889,521.7416851682619,-3790.1254323164767,-3946.0975319991344
2460812.584027778,1294.476718561972,-3266.2281444926284,-4226.80064482986
2460812.5847222223,1667.0505081562287,-2964.645597666757,-4317.613105728351
2460812.5854166667,2026.5007573066923,-2639.7437242925025,-4374.370494248128
2460812.586111111,2370.0052783705532,-2294.0792847512084,-4396.631407995419
2460812.5868055555,2694.8662757642096,-1930.3693754920282,-4384.222729495677
2460812.5875,2998.530572205428,-1551.470932809753,-4337.240812607745
2460812.5881944443,3278.608846788709,-1160.3592890367809,-4256.050830570307
2460812.5888888887,3532.893789049348,-760.1058827379162,-4141.284284054996
2460812.589583333,3759.377072466472,-353.85522100804525,-3993.8346635350676
2460812.590277778,3956.265040717686,55.19879885698403,-3814.851258567594
2460812.5909722224,4121.992993724659,463.8370937883446,-3605.731107052544
2460812.591666667,4255.237951280126,868.839994504487,-3368.1090835810364
2460812.592361111,4354.9297683638415,1267.0120982344179,-3103.846132686174
2460812.5930555556,4420.260470403375,1655.2072094540529,-2815.0156685542697
2460812.59375,4450.691678638853,2030.353185387884,-2503.888181521666
2460812.5944444444,4445.960001876221,2389.476488812219,-2172.9141110449264
2460812.595138889,4406.0802803847055,2729.726230259941,-1824.705073004416
2460812.595833333,4331.346585123334,3048.397468899242,-1462.0135581663608
2460812.5965277776,4222.330897532315,3342.9535362855636,-1087.7112448532255
2460812.597222222,4079.8794217349086,3611.047142376413,-704.7660992096548
2460812.597916667,3905.106511662515,3850.540027845874,-316.2184620157305
2460812.5986111113,3699.386232389118,4059.520933308423,74.84364928424759
2460812.5993055557,3464.341605781611,4236.321681010156,465.30978745868435
2460812.6,3201.8316329837926,4379.531177488856,852.0726059223937
2460812.6006944445,2913.9362140829517,4488.007182878417,1232.053414038827
2460812.601388889,2602.939124200268,4560.885718635155,1602.2274843154205
2460812.6020833333,2271.309226746788,4597.588026017604,1959.6488541890556
2460812.6027777777,1921.6801313319595,4597.825021847765,2301.4743698362417
2460812.603472222,1556.8285200977805,4561.599236551827,2624.9867382091147
2460812.6041666665,1179.6513747405684,4489.2042549499665,2927.616377224095
2460812.604861111,793.1423431697939,4381.221712569622,3206.961876697807
2460812.605555556,400.3674817165025,4238.515928953485,3460.808911697036
2460812.60625,4.440602042230539,4062.2262828297253,3687.147477966226
2460812.6069444446,-391.5015621106607,3853.757450519331,3884.187348124901
2460812.607638889,-784.3241613058972,3614.7676438944477,4050.371669245686
2460812.6083333334,-1170.9188282910177,3347.1549873337103,4184.388650548012
2460812.609027778,-1548.2278962231837,3053.0421775782934,4285.181304722709
2460812.609722222,-1913.2680848307705,2734.759567868284,4351.955222794198
2460812.6104166666,-2263.153515992266,2394.8268137376604,4384.18437262261
2460812.611111111,-2595.117933238547,2035.9332108629806,4381.614917614829
2460812.6118055554,-2906.5360040854976,1660.9168535480092,4344.267054824112
2460812.6125,-3194.943594561836,1272.7427325431538,4272.434872664911
2460812.613194444,-3458.0568985173136,874.4798979120734,4166.684228010989
2460812.613888889,-3693.7903105041396,469.2778055564495,4027.8486418223442
2460812.6145833335,-3900.2729215299796,60.34197755433639,3857.023213541379
2460812.615277778,-4075.8635139030216,-349.09088575880213,3655.5565585569634
2460812.6159722223,-4219.1639275916705,-755.7781930999446,3425.0407794235666
2460812.6166666667,-4329.030666637782,-1156.4969837072695,3167.299492929985
2460812.617361111,-4404.584614337038,-1548.069501585682,2884.3739503973447
2460812.6180555555,-4445.21872951375,-1927.3886221862913,2578.507309861071
2460812.61875,-4450.603606106236,-2291.4429196995,2252.127139361549
2460812.6194444443,-4420.690790965414,-2637.3411463736006,1907.826258627316
2460812.6201388887,-4355.713774659518,-2962.3358863558174,1548.342054216029
2460812.620833333,-4256.1865954146715,-3263.846140562846,1176.5344334809188
2460812.621527778,-4122.900024641597,-3539.47860544227,795.3626045139499
2460812.6222222224,-3956.9153351371874,-3787.0474106699567,407.86089889414166
2460812.622916667,-3759.5556900431134,-4004.5920950262057,17.113876946370347
2460812.623611111,-3532.3952236935684,-4190.393625425873,-373.7690362503361
2460812.6243055556,-3277.245922923448,-4342.988284763499,-761.6791184471197
2460812.6256944444,-2691.325081178069,-4544.046016797953,-1516.3021093255695
2460812.626388889,-2365.2209455113125,-4590.950813918181,-1877.0287277788636
2460812.627083333,-2020.4237998475487,-4601.543286153157,-2222.8582956540445
2460812.6277777776,-1659.6725458996173,-4575.76213966349,-2551.0578693629177
2460812.628472222,-1285.828740811584,-4513.834574420821,-2859.0384590811273
2460812.629166667,-901.8533288410857,-4416.273311235019,-3144.375106197709
2460812.6298611113,-510.78282745238425,-4283.87134580775,-3404.8254121843306
2460812.6305555557,-115.7051855305649,-4117.694544970011,-3638.3464098602553
2460812.63125,280.2644794004375,-3919.0722155067638,-3843.109692746012
2460812.6319444445,674.0080767927998,-3689.5857849517015,-4017.5147450226154
2460812.632638889,1062.4285062834642,-3431.0557342485486,-4160.200437875484
2460812.6333333333,1442.4732325085324,-3145.5269256980882,-4270.054670702538
2460812.6340277777,1811.1573426942723,-2835.2524598271034,-4346.222153597557
2460812.634722222,2165.5859678374454,-2502.6761899461917,-4388.110332767161
2460812.6354166665,2502.975961922807,-2150.4140138733947,-4395.393465480075
2460812.636111111,2820.6767430333607,-1781.2340524534732,-4368.01485131764
2460812.636805556,3116.190200523792,-1398.035821642712,-4306.187224049365
2460812.6375,3387.189578059943,-1003.8284954093685,-4210.391305041247
2460812.6381944446,3631.537236617804,-601.7083571987783,-4081.3725137632237
2460812.638888889,3847.301192173508,-194.83554679629006,-3920.1358299599474
2460812.6395833334,4032.7703226157623,213.58979373736432,-3727.9387988967937
2460812.640277778,4186.468124200652,620.3518520872785,-3506.282674948334
2460812.640972222,4307.164892907717,1022.2438204775202,-3256.901705331822
2460812.6416666666,4393.888201128732,1416.0927612394564,-2981.7505667030205
2460812.642361111,4445.931538505951,1798.7844950527974,-2682.9899809065932
2460812.6430555554,4462.860986403147,2167.2883163952315,-2362.970562256676
2460812.64375,4444.519806172507,2518.6813357135757,-2024.2149641431156
2460812.644444444,4391.0308321633265,2850.1722204098787,-1669.3984285921745
2460812.645138889,4302.796580716726,3159.124105803453,-1301.3278632091215
2460812.6458333335,4180.497009493182,3443.0764353319546,-922.9196032957326
2460812.646527778,4025.084892134017,3699.7654884471926,-537.176047376588
2460812.6472222223,3837.7788038606845,3927.143367077295,-147.1613726287321
2460812.6479166667,3620.0537500339633,4123.395218289691,244.02343432323005
2460812.648611111,3373.6295054080224,4286.954493004673,633.2659815239155
2460812.6493055555,3100.4567689495298,4416.516064798579,1017.4680471204624
2460812.65,2802.7012680170155,4511.047065832422,1393.571064548399
2460812.6506944443,2482.725985935159,4569.795325512469,1758.5812427623323
2460812.6513888887,2143.07169893895,4592.29534088819,2109.59407463023
2460812.652083333,1786.4360444598192,4578.371738719163,2443.817979586424
2460812.652777778,1415.6513440092067,4528.140230449859,2758.596862848144
2460812.6534722224,1033.6614177003669,4442.006092767005,3051.431388599961
2460812.654166667,643.4976335084255,4320.660239589973,3319.9987888826945
2460812.654861111,248.25441669282955,4165.072975051885,3562.1710688151325
2460812.6555555556,-148.93554692631687,3976.4855412088405,3776.0314830705133
2460812.65625,-544.9262086869235,3756.3995861338285,3959.889197520089
2460812.6569444444,-936.5829544388329,3506.564691395046,4112.292066315611
2460812.657638889,-1320.8071270153287,3228.964098382637,4232.037481671416
2460812.658333333,-1694.5601067562584,2925.798778054637,4318.181265991946
2460812.6590277776,-2054.886806537574,2599.4699814636124,4370.044592595037
2460812.659722222,-2398.9384469070583,2252.5604054628566,4387.218927675206
2460812.660416667,-2723.994487117237,1887.8141029431868,4369.568991479063
2460812.6611111113,-3027.483595196984,1508.1152618263195,4317.23373902488
2460812.6618055557,-3307.0035457024774,1116.465970618787,4230.625359971087
2460812.6625,-3560.339926740066,715.9630962057205,4110.426297359751
2460812.6631944445,-3785.4835429026016,309.77439380829657,3957.584284409228
2460812.663888889,-3980.646390440128,-98.88601699328348,3773.305401192949
2460812.6645833333,-4144.276078900406,-506.78266885257034,3559.045157847393
2460812.6652777777,-4275.068569497326,-910.684102548009,3316.4976182769788
2460812.665972222,-4371.979095539508,-1307.3883852152937,3047.58259551286
2460812.667361111,-4461.323320020631,-2066.6981640219474,2439.3681349552326
2460812.668055556,-4453.034133534516,-2423.275552572112,2104.8958585823334
2460812.66875,-4409.424356397336,-2760.6485401360264,1753.672348760158
2460812.6694444446,-4330.837127191869,-3076.137374103321,1388.491002247856
2460812.670138889,-4217.8956024759145,-3367.236846608012,1012.2578125406525
2460812.6708333334,-4071.498186594253,-3631.6369570368333,627.9677055361826
2460812.671527778,-3892.8113482999497,-3867.241947359955,238.68001854008938
2460812.672222222,-3683.260075913167,-4072.187498673699,-152.50663210860523
2460812.6729166666,-3444.5160570462685,-4244.8559022228565,-542.4798392096883
2460812.673611111,-3178.4837068741713,-4383.889042681162,-928.1389789141627
2460812.6743055554,-2887.284197006792,-4488.199068583362,-1306.420607979499
2460812.675,-2573.2376690751407,-4556.976656735946,-1674.323419169603
2460812.675694444,-2238.8438354434193,-4589.696817407213,-2028.9325085639093
2460812.676388889,-1886.7611918160426,-4586.122222145439,-2367.4427186939047
2460812.6770833335,-1519.785070941957,-4546.304073546991,-2687.180851186985
2460812.677777778,-1140.8247767111015,-4470.580567944809,-2985.626561571202
2460812.6784722223,-752.880030620061,-4359.573031151727,-3260.431782592853
2460812.6791666667,-359.0169592829464,-4214.179831053673,-3509.438547318049
2460812.679861111,37.65616489704644,-4035.5681880884645,-3730.695115320414
2460812.6805555555,434.0132280294109,-3825.164018410227,-3922.4703281658085
2460812.68125,826.9344481587674,-3584.639947897537,-4083.2661491249164
2460812.6819444443,1213.3302516429328,-3315.9016401176873,-4211.8283564773865
2460812.6826388887,1590.1647118629849,-3021.0725754372343,-4307.155379553496
2460812.683333333,1954.4784233336732,-2702.477413232977,-4368.50527550691
2460812.684027778,2303.410698112101,-2362.6240614158287,-4395.400851353634
2460812.6847222224,2634.2209826597145,-2004.1845683350832,-4387.632938418504
2460812.685416667,2944.3093994617407,-1629.9749445696118,-4345.26182529033
2460812.686111111,3231.2363216080207,-1242.934014457706,-4268.616851967666
2460812.6868055556,3492.740884024926,-846.1013979394917,-4158.294163928857
2460812.6875,3726.758333734712,-442.5947209455812,-4015.1526212252115
2460812.6881944444,3931.4361141384084,-35.58615724988668,-3840.307854696564
2460812.688888889,4105.14856850698,371.72158335038097,-3635.1244628406193
2460812.689583333,4246.510141821472,776.1196953489721,-3401.206346610278
2460812.6902777776,4354.386953159999,1174.418005273101,-3140.3851875460878
2460812.690972222,4427.906606416157,1563.4698266099124,-2854.707088360476
2460812.691666667,4466.4661075696,1940.1967643483524,-2546.4174118788574
2460812.6923611113,4469.737760840287,2301.6132704127476,-2217.9438780716887
2460812.6930555557,4437.672926931247,2644.850738049419,-1871.8780019787303
2460812.69375,4370.50354115405,2967.1809091630294,-1510.954982612672
2460812.6944444445,4268.741311415265,3266.038354055944,-1138.0321878900863
2460812.695138889,4133.174541830986,3539.041788763842,-756.0664003174122
2460812.6958333333,3964.86255845435,3784.0139901073176,-368.0900224133877
2460812.6965277777,3765.1277479797445,3999.000080270887,22.813536807222516
2460812.697222222,3535.5452558643597,4182.283968716474,413.5350534361243
2460812.6979166665,3277.930425599246,4332.402761269495,800.9650037168556
2460812.698611111,2994.324098832293,4448.158971460831,1182.019134412765
2460812.699305556,2686.9759248600176,4528.630404494437,1553.6638247997553
2460812.7,2358.3258597861773,4573.177616451971,1912.9409752823144
2460812.7006944446,2010.9840595972073,4581.448889628985,2256.9921693124725
2460812.701388889,1647.709386417707,4553.382702400458,2583.0818749302
2460812.7020833334,1271.3867619382283,4489.20770685022,2888.6194696727375
2460812.702777778,885.0036044122462,4389.44026049629,3171.179900520663
2460812.703472222,491.6255918964522,4254.879588940384,3428.5228124172545
2460812.7041666666,94.37197505199741,4086.600677795902,3658.610017537473
2460812.704861111,-303.60933394901105,3885.9450133644245,3859.621194039814
2460812.7055555554,-699.1666935007604,3654.5093027897933,4029.9677366601727
2460812.70625,-1089.1694935703545,3394.1323137994955,4168.304701116386
2460812.706944444,-1470.5325769963767,3106.879973441806,4273.540806795514
2460812.707638889,-1840.2401615813856,2795.0288678684906,4344.84647388088
2460812.709027778,-2533.1115003775517,2107.5808981858627,4383.691063722605
2460812.7097222223,-2850.7961401271155,1737.4223068574242,4350.92398071597
2460812.7104166667,-3145.9092933497586,1353.4994131041317,4283.6166669778495
2460812.711111111,-3416.114126867881,958.8478919788541,4182.299355133118
2460812.7118055555,-3659.2689845937707,556.5887972018313,4047.77063521353
2460812.7125,-3873.4442965715625,149.90445458702723,3881.0916297198846
2460812.7131944443,-4056.9380104538727,-257.98622867920955,3683.578189167773
2460812.7138888887,-4208.289412593148,-663.8528851726312,3456.791120583163
2460812.714583333,-4326.291210725548,-1064.4790857800717,3202.524465641734
2460812.715277778,-4409.999740986994,-1456.6878284274956,2922.7918681005344
2460812.7159722224,-4458.743172487846,-1837.3669295844052,2619.81108093231
2460812.716666667,-4472.127585436738,-2203.4941008261803,2295.9866946082293
2460812.717361111,-4450.0408152020145,-2552.161491416332,1953.8911854626883
2460812.7180555556,-4392.653971352389,-2880.5994549201314,1596.2444205731615
2460812.71875,-4300.4205658821975,-3186.1993045625513,1225.8917739081353
2460812.7194444444,-4174.073213445448,-3466.5348114413378,845.7810458842011
2460812.720138889,-4014.617897546658,-3719.382216052294,458.93839338621746
2460812.720833333,-3823.3258338664,-3942.7385268974535,68.44350999389101
2460812.7215277776,-3601.7229959668057,-4134.837907138929,-322.59569619057817
2460812.722222222,-3351.5774057369563,-4294.165970972831,-711.0686631257441
2460812.722916667,-3074.884323173656,-4419.471843719638,-1093.8877085539339
2460812.7236111113,-2773.849505008108,-4509.777871029471,-1468.013266776771
2460812.7243055557,-2450.870719162001,-4564.3869036445785,-1830.4785791315608
2460812.725,-2108.5177345276484,-4582.88711570673,-2178.4135862636604
2460812.7256944445,-1749.5110062947863,-4565.154356459956,-2509.0678078110245
2460812.726388889,-1376.6992981483313,-4511.352066123753,-2819.8320029692413
2460812.7270833333,-993.0364749901933,-4421.928820388018,-3108.258443614284
2460812.7277777777,-601.5576963484147,-4297.613592507236,-3372.0796575629793
2460812.728472222,-205.35523714765952,-4139.408844802386,-3609.2255240312506
2460812.7291666665,192.44585793079455,-3948.5815762978527,-3817.8386370924486
2460812.729861111,588.7120966370126,-3726.6524616795114,-3996.2878769086706
2460812.730555556,980.3256619066183,-3475.3832230379257,-4143.180148162613
2460812.73125,1364.2081822031266,-3196.7623739548794,-4257.370266039864
2460812.7319444446,1737.3440143995842,-2892.9894701335134,-4337.968982920078
2460812.732638889,2096.802915308194,-2566.4579969844735,-4384.349156518857
2460812.7333333334,2439.7619989222926,-2219.7370096785003,-4396.150066898854
2460812.734027778,2763.5268741564964,-1855.551641570304,-4373.279887930859
2460812.734722222,3065.5518729662617,-1476.76258152307,-4315.916319076826
2460812.7354166666,3343.4592740549715,-1086.3446199741222,-4224.505378003679
2460812.736111111,3595.057425053581,-687.364362498965,-4099.758351064435
2460812.7368055554,3818.357661653139,-282.95721093171545,-3942.6468954361712
2460812.7375,4011.5899146601014,123.69628172261918,-3754.3962850653525
2460812.738194444,4173.216886566374,529.394563613401,-3536.476795302766
2460812.738888889,4301.946673434322,930.9396137943853,-3290.5932257257264
2460812.7395833335,4396.743700302711,1325.1616990932425,-3018.672572542229
2460812.740277778,4456.837836887157,1708.944189277774,-2722.8498780966634
2460812.7409722223,4481.731563527013,2079.248250759668,-2405.4522986101374
2460812.7416666667,4471.205060700092,2433.137206601962,-2068.98146490988
2460812.742361111,4425.319111384025,2767.800349552959,-1716.0942275898697
2460812.7430555555,4344.415721715599,3080.5759732527245,-1349.581913752233
2460812.74375,4229.116388883165,3368.973387169333,-972.3482447829006
2460812.7444444443,4080.3179748392504,3630.6936709865454,-587.3861022038466
2460812.7451388887,3899.186174803824,3863.648939050854,-197.75334401294523
2460812.745833333,3687.146606836707,4065.979888815151,193.4520934035807
2460812.746527778,3445.873582411993,4236.071431874357,583.1175632126883
2460812.7472222224,3177.2766562551496,4372.566225933183,968.1412827770104
2460812.747916667,2883.48508836535,4474.375957356879,1345.4578473187166
2460812.748611111,2566.830377511462,4540.69025882351,1712.0634215956368
2460812.7493055556,2229.827062823454,4570.983178229899,2065.0403415708506
2460812.7506944444,1505.6223268449905,4522.844512608941,2719.010011237198
2460812.751388889,1124.1724084434616,4444.8064415646,3014.8067622347553
2460812.752083333,733.8299037594214,4331.529621455663,3286.624327259374
2460812.7527777776,337.69128926671794,4183.920477833247,3532.3084377695673
2460812.753472222,-61.102993376443706,4003.1572358203116,3749.9140814905154
2460812.754166667,-459.39353183306145,3790.6798755009972,3937.7204049771212
2460812.7548611113,-854.0268806504758,3548.178126950504,4094.243739013998
2460812.7555555557,-1241.8802600732215,3277.5776446028112,4218.248699967224
2460812.75625,-1619.8858523988795,2981.0245000123573,4308.75733750463
2460812.7569444445,-1985.0545399166992,2660.8681355054005,4365.056310112748
2460812.757638889,-2334.4989569542854,2319.642905841108,4386.702083313165
2460812.7583333333,-2665.4557206888917,1960.0483435185986,4373.524145823893
2460812.7590277777,-2975.3067297754524,1584.9282647080477,4325.62624510862
2460812.759722222,-3261.599410486363,1197.248840520515,4243.385641693008
2460812.7604166665,-3522.0657984073337,800.0757501002314,4127.450381841717
2460812.761111111,-3754.6403363020454,396.5505397377102,3978.7345879495574
2460812.761805556,-3957.4762662045805,-10.133682785454184,3798.4117680612967
2460812.7625,-4128.960489466537,-416.75708098309116,3587.9061495702563
2460812.7631944446,-4267.726762296418,-820.0982959765026,3348.8820511290987
2460812.763888889,-4372.667092361897,-1216.9598561180785,3083.231320582535
2460812.7645833334,-4442.941205070085,-1604.1936092673818,2793.0588797581795
2460812.765277778,-4477.983949924116,-1978.7259725965987,2480.6664417615943
2460812.765972222,-4477.510529450559,-2337.5827831891893,2148.534489245658
2460812.7666666666,-4441.519448547886,-2677.913519147319,1799.302629814982
2460812.767361111,-4370.293102528445,-2997.014656431764,1435.7484687564477
2460812.7680555554,-4264.39594882189,-3292.351913671267,1060.765177058797
2460812.76875,-4124.670237344578,-3561.5811518835067,677.3379479223125
2460812.769444444,-3952.2293085314873,-3802.5676963564797,288.51956719947884
2460812.770138889,-3748.4485040051145,-4013.403867131044,-102.59466017724112
2460812.7708333335,-3514.953770516698,-4192.424526417844,-492.89237189506355
2460812.771527778,-3253.608072963684,-4338.22047782529,-879.2697330874179
2460812.7722222223,-2966.495767634594,-4449.6495830640615,-1258.6568738370408
2460812.7729166667,-2655.9051107921023,-4525.845500389216,-1628.0429214764424
2460812.773611111,-2324.309105528709,-4566.223982169444,-1984.5003735286818
2460812.7743055555,-1974.344908417845,-4570.486707847684,-2325.2085749368593
2460812.775,-1608.7920246743047,-4538.62266504877,-2647.476089812539
2460812.7756944443,-1230.5495305472803,-4470.907123510529,-2948.7617775731624
2460812.7763888887,-842.612557829407,-4367.898276531658,-3226.6944146894552
2460812.777083333,-448.04827037338777,-4230.431649049007,-3479.090730635644
2460812.777777778,-49.971547230803935,-4059.612389166958,-3703.971757899196
2460812.7784722224,348.4794211427335,-3856.805575134071,-3899.577418094083
2460812.779166667,744.1674437641133,-3623.62467433962,-4064.379296465774
2460812.779861111,1133.9803799297822,-3361.9182944841123,-4197.0915730661045
2460812.7805555556,1514.8547812306035,-3073.755365941911,-4296.680096003367
2460812.78125,1883.7990001267806,-2761.4088836836354,-4362.369595840136
2460812.7819444444,2237.9156435176847,-2427.3383368167847,-4393.649043131013
2460812.782638889,2574.423271539867,-2074.1709381301034,-4390.275157637186
2460812.783333333,2890.67724319587,-1704.6817614822855,-4352.274074808142
2460812.7840277776,3184.1896145972373,-1321.772888102213,-4279.9411726970275
2460812.784722222,3452.6479928783506,-928.451662534287,-4173.839059317454
2460812.785416667,3693.9332521499036,-527.8081493676583,-4034.793714529855
2460812.7861111113,3906.135999616373,-122.99190109293785,-3863.888780634923
2460812.7868055557,4087.5716832328662,282.81185903770216,-3662.457992962946
2460812.7875,4236.794215720953,686.4065105532409,-3432.07574884892
2460812.7881944445,4352.607989249833,1084.6086330150608,-3174.5458169524177
2460812.788888889,4434.078145131284,1474.2727652440203,-2891.8882066061724
2460812.7895833333,4480.5389666772335,1852.3161569815786,-2586.3242282085557
2460812.7902777777,4491.60026367442,2215.7433147326233,-2260.259803025467
2460812.790972222,4467.151628607915,2561.67013388507,-1916.2671013253
2460812.792361111,4312.691654323074,3190.183372080501,-1185.495811334808
2460812.793055556,4183.864945920198,3467.76536101746,-804.506510239605
2460812.79375,4021.8897994020385,3717.879815262926,-417.12121387566293
2460812.7944444446,3828.037924939055,3938.530931578744,-26.41857425831416
2460812.795138889,3603.8374163956705,4127.957428013105,364.49374370877973
2460812.7958333334,3351.0606010531246,4284.6473339841505,752.5045565044227
2460812.796527778,3071.709713372629,4407.350620449727,1134.5247445488249
2460812.797222222,2768.0005353140955,4495.089535643108,1507.5126607162629
2460812.7979166666,2442.3441810515083,4547.166541990336,1868.4990963615487
2460812.798611111,2097.3272243870656,4563.169789576596,2214.6115533928337
2460812.7993055554,1735.6903877209065,4542.97609691035,2543.097583689232
2460812.8,1360.3060259775093,4486.751446037486,2851.3469766105286
2460812.800694444,974.1546432035459,4394.949032975054,3136.91260243694
2460812.801388889,580.3006784114658,4268.304942979019,3397.5297470935784
2460812.8020833335,181.86779807231932,4107.831546488139,3631.1337972290285
2460812.802777778,-217.98608627560967,3914.8087292238256,3835.8761695043204
2460812.8034722223,-616.0938627264055,3690.773085539551,4010.138398486434
2460812.8041666667,-1009.3041357925646,3437.5052103923763,4152.544325280289
2460812.804861111,-1394.505836519275,3157.0152311546894,4261.9703459431075
2460812.8055555555,-1768.6523687532697,2851.526717454532,4337.553697051203
2460812.80625,-2128.78514486688,2523.4591065554473,4378.698765509683
2460812.8069444443,-2472.0563834835853,2175.408771240827,4385.081418536588
2460812.8076388887,-2795.7510398403097,1810.1288611139064,4356.651351569246
2460812.808333333,-3097.307756947385,1430.5080340304075,4293.6324553528975
2460812.809027778,-3374.338720575119,1039.5481975250161,4196.521201245007
2460812.8097222224,-3624.6482999461487,640.3413823608026,4066.083044546907
2460812.810416667,-3846.25035631485,236.04586993355807,3903.3468454209233
2460812.811111111,-4037.38409373126,-170.13829367606803,3709.5973096079833
2460812.8118055556,-4196.528320065179,-574.9942485264501,3486.365459838533
2460812.8125,-4322.413988930408,-975.3135868054828,3235.4171527027042
2460812.8131944444,-4414.034882406024,-1367.9217476720523,2958.739679793397
2460812.813888889,-4470.65630671137,-1749.7033598330088,2658.5264993515575
2460812.814583333,-4491.821672593761,-2117.62731582162,2337.160177143604
2460812.8152777776,-4477.356848958674,-2468.7713589515647,1997.1936345972165
2460812.815972222,-4427.372194425129,-2800.3459481708746,1641.3298326248455
2460812.816666667,-4342.262195203584,-3109.717160844025,1272.4000472982389
2460812.8173611113,-4222.702665836056,-3394.4283923947833,893.340921499929
2460812.8180555557,-4069.645501068456,-3652.2206178129213,507.17050133390444
2460812.81875,-3884.3110031361707,-3881.0509894950546,116.96349152694653
2460812.8194444445,-3668.1778435531673,-4079.1095680037806,-274.1740233742596
2460812.820138889,-3422.970753919139,-4244.834004297422,-663.1301319199367
2460812.8208333333,-3150.6460808757643,-4376.922017693763,-1046.812647831133
2460812.8215277777,-2853.375359553983,-4474.34155694265,-1422.1744079147745
2460812.822222222,-2533.527102040861,-4536.338555841956,-1786.2380443859695
2460812.8229166665,-2193.6470051747656,-4562.442241650887,-2136.1199959848127
2460812.823611111,-1836.4368068812892,-4552.4679855185495,-2469.05352693864
2460812.824305556,-1464.732023908015,-4506.517721461836,-2782.4105537493533
2460812.825,-1081.478811100071,-4424.977991603623,-3073.7221015824375
2460812.8256944446,-689.7101709486068,-4308.515701930055,-3340.697247560632
2460812.826388889,-292.52174525515704,-4158.071696433454,-3581.2404273037428
2460812.8270833334,106.95260740171763,-3974.852271049719,-3793.467020832152
2460812.827777778,505.56524521365924,-3760.3187634231363,-3975.7171484052183
2460812.828472222,900.1790193297994,-3516.1753539503384,-4126.56764008273
2460812.8291666666,1287.6912267364473,-3244.3552204441144,-4244.842152020938
2460812.829861111,1665.057107675254,-2947.0051772017227,-4329.61942452776
2460812.8305555554,2029.3127578763356,-2626.468929909739,-4380.239680163804
2460812.83125,2377.597349020383,-2285.2690635740164,-4396.309169251721
2460812.831944444,2707.174554686886,-1926.0878755170945,-4377.7028690722545
2460812.832638889,3015.4530857588156,-1551.7471576678204,-4324.565342070137
2460812.834027778,3558.5903766487895,-769.4439007705612,-4116.615055780436
2460812.8347222223,3789.1621942763027,-367.6277116537589,-3963.421302576368
2460812.8354166667,3989.8947314491734,37.10152098482981,-3778.923137534459
2460812.836111111,4159.191946237319,441.5576639460552,-3564.5613979840377
2460812.8368055555,4295.701762609029,842.5528457109334,-3322.012866383445
2460812.8375,4398.327448806625,1236.9220951401794,-3053.178167394168
2460812.8381944443,4466.237193712429,1621.5480812769206,-2760.1678340686885
2460812.8388888887,4498.871745660274,1993.3857646206952,-2445.286590841513
2460812.839583333,4495.949988348763,2349.4867674956868,-2111.0159137742003
2460812.840277778,4457.47233622916,2687.0232401507305,-1759.994965065108
2460812.8409722224,4383.7218513061935,3003.3109974009485,-1395.0000194604188
2460812.841666667,4275.263004885885,3295.8316874068105,-1018.9225332256981
2460812.842361111,4132.938036758014,3562.2537521229865,-634.7460358411832
2460812.8430555556,3957.8608947845346,3800.4519471769113,-245.52204590091992
2460812.84375,3751.4087737976424,4008.525194519962,145.65475841790843
2460812.8444444444,3515.2113090151456,4184.812560961704,535.6718678697489
2460812.845138889,3251.1375153459558,4327.9071788700785,921.4245103740767
2460812.845833333,2961.2805984985284,4436.667953643092,1299.841193119253
2460812.8465277776,2647.9407971570267,4510.228934496222,1667.9089504833928
2460812.847222222,2313.606441371344,4548.006261701511,2022.6980388742193
2460812.847916667,1960.9334391483642,4549.702639315839,2361.385827109693
2460812.8486111113,1592.7234106559943,4515.309320388847,2681.2796589305603
2460812.8493055557,1211.900713356123,4445.105624955449,2979.8384721794764
2460812.85,821.4885913747936,4339.656044443795,3254.6929996564104
2460812.8506944445,424.5846891832799,4199.805012767802,3503.6643950066123
2460812.851388889,24.336160102565294,4026.6694479922025,3724.7811583341995
2460812.8520833333,-376.0854173713976,3821.629182811976,3916.294266639745
2460812.8527777777,-773.5091037504894,3586.3154189909947,4076.6904316670953
2460812.853472222,-1164.7894678238551,3322.597338721812,4204.703440799866
2460812.8541666665,-1546.8310807293353,3032.5670178666583,4299.323543666722
2460812.854861111,-1916.6124925167044,2718.5227720389244,4359.804870709538
2460812.855555556,-2271.2095421929084,2382.951074977405,4385.670871729531
2460812.85625,-2607.8178797956384,2028.5071726337007,4376.717773882048
2460812.8569444446,-2923.774577710986,1657.994517050567,4333.016057867273
2460812.857638889,-3216.5787143874627,1274.34313979355,4254.909952528569
2460812.8583333334,-3483.91081488442,880.587082981085,4143.014947469421
2460812.859027778,-3723.651029701165,479.8410089197654,3998.2133229924657
2460812.859722222,-3933.895929117892,75.27611536254622,3821.647698118996
2460812.8604166666,-4112.9737852212675,-329.9045070394164,3614.7126015371464
2460812.861111111,-4259.458208785259,-732.4909247886532,3379.044078525013
2460812.8618055554,-4372.180006238633,-1129.2916553953153,3116.507357855142
2460812.8625,-4450.237120891046,-1517.1590218767321,2829.182620257885
2460812.863194444,-4493.002527969178,-1893.014369779355,2519.3489295903964
2460812.863888889,-4500.129961925465,-2253.872931971888,2189.4664123426146
2460812.8645833335,-4471.557369289001,-2596.8681144072493,1842.1567968713841
2460812.865277778,-4407.50800069032,-2919.27496372451,1480.1824549168693
2460812.8659722223,-4308.48908120026,-3218.5325790319503,1106.4241110300236
2460812.8666666667,-4175.288027552877,-3492.2652268337724,723.8574166860972
2460812.867361111,-4008.96621619461,-3738.3019257947435,335.5286122028838
2460812.8680555555,-3810.850338956024,-3954.694289076636,-55.47048895186938
2460812.86875,-3582.5214216963714,-4139.732425141695,-446.0279346758276
2460812.8694444443,-3325.801618205308,-4291.958727002474,-833.0372208766024
2460812.8701388887,-3042.738919761705,-4410.179414550449,-1213.422769191543
2460812.870833333,-2735.589959297371,-4493.47372217237,-1584.1650236811745
2460812.871527778,-2406.8011025111246,-4541.200667882517,-1942.324922542643
2460812.8722222224,-2058.9880511894735,-4553.003370672033,-2285.067497751058
2460812.872916667,-1694.914180931716,-4528.810924023067,-2609.684396648578
2460812.873611111,-1317.467859161123,-4468.837863498254,-2913.6151247002726
2460812.8743055556,-929.6389723136077,-4373.581298208587,-3194.4668544275423
2460812.8756944444,-135.156143403423,-4080.5861647216775,-3678.3080813528545
2460812.876388889,265.22815520632463,-3885.1981714267645,-3877.505918567551
2460812.877083333,663.5046659771159,-3659.207477937281,-4046.0692375428985
2460812.8777777776,1056.5400779592098,-3404.406787890954,-4182.682520322738
2460812.878472222,1441.2449372031554,-3122.811428887731,-4286.280963997388
2460812.879166667,1814.5969759209227,-2816.64347108263,-4356.057918683195
2460812.8798611113,2173.6638148421,-2488.3145106615602,-4391.470468345211
2460812.8805555557,2515.6249312295795,-2140.407234690268,-4392.243161271844
2460812.88125,2837.7927961874316,-1775.6558725745545,-4358.369897089345
2460812.8819444445,3137.63308369208,-1396.9256370891842,-4290.1139737740505
2460812.882638889,3412.783857674577,-1007.1912503095836,-4188.006294479195
2460812.8833333333,3661.07363665263,-609.514652577785,-4052.8417298766417
2460812.8840277777,3880.538230759831,-207.02199467077162,-3885.6736290201216
2460812.884722222,4069.4362379721597,197.11997932712418,-3687.8064708878937
2460812.8854166665,4226.263075878528,599.7280346888042,-3460.786654093521
2460812.886111111,4349.763423079604,997.6269057640858,-3206.3914247875177
2460812.886805556,4438.941932270973,1387.6739521333873,-2926.615961717878
2460812.8875,4493.072082185452,1766.7838459272791,-2623.6586471116157
2460812.8881944446,4511.7030344142595,2131.9530963020648,-2299.904578259109
2460812.888888889,4494.6643715118535,2480.28420632754,-1957.907395027026
2460812.8895833334,4442.068605834227,2809.009236707773,-1600.3695307043372
2460812.890277778,4354.311368776281,3115.512547089131,-1230.1210164347742
2460812.890972222,4232.069215158987,3397.352472957637,-850.097005256385
2460812.8916666666,4076.2950067896336,3652.2817030273186,-463.3142030735861
2460812.892361111,3888.210873519716,3878.26612362851,-72.84642477990911
2460812.8930555554,3669.298784331327,4073.5019142510478,318.2004904317884
2460812.89375,3421.2888005685586,4236.43069368064,706.7141473810029
2460812.894444444,3146.1451152800437,4365.7525469732855,1089.6011882869782
2460812.895138889,2846.050020777675,4460.436788782441,1463.8127400171543
2460812.8958333335,2523.385975912171,4519.730355455419,1826.3694504446732
2460812.896527778,2180.7159668248073,4543.163754664677,2174.385861738464
2460812.8972222223,1820.762381857189,4530.554536177646,2505.0938751380277
2460812.8979166667,1446.3846284845101,4482.008285567245,2815.865090389291
2460812.898611111,1060.555731334312,4397.917174873719,3104.231822303607
2460812.8993055555,666.3381534513959,4278.9561356685035,3367.906623314656
2460812.9,266.8590702607303,4126.076743688662,3604.8001752627356
2460812.9006944443,-134.71467270380484,3940.498926361687,3813.0374330878685
2460812.9013888887,-535.2017094890389,3723.70061756758,3990.971936854771
2460812.902083333,-931.431212856798,3477.405494211368,4137.198228876258
2460812.902777778,-1320.267684939404,3203.5689320662923,4250.562334971211
2460812.9034722224,-1698.635315390535,2904.3623197492207,4330.170283843926
2460812.904166667,-2063.5417612478573,2582.1558648484615,4375.394651715834
2460812.904861111,-2412.1012113575543,2239.5000245597284,4385.879126157692
2460812.9055555556,-2741.5566148350485,1879.1056820453387,4361.5410884575285
2460812.90625,-3049.300949882481,1503.8231931440175,4302.5722139335985
2460812.9069444444,-3332.897420141574,1116.620418162889,4209.437090446242
2460812.907638889,-3590.098459213828,720.5598591925997,4082.8698542553507
2460812.908333333,-3818.8634229796867,318.77502543067743,3923.868843154399
2460812.9090277776,-4017.37484479138,-85.55384429344691,3733.689268695715
2460812.909722222,-4184.053121950471,-489.2245591785476,3513.8339156387296
2460812.910416667,-4317.56949875605,-889.0380984061766,3266.0418864613657
2460812.9111111113,-4416.857210506358,-1281.8239082671203,2992.2754206889363
2460812.9118055557,-4481.120652071949,-1664.465181300825,2694.704841051383
2460812.9125,-4509.842444273786,-2033.9239153835697,2375.691696449024
2460812.9131944445,-4502.788280878732,-2387.2655322151336,2037.7701985646613
2460812.913888889,-4460.0094564492465,-2721.682822432633,1683.6270772975818
2460812.9145833333,-4381.842998508066,-3034.518977861014,1316.0800087236457
2460812.9152777777,-4268.909354810886,-3323.289471541691,938.0547951535663
2460812.915972222,-4122.107617808923,-3585.70254878168,552.5615039949734
2460812.917361111,-3731.8437416383376,-4023.364723134868,-228.51630614018853
2460812.918055556,-3491.496156374039,-4195.154744735413,-617.8839623945314
2460812.91875,-3223.483580732713,-4333.697117892392,-1002.3370825799371
2460812.9194444446,-2929.9437441094287,-4437.907997526759,-1378.8216729999133
2460812.920138889,-2613.216128314265,-4506.978949649087,-1744.3506892085265
2460812.9208333334,-2275.8223961924923,-4540.382727351192,-2096.0281524517345
2460812.921527778,-1920.4454194988168,-4537.876600427528,-2431.072298774125
2460812.922222222,-1549.9071364685065,-4499.503259030994,-2746.8375595725993
2460812.9229166666,-1167.145482112227,-4425.589342890387,-3040.835189418754
2460812.923611111,-775.1906214082793,-4316.741675939047,-3310.7523956536506
2460812.9243055554,-377.14071588756076,-4173.841308688011,-3554.4698450892756
2460812.925,23.86256091097825,-3998.035488967045,-3770.0774548002705
2460812.925694444,424.65856682818975,-3790.727689612824,-3955.8884037807134
2460812.926388889,822.09210365654,-3553.5658335011285,-4110.451316300185
2460812.9270833335,1213.0375492587898,-3288.4288480076207,-4232.560598408701
2460812.927777778,1594.4225535778612,-2997.4116895372763,-4321.264911815663
2460812.9284722223,1963.2511824560004,-2682.8089602188757,-4375.873789830594
2460812.9291666667,2316.6263919799007,-2347.097238141095,-4395.962398437814
2460812.929861111,2651.7717280019237,-1992.9162348186837,-4381.374449721238
2460812.9305555555,2966.052158026387,-1623.0488800676544,-4332.223273969473
2460812.93125,3256.993938126127,-1240.4004338978546,-4248.89105176607
2460812.9319444443,3522.3034163662833,-847.9767233859473,-4132.026204463414
2460812.9326388887,3759.8846732370216,-448.86159871102404,-3982.5389367601183
2460812.933333333,3967.8558871268547,-46.19371433929874,-3801.594924240747
2460812.934027778,4144.564307756472,356.85725235792086,-3590.6071398245645
2460812.9347222224,4288.599713131036,757.114822605215,-3351.2258158103164
2460812.935416667,4398.806214581604,1151.420229616198,-3085.3265523016066
2460812.936111111,4474.292276318963,1536.6570677132022,-2794.9965924432418
2460812.9368055556,4514.438813491369,1909.775900338001,-2482.519302463709
2460812.9375,4518.90523644227,2267.818620666823,-2150.3569261428916
2460812.9381944444,4487.633323691077,2607.942360117293,-1801.1316962651015
2460812.938888889,4420.84881906804,2927.442712229378,-1437.6054242002506
2460812.939583333,4319.060672463055,3223.776037454666,-1062.6577134357424
2460812.9402777776,4183.057870017364,3494.5806109898203,-679.2629709973338
2460812.940972222,4013.903832308764,3737.696375581284,-290.4664217083997
2460812.941666667,3812.928390704579,3951.1830772478083,100.64065508426751
2460812.9423611113,3581.7173945821164,4133.336567444665,490.9462119150053
2460812.9430555557,3322.100030887212,4282.703090414907,877.3429943137963
2460812.94375,3036.13397983238,4398.091391164889,1256.7541039154141
2460812.9444444445,2726.088559539426,4478.582517400951,1626.1582989188696
2460812.945138889,2394.4260427756844,4523.5372218234525,1982.6147694161366
2460812.9458333333,2043.7813514020586,4532.600908371106,2323.2871385564304
2460812.9465277777,1676.9403530433024,4505.70610228789,2645.4664564050863
2460812.947222222,1296.816993032696,4443.07245902736,2946.5929780914503
2460812.9479166665,906.4295058167758,4345.2043596882195,3224.2765378424306
2460812.948611111,508.87593926726214,4212.886168278751,3476.315366628249
2460812.949305556,107.30922659502585,4047.1752494911734,3700.7132221036345
2460812.95,-295.0879733271461,3849.3928640056574,3895.694730231135
2460812.9506944446,-695.1284620184514,3621.1130700032177,4059.7188641391213
2460812.951388889,-1089.645526449039,3364.1497650302454,4191.49050826634
2460812.9520833334,-1475.517625606122,3080.542008725182,4289.970071671024
2460812.952777778,-1849.6925868655253,2772.5377605658105,4354.381133202982
2460812.953472222,-2209.211168684051,2442.5761656258983,4384.216108180787
2460812.9541666666,-2551.2298588579633,2093.2685159425578,4379.239933294832
2460812.954861111,-2873.0427865216643,1727.3780093528478,4339.491769450729
2460812.9555555554,-3172.1026299904374,1347.7984241934246,4265.284722560185
2460812.95625,-3446.0404023641604,957.5318285288762,4157.203582133951
2460812.956944444,-3692.6839976616693,559.6654409521472,4016.1005766003746
2460812.957638889,-3910.0753725473105,157.34776951474976,3843.089145788058
2460812.959027778,-4250.432105743544,-647.8880717049842,3407.0496260612526
2460812.9597222223,-4370.6846224123265,-1044.4248531974233,3147.470813593919
2460812.9604166667,-4456.281935330646,-1432.700577788294,2862.8559923250186
2460812.961111111,-4506.5370769497495,-1809.6333013823669,2555.4626858103247
2460812.9618055555,-4521.044170096335,-2172.229602907432,2227.7316176985505
2460812.9625,-4499.6823682058875,-2517.6089168729673,1882.2674282079304
2460812.9631944443,-4442.61743541071,-2843.0271003327957,1521.817871284767
2460812.9638888887,-4350.30090021795,-3145.8989886036566,1149.2516630696107
2460812.964583333,-4223.466746755827,-3423.8197040588625,767.535171432742
2460812.965277778,-4063.1256382180936,-3674.5844874452696,379.7081603397472
2460812.9659722224,-3870.5567081207046,-3896.2068249652166,-11.141162317459445
2460812.966666667,-3647.2969843368905,-4086.9346809947683,-401.90155176131714
2460812.967361111,-3395.128554236944,-4245.264655741826,-789.4643147337564
2460812.9680555556,-3116.063609150234,-4369.953927365879,-1170.7488154891835
2460812.96875,-2812.3275351771836,-4460.029869461388,-1542.7276379066404
2460812.9694444444,-2486.3402520498867,-4514.797267590387,-1902.4511402779963
2460812.970138889,-2140.6960094113215,-4533.843101829193,-2247.071172581105
2460812.970833333,-1778.141872981483,-4517.038892897336,-2573.8637328274526
2460812.9715277776,-1401.5551387367,-4464.540645947738,-2880.250367872209
2460812.972222222,-1013.9199094375257,-4376.786455776376,-3163.8181554582375
2460812.972916667,-618.3030713373333,-4254.491863407505,-3422.338125637323
2460812.9736111113,-217.82988733141977,-4098.643072870534,-3653.782017982887
2460812.9743055557,184.34057960479302,-3910.4881535080945,-3856.337289141675
2460812.975,585.0400240636156,-3691.5263609248827,-4028.420316829985
2460812.9756944445,981.1152657797796,-3443.495712433705,-4168.687765913699
2460812.976388889,1369.4522695750723,-3168.3589548104997,-4276.046097385478
2460812.9770833333,1746.99968700785,-2868.2880522546075,-4349.659217479896
2460812.9777777777,2110.791793784874,-2545.647321380046,-4388.9542679070155
2460812.978472222,2457.9707176439697,-2202.9753265893314,-4393.62556509982
2460812.9791666665,2785.807855273869,-1842.9656435124596,-4363.636694646227
2460812.979861111,3091.7243815552492,-1468.4465914989044,-4299.220765066493
2460812.980555556,3373.3107548492258,-1082.3600320020305,-4200.878821381086
2460812.98125,3628.3451202307547,-687.7393266707361,-4069.3764141023976
2460812.9819444446,3854.810501996312,-287.6865580551003,-3905.738317711615
2460812.982638889,4050.91067560038,114.65088629765864,-3711.24138950567
2460812.9833333334,4215.084592263141,516.1042410015374,-3487.4055670033626
2460812.984027778,4346.019232188753,913.5076798415398,-3235.9830011682902
2460812.984722222,4442.660745034515,1303.7228604346863,-2958.945345221845
2460812.9854166666,4504.223745338559,1683.6635391784082,-2658.4692232801053
2460812.986111111,4530.19862525291,2050.320062954167,-2336.919932572401
2460812.9868055554,4520.356758309839,2400.783536796243,-1996.833451001175
2460812.9875,4474.7534796264035,2732.2694437770615,-1640.8968548081605
2460812.988194444,4393.728747771366,3042.14049012791,-1271.9272730061148
2460812.988888889,4277.905417315187,3327.928435088407,-892.8495404785174
2460812.9895833335,4128.185081278088,3587.3546676670467,-506.6727374490762
2460812.990277778,3945.7414742063897,3818.3493001354323,-116.46582533167499
2460812.9909722223,3732.011464878852,4019.068554883001,274.6673816249066
2460812.9916666667,3488.6837008004827,4187.9102468802585,663.6136626058901
2460812.992361111,3217.6850087498824,4323.527181316339,1047.2759849306299
2460812.9930555555,2921.1646823512788,4424.838323306484,1422.5989877519332
2460812.99375,2601.476828097256,4491.037622374779,1786.5940814761852
2460812.9944444443,2261.160959414416,4521.600416194121,2136.3639117017146
2460812.9951388887,1902.9210559584435,4516.287371050813,2469.1259413521275
2460812.995833333,1529.6033159788612,4475.145954369706,2782.2349301120853
2460812.996527778,1144.1728423427217,4398.509468146811,3073.2041096930993
2460812.9972222224,749.6894998876188,4286.99370277079,3339.7248850619944
2460812.997916667,349.28318081964255,4141.491296066578,3579.6849166495886
2460812.998611111,-53.87129044969651,3963.1639051154516,3791.184465303205
2460812.9993055556,-456.5794020238152,3753.4323117522154,3972.5509139014034
2460813.0006944444,-1247.9309939053815,3246.6624910054966,4239.403515666584
2460813.001388889,-1630.3124231957152,2953.64612895554,4322.784044542379
2460813.002083333,-1999.7719612538997,2637.2371890593176,4371.835729182975
2460813.0027777776,-2353.3874925279874,2299.940700335682,4386.172054302217
2460813.003472222,-2688.361772279891,1944.4255494971133,4365.680049013945
2460813.004166667,-3002.044001984698,1573.50383948577,4310.521106578933
2460813.0048611113,-3291.9503537517126,1190.109210677561,4221.12982192106
2460813.0055555557,-3555.7833242857027,797.2742432225966,4098.210846187432
2460813.00625,-3791.449797628384,398.107060639222,3942.7337577934445
2460813.0069444445,-3997.0776897993082,-4.232736369641703,3755.9259519112206
2460813.007638889,-4171.031044221532,-406.55866745505864,3539.263555375449
2460813.0083333333,-4311.923441932035,-805.682348795312,3294.460383120325
2460813.0090277777,-4418.629588322591,-1198.4386789263037,3023.4549658663
2460813.009722222,-4490.2949394823245,-1581.7110475190816,2728.3956972597225
2460813.0104166665,-4526.343237952825,-1952.4563692660408,2411.624166015218
2460813.011111111,-4526.481835741371,-2307.729716803874,2075.6567733219204
2460813.011805556,-4490.704702653616,-2644.7083317327665,1723.164750303607
2460813.0125,-4419.293037095679,-2960.714768908112,1356.9527310607793
2460813.0131944446,-4312.813425052642,-3253.2389379992305,979.9360554067957
2460813.013888889,-4172.113523454996,-3519.958803501469,595.1170066515931
2460813.0145833334,-3998.3152794675257,-3758.759515191983,205.56021258383893
2460813.015277778,-3792.805734019056,-3967.7507577858983,-185.6325437076801
2460813.015972222,-3557.2254916222264,-4145.282133323538,-575.3478485003902
2460813.0166666666,-3293.4549800310488,-4289.956410377014,-960.4862434877482
2460813.017361111,-3003.598648585332,-4400.640514912768,-1337.987613944447
2460813.0180555554,-2689.967290144171,-4476.474165282518,-1704.856111888206
2460813.01875,-2355.058689086952,-4516.876095294449,-2058.1843696815104
2460813.019444444,-2001.536819996296,-4521.547843246353,-2395.176770548317
2460813.020138889,-1632.2098288696277,-4490.4751214135895,-2713.1715700661216
2460813.0208333335,-1250.007038446165,-4423.926812410156,-3009.661683556208
2460813.021527778,-857.9552090759553,-4322.451666985782,-3282.3139903612328
2460813.0222222223,-459.1542895129821,-4186.872801543704,-3528.9870257478947
2460813.0229166667,-56.7528738687201,-4018.280112197606,-3747.746965960382
2460813.023611111,346.0764375602618,-3818.020732039236,-3936.881839040768
2460813.0243055555,746.161585039501,-3587.6876678862045,-4094.9139121783805
2460813.025,1140.3553432741674,-3329.1067510100925,-4220.610231559886
2460813.0256944443,1525.5592128234446,-3044.3220367670433,-4312.991301746166
2460813.0263888887,1898.746781387685,-2735.5797798586627,-4371.337904795389
2460813.027083333,2256.9864412475035,-2405.3111029920974,-4395.196064186944
2460813.027777778,2597.4633531299487,-2056.1134738035066,-4384.380159664113
2460813.0284722224,2917.5005623162283,-1690.7310903093799,-4338.974199799197
2460813.029166667,3214.579168063756,-1312.0342751278179,-4259.331254420141
2460813.029861111,3486.357450885905,-922.9979712202451,-4146.071044966364
2460813.0305555556,3730.688852560289,-526.6794383232597,-4000.075687621419
2460813.03125,3945.6387004100516,-126.19525054725722,-3822.4835820534495
2460813.0319444444,4129.499559103848,275.30229688746084,-3614.6814379100424
2460813.032638889,4280.8050814213975,674.6492450560918,-3378.2944380387453
2460813.033333333,4398.342225967386,1068.6943549351088,-3115.174545106194
2460813.0340277776,4481.161705155143,1454.3236626089515,-2827.386970092499
2460813.034722222,4528.5865242053305,1828.4850257449968,-2517.194843580921
2460813.035416667,4540.21847932677,2188.212470288757,-2187.0421483471323
2460813.0361111113,4515.942491389337,2530.650123677386,-1839.5350012390493
2460813.0368055557,4455.928667750271,2853.0755126928584,-1477.4213957040477
2460813.0375,4360.632006327932,3152.9219869655954,-1103.5695527565583
2460813.0381944445,4230.789682763283,3427.8000339681926,-720.9450486569352
2460813.038888889,4067.41589291533,3675.5172466575336,-332.5869213372195
2460813.0395833333,3871.794255961552,3894.0967185314544,58.41702455282084
2460813.0402777777,3645.4678229814126,4081.793649928299,448.9554657483679
2460813.040972222,3390.22676889512,4237.109977714125,835.9191094752604
2460813.042361111,2801.3080257916095,4445.914892609249,1586.8482319019317
2460813.043055556,2472.3056695508876,4497.74193340503,1944.834068008951
2460813.04375,2123.7008318497433,4513.878511438802,2287.334770929188
2460813.0444444446,1758.2635174099007,4494.200756468973,2611.626355018201
2460813.045138889,1378.8969657577416,4438.870881076692,2915.131781733963
2460813.0458333334,988.613926474255,4348.335249906231,3195.441496616973
2460813.046527778,590.5121989284276,4223.320106902647,3450.3324257779063
2460813.047222222,187.7496787101622,4064.8250565268013,3677.7852938202386
2460813.0479166666,-216.4808758457511,3874.1144096078297,3876.0001664006822
2460813.048611111,-618.9771393880752,3652.706522100351,4043.4101337499123
2460813.0493055554,-1016.5523914062205,3402.3612579380674,4178.69308431551
2460813.05,-1406.0603835351562,3125.0657145706355,4280.781530296204
2460813.050694444,-1784.419748517648,2823.0183433666502,4348.870466367803
2460813.051388889,-2148.6378017620636,2498.611598970611,4382.423249433822
2460813.0520833335,-2495.8336039020246,2154.4132441070496,4381.175496510807
2460813.052777778,-2823.260161469352,1793.1464303915564,4345.13700035875
2460813.0534722223,-3128.325646922043,1417.6686716851007,4274.5916623554995
2460813.0541666667,-3408.6135157122985,1030.9498310102563,4170.095442812065
2460813.054861111,-3661.9014056796464,636.0492333734862,4032.4723275932774
2460813.0555555555,-3886.178691364342,236.0920311119689,3862.8083114176507
2460813.05625,-4079.662564501108,-165.75504619658363,3662.443402081629
2460813.0569444443,-4240.81250798485,-566.3084162572032,3432.9616547882842
2460813.0576388887,-4368.343022835042,-962.3926796280506,3176.179260021778
2460813.058333333,-4461.234470930432,-1350.8657930577504,2894.1307212672195
2460813.059027778,-4518.7418977810785,-1728.644189837728,2589.0531773499706
2460813.0597222224,-4540.401705876757,-2092.7276317564924,2263.3689539506067
2460813.060416667,-4526.036065939788,-2440.2235775548934,1919.6664446915872
2460813.061111111,-4475.754968783297,-2768.3708286812243,1560.6794597831588
2460813.0618055556,-4389.955847499852,-3074.5622129080775,1189.2652058634956
2460813.0625,-4269.320726823705,-3356.3660713224995,808.3810813568848
2460813.0631944444,-4114.810891224289,-3611.5463085272627,421.0605093898983
2460813.063888889,-3927.6590970976026,-3838.0807898623507,30.388038959323644
2460813.064583333,-3709.359393775457,-4034.1778796843782,-360.52602810060046
2460813.0652777776,-3461.654651446803,-4198.290945937007,-748.5712254129186
2460813.065972222,-3186.521930888718,-4329.130681001343,-1130.6624558773808
2460813.066666667,-2886.155862995931,-4425.675123430622,-1503.7652032049532
2460813.0673611113,-2562.9502251601994,-4487.177304118303,-1864.9201723888984
2460813.0680555557,-2219.4779347945487,-4513.170471317015,-2211.2671083734654
2460813.06875,-1858.4696829889597,-4503.470890784453,-2540.067579161918
2460813.0694444445,-1482.7914473658166,-4458.178247657491,-2848.7265231554798
2460813.070138889,-1095.4211246773896,-4377.673709361453,-3134.81239006092
2460813.0708333333,-699.4245131053359,-4262.615734132992,-3396.075738594152
2460813.0715277777,-297.9308725532869,-4113.933730968632,-3630.46617607768
2460813.072222222,105.89172614742625,-3932.81969269893,-3836.1475566696904
2460813.0729166665,508.8610699368137,-3720.7179328341444,-4011.5113804475777
2460813.073611111,907.8053142116757,-3479.3130612170726,-4155.188356378942
2460813.074305556,1299.5871797991686,-3210.516332183656,-4266.058110311777
2460813.075,1681.1276923804,-2916.450498708338,-4343.257030426805
2460813.0756944446,2049.4293487736145,-2599.4332910725675,-4386.184255086327
2460813.076388889,2401.5985911387575,-2261.959640768463,-4394.505807103207
2460813.0770833334,2734.867494271682,-1906.6827511977797,-4368.156882767243
2460813.077777778,3046.6145618060227,-1536.3941211151807,-4307.342299257779
2460813.078472222,3334.3845385345903,-1154.0026135600353,-4212.535101947595
2460813.0791666666,3595.9071398337073,-762.5126628227137,-4084.4733268520927
2460813.079861111,3829.1145871151407,-365.00172349302,-3924.154912965865
2460813.0805555554,4032.1578401083966,35.402939284692835,-3732.8307562277914
2460813.08125,4203.421402387968,435.54800233605584,-3511.995899546226
2460813.081944444,4341.536569076212,832.2782488675995,-3263.378860708327
2460813.082638889,4445.392981144763,1222.460999029279,-2988.929110267238
2460813.084027778,4547.236198561773,1970.9130867457282,-2371.346277986403
2460813.0847222223,4544.371537803099,2323.2499253502356,-2033.0789980021282
2460813.0854166667,4505.554278878262,2657.2220984945666,-1678.6733621449641
2460813.086111111,4431.070363410389,2970.1728270415224,-1310.9341833890808
2460813.0868055555,4321.4904870226155,3259.609576853585,-932.7763891628919
2460813.0875,4177.66638558313,3523.224817995962,-547.2016619124917
2460813.0881944443,4000.724668615747,3758.915343856792,-157.27415619655807
2460813.0888888887,3792.0582197631206,3964.7999314808803,233.90447952683678
2460813.089583333,3553.315225388696,4139.235134729733,623.2205198573561
2460813.090277778,3286.3859245685007,4280.829033469607,1007.5737617422665
2460813.0909722224,2993.3872120414967,4388.4527851761595,1383.903036054251
2460813.091666667,2676.6452578714398,4461.249860110186,1749.211364346513
2460813.092361111,2338.6763320061686,4498.642877580784,2100.5905053131237
2460813.0930555556,1982.1660472770245,4500.337995412878,2435.244644487074
2460813.09375,1609.947248998702,4466.326841896796,2750.5130021872874
2460813.0944444444,1224.9767899729145,4396.8860137012325,3043.891157174371
2460813.095138889,830.3114294065589,4292.574193754161,3313.050912703133
2460813.095833333,429.0830969846398,4154.22697022351,3555.85855505382
2460813.0965277776,24.47374864955799,3982.949458331491,3770.3913881513054
2460813.097222222,-380.3099641404079,3780.1068446444147,3954.9524498014302
2460813.097916667,-782.0620139930036,3547.3129811527797,4108.083345322213
2460813.0986111113,-1177.60211630701,3286.417165052182,4228.575150490642
2460813.0993055557,-1563.8004813148618,2999.4892383645565,4315.477356774188
2460813.1,-1937.6020445244235,2688.803141623695,4368.10484242879
2460813.1006944445,-2296.050036753634,2356.8190503401156,4386.0428630368415
2460813.101388889,-2636.3087664811246,2006.164216270073,4369.150059486046
2460813.1020833333,-2955.68548882753,1639.6126357264545,4317.559482980477
2460813.1027777777,-3251.651245676628,1260.063658198604,4231.677637436378
2460813.103472222,-3521.860555887089,870.5196529534646,4112.181538398454
2460813.1041666665,-3764.169833483317,474.0628532350254,3960.013788278192
2460813.104861111,-3976.654407662174,73.83150334601184,3776.3756692427414
2460813.105555556,-4157.624012866858,-327.0045565602443,3562.718259028458
2460813.10625,-4305.636609204844,-725.26871284811,3320.7315870749953
2460813.1069444446,-4419.5103968126,-1117.8026476688437,3052.331856739973
2460813.107638889,-4498.333883669386,-1501.4914703911757,2759.646779322679
2460813.1083333334,-4541.47387267573,-1873.288709329839,2444.9990883466685
2460813.109027778,-4548.58124548228,-2230.240951983246,2110.888323363877
2460813.109722222,-4519.5944343214205,-2569.5119053747626,1759.971001592326
2460813.1104166666,-4454.740495651659,-2888.405635452806,1395.039329004807
2460813.111111111,-4354.533725518411,-3184.3887534397268,1018.9986183548305
2460813.1118055554,-4219.771787907466,-3455.111303961081,634.8436232171714
2460813.1125,-4051.529361237075,-3698.4261307567367,245.634008493518
2460813.113194444,-3851.1493450272487,-3912.4065043265286,-145.5307962341794
2460813.113888889,-3620.2317061409035,-4095.361819132187,-535.5371017384967
2460813.1145833335,-3360.6200787491457,-4245.851195761711,-921.2825581506261
2460813.115277778,-3074.386266108027,-4362.694853158325,-1299.7015802913875
2460813.1159722223,-2763.8128245812036,-4444.983150111158,-1667.7903340612188
2460813.1166666667,-2431.3739279576675,-4492.083234638119,-2022.6310396800302
2460813.117361111,-2079.714737675923,-4503.643272198911,-2361.4153524965086
2460813.1180555555,-1711.6295084756316,-4479.594262505526,-2681.46661527137
2460813.11875,-1330.038671222519,-4420.149485601949,-2980.2607937266275
2460813.1194444443,-937.9651270187145,-4325.801647151566,-3255.4459421211745
2460813.1201388887,-538.5099878882901,-4197.31781711037,-3504.8600676859387
2460813.120833333,-134.82798128631035,-4035.73227435924,-3726.5472973162277
2460813.121527778,269.89727660651164,-3842.3373826006873,-3918.7722738556176
2460813.1222222224,672.4779541230693,-3618.6726289204753,-4080.032734448521
2460813.122916667,1069.74644929148,-3366.511963148906,-4209.0702397438745
2460813.123611111,1458.5794672533698,-3087.8495658827437,-4304.879045854704
2460813.1243055556,1835.921591260302,-2784.8841747681904,-4366.713113970618
2460813.1256944444,2544.3878338316454,-2115.7589621914085,-4386.800474268958
2460813.126388889,2869.943289764119,-1754.860483011103,-4344.897349716555
2460813.127083333,3172.912377332163,-1380.1420505138688,-4268.707732872117
2460813.1277777776,3450.9072073863963,-994.5475302054277,-4158.8244855629655
2460813.128472222,3701.7325307128526,-601.1071887533908,-4016.103418352323
2460813.129166667,3923.4028080753787,-202.91490842471333,-3841.657366656004
2460813.1298611113,4114.1579250855675,196.89521315539082,-3636.8484049658514
2460813.1305555557,4272.477423143501,595.1727535643164,-3403.27819789892
2460813.13125,4397.0931156146635,988.7752165297302,-3142.7764904794717
2460813.1319444445,4486.9999467795205,1374.5924805475954,-2857.387760981991
2460813.132638889,4541.464957855479,1749.5712815167412,-2549.3560673337533
2460813.1333333333,4560.034221704457,2110.7395304319994,-2221.1081497802124
2460813.1340277777,4542.537621324565,2455.2302617189875,-1875.2348706822793
2460813.134722222,4489.091360308413,2780.3049875819875,-1514.4711040817324
2460813.1354166665,4400.098114632417,3083.3762268764735,-1141.6742140388772
2460813.136111111,4276.244761832533,3362.0289682199764,-759.8012939660025
2460813.136805556,4118.4976539595955,3614.040833330553,-371.88536121187605
2460813.1375,3928.095434088566,3837.400711676735,18.989272892393824
2460813.1381944446,3706.539435665901,4030.3256484282215,409.7122112838163
2460813.138888889,3455.5817372261945,4191.275794947477,797.1725068071974
2460813.1395833334,3177.2109841163265,4318.9672512017805,1178.2842573588152
2460813.140277778,2873.636122608806,4412.382662225931,1550.0119925939325
2460813.140972222,2547.268220951872,4470.779465132406,1909.3955898787947
2460813.1416666666,2200.7005783713266,4493.695718306483,2253.574465950781
2460813.142361111,1836.6873425895512,4480.9534812706015,2579.8108075752466
2460813.1430555554,1458.1208672018186,4432.659748829341,2885.5116278139953
2460813.14375,1068.0080549677766,4349.204976475876,3168.2494526267838
2460813.144444444,669.445918657094,4231.259262114002,3425.7814827508905
2460813.145138889,265.59660389821676,4079.7662750113896,3656.0670887878123
2460813.1458333335,-140.33790580486118,3895.9350409287595,3857.283537543459
2460813.146527778,-545.141189244423,3681.22970612069,4027.839868218338
2460813.1472222223,-945.6076971253694,3437.3574112639817,4166.388861254991
2460813.1479166667,-1338.56779096568,3166.2544109317096,4271.837061959145
2460813.148611111,-1720.91235305419,2870.070570388107,4343.352838140264
2460813.1493055555,-2089.616815634623,2551.152373318169,4380.3724589975
2460813.15,-2441.764478659214,2212.02456361563,4382.604192239909
2460813.1506944443,-2774.5689859581707,1855.3705455312554,4350.030418000871
2460813.1513888887,-3085.395844612894,1484.0116539762992,4282.90775985536
2460813.152083333,-3371.7828614571517,1100.8854169711622,4181.765232702276
2460813.152777778,-3631.4593815782696,709.0229213231414,4047.400406770908
2460813.1534722224,-3862.3642020913785,311.52540426105384,3880.873587232827
2460813.154166667,-4062.6620291219415,-88.45979530594992,3683.5000143918846
2460813.154861111,-4230.758347357807,-487.76379163316733,3456.8400914445997
2460813.1555555556,-4365.312558750669,-883.2210506469527,3202.687662209126
2460813.15625,-4465.2492511213995,-1271.6944602385104,2923.056374530661
2460813.1569444444,-4529.767459683967,-1650.100385776863,2620.1641817429268
2460813.157638889,-4558.347789257554,-2015.433502140037,2296.4160606570535
2460813.158333333,-4550.7572790663335,-2364.79117989504,1954.3850511972546
2460813.1590277776,-4507.051910754365,-2695.3971969542877,1596.7917465146654
2460813.159722222,-4427.576682620924,-3004.62453598359,1226.4823939210235
2460813.160416667,-4312.963203317812,-3290.0170254060163,846.4057973461399
2460813.1611111113,-4164.124788940993,-3549.309595207374,459.58922753667923
2460813.1618055557,-3982.2490858946353,-3780.4469179992743,69.11358235952778
2460813.1625,-3768.788275774854,-3981.600235400731,-321.91195766086213
2460813.1631944445,-3525.4469577293444,-4151.18218562938,-710.3755124853965
2460813.163888889,-3254.1678372920132,-4287.859480807866,-1093.1880585867814
2460813.1645833333,-2957.1153849119464,-4390.563313181251,-1467.3086897906142
2460813.1652777777,-2636.6576508100156,-4458.497407253857,-1829.769329277439
2460813.165972222,-2295.346451179082,-4491.143668215173,-2177.6986445902703
2460813.167361111,-1561.1612731296825,-4449.908229158146,-2819.097870292942
2460813.168055556,-1174.113197910444,-4376.398444903071,-3107.508666995312
2460813.16875,-777.8161489615967,-4268.339408542205,-3371.308960670756
2460813.1694444446,-375.4027289738374,-4126.6055608651395,-3608.4278602090717
2460813.170138889,29.950797693431063,-3952.3344907888436,-3817.007333711082
2460813.1708333334,435.0492782762419,-3746.9170771990625,-3995.415790167691
2460813.171527778,836.7033178120429,-3511.985854911869,-4142.259826079078
2460813.172222222,1231.7536392107663,-3249.4017384064437,-4256.394117442292
2460813.1729166666,1617.0950175314597,-2961.239231566909,-4336.929450747691
2460813.173611111,1989.6996602138643,-2649.77024762611,-4383.238893623942
2460813.1743055554,2346.6399196170278,-2317.4466554253013,-4394.962111706948
2460813.175,2685.1102380650323,-1966.8816555578915,-4372.007839100555
2460813.175694444,3002.44822199679,-1600.8300900606512,-4314.554506420812
2460813.176388889,3296.1547489233003,-1222.1677805405004,-4223.049028363551
2460813.1770833335,3563.9130096600848,-833.8699848483994,-4098.203746770019
2460813.177777778,3803.60637454565,-438.98907447950677,-3940.9915238117574
2460813.1784722223,4013.334974427682,-40.63152929867767,-3752.638976399535
2460813.1791666667,4191.430869932061,358.0656318688938,-3534.6178480458616
2460813.179861111,4336.471682115966,753.9588647481515,-3288.6345156751736
2460813.1805555555,4447.292543532486,1143.9224065368621,-3016.617645634208
2460813.18125,4522.99623229823,1524.8727197253497,-2720.7040224806783
2460813.1819444443,4562.961348714616,1893.792889780323,-2403.222597271792
2460813.1826388887,4566.848401569083,2247.7567779466563,-2066.676824596049
2460813.183333333,4534.603682787828,2583.952714836519,-1713.725383609951
2460813.184027778,4466.460826803829,2899.7065054223353,-1347.1614093640478
2460813.1847222224,4362.939974153982,3192.503512823523,-969.8903852930914
2460813.185416667,4224.8444874272745,3460.0095803026143,-584.9068817734972
2460813.186111111,4053.255199978756,3700.090559369894,-195.27034720176206
2460813.1868055556,3849.522213654273,3910.830219677127,195.91981653587
2460813.1875,3615.254297919128,4090.5463348545036,585.5496468372107
2460813.1881944444,3352.305982387559,4237.804758654111,970.516217008867
2460813.188888889,3062.7624666947136,4351.4313377090175,1347.7531734956983
2460813.189583333,2748.9225082109174,4430.521535517265,1714.2559437963803
2460813.1902777776,2413.2794729970433,4474.447679908696,2067.106358086665
2460813.190972222,2058.5007606973413,4482.863780808045,2403.4964371164697
2460813.191666667,1687.4058324621312,4455.707902084168,2720.75111721449
2460813.1923611113,1302.943075189411,4393.202105748456,3016.3497122348017
2460813.1930555557,908.1657464350146,4295.850017028771,3287.9459310614075
2460813.19375,506.2072408290285,4164.432087578074,3533.3863001755863
2460813.1944444445,100.25590487233714,3999.9986541015583,3750.7268731665085
2460813.195138889,-306.4703740324604,3803.8609088297353,3938.2481287701135
2460813.1958333333,-710.7496037902204,3577.5799068495903,4094.4679911472685
2460813.1965277777,-1109.3809577520421,3322.9537434590616,4218.152922965486
2460813.197222222,-1499.209707317565,3042.0030358494096,4308.327061761891
2460813.1979166665,-1877.151663097234,2736.9548401731904,4364.279383531678
2460813.198611111,-2240.216981351813,2410.22513278811,4385.568885358747
2460813.199305556,-2585.5332057114742,2064.39997787967,4372.027784901283
2460813.2,-2910.3674174226876,1702.215502872337,4323.76273670374
2460813.2006944446,-3212.1473795796073,1326.5367916316777,4241.154065423073
2460813.201388889,-3488.481550000389,940.3358151192683,4124.853015139927
2460813.2020833334,-3737.1778420401106,546.6685154814686,3975.7770144616625
2460813.202777778,-3956.261005762117,148.6511675663862,3795.1029583780323
2460813.203472222,-4143.9884963318245,-250.56384813310243,3584.258512350602
2460813.2041666666,-4298.864691029791,-647.8127126954857,3344.9114531344985
2460813.204861111,-4419.653314431339,-1039.9451139832574,3078.957072690601
2460813.2055555554,-4505.387930762468,-1423.849289622079,2788.5036888865334
2460813.20625,-4555.380367367943,-1796.476972934124,2475.8563257622527
2460813.206944444,-4569.226941242313,-2154.8680240439003,2143.4986561115093
2460813.207638889,-4546.812378362575,-2496.174525749679,1794.0733184605015
2460813.209027778,-4394.187448443638,-3116.8422491375054,1055.2567400819055
2460813.2097222223,-4265.189906755754,-3391.273353740186,671.7488078416935
2460813.2104166667,-4102.347497379405,-3638.8003156356745,282.89178495876723
2460813.211111111,-3906.960211672478,-3857.4624100312144,-108.21730941071529
2460813.2118055555,-3680.5884543645248,-4045.531284645727,-498.4647520717705
2460813.2125,-3425.0399753566135,-4201.524892033972,-884.7457234387663
2460813.2131944443,-3142.354668595896,-4324.219221064695,-1263.9897642649491
2460813.2138888887,-2834.7874116307435,-4412.657724218266,-1633.1858207949324
2460813.214583333,-2504.7891442212076,-4466.158371844153,-1989.4066278639104
2460813.215277778,-2154.986408423405,-4484.318299928942,-2329.8321911525954
2460813.2159722224,-1788.1595792154735,-4467.016055549508,-2651.7721596652373
2460813.216666667,-1407.220025769127,-4414.411475162334,-2952.6868989143845
2460813.217361111,-1015.1864444162547,-4326.943261552161,-3230.2071038726685
2460813.2180555556,-615.1605915061144,-4205.324348780483,-3482.151825266647
2460813.21875,-210.30264366243094,-4050.535164834153,-3706.5448032308445
2460813.2194444444,196.19361108420298,-3863.8149141291697,-3901.6290368189984
2460813.220138889,601.1255618733985,-3646.6510095387052,-4065.8795385148887
2460813.220833333,1001.3063675945522,-3400.7667895098875,-4198.01424168981
2460813.2215277776,1393.5892093296502,-3128.107647690094,-4297.003050664301
2460813.222222222,1774.8910582096348,-2830.825706556844,-4362.075027061186
2460813.222916667,2142.21584724737,-2511.2631489552855,-4392.723719853975
2460813.2236111113,2492.6769321161732,-2171.9343222187035,-4388.710644040043
2460813.2243055557,2823.5187422654276,-1815.5067162526204,-4350.066915129764
2460813.225,3132.1375239305503,-1444.7809124983637,-4277.093042318423
2460813.2256944445,3416.1010738297173,-1062.669600227733,-4170.356879977796
2460813.226388889,3673.16736509207,-672.1757484648109,-4030.689731556195
2460813.2270833333,3901.3019490183588,-276.370039505951,-3859.1806003258484
2460813.2277777777,4098.69402016058,121.63233712369374,-3657.1685780996745
2460813.228472222,4263.7710144737275,518.6954081707854,-3426.2333692574916
2460813.2291666665,4395.2116065178125,911.6865243694958,-3168.1839549654005
2460813.229861111,4491.956966800155,1297.500703302046,-2885.045413624307
2460813.230555556,4553.2201368634705,1673.0850338667315,-2579.043934448295
2460813.23125,4578.493385785239,2035.4629606938004,-2252.590074946039
2460813.2319444446,4567.553416494794,2381.7582308523024,-1908.2603525836446
2460813.232638889,4520.464308930653,2709.218297044551,-1548.7772669008043
2460813.2333333334,4437.578103797143,3015.2369312387455,-1176.9879027282402
2460813.234027778,4319.532958213452,3297.375822755557,-795.8412711475678
2460813.234722222,4167.248834531203,3553.384917861866,-408.36458865605255
2460813.2354166666,3981.9207175416864,3781.221273470604,-17.63871104585158
2460813.236111111,3765.009391568121,3979.0662077553366,373.2270381962526
2460813.2368055554,3518.2298476054616,4145.340549289947,761.1203879033035
2460813.2375,3243.53742540639,4278.717813897429,1142.9517253206977
2460813.238194444,2943.111831495477,4378.135165915828,1515.6795192919303
2460813.238888889,2619.3392059246867,4442.802054793739,1876.3352950962899
2460813.2395833335,2274.792433547753,4472.206454606981,2222.0479095669566
2460813.240277778,1912.2099198021974,4466.1186685963785,2550.066885830521
2460813.2409722223,1534.4730645348675,4424.592697624444,2857.7845898246346
2460813.2416666667,1144.5826706878352,4347.965203963075,3142.7570589424226
2460813.242361111,745.6345336304687,4236.852131415114,3402.7233134019225
2460813.2430555555,340.7944443100177,4092.1430673750715,3635.623016445677
2460813.24375,-66.7271623102313,3914.9934533287437,3839.6123714703936
2460813.2444444443,-473.7007025224227,3706.8147630673425,4013.0781757853038
2460813.2451388887,-876.9028838988376,3469.262777142267,4154.649971178728
2460813.245833333,-1273.141906852341,3204.224087292465,4263.210251490353
2460813.246527778,-1659.2822649524735,2913.800962696337,4337.9027047867685
2460813.2472222224,-2032.2689929141316,2600.2947086663075,4378.138477617614
2460813.247916667,-2389.151226356252,2266.187642221961,4383.600456973212
2460813.248611111,-2727.104945371262,1914.1238045857751,4354.2455686178155
2460813.2493055556,-3043.4547780679854,1546.8885284112234,4290.3050919674815
2460813.2506944444,-3601.5078264622293,778.6217399639522,4060.9522641215954
2460813.251388889,-3838.7842153427523,383.6696974414014,3897.3493010388365
2460813.252083333,-4045.6381436372653,-14.341872267343724,3702.76626939374
2460813.2527777776,-4220.4231282389555,-412.25965017058616,3478.7415201032222
2460813.253472222,-4361.745506289536,-806.9290364301353,3227.0480428915334
2460813.254166667,-4468.476114718573,-1195.2191132621876,2949.6800011832074
2460813.2548611113,-4539.759973698231,-1574.0476272722597,2648.837399889323
2460813.2555555557,-4575.023840512263,-1940.4057884221559,2326.9089605953936
2460813.25625,-4573.981511791514,-2291.382663770607,1986.4533080198476
2460813.2569444445,-4536.636770891207,-2624.1889417659295,1630.1785915348132
2460813.257638889,-4463.283898473845,-2936.179824357496,1260.9207031441854
2460813.2583333333,-4354.505694641585,-3224.876808619639,881.6202768704828
2460813.2590277777,-4211.168991501592,-3487.988125960215,495.29867625120556
2460813.259722222,-4034.41767246647,-3723.4276098539035,105.03320802087039
2460813.2604166665,-3825.663250053844,-3929.3317877390355,-286.0681915332502
2460813.261111111,-3586.573091911364,-4104.075011194349,-674.8925342587733
2460813.261805556,-3319.0564206747786,-4246.282467683583,-1058.3473540241264
2460813.2625,-3025.248244908564,-4354.840949979921,-1433.3860116396836
2460813.2631944446,-2707.4914076314253,-4428.907293282456,-1797.0324715058416
2460813.263888889,-2368.3169622530363,-4467.914426770552,-2146.405304583316
2460813.2645833334,-2010.4231011077452,-4471.575022865266,-2478.740693257801
2460813.265277778,-1636.6528732799702,-4439.882761310904,-2791.414235601219
2460813.265972222,-1249.9709316590795,-4373.111256927222,-3081.961374068722
2460813.2666666666,-853.4395458681234,-4271.810726927996,-3348.096302818786
2460813.267361111,-450.19411126142825,-4136.802496179156,-3587.729235586598
2460813.2680555554,-43.41836969390623,-3969.1714554011596,-3798.981945700148
2460813.26875,363.6804587004717,-3770.2565978020584,-3980.201515455649
2460813.269444444,767.8964487726507,-3541.639766459427,-4129.972253180502
2460813.270138889,1166.0494891827984,-3285.132742966992,-4247.125757492018
2460813.2708333335,1555.0093971577112,-3002.7628087460876,-4330.749118598749
2460813.271527778,1931.7195060130714,-2696.756898747283,-4380.191259778506
2460813.2722222223,2293.219606202632,-2369.524464772374,-4395.067423542813
2460813.2729166667,2636.6681367446304,-2023.6391536978942,-4375.26181020023
2460813.273611111,2959.3635256627017,-1661.8194013932264,-4320.9283737131
2460813.2743055555,3258.7645820656608,-1286.9080360600792,-4232.489776346312
2460813.275,3532.5098381973785,-901.8509844931476,-4110.634499212461
2460813.2756944443,3778.4357351752824,-509.67517584197157,-3956.312102434218
2460813.2763888887,3994.593536824729,-113.4657461879548,-3770.726628464857
2460813.277083333,4179.264853152573,283.6573527266152,-3555.328139548036
2460813.277777778,4330.975635702763,678.5632057596497,-3311.8023933199825
2460813.2784722224,4448.508512419175,1068.134116037791,-3042.0586626652994
2460813.279166667,4530.913317833306,1449.2899536552927,-2748.215725374726
2460813.279861111,4577.515677288456,1819.0124919836628,-2432.5860687868903
2460813.2805555556,4587.923510461708,2174.3695387661237,-2097.6583740447877
2460813.28125,4562.031328720658,2512.5386466600025,-1746.0783752524437
2460813.2819444444,4500.02221908379,2830.83017846781,-1380.6282148967339
2460813.282638889,4402.367429934176,3126.7094927092126,-1004.2044467426335
2460813.283333333,4269.823501244527,3397.8180128360536,-619.7948649511384
2460813.2840277776,4103.426915039688,3641.992944217212,-230.4543673467198
2460813.284722222,3904.486276152756,3857.285415805701,160.7199203610462
2460813.285416667,3674.57207172345,4041.976835942835,550.6140098485004
2460813.2861111113,3415.504094678787,4194.5932759375955,936.1226452468483
2460813.2868055557,3129.336652745184,4313.917721639084,1314.1748608896771
2460813.2875,2818.341717267363,4399.000064981921,1681.7592353402542
2460813.2881944445,2484.9901958579158,4449.164741444062,2035.9485807894398
2460813.288888889,2131.931537861802,4464.015955640118,2373.923818961335
2460813.2895833333,1761.971896210996,4443.4404738308,2692.996816471489
2460813.2902777777,1378.0510850706255,4387.607995774167,2990.631970464743
2460813.290972222,983.2185721153793,4296.969150246361,3264.4663667005634
2460813.292361111,173.41571586982505,4014.4514552815804,3732.254415215396
2460813.293055556,-235.13221140920422,3824.828793804656,3922.5042313009644
2460813.29375,-641.7980394463725,3604.892933872741,4081.5738768339393
2460813.2944444446,-1043.3615128192923,3356.39206838146,4208.207087381618
2460813.295138889,-1436.6442190849789,3081.298705636776,4301.404573845909
2460813.2958333334,-1818.5342309354119,2781.793942355913,4360.431364161168
2460813.296527778,-2186.010136747128,2460.250285174883,4384.822163528186
2460813.297222222,-2536.164331588132,2119.2131394364565,4374.384731746674
2460813.2979166666,-2866.2254387960875,1761.3810863502974,4329.2012765954405
2460813.298611111,-3173.5797444407167,1389.5850597769174,4249.627863647252
2460813.2993055554,-3455.791520673822,1006.7665390501477,4136.291841907287
2460813.3,-3710.622115811425,615.954872809527,3990.0872847399946
2460813.300694444,-3936.0476826076583,220.24385634655764,3812.1684468992253
2460813.301388889,-4130.275411118039,-177.23230611403784,3603.9412425129644
2460813.3020833335,-4291.758126657226,-573.3235088356736,3367.0527572003107
2460813.302777778,-4419.207110102666,-964.888560253179,3103.37882045215
2460813.3034722223,-4511.60299884062,-1348.820131424482,2815.009679444985
2460813.3041666667,-4568.204629455356,-1722.069644498851,2504.2338352824677
2460813.304861111,-4588.555690978867,-2081.6718860667324,2173.520131895161
2460813.3055555555,-4572.489074737426,-2424.7691264720447,1825.4982076679617
2460813.30625,-4520.1288247641905,-2748.634508437435,1462.937453705925
2460813.3069444443,-4431.88961924391,-3050.694467771827,1088.7246475475076
2460813.3076388887,-4308.473743903843,-3328.549946419238,705.8404613367106
2460813.308333333,-4150.865551765197,-3579.9961688005096,317.33506352731536
2460813.309027778,-3960.323440317113,-3803.040762582841,-73.69694345187999
2460813.3097222224,-3738.3694154163286,-3995.9200251394504,-464.1419919924388
2460813.310416667,-3486.7763461730883,-4157.113164314123,-850.8931617921857
2460813.311111111,-3207.553052075846,-4285.3543688903355,-1230.8756655717436
2460813.3118055556,-2902.9273919146117,-4379.642600451769,-1601.071946906501
2460813.3125,-2575.3275527575174,-4439.249031739272,-1958.546135148288
2460813.3131944444,-2227.3617567420733,-4463.722094286803,-2300.4676209766003
2460813.313888889,-1861.796616530391,-4452.890133484475,-2624.133538236224
2460813.314583333,-1481.5343772964143,-4406.86170174638,-2926.9899627143773
2460813.3152777776,-1089.5892885062688,-4326.023550624175,-3206.6516627374845
2460813.315972222,-689.0633358387892,-4211.036407592905,-3460.9202724715874
2460813.316666667,-283.1215616698579,-4062.82864356625,-3687.8007804876356
2460813.3173611113,125.03282164927286,-3882.587949368774,-3885.516260380182
2460813.3180555557,532.1833259528967,-3671.7511515922297,-4052.520786608087
2460813.31875,935.1249208440732,-3431.992297787813,-4187.510507715964
2460813.3194444445,1330.6884500757658,-3165.2091414145275,-4289.432860438019
2460813.320138889,1715.7645916721365,-2873.508153163421,-4357.493920905097
2460813.3208333333,2087.3272402730736,-2559.1881770414075,-4391.163897449839
2460813.3215277777,2442.4562029523413,-2224.7228399244755,-4390.180771855734
2460813.322222222,2778.359100092753,-1872.74182209623,-4354.552094991986
2460813.3229166665,3092.392379170414,-1506.0110793841518,-4284.554941026843
2460813.323611111,3382.0813361839764,-1127.4121146839702,-4180.734019184149
2460813.324305556,3645.1390434080968,-739.9203899706026,-4043.8979388779303
2460813.325,3879.484072992966,-346.58297552072816,-3875.113621007449
2460813.3256944446,4083.256897759597,49.50445927079847,-3675.69884815544
2460813.326388889,4254.8348425488375,445.22119930165024,-3447.212948772161
2460813.3270833334,4392.845448551651,837.4454459395265,-3191.4456214259853
2460813.327777778,4496.178113025606,1223.0785460111786,-2910.4039118928135
2460813.328472222,4563.9938591471655,1599.0693162125312,-2606.297377954624
2460813.3291666666,4595.73309651901,1962.4382772190056,-2281.521496478751
2460813.329861111,4591.12124058328,2310.301598244539,-1938.6393879575921
2460813.3305555554,4550.172071333985,2639.894526781613,-1580.3619703888385
2460813.33125,4473.188733055651,2948.59408048614,-1209.526671812815
2460813.331944444,4360.762301012118,3233.940759729119,-829.0748708363416
2460813.332638889,4213.767871569044,3493.659047074743,-442.0282546732882
2460813.334027778,3820.9546684373945,3928.140957878786,339.5088064682535
2460813.3347222223,3578.236384778307,4099.436437966373,727.7777793010976
2460813.3354166667,3307.1262835318503,4238.19625836962,1110.2497440000814
2460813.336111111,3009.775596179589,4343.314525867524,1483.8777436874575
2460813.3368055555,2688.5461220849693,4413.955104471265,1845.6857566192639
2460813.3375,2345.9907375301063,4449.558244629262,2192.793047204919
2460813.3381944443,1984.832329106917,4449.844792483315,2522.437593970621
2460813.3388888887,1607.9413790609926,4414.817973698699,2831.998379853159
2460813.339583333,1218.3124456592593,4344.762777856004,3119.016346572202
2460813.340277778,819.0397797819222,4240.243000208119,3381.213846490054
2460813.3409722224,413.2923157274918,4102.096022424498,3616.5124525477318
2460813.341666667,4.288266256705436,3931.4254343915813,3823.049014328231
2460813.342361111,-404.7304608005901,3729.5916144088314,3999.1898751222116
2460813.3430555556,-810.5238248001607,3498.2003936770566,4143.543189873069
2460813.34375,-1209.8790071284654,3239.0899370755224,4254.969302427763
2460813.3444444444,-1599.6353946626898,2954.3159697189303,4332.589158832102
2460813.345138889,-1976.7090357628078,2646.1354802977635,4375.790742386454
2460813.345833333,-2338.1164321234223,2316.9890242582264,4384.233526286253
2460813.3465277776,-2680.997536741304,1969.481746045407,4357.850942248222
2460813.347222222,-3002.637832050762,1606.363238074745,4296.85086533524
2460813.347916667,-3300.489371008547,1230.5063456164394,4201.714114663713
2460813.3486111113,-3572.19065402706,844.8850361295698,4073.190969560873
2460813.3493055557,-3815.5852190796527,452.5514474980537,3912.295700613686
2460813.35,-4028.738812182328,56.61224204172669,3720.299117881216
2460813.3506944445,-4209.955000248968,-339.79559456547156,3498.719145842692
2460813.351388889,-4357.789087912617,-733.5293644049478,3249.309440320319
2460813.3520833333,-4471.060190186519,-1121.4655028275506,2974.0460839414436
2460813.3527777777,-4548.861322556568,-1500.5244821360832,2675.112406630514
2460813.353472222,-4590.567369531142,-1867.6955659345508,2354.882008070843
2460813.3541666665,-4595.840808183736,-2220.0612032727267,2015.900076929263
2460813.354861111,-4564.635077634136,-2554.8208280834842,1660.863138114541
2460813.355555556,-4497.195509944933,-2869.3138336665247,1292.5973777025827
2460813.35625,-4394.057764758791,-3161.0414780046476,914.0357332043936
2460813.3569444446,-4256.043742827259,-3427.6874874237064,528.1939551929926
2460813.357638889,-4084.254987505988,-3667.1371333449406,138.14586983893017
2460813.3583333334,-3880.0636234490953,-3877.494568566767,-253.00190318942919
2460813.359027778,-3645.1009153565187,-4057.0982397377093,-642.1355221781297
2460813.359722222,-3381.2435685121673,-4204.534213132633,-1026.1595135928198
2460813.3604166666,-3090.597926181236,-4318.647285100969,-1402.0221136782075
2460813.361111111,-2775.4822443929393,-4398.549784358203,-1766.7401056901754
2460813.3618055554,-2438.4072559524516,-4443.628005788072,-2117.422900079956
2460813.3625,-2082.0552420503163,-4453.546255894568,-2451.295638236881
2460813.363194444,-1709.2578531147856,-4428.248520316835,-2765.7211085308645
2460813.363888889,-1322.9729169019092,-4367.957798751436,-3058.2203006073237
2460813.3645833335,-926.2604704109444,-4273.173178386113,-3326.49145024136
2460813.365277778,-522.2582506103851,-4144.664740733269,-3568.4274517887407
2460813.3659722223,-114.15685903104465,-3983.4664133405076,-3782.13154983696
2460813.3666666667,294.8251954581218,-3790.8668898274295,-3965.931243454804
2460813.367361111,701.4663913809233,-3568.3987477291616,-4118.390360978802
2460813.3680555555,1102.5668597985011,-3317.8258957439175,-4238.319281465723
2460813.36875,1494.9726750349016,-3041.12947706492,-4324.783294799469
2460813.3694444443,1875.5996390869723,-2740.492350967923,-4377.109100133335
2460813.3701388887,2241.4564397538015,-2418.2822694491642,-4394.889448118055
2460813.370833333,2589.6670814684203,-2077.0338506423286,-4377.985934909567
2460813.371527778,2917.4924802098317,-1719.429454158983,-4326.52995226204
2460813.3722222224,3222.351128221378,-1348.2790487510115,-4240.921796447226
2460813.372916667,3501.8387264376156,-966.499164113202,-4121.827932780561
2460813.373611111,3753.7466754743164,-577.0910231281578,-3970.176410307016
2460813.3743055556,3976.0793129435588,-183.1179512688162,-3787.15041869088
2460813.3756944444,4325.194335519342,606.0988827739286,-3332.9317839180067
2460813.376388889,4449.185130576283,995.1166344841403,-3065.2971450047467
2460813.377083333,4538.041046593124,1376.2955915887082,-2773.3781563488624
2460813.3777777776,4591.036708474877,1746.6176262532829,-2459.472029201309
2460813.378472222,4607.729381227134,2103.146070207939,-2126.0537169332392
2460813.379166667,4587.963674101186,2443.049433246907,-1775.7569004224065
2460813.3798611113,4531.8739328469765,2763.6245143212004,-1411.3534599464144
2460813.3805555557,4439.884231397997,3062.3186758355696,-1035.7315792151019
2460813.38125,4312.705900944215,3336.7510428210644,-651.8726599879161
2460813.3819444445,4151.332567238333,3584.7323915662923,-262.8272525649756
2460813.382638889,3957.032701208372,3804.2835033927254,128.30977260940085
2460813.3833333333,3731.3397256046924,3993.651771592951,518.42456510079
2460813.3840277777,3476.0397599904995,4151.32587049156,904.4098840116392
2460813.384722222,3193.157117464204,4276.048326518917,1283.1906765850076
2460813.3854166665,2884.9377090392322,4366.825854887725,1651.74937012842
2460813.386111111,2553.830531806152,4422.93736691183,2007.1506235052095
2460813.386805556,2202.4674492888043,4443.939583284803,2346.5652845255827
2460813.3875,1833.6414885613244,4429.670227386711,2667.293322507436
2460813.3881944446,1450.2838880841587,4380.248806647912,2966.785529751604
2460813.388888889,1055.4401403043144,4296.075021142054,3242.66380683463
2460813.3895833334,652.2452713349317,4177.824867539395,3492.7398765369758
2460813.390277778,243.89859054313223,4026.4445287222607,3715.0323016915286
2460813.390972222,-166.36186179534488,3843.1421586071583,3907.781705610065
2460813.3916666666,-575.2849640360056,3629.3776812008973,4069.4641247249015
2460813.392361111,-979.632058720151,3386.8507348623193,4198.802438465496
2460813.3930555554,-1376.2022223781426,3117.4868908692083,4294.7758467189615
2460813.39375,-1761.857098534112,2823.4222755364567,4356.627375458598
2460813.394444444,-2133.545144610467,2506.9867240154326,4383.869400937615
2460813.395138889,-2488.3251603525687,2170.685585783331,4376.287190323442
2460813.3958333335,-2823.388969428295,1817.1802996748918,4333.940458134335
2460813.396527778,-3136.0831326930097,1449.267850948276,4257.162938611795
2460813.3972222223,-3423.9295699170198,1069.859224027122,4146.559973522618
2460813.3979166667,-3684.6449661523297,681.9569651905299,4003.0041147272077
2460813.398611111,-3916.1588335864258,288.63197585511097,3827.628742126475
2460813.3993055555,-4116.630094378431,-107.00033396950465,3621.819701510997
2460813.4,-4284.462043787358,-501.8043881677639,3387.2049753897436
2460813.4006944443,-4418.3155515246235,-892.6491285565367,3125.642409243491
2460813.4013888887,-4517.12035482852,-1276.4328622770074,2839.2055353666597
2460813.402083333,-4580.084303340153,-1650.108082730659,2530.167554277535
2460813.402777778,-4606.700422940541,-2010.7060572409337,2200.9835572406505
2460813.4034722224,-4596.751679032012,-2355.3609566647606,1854.2711034632862
2460813.404166667,-4550.313340699191,-2681.3332969949306,1492.789289868793
2460813.404861111,-4467.7528710312545,-2986.0324553231776,1119.4164805317334
2460813.4055555556,-4349.727299873673,-3267.0380191425884,737.1268941963425
2460813.40625,-4197.178068443644,-3522.1197405158437,348.96626585078906
2460813.4069444444,-4011.323372510881,-3749.255873330542,-41.97317474889731
2460813.407638889,-3793.648066174096,-3946.6496956816027,-432.57815631548215
2460813.408333333,-3545.891229926798,-4112.744037136601,-819.7399796000617
2460813.4090277776,-3270.031536194887,-4246.233667969678,-1200.3800298502927
2460813.409722222,-2968.270582579267,-4346.075433752923,-1571.4749189260924
2460813.410416667,-2643.014384135203,-4411.496058549353,-1930.0810076797404
2460813.4111111113,-2296.8532444971615,-4441.9975722759655,-2273.3580648573843
2460813.4118055557,-1932.5402342337434,-4437.360356729576,-2598.5918489369124
2460813.4125,-1552.9685138256712,-4397.643835970927,-2903.2154214778016
2460813.4131944445,-1161.1477463019946,-4323.184867291041,-3184.8290234529923
2460813.413888889,-760.17983108591,-4214.593914795229,-3441.2183834988355
2460813.4145833333,-353.23418773581983,-4072.7491075680987,-3670.3713493082014
2460813.4152777777,56.477198328417344,-3898.788299563417,-3870.492763580918
2460813.415972222,465.72477398681866,-3694.0992568710335,-4040.017530942319
2460813.417361111,1269.9713407463107,-3199.2661465899737,-4282.2325396885535
2460813.418055556,1658.6455719622188,-2913.035232809809,-4353.034619126144
2460813.41875,2034.254202056402,-2603.8717074228643,-4389.476873485888
2460813.4194444446,2393.8449729767353,-2274.2091331084393,-4391.275682701903
2460813.420138889,2734.5902860505257,-1926.6398459641107,-4358.416957727659
2460813.4208333334,3053.80847578781,-1563.8954474273296,-4291.156242409363
2460813.421527778,3348.9841059788805,-1188.8263309380418,-4190.016972821247
2460813.422222222,3617.7871901697476,-804.3803295999785,-4055.786889909265
2460813.4229166666,3858.091223265544,-413.5805824389138,-3889.512598382823
2460813.423611111,4067.989905724976,-19.502721708036376,-3692.492264729735
2460813.4243055554,4245.812433705633,374.7485071511001,-3466.2664489923395
2460813.425,4390.137217076787,766.0630606285662,-3212.607075119404
2460813.425694444,4499.803886114824,1151.3497070222986,-2933.504552004194
2460813.426388889,4573.923440229402,1527.5602625119363,-2631.153078736768
2460813.4270833335,4611.886397429627,1891.7137716618984,-2307.9341858696725
2460813.427777778,4613.368809628089,2240.920433517561,-1966.3985874427995
2460813.4284722223,4578.336021097039,2572.405053218906,-1609.2464506890972
2460813.4291666667,4507.04406770626,2883.529793575946,-1239.3062142408844
2460813.429861111,4400.038638868506,3171.8159893405677,-859.5121190862532
2460813.4305555555,4258.151552901484,3434.964790941686,-472.88063845606285
2460813.43125,4082.494732056931,3670.876401812358,-82.48602724977926
2460813.4319444443,3874.451698504254,3877.667692351817,308.56477551441395
2460813.4326388887,3635.6666493306325,4053.6879884052278,697.1576393774902
2460813.433333333,3368.031210376507,4197.532852534061,1080.196860792569
2460813.434027778,3073.6689977105184,4308.055711640296,1454.6306462237621
2460813.4347222224,2754.9181549907285,4384.377210236496,1817.4761885878481
2460813.435416667,2414.3120569091257,4425.892208278788,2165.844084507242
2460813.436111111,2054.5583941383,4432.2743757790495,2496.9618495133595
2460813.4368055556,1678.516872403614,4403.478372779684,2808.1963082467723
2460813.4375,1289.1757614421122,4339.739636705703,3097.0746665083016
2460813.4381944444,889.6275429880757,4241.57182925248,3361.304089479622
2460813.438888889,483.043889906177,4109.762019935948,3598.7896503908623
2460813.439583333,72.65021568698765,3945.363706084582,3807.6505300292333
2460813.4402777776,-338.2999926825469,3749.687782309426,3986.2343845243495
2460813.440972222,-746.550851860743,3524.291584143975,4133.129816548275
2460813.441666667,-1148.8695845139016,3270.966134145854,4247.176908791449
2460813.4423611113,-1542.0716732524213,2991.7217226349994,4327.475792876304
2460813.4430555557,-1923.0455185565668,2688.7719465690616,4373.393242195669
2460813.44375,-2288.776450997941,2364.5163353523835,4384.567280631988
2460813.4444444445,-2636.369972848693,2021.5216782481336,4360.90980761097
2460813.445138889,-2963.074102291526,1662.5021684357334,4302.607238486533
2460813.4458333333,-3266.300694587218,1290.2984793828266,4210.119160695569
2460813.4465277777,-3543.64562217346,907.8558808519773,4084.175004552111
2460813.447222222,-3792.9076823828423,518.2015153775071,3925.7687286702394
2460813.4479166665,-4012.106102676257,124.42095707950472,3736.151522040797
2460813.448611111,-4199.4965052663465,-270.3658123420516,3516.8225303870663
2460813.449305556,-4353.585188446615,-663.0288621373276,3269.5176237815303
2460813.45,-4473.141578687825,-1050.4530393804255,2996.196237529888
2460813.4506944446,-4557.208710405273,-1429.5627857282072,2699.026333439437
2460813.451388889,-4605.111592720615,-1797.3468400889135,2380.367556339623
2460813.4520833334,-4616.463336998719,-2150.8826187312593,2042.7526786321496
2460813.452777778,-4591.168932252715,-2487.3600422465593,1688.8674597246086
2460813.453472222,-4529.426579578255,-2804.104575152378,1321.529072635307
2460813.4541666666,-4431.726523495183,-3098.5992406254563,943.6632774200029
2460813.454861111,-4298.847350452517,-3368.505372683218,558.2805502585945
2460813.4555555554,-4131.8497589270055,-3611.681881447411,168.45139453347807
2460813.45625,-3932.067845217813,-3826.202816031135,-222.7189130877789
2460813.456944444,-3701.0979832070843,-4010.373038752289,-612.1158866898277
2460813.457638889,-3440.785416460905,-4162.741843799073,-996.6414335637554
2460813.459027778,-2840.6622571706625,-4367.56084321472,-1738.9196135698928
2460813.4597222223,-2505.6370031123265,-4418.423180596689,-2090.7837296868947
2460813.4604166667,-2150.7996811621765,-4434.3196048729515,-2426.0467276299632
2460813.461111111,-1778.9707226543026,-4415.146601377704,-2742.0597776812665
2460813.4618055555,-1393.1011286882822,-4361.078661992371,-3036.330740138154
2460813.4625,-996.2485245044134,-4272.565749031036,-3306.5433345875695
2460813.4631944443,-591.5526340972408,-4150.328589038652,-3550.574685436796
2460813.4638888887,-182.21039428311323,-3995.3519051365215,-3766.5111515796825
2460813.464583333,228.54908552918823,-3808.8757090048402,-3952.6623723756306
2460813.465277778,637.4895328033608,-3592.3847790918567,-4107.573487051206
2460813.4659722224,1041.3923170327112,-3347.5964567543524,-4230.035500508895
2460813.466666667,1437.080908222755,-3076.446883566747,-4319.093788689726
2460813.467361111,1821.444846599747,-2781.0758060375065,-4374.054740167953
2460813.4680555556,2191.4631131453384,-2463.8100565506784,-4394.490542222515
2460813.46875,2544.2267855811333,-2127.1458206322945,-4380.242116455364
2460813.4694444444,2876.96087966141,-1773.7297883856936,-4331.420210565501
2460813.470138889,3187.045276822413,-1406.3392821692719,-4248.404648074965
2460813.470833333,3472.034633758594,-1027.8614538649708,-4131.841733892934
2460813.4715277776,3729.677168468672,-641.2716423498553,-3982.6398097810743
2460813.472222222,3957.9322065934584,-249.61099045480944,-3801.9629525576756
2460813.472916667,4154.986365583238,144.03657301986837,-3591.222808452375
2460813.4736111113,4319.268244854128,536.5678681087024,-3352.068561113503
2460813.4743055557,4449.461480590976,924.8843769824346,-3086.375042462649
2460813.475,4544.516022216826,1305.9163841668878,-2796.2290075930446
2460813.4756944445,4603.657485556875,1676.647171838733,-2483.9136135630615
2460813.476388889,4626.39444157693,2034.1370774218528,-2151.891166479501
2460813.4770833333,4612.52351049191,2375.5472073549868,-1802.7842246043324
2460813.4777777777,4562.132146016869,2698.162583696579,-1439.3551758871856
2460813.478472222,4475.599016681615,2999.4144925469695,-1064.4844358781186
2460813.4791666665,4353.591918158992,3276.901797490312,-681.1474419131574
2460813.479861111,4197.063182264064,3528.410983606696,-292.3906454556919
2460813.480555556,4007.242582437753,3751.9347059818256,98.69327333259214
2460813.48125,3785.6277763358553,3945.6886262556095,488.9907177645996
2460813.4819444446,3533.9723580465825,4108.126350133038,875.3927630072455
2460813.482638889,3254.2716343393918,4237.9522953687,1254.8207489501915
2460813.4833333334,2948.7462761622955,4334.132353482579,1624.251605980337
2460813.484027778,2619.8240140347148,4395.9022470117225,1980.742664280812
2460813.484722222,2270.1195910528613,4422.77350970207,2321.4556817697726
2460813.4854166666,1902.4131900689565,4414.537061769206,2643.6798670840603
2460813.486111111,1519.627572148119,4371.264382170114,2944.8536846950487
2460813.4868055554,1124.80416917464,4293.306312972547,3222.585256639827
2460813.4875,721.0783746818695,4181.289559865148,3474.6712028035563
2460813.488194444,311.65426624742645,4036.1109753329606,3699.1137936848127
2460813.488888889,-100.22101085910161,3858.9297302997356,3894.1363121756594
2460813.4895833335,-511.2829876631921,3651.157492408344,4058.1965502158355
2460813.490277778,-918.2755458655242,3414.4467373154807,4189.998387210253
2460813.4909722223,-1317.9763437953616,3150.6773219211846,4288.501416626226
2460813.4916666667,-1707.2218306554557,2861.9414480221717,4352.928601104119
2460813.492361111,-2082.9317006754677,2550.527141390826,4382.771946604902
2460813.4930555555,-2442.132648364298,2218.9003686165906,4377.796192184463
2460813.49375,-2781.9812998815955,1869.685905050256,4338.040515462572
2460813.4944444443,-3099.7861941345527,1505.647068029456,4263.818253243387
2460813.4951388887,-3393.028689782193,1129.6644281994613,4155.714637480942
2460813.495833333,-3659.3826761079604,744.7136087718638,4014.5825452279437
2460813.496527778,-3896.732954136918,353.84229605841546,3841.536263995888
2460813.4972222224,-4103.192156953671,-39.85341695192602,3637.9432747165606
2460813.497916667,-4277.116062626179,-433.25320507388886,3405.4140674785326
2460813.498611111,-4417.117161002578,-823.2370587546069,3145.7900084428647
2460813.4993055556,-4522.076322769573,-1206.7100235270975,2861.1293017560656
2460813.5006944444,-4623.789838741302,-1942.0170405655433,2225.9178585769223
2460813.501388889,-4619.723527775142,-2288.0079859775296,1880.416012060797
2460813.502083333,-4578.981871190511,-2615.849441336175,1519.9351610800325
2460813.5027777776,-4501.886915315119,-2922.935625393096,1147.345882881365
2460813.503472222,-4389.052136208622,-3206.826789569523,765.6163937950099
2460813.504166667,-4241.377654027387,-3465.269333018404,377.7882660230902
2460813.5048611113,-4060.0429271888006,-3696.2143388708664,-13.048557235650291
2460813.5055555557,-3846.496984724996,-3897.8343307518376,-403.78119628165734
2460813.50625,-3602.446295578209,-4068.5380680006206,-791.2994501897706
2460813.5069444445,-3329.840402914767,-4206.983233284854,-1172.5213326378873
2460813.507638889,-3030.8554926803376,-4312.086889802686,-1544.41825446014
2460813.5083333333,-2707.8760849839073,-4383.033628343359,-1904.0396041449426
2460813.5090277777,-2363.475063957178,-4419.281355539133,-2248.536483735605
2460813.509722222,-2000.3922766380238,-4420.56471192217,-2575.1843808303333
2460813.5104166665,-1621.5119368213495,-4386.896141805986,-2881.404585309869
2460813.511111111,-1229.8390790328995,-4318.564666653225,-3164.7841803212305
2460813.511805556,-828.4752963191837,-4216.1324400617805,-3423.0944734547347
2460813.5125,-420.5939934129971,-4080.4291834492406,-3654.3077567994255
2460813.5131944446,-9.415365798697316,-3912.544615691369,-3856.6123177120485
2460813.513888889,401.81869368818,-3713.819001334237,-4028.4256417221823
2460813.5145833334,809.8695834393294,-3485.831945315204,-4168.405774561245
2460813.515277778,1211.5267169255153,-3230.389561742678,-4275.460825941132
2460813.515972222,1603.63183835029,-2949.5101411570017,-4348.756609736533
2460813.5166666666,1983.10280286966,-2645.4084343204822,-4387.722423731043
2460813.517361111,2346.9567079436547,-2320.4786618658222,-4392.054975944807
2460813.5180555554,2692.3322710847397,-1977.276350637357,-4361.720463923995
2460813.51875,3016.5113489386567,-1618.4990955918718,-4296.954810975583
2460813.519444444,3316.9395002867573,-1246.966335837037,-4198.262059784165
2460813.520138889,3591.2454859585596,-865.598237996638,-4066.4109195819633
2460813.5208333335,3837.2595970390635,-477.39377803526867,-3902.4294594016187
2460813.521527778,4053.0306901440813,-85.40812451564088,-3707.597940311663
2460813.5222222223,4236.841802266666,307.2705656411896,-3483.439782022512
2460813.5229166667,4387.22420923071,697.5448142918736,-3231.7106653128917
2460813.523611111,4502.9697835447005,1082.3318063986594,-2954.38578559158
2460813.5243055555,4583.141507632601,1458.5875346424732,-2653.6452846339685
2460813.525,4627.081995865693,1823.3309181787254,-2331.85791462389
2460813.5256944443,4634.419889424117,2173.6677008394486,-1991.5630070296247
2460813.5263888887,4605.0739982754285,2506.8139138901342,-1635.4508483005848
2460813.527083333,4539.255083427521,2820.1186758702866,-1266.3415938652024
2460813.527777778,4437.465197593537,3111.0860943831153,-887.1628818609776
2460813.5284722224,4300.494531073189,3377.3960360636734,-500.9263321672166
2460813.529166667,4129.415743017927,3616.92353150336,-110.70314540158805
2460813.529861111,3925.575795885998,3827.756592695185,280.4009607613528
2460813.5305555556,3690.585346801385,4008.212240724428,669.2712286459507
2460813.53125,3426.3057894327794,4156.8505604476895,1052.8094850228392
2460813.5319444444,3134.8340740616754,4272.486629712311,1427.95964703486
2460813.532638889,2818.4854680707963,4354.200200648643,1791.7328423850854
2460813.533333333,2479.7744469971435,4401.3430460586615,2141.2318865509314
2460813.5340277776,2121.3939288971137,4413.543919545184,2473.6748745911204
2460813.534722222,1746.193080809574,4390.711113051977,2786.4176651864136
2460813.535416667,1357.1539401824937,4333.032629157161,3076.9750551375987
2460813.5361111113,957.367090741212,4240.9740160488245,3343.040475750279
2460813.5368055557,550.00663653082,4115.273938952904,3582.504064433261
2460813.5375,138.30470756377974,3956.937583867422,3793.468996135067
2460813.5381944445,-274.47428613766823,3767.2280032269946,3974.2659881301533
2460813.538888889,-685.0594387201706,3547.655527829568,4123.465909761599
2460813.5395833333,-1090.1989907015916,3299.9653687507334,4239.890458257671
2460813.5402777777,-1486.6856483757947,3026.123541460074,4322.620870065262
2460813.540972222,-1871.3814307013838,2728.301235192547,4371.00465615804
2460813.542361111,-2593.339613691241,2070.3221379952106,4363.480291803343
2460813.543055556,-2924.886765857417,1715.373603462013,4307.631375875536
2460813.54375,-3233.256736997178,1346.820870096076,4217.553882452936
2460813.5444444446,-3516.0045832751366,967.5805321476593,4093.9582720798876
2460813.545138889,-3770.8862464195076,580.6545590231707,3937.8200146688555
2460813.5458333334,-3995.876380207047,189.10705888986894,3750.3724312437853
2460813.546527778,-4189.184652761758,-203.95956717514298,3533.09755746231
2460813.547222222,-4349.270376591421,-595.4289267011906,3287.715049012893
2460813.5479166666,-4474.855325673852,-982.1952420100026,3016.169153193606
2460813.548611111,-4564.934587378775,-1361.1880700236075,2720.613800847829
2460813.5493055554,-4618.785312361811,-1729.396949294388,2403.3958824280858
2460813.55,-4635.973228624832,-2083.89575553195,2067.036807183317
2460813.550694444,-4616.356805969767,-2421.866542791129,1714.2124667583753
2460813.551388889,-4560.088977220665,-2740.6226384312367,1347.7317516557116
2460813.5520833335,-4467.616349998529,-3037.630749394795,970.513803940101
2460813.552777778,-4339.675874181431,-3310.5318488328353,585.5642060655618
2460813.5534722223,-4177.288966205754,-3557.1606107896923,195.95033887872953
2460813.5541666667,-3981.75312767432,-3775.5631823761873,-195.2238475580036
2460813.554861111,-3754.63113426219,-3964.0130993983835,-584.8433889828804
2460813.5555555555,-3497.7379079043358,-4121.025178614112,-969.8079206394807
2460813.55625,-3213.1252181135947,-4245.367250892959,-1347.057084125912
2460813.5569444443,-2903.064392328263,-4336.06963083948,-1713.5954624635604
2460813.5576388887,-2570.0272364586726,-4392.432257147317,-2066.5167977312753
2460813.558333333,-2216.665387580896,-4414.029471645363,-2403.0272602617097
2460813.559027778,-1845.7883340972785,-4400.712439823087,-2720.467560803807
2460813.5597222224,-1460.3403464149214,-4352.609248443824,-3016.3337225000164
2460813.560416667,-1063.3765543606714,-4270.122743954573,-3288.2963634368034
2460813.561111111,-658.0384076998389,-4153.926198301534,-3534.2183631541225
2460813.5618055556,-247.528746227071,-4004.9569092606203,-3752.1708158911197
2460813.5625,164.91332212290473,-3824.407851183901,-3940.4472073749407
2460813.5631944444,576.0375347566485,-3613.7175046402913,-4097.57576317201
2460813.563888889,982.6074165942227,-3374.5579903990797,-4222.329947477495
2460813.564583333,1381.4248948887484,-3108.8216345406445,-4313.737099101882
2460813.5652777776,1769.3544504584681,-2818.606086277192,-4371.08520424341
2460813.565972222,2143.346686482021,-2506.1981007627473,-4393.927812082918
2460813.566666667,2500.461204464972,-2174.05609200895,-4382.087099718803
2460813.5673611113,2837.888680533992,-1824.791557038297,-4335.6550920655
2460813.5680555557,3152.9720451610087,-1461.1494606465412,-4254.993039328028
2460813.56875,3443.226659344092,-1085.9876751198778,-4140.728950394518
2460813.5694444445,3706.359383618505,-702.2555620630355,-3993.7532761156776
2460813.570138889,3940.2864221943596,-312.9717948680515,-3815.2127350805144
2460813.5708333333,4143.149818280402,78.79847246387308,-3606.5022760864763
2460813.5715277777,4313.332470673182,469.96697799301097,-3369.255172744345
2460813.572222222,4449.471526643693,857.446125300483,-3105.3312609326467
2460813.5729166665,4550.4700098469375,1238.1730147119408,-2816.8033358315015
2460813.573611111,4615.506533706353,1609.1335565346596,-2505.9417508829424
2460813.574305556,4644.042959040722,1967.3864812583115,-2175.197278136674
2460813.575,4635.8298618008985,2310.0870403412296,-1827.1823173012147
2460813.5756944446,4590.909692769083,2634.5101751048496,-1464.6505713259169
2460813.576388889,4509.617532146684,2938.0729283818064,-1090.4753280147506
2460813.5770833334,4392.579368813505,3218.3558571461704,-707.6265273401991
2460813.577777778,4240.7078653697845,3473.1232157839604,-319.14681045944
2460813.578472222,4055.1956048784223,3700.3416806312493,71.8732238124166
2460813.5791666666,3837.5058533070055,3898.197400875181,462.3203100649167
2460813.579861111,3589.3609089902448,4065.111181888198,849.0840977518377
2460813.5805555554,3312.7281480176866,4199.751631133044,1229.0827564596848
2460813.58125,3009.803908980243,4301.046126816995,1599.2883375641582
2460813.581944444,2682.995394858649,4368.1895017772695,1956.7516262259537
2460813.582638889,2334.9007882015117,4400.650373052608,2298.6262388872983
2460813.584027778,1586.0709252909944,4360.789224571379,2924.8754695369453
2460813.5847222223,1191.2875306319152,4288.796863292317,3204.273189874091
2460813.5854166667,787.0732102818805,4182.7773788155555,3458.1679017574866
2460813.586111111,376.6364598209044,4043.5801467389233,3684.5471868597815
2460813.5868055555,-36.76699588125326,3872.3170795576734,3881.618684686209
2460813.5875,-449.86003686625577,3670.3531712372346,4047.8237199172117
2460813.5881944443,-859.3699427291975,3439.295165454256,4181.849014362182
2460813.5888888887,-1262.053968316566,3180.9784734636764,4282.636449137007
2460813.589583333,-1654.7245306121556,2897.452470990087,4349.390854966282
2460813.590277778,-2034.2738603909022,2590.964296011398,4381.585822121644
2460813.5909722224,-2397.697976647311,2263.9412691525818,4378.967525399492
2460813.591666667,-2742.1198549180785,1918.9720514522223,4341.5565642311085
2460813.592361111,-3064.8116663856554,1558.7866489142727,4269.6478176495575
2460813.5930555556,-3363.215959054202,1186.2353786507108,4163.8083140091485
2460813.59375,-3634.965659642265,804.2669041283859,4024.873114406546
2460813.5944444444,-3877.9027621517007,415.9054604904861,3853.9392107344297
2460813.595138889,-4090.09557004787,24.22739170447332,3652.3574409290227
2460813.595833333,-4269.854346520292,-367.66285722563754,3421.7224344311467
2460813.5965277776,-4415.745230279395,-756.657146254471,3163.860607309204
2460813.597222222,-4526.60226554623,-1139.6682684538407,2880.816248274948
2460813.597916667,-4601.537403860809,-1513.6546200304385,2574.835749528531
2460813.5986111113,-4639.948337480505,-1875.6447048177708,2248.350065696901
2460813.5993055557,-4641.524039679252,-2222.7612555912715,1903.9555085730933
2460813.6,-4606.24790555405,-2552.244744477035,1544.3930118979588
2460813.6006944445,-4534.398410612247,-2861.4760451618245,1172.5260310919741
2460813.601388889,-4426.547234214632,-3147.998009462207,791.317269386121
2460813.6020833333,-4283.554828191416,-3409.535725647883,403.80444630963643
2460813.6027777777,-4106.563447432955,-3644.015236099691,13.075346483551098
2460813.603472222,-3896.9876983118434,-3849.5805085050606,-377.75759553833814
2460813.6041666665,-3656.5026938765095,-4024.608482713734,-765.5829172801408
2460813.604861111,-3387.0299512689376,-4167.722032290915,-1147.3156758694045
2460813.605555556,-3090.7211830747015,-4277.800727821927,-1519.9226731115277
2460813.60625,-2769.940182102644,-4353.989306694359,-1880.447085280387
2460813.6069444446,-2427.2430056099856,-4395.703802948249,-2226.032267454275
2460813.607638889,-2065.3566902818584,-4402.635319098049,-2553.9445077649593
2460813.6083333334,-1687.15673563479,-4374.751457637975,-2861.59453670869
2460813.609027778,-1295.6435995584113,-4312.295460204045,-3146.557621321186
2460813.609722222,-893.9184425120843,-4215.7831288284615,-3406.5921067250665
2460813.6104166666,-485.15835069763966,-4085.9976244674663,-3639.6562938606467
2460813.611111111,-72.59125604949024,-3923.9822544661624,-3843.9235699751193
2460813.6118055554,340.52924869334583,-3731.031370023995,-4017.795735569014
2460813.6125,750.9490171046035,-3508.6795002101494,-4159.914491204007
2460813.613194444,1155.438214226083,-3258.6888501516923,-4269.171065580932
2460813.613888889,1550.815798752182,-2983.035284540682,-4344.7139807571675
2460813.6145833335,1933.9734901560978,-2683.892914719571,-4385.954955680753
2460813.615277778,2301.899104056612,-2363.61739962736,-4392.572955041345
2460813.6159722223,2651.699152176864,-2024.7280595591703,-4364.516390684621
2460813.6166666667,2980.6206006057373,-1669.8889007240152,-4302.003479387438
2460813.617361111,3286.0716873094616,-1301.8886391716542,-4205.520757594432
2460813.6180555555,3565.641691391234,-923.6198163471685,-4075.819749673598
2460813.61875,3817.119545475314,-538.0570957872784,-3913.911782341823
2460813.6194444443,4038.5111694680477,-148.23484236163324,-3721.060938074463
2460813.6201388887,4228.055397796705,242.7759069679397,-3498.7751425013207
2460813.620833333,4384.238363100237,631.890957610176,-3248.795387185184
2460813.621527778,4505.806192360569,1016.036816728966,-2973.083100372154
2460813.6222222224,4591.775867710943,1392.1747374256277,-2673.805695189243
2460813.622916667,4641.444106144408,1757.324770885153,-2353.3203436859317
2460813.623611111,4654.394117741985,2108.5896302912297,-2014.156049624304
2460813.6243055556,4630.500114192264,2443.178152269499,-1658.9941220124074
2460813.6256944444,4473.142364258489,3051.828310657817,-912.036817392314
2460813.626388889,4340.889102835305,3321.039235040619,-526.1702115143348
2460813.627083333,4174.204669025623,3563.9128340229936,-136.11572215706605
2460813.6277777776,3974.4009424077994,3778.5104126534957,255.02211947820064
2460813.628472222,3743.0563814954576,3963.1189016692047,644.1280763171121
2460813.629166667,3482.0033412768494,4116.265166771391,1028.1018356831894
2460813.6298611113,3193.3131413725478,4236.72821940878,1403.8835348386483
2460813.6305555557,2879.279042120582,4323.549205750438,1768.478918579168
2460813.63125,2542.397314359968,4376.039082561466,2118.983872265671
2460813.6319444445,2185.3466185344273,4393.783922840094,2452.6080810806184
2460813.632638889,1810.965917579321,4376.64783225875,2766.697596343403
2460813.6333333333,1422.2311651412501,4324.773488563005,3058.7561054375724
2460813.6340277777,1022.2310133640038,4238.580347915402,3326.4647312464685
2460813.634722222,614.1417820911236,4118.760588669858,3567.7002156049903
2460813.6354166665,201.20192210988583,3966.2728838030102,3780.551370388993
2460813.636111111,-213.31380079324222,3782.3341112093535,3963.333703357925
2460813.636805556,-626.120195893251,3568.409120577662,4114.602155019467
2460813.6375,-1033.9474203865116,3326.198681537695,4233.16190140004
2460813.6381944446,-1433.5664563614837,3057.62574234292,4318.07719379573
2460813.638888889,-1821.8141400088195,2764.82012055083,4368.678222827659
2460813.6395833334,-2195.6175896388577,2450.101752208971,4384.565997988446
2460813.640277778,-2552.0179055886583,2115.9626113931026,4365.615242688012
2460813.640972222,-2888.193008773072,1765.0474163643935,4311.975303525145
2460813.6416666666,-3201.4794943877955,1400.1332321639213,4224.069074485456
2460813.642361111,-3489.3933769558334,1024.108078478652,4102.589935271847
2460813.6430555554,-3749.6495976262236,639.9486564209943,3948.4967029124814
2460813.64375,-3980.1801593429327,250.6973152520678,3763.0065984191247
2460813.644444444,-4179.150749969268,-140.56160928660933,3547.5862360556202
2460813.645138889,-4344.975710856976,-530.7259451517776,3303.940648925753
2460813.6458333335,-4476.331199935233,-916.7001589624881,3034.0003813390686
2460813.646527778,-4572.166401760017,-1295.4199779847927,2739.906695883786
2460813.6472222223,-4631.712643056966,-1663.8769717979367,2423.994958586872
2460813.6479166667,-4654.490276839738,-2019.1428751585433,2088.7763011302727
2460813.648611111,-4640.313218910014,-2358.393433929829,1736.9176774158702
2460813.6493055555,-4589.291038852109,-2678.9315415258907,1371.220462542763
2460813.65,-4501.828535464079,-2978.2094242754256,994.5977759158487
2460813.6506944443,-4378.622757368982,-3253.8496456547236,610.0507257614322
2460813.6513888887,-4220.657465627163,-3503.664695149717,220.64380811981394
2460813.652083333,-4029.195071159503,-3725.674950731043,-170.520298321589
2460813.652777778,-3805.7661196917957,-3918.1248173229847,-560.3262786385263
2460813.6534722224,-3552.156431665488,-4079.496873719782,-945.6718060192674
2460813.654166667,-3270.392043005948,-4208.523885829512,-1323.4929723028488
2460813.654861111,-2962.7221189475645,-4304.198581756485,-1690.789267351547
2460813.6555555556,-2631.6000446888474,-4365.78111529237,-2044.647852915543
2460813.65625,-2279.662911753537,-4392.804183410705,-2382.266902140814
2460813.6569444444,-1909.709634615107,-4385.075796073837,-2700.9777944867337
2460813.657638889,-1524.677940559716,-4342.6797295452425,-2998.2659811027047
2460813.658333333,-1127.6204702857906,-4265.973722954845,-3271.7903689931645
2460813.6590277776,-721.6802305727624,-4155.585502320916,-3519.4010934442813
2460813.659722222,-310.06561660426917,-4012.4067337726983,-3739.155586867589
2460813.660416667,103.97477991197455,-3837.585022740177,-3929.3328688767847
2460813.6611111113,517.177387809072,-3632.514082444885,-4088.4460133266107
2460813.6618055557,926.2887264760116,-3398.8221970254485,-4215.252765336874
2460813.6625,1328.0901702707356,-3138.3591057709214,-4308.764294962045
2460813.6631944445,1719.4222731427283,-2853.1814268850153,-4368.252087951924
2460813.663888889,2097.2085289208826,-2545.5367343204102,-4393.252977877236
2460813.6645833333,2458.478455539105,-2217.846392805798,-4383.572326823613
2460813.6652777777,2800.389898857623,-1872.687248416238,-4339.285360510099
2460813.665972222,3120.2504521052483,-1512.7722688318981,-4260.7366606096375
2460813.667361111,3683.9195123399,-760.0844693108464,-4003.563202478208
2460813.668055556,3923.270263931018,-373.23101878933187,-3826.9439598128793
2460813.66875,4131.689539633189,16.584147125056322,-3620.060031646016
2460813.6694444446,4307.516507865495,406.2882663390599,-3384.530392482676
2460813.670138889,4449.343829171139,792.8054324253909,-3122.2013941778087
2460813.6708333334,4556.029620060782,1173.080511409529,-2835.133273324858
2460813.671527778,4626.707511652093,1544.1031688167764,-2525.5848573330695
2460813.672222222,4660.794660069919,1902.9318255190294,-2195.9965262234123
2460813.6729166666,4657.997571335882,2246.717335889299,-1848.9715177158569
2460813.673611111,4618.315619783612,2572.7261714087454,-1487.25568816587
2460813.6743055554,4542.042159388462,2878.362879330704,-1113.7158735193718
2460813.675,4429.763153399368,3161.191583989447,-731.3170193043574
2460813.675694444,4282.353279878803,3418.956292266536,-343.09828296593594
2460813.676388889,4100.969503682229,3649.5997792064486,47.85167389759362
2460813.6770833335,3887.0421457885595,3851.2808335393024,438.4199543473737
2460813.677777778,3642.2635155764665,4022.389669963904,825.4950036957216
2460813.6784722223,3368.5742138729693,4161.561332746615,1205.9922243069232
2460813.6791666667,3068.1472439422864,4267.686950608474,1576.8793656551507
2460813.679861111,2743.3701063890067,4339.922729762935,1935.2014203530198
2460813.6805555555,2396.8250735981283,4377.69661149535,2278.10477893861
2460813.68125,2031.267866725277,4380.71255284008,2602.860404084559
2460813.6819444443,1649.6049690016405,4348.952425622772,2906.8858119653933
2460813.6826388887,1254.8698176676216,4282.675560654268,3187.765672457289
2460813.683333333,850.1981175510895,4182.415992309383,3443.2708676985862
2460813.684027778,438.80251887581926,4048.9774839306715,3671.375874357878
2460813.6847222224,23.946887341840768,3883.4264333646647,3870.2743669460533
2460813.685416667,-391.07961832105565,3687.0827707482,4038.392964088272
2460813.686111111,-802.9884550369891,3461.5089724464874,4174.403059799512
2460813.6868055556,-1208.5174128151737,3208.4973142714616,4277.230706852243
2460813.6875,-1604.455968440217,2930.0554916835367,4346.064528715143
2460813.6881944444,-1987.6701243864425,2628.3907295801473,4380.361650568039
2460813.688888889,-2355.1265928013877,2305.892500223814,4379.851645528519
2460813.689583333,-2703.9161930379787,1965.1139633567832,4344.538495257751
2460813.6902777776,-3031.2763352010443,1608.7522401828505,4274.70056508719
2460813.690972222,-3334.6124657716196,1239.6276296055448,4170.888593443362
2460813.691666667,-3611.5183484149056,860.6618770540206,4033.92169447218
2460813.6923611113,-3859.795046792191,474.8556139713028,3864.8813748593147
2460813.6930555557,-4077.468475506087,85.26508799670918,3665.103567174643
2460813.69375,-4262.805373688488,-305.0216773769441,3436.1686908062684
2460813.6944444445,-4414.3275538917715,-692.9091423829433,3179.8897627579413
2460813.695138889,-4530.824278671964,-1075.3187664501754,2898.2985928776507
2460813.6958333333,-4611.362615240805,-1449.2135907179488,2593.6301223674523
2460813.6965277777,-4655.295629193702,-1811.6226905764847,2268.304982478417
2460813.697222222,-4662.268287819579,-2159.6652781464236,1924.910382184528
2460813.6979166665,-4632.220963736701,-2490.574230746668,1566.1794555852218
2460813.698611111,-4565.390452256527,-2801.7188061840634,1194.969235086828
2460813.699305556,-4462.308445183823,-3090.626312240988,814.2374355529009
2460813.7,-4323.797437830319,-3355.002491694157,427.01827043059205
2460813.7006944446,-4150.9640815134435,-3592.75040408399,36.39753181306278
2460813.701388889,-3945.1900314986333,-3801.987596579992,-354.51281195498757
2460813.7020833334,-3708.120380077261,-3981.0613781929114,-742.6002348624618
2460813.702777778,-3441.649800287381,-4128.562041569612,-1124.7772205429605
2460813.703472222,-3147.906555109916,-4243.333908911488,-1498.006517552415
2460813.7041666666,-2829.2345654846463,-4324.484106866403,-1859.3258163742016
2460813.704861111,-2488.1737429719947,-4371.389018462214,-2205.8716141474038
2460813.7055555554,-2127.4388171465616,-4383.698390002365,-2534.9020415421246
2460813.70625,-1749.8968964776966,-4361.337106595361,-2843.818454283371
2460813.706944444,-1358.5440048442176,-4304.504680650419,-3130.185619455482
2460813.707638889,-956.4808309739817,-4213.672523495273,-3391.7503569087608
2460813.709027778,-133.0005746065407,-3933.223026601913,-3832.4702321937452
2460813.7097222223,281.91649661836266,-3745.854373366674,-4008.173330812493
2460813.7104166667,694.5943152911323,-3528.9640611475206,-4152.1949574370055
2460813.711111111,1101.7846780497641,-3284.2717113715667,-4263.411302298975
2460813.7118055555,1500.2847868545362,-3013.71193219513,-4340.955479227359
2460813.7125,1886.961394634052,-2719.419202314035,-4384.223539942852
2460813.7131944443,2258.7743373843005,-2403.711456241061,-4392.878632623066
2460813.7138888887,2612.799346771662,-2069.072470457078,-4366.853312179937
2460813.714583333,2946.250038328075,-1718.1331457444987,-4306.350006344367
2460813.715277778,3256.498972151061,-1353.651776477891,-4211.839638474228
2460813.7159722224,3541.097681684084,-978.4933945968204,-4084.058403531797
2460813.716666667,3797.7955579530244,-595.6082803270324,-3924.0026906637363
2460813.717361111,4024.55747051144,-208.00973532385595,-3732.9221440121387
2460813.7180555556,4219.579992922236,181.24876931389014,-3512.3108585411505
2460813.71875,4381.306099583851,569.0969562008052,-3263.896708537007
2460813.7194444444,4508.438184264218,952.4714702944694,-2989.6288242773985
2460813.720138889,4599.949254495018,1328.3398210102187,-2691.663242485131
2460813.720833333,4655.092152746548,1693.7243612999368,-2372.346778479475
2460813.7215277776,4673.406661630519,2045.7261079894042,-2034.1991932124342
2460813.722222222,4654.724362797413,2381.5481960127604,-1679.8937513126607
2460813.722916667,4599.171135566206,2698.5187400393456,-1312.2363000428784
2460813.7236111113,4507.167205647617,2994.1128733933847,-934.1430240157953
2460813.7243055557,4379.424682763347,3265.9737277218073,-548.6170618269407
2460813.725,4216.942559024651,3511.932121742796,-158.72419455974708
2460813.7256944445,4020.999175648619,3730.0247359776877,232.43216143897604
2460813.726388889,3793.1422060227155,3918.510563367584,621.7364030518133
2460813.7270833333,3535.1762383605956,4075.885452278583,1006.0863717478361
2460813.7277777777,3249.148079008038,4200.894581317301,1382.4188993817713
2460813.728472222,2937.3299341606557,4292.542735931485,1747.7349985558612
2460813.7291666665,2602.2006539032127,4350.102293360024,2099.1244413752884
2460813.729861111,2246.4252460884218,4373.118855893205,2433.7894831173767
2460813.730555556,1872.8328934137269,4361.414506801543,2749.0674990610814
2460813.73125,1484.3937056866584,4315.088699122034,3042.4523397555513
2460813.7319444446,1084.194460089107,4234.51681671184,3311.6142211187794
2460813.732638889,675.4135637233949,4120.3464741163125,3554.418009315488
2460813.7333333334,261.29548063661724,3973.4916439800427,3768.9397760099205
2460813.734027778,-154.8751535010442,3795.124717800837,3953.481533769082
2460813.734722222,-569.799519802808,3586.6666166208943,4106.584084894877
2460813.7354166666,-980.1905140167356,3349.775074695279,4227.037937622131
2460813.736111111,-1382.7983757808026,3086.331222116883,4313.892260668916
2460813.7368055554,-1774.4358889579257,2798.4245904102113,4366.461861006692
2460813.7375,-2152.0030065259625,2488.336661216654,4384.332178066995
2460813.738194444,-2512.5107630927846,2158.5230743864413,4367.36229221089
2460813.738888889,-2853.104346008239,1811.59460719944,4315.685947470267
2460813.7395833335,-3171.085199076234,1450.2970339974258,4229.7105885659585
2460813.740277778,-3463.9320334310096,1077.4899744049362,4110.114411350804
2460813.7409722223,-3729.3206140827406,696.1248448486001,3957.841426912307
2460813.7416666667,-3965.142192028641,309.2220263817967,3774.094538974534
2460813.742361111,-4169.520435811479,-80.15261535887672,3560.32664327162
2460813.7430555555,-4340.826720854966,-468.9117215572134,3318.229762356325
2460813.74375,-4477.693625821489,-853.9707849392495,3049.7222434111604
2460813.7444444443,-4579.026484450311,-1232.2726690064185,2756.934067319561
2460813.7451388887,-4644.0128497468595,-1600.812116042326,2442.1903320930132
2460813.745833333,-4672.129731937343,-1956.6600313274362,2107.9930051931015
2460813.746527778,-4663.148489604667,-2296.9873236410976,1757.0010628211555
2460813.7472222224,-4617.1372734328515,-2619.088070213294,1392.0091639179266
2460813.747916667,-4534.460948170816,-2920.4017708139795,1015.9250330915037
2460813.748611111,-4415.778450179284,-3198.5344522738783,631.7457577026714
2460813.7493055556,-4262.037572103313,-3451.278397404459,242.53322124608417
2460813.7506944444,-3854.5671046210364,-3872.8075044401985,-538.5715677754413
2460813.751388889,-3604.0952876690635,-4038.2625975021288,-924.2442334967685
2460813.752083333,-3325.0531999730442,-4171.695473039703,-1302.5620712025484
2460813.7527777776,-3019.6688261713543,-4272.063497380398,-1670.520104017963
2460813.753472222,-2690.377942501449,-4338.589256307209,-2025.1997067300508
2460813.754166667,-2339.8037312931256,-4370.765992206693,-2363.792007414261
2460813.7548611113,-1970.7349904857601,-4368.360705050876,-2683.6201554903296
2460813.7555555557,-1586.1031806392994,-4331.414944248244,-2982.1602699939513
2460813.75625,-1188.958549645395,-4260.243347472607,-3257.0609130508374
2460813.7569444445,-782.4455752123672,-4155.43000720205,-3506.1609585059714
2460813.757638889,-369.77794788187805,-4017.822764391137,-3727.505759835261
2460813.7583333333,45.78669185461417,-3848.5255425413534,-3919.3615437618223
2460813.7590277777,460.9720675831313,-3648.888844031551,-4080.2279815409447
2460813.759722222,872.5084570385507,-3420.4985333807067,-4208.8489103263055
2460813.7604166665,1277.1576021159635,-3165.1630304091145,-4304.221192336796
2460813.761111111,1671.7371970715121,-2884.899033424119,-4365.601709564486
2460813.761805556,2053.1448332599925,-2581.9158827684796,-4392.512499637758
2460813.7625,2418.3812836768416,-2258.5986712715353,-4384.7440389884805
2460813.7631944446,2764.573022506682,-1917.4901984496885,-4342.356680022185
2460813.763888889,3088.9938776933795,-1561.2718590858344,-4265.6802449849465
2460813.7645833334,3389.0857115532026,-1192.7435553281705,-4155.311774871102
2460813.765277778,3662.478019450138,-814.8027231807321,-4012.1114288840618
2460813.765972222,3907.0063341079494,-430.42256246348046,-3837.196525882418
2460813.7666666666,4120.729307183564,-42.629575718080154,-3631.9337218786923
2460813.767361111,4301.944336171846,345.5194730323377,-3397.9293201945047
2460813.7680555554,4449.201594040561,730.9610510099039,-3137.017719777174
2460813.76875,4561.316313221558,1110.6486538408722,-2851.2480211464754
2460813.769444444,4637.379174565706,1481.57674276081,-2542.8688265015435
2460813.770138889,4676.76465435475,1840.8046392541528,-2214.3112915686243
2460813.7708333335,4679.137189976046,2185.48017348169,-1868.170514929049
2460813.771527778,4644.455040494332,2512.8628703802983,-1507.1853770527955
2460813.7722222223,4572.971737658467,2820.3464490185465,-1134.2169665795354
2460813.7729166667,4465.23504967924,3105.4803945787908,-752.2257710575918
2460813.773611111,4322.0834102194385,3365.9903753073872,-364.24782233339505
2460813.7743055555,4144.639800672314,3599.797270870741,26.629976462617506
2460813.775,3934.3031107760494,3805.034596907969,417.2951019730121
2460813.7756944443,3692.7370422606496,3980.0641261432706,804.6349807379802
2460813.7763888887,3421.856654032422,4123.489533899223,1185.5626178380433
2460813.777083333,3123.8126909192006,4234.167917726428,1557.0420076768023
2460813.777777778,2800.9738618540023,4311.21908089803,1916.113070055018
2460813.7784722224,2455.9072669416864,4354.032498618369,2259.9158546189997
2460813.779166667,2091.3571903194816,4362.271923548955,2585.7137794248247
2460813.779861111,1710.2224962949822,4335.877620749411,2890.9156850499335
2460813.7805555556,1315.532867924394,4275.066255689236,3173.0965179440823
2460813.78125,910.4241325211591,4180.328486366023,3430.016479733495
2460813.7819444444,498.11292085403403,4052.424337470241,3659.638504526227
2460813.782638889,81.87088226358381,3892.376451214596,3860.1439647707284
2460813.783333333,-335.00131716195204,3701.4613268951134,4029.9465199961955
2460813.7840277776,-749.2000144579089,3481.198668238678,4167.704054896171
2460813.784722222,-1157.4444018129773,3233.338961893189,4272.32866936431
2460813.785416667,-1556.5020385177188,2959.8494127288036,4342.9946977196105
2460813.7861111113,-1943.21387119286,2662.8983562855915,4379.144747176894
2460813.7868055557,-2314.5186167646543,2344.8382683572177,4380.4937507143095
2460813.7875,-2667.476378962165,2008.1874824489557,4347.031034290362
2460813.7881944445,-2999.2913687544064,1655.610725731796,4279.02039778571
2460813.788888889,-3307.333600450062,1289.8985842663392,4176.998210107076
2460813.7895833333,-3589.159441190582,913.946001204136,4041.769516748587
2460813.7902777777,-3842.5308750726704,530.7299291807777,3874.4021613025725
2460813.790972222,-4065.433350323936,143.2862517166306,3676.218922170412
2460813.792361111,-4412.986512910752,-631.988190399452,3193.909611915062
2460813.793055556,-4534.863236959242,-1013.6676194423179,2913.6055173951613
2460813.79375,-4620.746474047481,-1387.3208703106357,2610.100217779366
2460813.7944444446,-4669.946715932567,-1749.9787748208373,2285.805219367704
2460813.795138889,-4682.066953736902,-2098.7583747714575,1943.2996790507511
2460813.7958333334,-4657.006527146139,-2430.886455973356,1585.3098266830377
2460813.796527778,-4594.962483315199,-2743.7223083969193,1214.6869994159874
2460813.797222222,-4496.428384513917,-3034.7794708739157,834.3844814101797
2460813.7979166666,-4362.190536992319,-3301.746230707179,447.4333592188246
2460813.798611111,-4193.321648862306,-3542.504653704128,56.91762831735637
2460813.7993055554,-3991.1719651339795,-3755.1479340020646,-334.05119296662264
2460813.8,-3757.357962629272,-3937.995881238924,-722.3596845998759
2460813.800694444,-3493.748730002855,-4089.608381219054,-1104.9181055735141
2460813.801388889,-3202.4501839539057,-4208.796706123771,-1478.6856766737055
2460813.8020833335,-2885.787311808862,-4294.632575417259,-1840.695299100131
2460813.802777778,-2546.2846454567944,-4346.454910988473,-2188.077472580816
2460813.8034722223,-2186.645197894396,-4363.874260560287,-2518.083184440505
2460813.8041666667,-1809.7280964694924,-4346.774900058676,-2828.1055754698496
2460813.804861111,-1418.525158736358,-4295.314654403103,-3115.7002071555844
2460813.8055555555,-1016.1366502805708,-4209.922504343476,-3378.603788978981
2460813.80625,-605.7464584241696,-4091.2940687510013,-3614.751251387266
2460813.8069444443,-190.59689952107215,-3940.38506757163,-3822.2910803673203
2460813.8076388887,226.03663280019688,-3758.402882891644,-3999.598851326117
2460813.808333333,640.87099285124,-3546.796341231208,-4145.2889250641165
2460813.809027778,1050.6404161009234,-3307.2438401167183,-4258.224286523349
2460813.8097222224,1452.1213092077799,-3041.6399408431234,-4337.524518621084
2460813.810416667,1842.1565666164654,-2752.0805413419207,-4382.571913861115
2460813.811111111,2217.679289322652,-2440.846740639414,-4393.015729174525
2460813.8118055556,2575.735803896285,-2110.387489773157,-4368.774592120479
2460813.8125,2913.5078678296536,-1763.301130105885,-4310.037062160789
2460813.8131944444,3228.333967694656,-1402.3158999404757,-4217.260347919863
2460813.813888889,3517.7295918390596,-1030.2695091329851,-4091.1671786712327
2460813.814583333,3779.4063803502586,-650.0878556908997,-3932.740820274403
2460813.8152777776,4011.2900164834564,-264.76299773879424,-3743.218232196234
2460813.815972222,4211.536742191861,122.6695281842971,-3524.0813555993054
2460813.816666667,4378.5483506984565,509.15391164518815,-3277.046537364716
2460813.8173611113,4510.985515725526,891.6376684381142,-3004.052097375521
2460813.8180555557,4607.779303580656,1267.0954757477946,-2707.244069000948
2460813.81875,4668.14071980324,1632.5530709968202,-2388.9601589047265
2460813.8194444445,4691.568146043704,1985.1110257021542,-2051.7119937457524
2460813.820138889,4677.852532029702,2321.968181411424,-1698.165754203061
2460813.8208333333,4627.080227225964,2640.4445260237867,-1331.121322968591
2460813.8215277777,4539.633358445532,2938.0032842108185,-953.4900968129041
2460813.822222222,4416.187688514674,3212.2719810912604,-568.2716524658724
2460813.8229166665,4257.7079236375,3461.062251046918,-178.52947115570672
2460813.823611111,4065.4404742431693,3682.38816478746,212.63404267908035
2460813.824305556,3840.903711890287,3874.4828665564396,602.1029995224411
2460813.825,3585.8758019733714,4035.813333926431,986.7736595780608
2460813.8256944446,3302.3802328109928,4165.093095694569,1363.579992128037
2460813.826388889,2992.6691920751723,4261.292778154629,1729.5188961860524
2460813.8270833334,2659.204973542883,4323.648380465694,2081.674822149879
2460813.827777778,2304.6396241314596,4351.667215146286,2417.2435463270403
2460813.828472222,1931.793055955474,4345.131486093151,2733.5548740349755
2460813.8291666666,1543.6298623178016,4304.099508680967,3028.094067096418
2460813.829861111,1143.2350871837077,4228.904608688438,3298.5218149042184
2460813.8305555554,733.7891819237509,4120.151762388933,3542.6926078599945
2460813.83125,318.5423985205063,3978.7120644097054,3758.6713835210476
2460813.831944444,-99.21116170585609,3805.715125748231,3944.7483582163404
2460813.832638889,-516.1596325047842,3602.5395151400244,4099.451975012605
2460813.834027778,-1334.460864964039,3112.3412840379906,4310.1081684435485
2460813.8347222223,-1729.3338332751837,2829.2096373375716,4364.398081301813
2460813.8354166667,-2110.492303063414,2523.6504187003047,4384.001480906345
2460813.836111111,-2474.918594095638,2198.0837247073428,4368.763768193793
2460813.8368055555,-2819.7266390791765,1855.087004471145,4318.805042716416
2460813.8375,-3142.18432633883,1497.3751722194502,4234.519238278717
2460813.8381944443,-3439.734764568739,1127.7796933818393,4116.571271731493
2460813.8388888887,-3710.0163390052253,749.2267554668219,3965.892204552902
2460813.839583333,-3950.8814251749927,364.7146387489893,3783.672417770843
2460813.840277778,-4160.413616396833,-22.709583263799306,3571.3528073714924
2460813.8409722224,-4336.943320618768,-409.97387756098,3330.614013174843
2460813.841666667,-4479.061573143108,-794.0054601820517,3063.3637104023605
2460813.842361111,-4585.631915782596,-1171.7552111076088,2771.7220063302607
2460813.8430555556,-4655.800192903749,-1540.222102711463,2458.0050094913863
2460813.84375,-4689.002126075029,-1896.47743647242,2124.7066618266936
2460813.8444444444,-4684.968543142403,-2237.6886701325316,1774.478949441403
2460813.845138889,-4643.728157072509,-2561.1426023880654,1410.110640063882
2460813.845833333,-4565.607817649832,-2864.2676787024798,1034.5047228886906
2460813.8465277776,-4451.230188414772,-3144.6551875075243,650.6547459641037
2460813.847222222,-4301.508837923236,-3400.079109868396,261.62028405779733
2460813.847916667,-4117.640770481072,-3628.5144106212006,-129.49822448020325
2460813.8486111113,-3901.0964596938356,-3828.153571018406,-519.5850128265432
2460813.8493055557,-3653.6074890678965,-3997.421185901364,-905.5346219498435
2460813.85,-3377.1519341843045,-4134.986483297386,-1284.277376573665
2460813.8506944445,-3073.9376606060378,-4239.77364925616,-1652.804430413886
2460813.851388889,-2746.383728990272,-4310.969882571298,-2008.1921376598314
2460813.8520833333,-2397.100132328509,-4348.0311325438715,-2347.6255075227027
2460813.8527777777,-2028.8660936322042,-4350.685513311437,-2668.4205364920654
2460813.853472222,-1644.6071673013578,-4318.934417067994,-2968.0452291360143
2460813.8541666665,-1247.3713878805568,-4253.051379092536,-3244.1391488292666
2460813.854861111,-840.3047026993952,-4153.578771965269,-3494.53137093514
2460813.855555556,-426.6259158924906,-4021.322425291727,-3717.256738150651
2460813.85625,-9.60136110839006,-3857.3442829029264,-3910.570342776873
2460813.8569444446,407.4805076364619,-3662.9532149303664,-4072.96019065814
2460813.857638889,821.3344192059162,-3439.694111382651,-4203.15801287289
2460813.8583333334,1228.7033356576615,-3189.3353746339876,-4300.148217477398
2460813.859027778,1626.3830962911095,-2913.8549341377748,-4363.174974547235
2460813.859722222,2011.2465382565858,-2615.4248902488243,-4391.74744248435
2460813.8604166666,2380.2669729995214,-2296.394894234152,-4385.643140773616
2460813.861111111,2730.5409147505557,-1959.2743589011682,-4344.90947604808
2460813.8618055554,3059.3099544519046,-1606.7135928132268,-4269.8634242260605
2460813.8625,3363.981676328909,-1241.4839443279739,-4161.08936769249
2460813.863194444,3642.149506620913,-866.457044633064,-4019.4350826280147
2460813.863888889,3891.6113797888893,-484.58323956113156,-3846.0058684412043
2460813.8645833335,4110.387094422784,-98.86931304779782,-3642.1568132638536
2460813.865277778,4296.734226953203,287.64439012384565,-3409.483190907817
2460813.8659722223,4449.162457575376,671.9073120580066,-3149.808996158128
2460813.8666666667,4566.446161353,1050.8823594893377,-2865.1736348347185
2460813.867361111,4647.635111698223,1421.5697462441694,-2557.816805822818
2460813.8680555555,4692.063148038563,1781.0308206398524,-2230.161631443351
2460813.86875,4699.354666054505,2126.4116775389375,-1884.79611947148
2460813.8694444443,4669.428803308171,2454.9663397683325,-1524.4530680924927
2460813.8701388887,4602.501213246892,2764.079282921523,-1151.9885534791886
2460813.870833333,4499.083345623626,3051.2870714885835,-770.3591674113768
2460813.871527778,4359.97918310179,3314.298868987054,-382.59820491062914
2460813.8722222224,4186.279417386699,3551.0155961777637,8.208981047472175
2460813.872916667,3979.353086098576,3759.547517697361,398.9502146666788
2460813.873611111,3740.836732063315,3938.23005560437,786.5120630647009
2460813.8743055556,3472.621180665037,4085.6376560322446,1167.8054723885346
2460813.8756944444,2855.8323149766175,4282.189342827758,1899.5047876699325
2460813.876388889,2512.162656421492,4329.772199153481,2244.0808009321695
2460813.877083333,2148.5605866606993,4342.969825752903,2570.7761315840357
2460813.8777777776,1767.9178111724689,4321.682988927765,2876.9921123496665
2460813.878472222,1373.2605342319328,4266.08773583242,3160.2952724195975
2460813.879166667,967.7247970948695,4176.633318158552,3418.436564675219
2460813.8798611113,554.5311156964606,4054.0378990617,3649.3689278977445
2460813.8805555557,136.9586479708021,3899.2821364077395,3851.2630789685377
2460813.88125,-281.68088839936706,3713.600749879069,4022.5214532132286
2460813.8819444445,-698.06933963456,3498.472190771805,4161.790233910575
2460813.882638889,-1108.9080965308808,3255.6065354678667,4267.969435148046
2460813.8833333333,-1510.9437589752845,2986.9317258486594,4340.221014586644
2460813.8840277777,-1900.9933282672964,2694.578277099582,4377.975004883712
2460813.884722222,-2275.9687819717374,2380.8625708024174,4380.9336593132175
2460813.8854166665,-2632.900900067291,2048.2688433012518,4349.073611130267
2460813.886111111,-2968.9622097196443,1699.429980893503,4282.6460464335505
2460813.886805556,-3281.488924908968,1337.1072262056362,4182.174890390575
2460813.8875,-3568.0017497227973,964.1689060788791,4048.453006157058
2460813.8881944446,-3826.225414151555,583.5682917723065,3882.5364061789355
2460813.888888889,-4054.1068023248536,198.32071347587572,3685.7364792666845
2460813.8895833334,-4249.83152919543,-188.5199400388146,3459.6102425786803
2460813.890277778,-4411.838814919812,-573.8851891600652,3205.948639073714
2460813.890972222,-4538.834504691886,-954.716235715462,2926.7629157950505
2460813.8916666666,-4629.802083628186,-1327.9883622754048,2624.26913536963
2460813.892361111,-4684.011539835263,-1690.7352578317118,2300.870900197337
2460813.8930555554,-4701.025942951106,-2040.07305942262,1959.1403913989361
2460813.89375,-4680.70562159062,-2373.223884426899,1601.797853896495
2460813.894444444,-4623.209846401468,-2687.538620940667,1231.6896866091724
2460813.895138889,-4528.995954190642,-2980.518738242784,851.7653269752161
2460813.8958333335,-4398.815881620093,-3249.836885426592,465.0531410425344
2460813.896527778,-4233.7101135000685,-3493.356052361817,74.6355553375974
2460813.8972222223,-4034.999087991192,-3709.1470850432934,-316.3763197780731
2460813.8979166667,-3804.2721413761383,-3895.504364972647,-704.8683090434514
2460813.898611111,-3543.3741104172464,-4050.9594923253185,-1087.7487677862678
2460813.8993055555,-3254.389744967664,-4174.292841059546,-1461.9738874457048
2460813.9,-2939.6261158290527,-4264.542887054821,-1824.5724503269148
2460813.9006944443,-2601.5932231341735,-4321.013247783635,-2172.6697933386904
2460813.9013888887,-2242.9830344682355,-4343.277404398587,-2503.5107526657316
2460813.902083333,-1866.6471883919107,-4331.181113020767,-2814.48139218201
2460813.902777778,-1475.5736070248554,-4284.842541438123,-3103.1293413876656
2460813.9034722224,-1072.8622619263929,-4204.6501955944095,-3367.182596851984
2460813.904166667,-661.7003220705702,-4091.2587216455468,-3604.56667632779
2460813.904861111,-245.33691082174445,-3945.58268698048,-3813.4200345844065
2460813.9055555556,172.9423230758584,-3768.7884553445915,-3992.107681146779
2460813.90625,589.8406339995463,-3562.284276373529,-4139.2329617854175
2460813.9069444444,1002.0754364203135,-3327.7087123949923,-4253.647481949637
2460813.907638889,1406.4032395131298,-3066.9175225783397,-4334.459165258034
2460813.908333333,1799.6441262562769,-2781.9691180901086,-4381.0384490863
2460813.9090277776,2178.7056538936927,-2475.1086969047306,-4393.022622941457
2460813.909722222,2540.606067172807,-2148.7511563744297,-4370.318317029014
2460813.910416667,2882.496716031431,-1805.462878728829,-4313.102145517957
2460813.9111111113,3201.6835755997,-1447.9424765183714,-4221.819505780838
2460813.9118055557,3495.6477598483016,-1079.0005866449271,-4097.181530705425
2460813.9125,3762.064918709419,-701.5387989458063,-3940.160186958901
2460813.9131944445,3998.8233951533625,-318.5278164440292,-3751.981511933776
2460813.913888889,4204.04101236032,67.01504823759643,-3534.1169842606732
2460813.9145833333,4376.0803533832795,452.0489257417841,-3288.2730266229173
2460813.9152777777,4513.56238393552,833.5328544099951,-3016.378653507051
2460813.915972222,4615.3782689290165,1208.4495083127576,-2720.5712874564106
2460813.917361111,4708.984291592665,1926.7726609584029,-2066.711794144889
2460813.918055556,4699.985800960358,2264.476328279008,-1713.8243722716654
2460813.91875,4653.752564763382,2584.253352517281,-1347.3132722617083
2460813.9194444446,4570.630543911462,2883.5566643385064,-970.0857650825407
2460813.920138889,4451.261015162457,3159.9999230175495,-585.1383549246515
2460813.9208333334,4296.576171378027,3411.377430217856,-195.5325357774864
2460813.921527778,4107.792159722083,3635.6825955368836,195.63016994133565
2460813.922222222,3886.3995978967355,3831.1247423183136,585.2336391398904
2460813.9229166666,3634.1516435686112,3996.144066580676,970.1727856131199
2460813.923611111,3353.0497358605326,4129.4245804842685,1347.3791324331635
2460813.9243055554,3045.3271548812454,4229.904909439962,1713.8460593709162
2460813.925,2713.430585267454,4296.7868380505615,2066.6534577884045
2460813.925694444,2359.9998836452814,4329.541540671825,2402.9915547083638
2460813.926388889,1987.846284692662,4327.913462050358,2720.183668051806
2460813.9270833335,1599.929274417115,4291.921851632704,3015.707698990476
2460813.927777778,1199.3323863159742,4221.8599831301135,3287.2161726787126
2460813.9284722223,789.2381553485081,4118.292119603164,3532.554685772795
2460813.9291666667,372.9024743677059,3982.0483063462752,3749.7786335166675
2460813.929861111,-46.37141905465194,3814.217092502168,3937.1681229246424
2460813.9305555555,-465.2591157410969,3616.1362923147135,4093.2410048773663
2460813.93125,-880.4411674391254,3389.381905834567,4216.763975387594
2460813.9319444443,-1288.628995955967,3135.75532280804,4306.761715921548
2460813.9326388887,-1686.5904202906904,2857.268928026351,4362.524058163519
2460813.933333333,-2071.1746442507015,2556.130230184182,4383.611163635133
2460813.934027778,-2439.336572369483,2234.72462363195,4369.856717360975
2460813.9347222224,-2788.16031430654,1895.5968986230027,4321.369134512926
2460813.935416667,-3114.8817578984263,1541.4316006985398,4238.530780575724
2460813.936111111,-3416.910076486913,1175.032350872141,4121.99520417053
2460813.9368055556,-3691.848042251159,799.300233958297,3972.6823822736333
2460813.9375,-3937.511010478498,417.2113684570846,3791.7719778555556
2460813.9381944444,-4151.944428309467,31.793788687418377,3580.6946179289025
2460813.938888889,-4333.439725457625,-353.89623103522996,3341.12120266165
2460813.939583333,-4480.548429157223,-736.7982487883311,3074.9502758441527
2460813.9402777776,-4592.094353604788,-1113.8719590289356,2784.293497959401
2460813.940972222,-4667.1837125000775,-1482.1215382590638,2471.459287724984
2460813.941666667,-4705.2130135871985,-1838.6198288412384,2138.9347211561917
2460813.9423611113,-4705.87460789012,-2180.5321432573605,1789.365803897231
2460813.9430555557,-4669.159786533976,-2505.1394566972876,1425.5362647969666
2460813.94375,-4595.359344316364,-2809.860758181692,1050.3450388763797
2460813.9444444445,-4485.061559671774,-3092.2743189370804,666.7826455500848
2460813.945138889,-4339.147574954537,-3350.1376532285444,277.9066801975686
2460813.9458333333,-4158.784200592542,-3581.4059480906753,-113.18333050076288
2460813.9465277777,-3945.414201096237,-3784.2487676260866,-503.3714597746111
2460813.947222222,-3700.74416517421,-3957.0648489996406,-889.5510229750074
2460813.9479166665,-3426.7300920635735,-4098.494846455564,-1268.6500699103385
2460813.948611111,-3125.560864273514,-4207.431904086281,-1637.6564588635943
2460813.949305556,-2799.639798927108,-4283.0299771940045,-1993.6422649447604
2460813.95,-2451.564499029394,-4324.709853203054,-2333.787282167629
2460813.9506944446,-2084.1052350613136,-4332.162861254449,-2655.4014097295753
2460813.951388889,-1700.1820975500284,-4305.352289954307,-2955.945735064994
2460813.9520833334,-1302.8411665837273,-4244.512562313349,-3233.052151871152
2460813.952777778,-895.2299358880138,-4150.1462424787005,-3484.541384633421
2460813.953472222,-480.57222033965866,-4023.018967996825,-3708.4393184314144
2460813.9541666666,-62.14276345399857,-3864.152416239501,-3902.991558917489
2460813.954861111,356.75825757965924,-3674.815422390669,-4066.676172968842
2460813.9555555554,772.8306489478952,-3456.513370662771,-4198.214580047538
2460813.95625,1182.7993790072044,-3210.9759795185796,-4296.580580953291
2460813.956944444,1583.439376320285,-2940.1435971995593,-4361.007521655537
2460813.957638889,1971.5998161188156,-2646.1521197990182,-4390.993595955651
2460813.959027778,2698.391193362445,-1998.1138763281106,-4346.979008041682
2460813.9597222223,3031.3008913372905,-1649.1636147894017,-4273.320781651182
2460813.9604166667,3340.3317825981917,-1287.2090133901897,-4165.904230107472
2460813.961111111,3623.0429270976747,-915.0960920256371,-4025.5665981176826
2460813.9618055555,3877.1964540735244,-535.7523583644036,-3853.402965274996
2460813.9625,4100.775181702281,-152.1647126274332,-3650.758585557752
2460813.9631944443,4291.998803892185,232.6432647281212,-3419.219358322312
2460813.9638888887,4449.338499506389,615.6345161162928,-3160.6004367423966
2460813.964583333,4571.529815584799,993.7820618594924,-2876.9329897641137
2460813.965277778,4657.583670625004,1364.0927453635113,-2570.4491529201277
2460813.9659722224,4706.79532694073,1723.630988680855,-2243.5652247464423
2460813.966666667,4718.751188749573,2069.542360112982,-1898.8631915326011
2460813.967361111,4693.333296406561,2399.076743508847,-1539.0706874537195
2460813.9680555556,4630.721405921931,2709.6108805626855,-1167.0395320261812
2460813.96875,4531.392569275111,2998.670056231881,-785.7230105318938
2460813.9694444444,4396.1181612476075,3263.9486919254946,-398.1520942268305
2460813.970138889,4225.958332817534,3503.3296180754633,-7.410819066734701
2460813.970833333,4022.253909514092,3714.901805947879,383.3889343729296
2460813.9715277776,3786.61579061047,3896.976358420197,771.1330057195697
2460813.972222222,3520.911945895812,4048.1005790867503,1152.730595763552
2460813.972916667,3227.252138528774,4167.06997089601,1525.1397205251023
2460813.9736111113,2907.970544586792,4252.938040837955,1885.3922053645078
2460813.9743055557,2565.60645655318,4305.023828501874,2230.6179740353755
2460813.975,2202.8832922350584,4322.917104649069,2558.068387205246
2460813.9756944445,1822.6861393067802,4306.481224431746,2865.138416767892
2460813.976388889,1428.038080145185,4255.853650808951,3149.387461514004
2460813.9770833333,1022.0755402159764,4171.444193353595,3408.55864129357
2460813.9777777777,608.0229050991458,4053.931032683643,3640.5964310639897
2460813.978472222,189.16664016116508,3904.254621347498,3843.6625270803534
2460813.9791666665,-231.17086607688987,3723.6095664133272,4016.149863717337
2460813.979861111,-649.6575277574201,3513.434608984713,4156.6947220091
2460813.980555556,-1062.9776644506117,3275.400822240302,4264.1868906800455
2460813.98125,-1467.857812419273,3011.3981469920827,4337.7778584592215
2460813.9819444446,-1861.0920799265743,2723.5203874562994,4376.887023954898
2460813.982638889,-2239.566908496341,2414.048778536665,4381.205920262757
2460813.9833333334,-2600.2850960958212,2085.4342414334346,4350.700452069011
2460813.984027778,-2940.3889607989454,1740.278428972533,4285.611146258362
2460813.984722222,-3257.182509512753,1381.3136722237984,4186.451415369885
2460813.9854166666,-3548.1524873467624,1011.381930835288,4054.003832987208
2460813.986111111,-3810.988170089274,633.4128618818376,3889.314421527563
2460813.9868055554,-4043.599763042606,250.4011229755241,3693.684954497845
2460813.9875,-4244.135257833005,-134.61695701585214,3468.663283569541
2460813.988194444,-4410.995598242658,-518.587198434362,3216.0317086900354
2460813.988888889,-4542.847999249751,-898.461719044231,2937.7934268416393
2460813.9895833335,-4638.637267257183,-1271.2232339314007,2636.157111738975
2460813.990277778,-4697.594973244098,-1633.9093099234262,2313.5197021110207
2460813.9909722223,-4719.24634329942,-1983.636365555678,1972.4474996100366
2460813.9916666667,-4703.414746857469,-2317.6231931883826,1615.6557059833128
2460813.992361111,-4650.223686312817,-2633.2137682933903,1245.9865610777283
2460813.9930555555,-4560.096220100464,-2927.89911480613,866.3862633966663
2460813.99375,-4433.751784702262,-3199.337987307107,479.88089150755764
2460813.9944444443,-4272.200415588387,-3445.376151186082,89.55155278058648
2460813.9951388887,-4076.734408737027,-3664.064043700683,-301.490980769504
2460813.995833333,-3848.917498981079,-3853.6726314541893,-690.1318940927611
2460813.996527778,-3590.5716723868686,-4012.70729673112,-1073.2779354531358
2460813.9972222224,-3303.7617638435695,-4139.919619325609,-1447.882741125026
2460813.997916667,-2990.7780195390405,-4234.316953916428,-1810.971622049637
2460813.998611111,-2654.1168324087726,-4295.169735601401,-2159.665565239187
2460813.9993055556,-2296.459874632082,-4322.016483019097,-2491.2042266828275
2460814.0006944444,-1529.677225822589,-4273.2003167730745,-3092.496975839622
2460814.001388889,-1126.6358343302707,-4197.967910001112,-3357.512683253987
2460814.002083333,-714.7181673932406,-4089.5848205585417,-3595.932434802034
2460814.0027777776,-297.179999558053,-3948.926234221005,-3805.88624969765
2460814.003472222,122.68309959049172,-3777.1191590619364,-3985.7302554858757
2460814.004166667,541.5612917016543,-3575.5328113811893,-4134.0585410286685
2460814.0048611113,956.1558443656351,-3345.767333192828,-4249.713151184305
2460814.0055555557,1363.2042055012403,-3089.640958222398,-4331.7922171790415
2460814.00625,1759.504637836083,-2809.1757413225796,-4379.656222662893
2460814.0069444445,2141.9402926574553,-2506.581957174797,-4392.932412239663
2460814.007638889,2507.5026094031996,-2184.2412681100436,-4371.517349333845
2460814.0083333333,2853.3139366519526,-1844.6887517208995,-4315.577628340055
2460814.0090277777,3176.649265243151,-1490.5938797323647,-4225.548742506019
2460814.009722222,3474.9569712661764,-1124.7405294612574,-4102.132104284823
2460814.0104166665,3745.878452430189,-750.0061177950573,-3946.290211466933
2460814.011111111,3987.2665348086653,-369.33995362127894,-3759.2399529636455
2460814.011805556,4197.202524338127,14.259095782358433,-3542.444045511592
2460814.0125,4374.011756636329,397.7655001808018,-3297.600604649503
2460814.0131944446,4516.277501694992,778.1503980015791,-3026.630857679558
2460814.013888889,4622.85306880918,1152.4052120111696,-2731.6650245202463
2460814.0145833334,4692.871957988215,1517.5653784291253,-2415.026412629116
2460814.015277778,4725.755909901022,1870.7340038042219,-2079.213793025265
2460814.015972222,4721.2207152034425,2209.1052447860498,-1726.8821520111915
2460814.0166666666,4679.27966090786,2529.9871889970887,-1360.8219450711717
2460814.017361111,4600.244514299839,2830.8240126061255,-983.9370015402656
2460814.0180555554,4484.723972333993,3109.217177066977,-599.2212653017474
2460814.01875,4333.6195379763385,3362.945433893743,-209.73457841895404
2460814.019444444,4148.118819502009,3589.983414005414,181.42226426699233
2460814.020138889,3929.6862904504674,3788.5185862652143,571.1329347636996
2460814.0208333335,3680.0515815753474,3956.9663983180403,956.2912119679346
2460814.021527778,3401.1954206541113,4093.983428380471,1333.8265666289203
2460814.0222222223,3095.333366352106,4198.478413587379,1700.7294280310118
2460814.0229166667,2764.897513075944,4269.621050188981,2054.0758735319014
2460814.023611111,2412.5163777824214,4306.848493458507,2391.0514865429586
2460814.0243055555,2040.9931870169157,4309.869524503581,2708.97416257322
2460814.025,1653.2828079180656,4278.66638050666,3005.3156513853432
2460814.0256944443,1252.4675654210578,4213.494278486259,3277.7216590409685
2460814.0263888887,841.7321923705612,4114.878689126428,3524.030357100298
2460814.027083333,424.33815258910374,3983.6104406114378,3742.289176193581
2460814.027777778,3.5975643994417297,3820.73874937254,3930.769789626268
2460814.0284722224,-417.15305780901696,3627.5622880772917,4087.981215361492
2460814.029166667,-834.5790436331365,3405.61840929698,4212.680988179172
2460814.029861111,-1245.3736119478203,3156.6706423724936,4303.884373610532
2460814.0305555556,-1646.2835472393574,2882.694586907139,4360.871603557852
2460814.03125,-2034.1343589788014,2585.8623185309693,4383.193127890503
2460814.0319444444,-2405.8547846702786,2268.5254182995345,4370.672879267402
2460814.032638889,-2758.5004993020266,1933.196737476738,4323.409550528544
2460814.033333333,-3089.2769060774062,1582.531000702849,4241.775885071291
2460814.0340277776,-3395.5608762248917,1219.3043557080678,4126.415979722203
2460814.034722222,-3674.9213090251724,846.3929746126744,3978.240599020473
2460814.035416667,-3925.1383726403765,466.7508229184688,3798.420502190428
2460814.0361111113,-4144.2212831135785,83.38671921495191,3588.3777885208497
2460814.0368055557,-4330.424473226002,-300.6591800834383,3349.775273898745
2460814.0375,-4482.261995668116,-682.3393165697146,3084.503926164754
2460814.0381944445,-4598.520007266113,-1058.6229204017009,2794.668401148611
2460814.038888889,-4678.267181670685,-1426.5202690704987,2482.5707436044736
2460814.0395833333,-4720.8629066317735,-1783.106811627412,2150.692341856123
2460814.0402777777,-4725.963136198611,-2125.5469417097893,1801.6742517003
2460814.040972222,-4693.52378805228,-2451.117191291131,1438.2960339250296
2460814.042361111,-4517.352401756868,-3041.448112553954,680.1339962955919
2460814.043055556,-4375.0267546374525,-3301.518500977579,291.3941673499242
2460814.04375,-4197.963024867106,-3535.3770536228135,-99.66742726590475
2460814.0444444446,-3987.5779015349535,-3741.17236537654,-489.9347126283638
2460814.045138889,-3745.5544826025925,-3917.2793302823593,-876.2999734878506
2460814.0458333334,-3473.8280524238085,-4062.312091946156,-1255.689360542024
2460814.046527778,-3174.5697189164466,-4175.134845589586,-1625.0879878406454
2460814.047222222,-2850.1681013326483,-4254.870408165929,-1981.5643726895569
2460814.0479166666,-2503.209287531546,-4300.906504428982,-2322.2939780513757
2460814.048611111,-2136.4552941285806,-4312.89975402148,-2644.5816433131376
2460814.0493055554,-1752.8212651452666,-4290.777376820915,-2945.8827203678234
2460814.05,-1355.3516620758037,-4234.73666171752,-3223.822746058804
2460814.050694444,-947.1956772214423,-4145.242270841283,-3476.2155275394907
2460814.051388889,-531.5821053893895,-4023.0214701041295,-3701.0795339921306
2460814.0520833335,-111.79389006268747,-3869.057392442889,-3896.652520520471
2460814.052777778,308.857456431995,-3684.5804490687046,-4061.4043336656637
2460814.0534722223,727.057375620659,-3471.0580091627517,-4194.047867614797
2460814.0541666667,1139.513569359409,-3230.1824659847484,-4293.548158370852
2460814.054861111,1542.9809405628243,-2963.857807182027,-4359.129611429196
2460814.0555555555,1934.2860411169474,-2674.184798186896,-4390.28136850271
2460814.05625,2310.3509112364072,-2363.4448793774372,-4386.760820021646
2460814.0569444443,2668.216195167004,-2034.082876265261,-4348.595269151484
2460814.0576388887,3005.0634332207824,-1688.688608197081,-4276.081751405991
2460814.058333333,3318.236420936645,-1329.9774835692508,-4169.785008533609
2460814.059027778,3605.261526015981,-960.7701664393684,-4030.533611793151
2460814.0597222224,3863.866843853995,-583.971405987909,-3859.41422807496
2460814.060416667,4092.0000686241415,-202.54812125798247,-3657.764020045449
2460814.061111111,4287.844939662729,180.4931453910554,-3427.161178799794
2460814.0618055556,4449.836121959705,562.1292886030818,-3169.4135912052743
2460814.0625,4576.672366788257,939.3440704769714,-2886.545660727843
2460814.0631944444,4667.327799328621,1309.1517644709966,-2580.783315174888
2460814.063888889,4721.0611803088,1668.6208355841156,-2254.537256556708
2460814.064583333,4737.422995436443,2014.8974587590583,-1910.384535954345
2460814.0652777776,4716.260240937303,2345.228666288865,-1551.0485603426937
2460814.065972222,4657.718791590921,2656.984899681518,-1179.3776695450308
2460814.066666667,4562.243263484559,2947.6817335387022,-798.3224513938945
2460814.0673611113,4430.574313748209,3215.000539493317,-410.911987857465
2460814.0680555557,4263.743354989182,3456.807858310307,-20.229254471508042
2460814.06875,4063.0646975043055,3671.1732639887023,370.6140912881132
2460814.0694444445,3830.1251751375758,3856.3855126759345,758.5032704845305
2460814.070138889,3566.7713451931654,4010.9667994253455,1140.3460320753645
2460814.0708333333,3275.0943913525407,4133.684967916339,1513.0981215288662
2460814.0715277777,2957.4128964932897,4223.563549041347,1873.7882987922208
2460814.072222222,2616.2536706650785,4279.889542835181,2219.542659887601
2460814.0729166665,2254.330857202551,4302.218886109645,2547.608013171943
2460814.073611111,1874.523543400614,4290.379588238119,2855.3740995860458
2460814.074305556,1479.852121838773,4244.472546556814,3140.3944594697373
2460814.075,1073.4536470264882,4164.870083744961,3400.405781612218
2460814.0756944446,658.5564334182317,4052.2122749422883,3633.3455954345563
2460814.076388889,238.45412601170204,3907.401151652987,3837.368199888353
2460814.0770833334,-183.52052876734118,3731.5928860399276,4010.8587431730257
2460814.077777778,-604.0220035090628,3526.18806961795,4152.445394851537
2460814.078472222,-1019.7182133745014,3292.8202035386626,4261.009572730319
2460814.0791666666,-1427.3164660364405,3033.342520395216,4335.694199784076
2460814.079861111,-1823.5889750706692,2749.81325782631,4375.909978693239
2460814.0805555554,-2205.3977959047443,2444.4794950186565,4381.33968076337
2460814.08125,-2569.719042365615,2119.7596650933015,4351.940447042834
2460814.081944444,-2913.6662556713563,1778.2248479668742,4287.944102247089
2460814.082638889,-3234.512794703998,1422.5789500169735,4189.855481144194
2460814.084027778,-3796.9228248737736,680.3077972622989,3894.761839620907
2460814.0847222223,-4034.0173076239575,299.5626512595079,3700.088642143362
2460814.0854166667,-4239.108879262163,-83.57902689887932,3475.9695656047634
2460814.086111111,-4410.562214436894,-466.0777727100434,3224.179879423694
2460814.0868055555,-4547.007952519163,-844.8972145496163,2946.7162374309114
2460814.0875,-4647.354307577599,-1217.0282710647127,2645.781312862153
2460814.0881944443,-4710.796535489161,-1579.5133313677998,2323.7666368887717
2460814.0888888887,-4736.824118601565,-1929.470204579631,1983.2337458241727
2460814.089583333,-4725.2255476602495,-2264.1156243913842,1626.8937596235812
2460814.090277778,-4676.090600031819,-2580.788069121788,1257.5855567507392
2460814.0909722224,-4589.81004431846,-2876.9696675092987,878.2527265051261
2460814.091666667,-4467.072732311885,-3150.306955637691,491.91951069543217
2460814.092361111,-4308.860077202192,-3398.630257227109,101.66597114681572
2460814.0930555556,-4116.437953529909,-3619.9714791244614,-289.39737029941955
2460814.09375,-3891.3460953115473,-3812.580127670661,-678.155152800806
2460814.0944444444,-3635.3851051690312,-3974.93738130301,-1061.5127923526559
2460814.095138889,-3350.6012228525824,-4105.768082559364,-1436.421825200923
2460814.095833333,-3039.269032908694,-4204.0505455268985,-1799.9047191898728
2460814.0965277776,-2703.8723177755533,-4269.02410948963,-2149.078906858285
2460814.097222222,-2347.0832777522705,-4300.19440525204,-2481.179818108135
2460814.097916667,-1971.7403613761646,-4297.336331983528,-2793.5827039580454
2460814.0986111113,-1580.824943172943,-4260.494776359627,-3083.823083360781
2460814.0993055557,-1177.437098010583,-4189.983131004416,-3349.6156608592332
2460814.1,-764.7707027912171,-4086.3796927928656,-3588.8716028520344
2460814.1006944445,-346.088096463399,-3950.522039751367,-3799.7140791360926
2460814.101388889,75.30549651893205,-3783.4994965818755,-3980.4920101605067
2460814.1020833333,496.0875863396106,-3586.643805928267,-4129.791978465217
2460814.1027777777,912.9439067351053,-3361.5181257543168,-4246.448281831537
2460814.103472222,1322.5936226535362,-3109.904468252441,-4329.5511217922085
2460814.1041666665,1721.814112566313,-2833.7896959826066,-4378.452926734831
2460814.104861111,2107.465209194172,-2535.350176761796,-4392.772817691618
2460814.105555556,2476.5127779473046,-2216.9351998234815,-4372.399222207433
2460814.10625,2826.0515310759633,-1881.0492412786896,-4317.490642237402
2460814.1069444446,3153.3269670139885,-1530.3331693893208,-4228.474577235239
2460814.107638889,3455.756330624944,-1167.544471439648,-4106.044599539359
2460814.1083333334,3730.948478375841,-795.5365901943744,-3951.155575592505
2460814.109027778,3976.7225261187004,-417.23746236294625,-3765.0170257046643
2460814.109722222,4191.125149203929,-35.62735845471015,-3549.0846156653633
2460814.1104166666,4372.446392067199,346.28385930252716,-3305.049781079299
2460814.111111111,4519.233840141878,725.4799337674325,-3034.8274929751215
2460814.1118055554,4630.304998890265,1098.961715289747,-2740.542189637167
2460814.1125,4704.75772411569,1463.7707993251245,-2424.51192160107
2460814.113194444,4741.978554912374,1817.0131201721788,-2089.2307722652167
2460814.113888889,4741.648805912412,2155.8822896218803,-1737.3496546605559
2460814.1145833335,4703.748295590191,2477.6824707057112,-1371.6556005551408
2460814.115277778,4628.556607229116,2779.8505513264845,-995.049701093508
2460814.1159722223,4516.651807696195,3059.977392078398,-610.5238721467772
2460814.1166666667,4368.906582009013,3315.827909882505,-221.13665800206195
2460814.117361111,4186.481778219245,3545.3597744942813,170.01169857592828
2460814.1180555555,3970.8173934046104,3746.740507205342,559.804674486036
2460814.11875,3723.6210749876705,3918.3627846290574,945.1351050278431
2460814.1194444443,3446.8542443660363,4058.857782875239,1322.9307818865607
2460814.1201388887,3142.7159911696526,4167.106419627055,1690.1797373450597
2460814.120833333,2813.6249135089543,4242.248388730281,2043.954957351094
2460814.121527778,2462.199109643729,4283.68891338224,2381.4382732794747
2460814.1222222224,2091.234543253427,4291.103180049328,2699.943205323584
2460814.122916667,1703.6820232661887,4264.438447601648,2996.9365480652364
2460814.123611111,1302.6230420339052,4203.913858469913,3270.058519827781
2460814.1243055556,891.2447188245819,4110.018005636696,3517.1413227982775
2460814.1256944444,50.65196054474573,3825.384456666794,3925.577431684289
2460814.126388889,-371.8934091230404,3636.9195387842087,4083.6975783992098
2460814.127083333,-791.4726805702844,3419.6097883593143,4209.336628113405
2460814.1277777776,-1204.7615904070115,3175.1822504377033,4301.502308296547
2460814.128472222,-1608.4867787529333,2905.5769742228763,4359.4671721968825
2460814.129166667,-1999.4511106457107,2612.9316885832645,4382.773907363658
2460814.1298611113,-2374.5583587611377,2299.565091298507,4371.238657548569
2460814.1305555557,-2730.837108197494,1967.9588626912018,4324.9523566939015
2460814.13125,-3065.4637561170334,1620.738506366696,4244.280075379037
2460814.1319444445,-3375.784473737339,1260.653123551927,4129.85837934139
2460814.132638889,-3659.3360007075794,890.5542250184806,3982.5906990044523
2460814.1333333333,-3913.865132140404,513.3736943607839,3803.6407108237117
2460814.1340277777,-4137.346752900538,132.1010265046981,3594.4237370369215
2460814.134722222,-4328.000272498009,-250.24002973462916,3356.596174678461
2460814.1354166665,-4484.304300996784,-630.6152687138499,3092.0429828041833
2460814.136111111,-4605.009413088023,-1006.0041039623381,2802.863267477938
2460814.136805556,-4689.148844197196,-1373.4237350872593,2491.3540302332763
2460814.1375,-4736.046973947629,-1729.9532077574493,2159.992165940095
2460814.1381944446,-4745.325463890099,-2072.757148699355,1811.4148271176523
2460814.138888889,-4716.906937468507,-2399.1089526274222,1448.3982947659754
2460814.1395833334,-4651.016114256032,-2706.4131843140653,1073.8355302632626
2460814.140277778,-4548.178342541378,-2992.2269616647754,690.7126067933665
2460814.140972222,-4409.215507265622,-3254.280092384752,302.08423912843557
2460814.1416666666,-4235.239330484885,-3490.493739171739,-88.95133856447383
2460814.142361111,-4027.642116606736,-3698.997416819356,-479.27789772228334
2460814.1430555554,-3788.0850388327167,-3878.1441350969367,-865.786868211914
2460814.14375,-3518.484093568914,-4026.523539627239,-1245.4028586070654
2460814.144444444,-3220.9938905397894,-4142.972925092686,-1615.108772280321
2460814.145138889,-2897.9894657121677,-4226.586036486484,-1971.9702743270266
2460814.1458333335,-2552.046339621081,-4276.719601678067,-2313.1593631483465
2460814.146527778,-2185.9190443039106,-4292.997579756587,-2635.976842519571
2460814.1472222223,-1802.5183698184185,-4275.313136340257,-2937.873494385745
2460814.1479166667,-1404.887565447484,-4223.82839053498,-3216.469800534948
2460814.148611111,-996.1777452465657,-4138.972001349393,-3469.5740732269696
2460814.1493055555,-579.6227226895297,-4021.43468238797,-3695.1988976579255
2460814.15,-158.51349824003339,-3872.1627491267977,-3891.575806320919
2460814.1506944443,263.8274026748182,-3692.3498115456177,-4057.1681365748727
2460814.1513888887,684.0715554797398,-3483.4267306575807,-4190.682038926667
2460814.152083333,1098.9100617096422,-3247.0499575089502,-4291.075621958524
2460814.152777778,1505.0786298320113,-2985.08836795253,-4357.566231800381
2460814.1534722224,1899.3821773017728,-2699.6087034891066,-4389.635869141682
2460814.154166667,2278.7188369854257,-2392.859718903204,-4387.034751493324
2460814.154861111,2640.1032578968834,-2067.2551304180984,-4349.783026749992
2460814.1555555556,2980.689090509715,-1725.355455555062,-4278.170641559321
2460814.15625,3297.79055414609,-1369.8488261350608,-4172.755363666976
2460814.1569444444,3588.902971144174,-1003.5308629339594,-4034.3589538637634
2460814.157638889,3851.7221532018348,-629.2836966756978,-3864.0614796026343
2460814.158333333,4084.1625104382,-250.0542329345158,-3663.1937633469997
2460814.1590277776,4284.373746685154,131.16823246277954,-3433.3279623449985
2460814.159722222,4450.755996550109,511.37492889140424,-3176.266282711268
2460814.160416667,4581.973250046879,887.5609170151527,-2894.027845406768
2460814.1611111113,4676.9649093113485,1256.7486287035588,-2588.8337383713206
2460814.1618055557,4734.9553237473065,1616.0114680627555,-2263.0903076200184
2460814.1625,4755.4611543209085,1962.4972747898246,-1919.37077129127
2460814.1631944445,4738.296433518277,2293.451444106039,-1560.3952613517702
2460814.163888889,4683.575204355551,2606.239478626756,-1189.0094315112317
2460814.1645833333,4591.711647900447,2898.3687413043754,-808.1617981123486
2460814.1652777777,4463.41763880584,3167.5091771618795,-420.88000710540786
2460814.165972222,4299.697702675983,3411.5127738925567,-30.246246157083597
2460814.167361111,3871.4130963321827,3816.5338034643787,748.6272995032498
2460814.168055556,3610.239482141761,3974.31862816295,1130.6583505839992
2460814.16875,3320.3945121218526,4100.528227669432,1503.675040340062
2460814.1694444446,3004.182383171593,4194.1582155255755,1864.7036952697388
2460814.170138889,2664.1184665124515,4254.465622507859,2210.8673836529356
2460814.1708333334,2302.9084997569003,4280.974616379313,2539.409325280048
2460814.171527778,1923.4262589626335,4273.47990212112,2847.7151464348594
2460814.172222222,1528.68995154712,4232.047812498873,3133.3337878098628
2460814.1729166666,1121.837579051196,4157.015127956388,3393.996896586152
2460814.173611111,706.1015127656071,4048.9856906631194,3627.636565891926
2460814.1743055554,284.78251742242554,3908.824897190075,3832.4013121005805
2460814.175,-138.77654656938907,3737.652172121078,4006.6702033490606
2460814.175694444,-561.2171400846333,3536.831531743991,4149.0650837451785
2460814.176388889,-979.1913803744781,3307.960357146904,4258.460849830192
2460814.1770833335,-1389.388124868634,3052.8564922403966,4333.993758664293
2460814.177777778,-1788.5586376662122,2773.5437852735213,4375.067753214811
2460814.1784722223,-2173.541691523117,2472.236187095569,4381.358801013215
2460814.1791666667,-2541.287969222719,2151.320513581207,4352.817245178062
2460814.179861111,-2888.8836295978113,1813.3379791757081,4289.668167432167
2460814.1805555555,-3213.5729082869248,1460.9646054804984,4192.409763365809
2460814.18125,-3512.779623926678,1096.9906071161,4061.8097287264904
2460814.1819444443,-3784.127451387963,724.2988658810751,3898.8996569365227
2460814.1826388887,-4025.458822192974,345.84260764997333,3704.967450330496
2460814.183333333,-4234.852304340681,-35.37759205819778,3481.5477531076936
2460814.184027778,-4410.638305256753,-416.33732851132,3230.410427394318
2460814.1847222224,-4551.412945326767,-794.0122645292471,2953.5471018507537
2460814.185416667,-4656.049941244592,-1165.4022225228653,2653.1558486075887
2460814.186111111,-4723.710349615361,-1527.5552828241669,2331.6240624056513
2460814.1868055556,-4753.850029877696,-1877.5916821998794,1991.5096412613225
2460814.1875,-4746.224701223306,-2212.727288839458,1635.5205996332438
2460814.1881944444,-4700.892492069595,-2530.296426174784,1266.4932691826393
2460814.188888889,-4618.213907831582,-2827.7738091037663,887.3692739700758
2460814.189583333,-4498.8491757921975,-3102.7953606517804,501.1714896207864
2460814.1902777776,-4343.752962383878,-3353.177682027241,110.97922093154631
2460814.190972222,-4154.166495925119,-3576.935965208032,-280.0971533610701
2460814.191666667,-3931.607168579265,-3772.30015334602,-668.9418032371877
2460814.1923611113,-3677.855727017896,-3937.7291831948105,-1052.4590726559886
2460814.1930555557,-3394.9412009349735,-4071.9231683978496,-1427.598835427366
2460814.19375,-3085.123743283721,-4173.833420582879,-1791.3813287954968
2460814.1944444445,-2750.8755917078115,-4242.670233066093,-2140.9212111488227
2460814.195138889,-2394.8603689445645,-4277.9083928112095,-2473.450625723434
2460814.1958333333,-2019.9109672377463,-4279.290414590865,-2786.3410588130337
2460814.1965277777,-1629.0062528784633,-4246.827526567226,-3077.123825010735
2460814.197222222,-1225.2468416687968,-4180.798461254888,-3343.509025601234
2460814.1979166665,-811.8301781365726,-4081.746130369166,-3583.4028668034725
2460814.198611111,-392.0251460510967,-3950.4722788956287,-3794.923246785767
2460814.199305556,30.853577260925718,-3788.0302271299734,-3976.4135472250764
2460814.2,453.4712295575143,-3595.7158166773056,-4126.4545891877
2460814.2006944446,872.4985658852264,-3375.0566759067806,-4243.874732860916
2460814.201388889,1284.6371894105152,-3127.7999246809313,-4327.758109310961
2460814.2020833334,1686.6444808496829,-2855.898425803817,-4377.450988807234
2460814.202777778,2075.357994156205,-2561.4956915021444,-4392.566289416497
2460814.203472222,2447.7192086933824,-2246.909539801924,-4372.986234273799
2460814.2041666666,2800.7965280117123,-1914.6145919411842,-4318.8631618378195
2460814.204861111,3131.8074150823586,-1567.2237002625338,-4230.6184912380195
2460814.2055555554,3438.1395621412103,-1207.4683842651089,-4108.939839186669
2460814.20625,3717.3709732914604,-838.178366741486,-3954.7762830081433
2460814.206944444,3967.2888418540606,-462.260296138708,-3769.3317613881063
2460814.207638889,4185.9070881166035,-82.6757566189548,-3554.056606950859
2460814.209027778,4522.52873452971,675.5077189985722,-3040.9838288219767
2460814.2097222223,4637.829804826872,1048.1143247585353,-2747.2165491798137
2460814.2104166667,4716.449925727151,1412.4496701882797,-2431.649477015927
2460814.211111111,4757.74253763164,1765.6234594034318,-2096.77318723565
2460814.2118055555,4761.356580189345,2104.8298623619116,-1745.2355531936648
2460814.2125,4727.240485018648,2427.3703699070093,-1379.8210650198123
2460814.2131944443,4655.643695999335,2730.675979586955,-1003.4287918918762
2460814.2138888887,4547.115640010184,3012.328479387918,-619.0491694608293
2460814.214583333,4402.502102522466,3270.0805997240177,-229.7398162292772
2460814.215277778,4222.938999484453,3501.8748055484866,161.39938848767753
2460814.2159722224,4009.8435757758853,3705.8605161410137,551.2517168451889
2460814.216666667,3764.9030966973046,3880.4095605991984,936.709238397001
2460814.217361111,3490.0611446251846,4024.1296938667115,1314.6984228899348
2460814.2180555556,3187.5016593794862,4135.8760369667625,1682.2054417615664
2460814.21875,2859.6309022407568,4214.760328128908,2036.3008997903567
2460814.2194444444,2509.0575433854087,4260.157911178546,2374.16375313499
2460814.220138889,2138.571097442008,4271.712418928999,2693.1041818556087
2460814.220833333,1751.1189479333152,4249.338144064471,2990.5852078258317
2460814.2215277776,1349.782200515614,4193.22012132953,3264.2428822369825
2460814.222222222,937.7506167686878,4103.811971423745,3511.904884945684
2460814.222916667,518.2968683138372,3981.8315812798446,3731.6074133831053
2460814.2236111113,94.75034392266892,3828.25471340227,3921.6102637951003
2460814.2243055557,-329.5292752721948,3644.3066485800196,4080.4100347384874
2460814.225,-751.1784631657836,3431.451977979603,4206.751400274463
2460814.2256944445,-1166.8561414925614,3191.3826587347385,4299.636425392913
2460814.226388889,-1573.2696415461025,2926.004452933872,4358.3319031595165
2460814.2270833333,-1967.2001850977651,2637.4218620168685,4382.3747072521755
2460814.2277777777,-2345.5277373661725,2327.92166910588,4371.575156277026
2460814.228472222,-2705.2550989272877,1999.9551945300166,4326.018390195723
2460814.2291666665,-3043.531104300923,1656.11936886883,4246.06375873127
2460814.229861111,-3357.6727970696606,1299.1367259043016,4132.342221115181
2460814.230555556,-3645.186446806976,931.8344217796498,3985.7517566337165
2460814.23125,-3903.7872694107073,557.1223911794478,3807.4507869862528
2460814.2319444446,-4131.41770679689,177.97075875068091,3598.8496145843865
2460814.232638889,-4326.264111319489,-202.6133573499992,3361.5998918553687
2460814.2333333334,-4486.771681658651,-581.6095060658071,3097.5821452558966
2460814.234027778,-4611.6574904267045,-956.0078614151334,2808.89139689811
2460814.234722222,-4699.92144816386,-1322.8332961901078,2497.820946397225
2460814.2354166666,-4750.855055288402,-1679.1693700803387,2166.84440227589
2460814.236111111,-4764.0478087018155,-2022.1820244465846,1818.5960719424602
2460814.2368055554,-4739.391145842608,-2349.1427500317154,1455.8498599397158
2460814.2375,-4677.079837670308,-2657.4510017745088,1081.496839711147
2460814.238194444,-4577.610770526837,-2944.6556221494307,698.521700913042
2460814.238888889,-4441.779091452967,-3208.4750461727385,309.97829045031773
2460814.2395833335,-4270.6717314032285,-3446.816062811332,-81.03550358654941
2460814.240277778,-4065.6583556797664,-3657.7909357143553,-471.4032768564956
2460814.2409722223,-3828.379836323125,-3839.7326946034377,-858.015765855088
2460814.2416666667,-3560.7343698188674,-3991.20844933816,-1237.7963794766629
2460814.242361111,-3264.861407731268,-4111.030597000485,-1607.7263299911165
2460814.2430555555,-2943.1235850804187,-4198.2658365351135,-1964.86912028779
2460814.24375,-2598.086867133029,-4252.241931178893,-2306.3941413040743
2460814.2444444443,-2232.4991421678633,-4272.552199518437,-2629.5991701392813
2460814.2451388887,-1849.2675033661205,-4259.057745119893,-2931.9315767122
2460814.245833333,-1451.434464502603,-4211.887465267153,-3211.008077493302
2460814.246527778,-1042.1533510919935,-4131.4359045714655,-3464.6329037425194
2460814.2472222224,-624.663101117546,-4018.359040071007,-3690.8142799194243
2460814.247916667,-202.26269139324464,-3873.568098552528,-3887.779137935605
2460814.248611111,221.7146005398182,-3698.2215193317797,-4053.986011527108
2460814.2493055556,643.9269216628977,-3493.7151770899554,-4188.136083805045
2460814.2506944444,1469.7992861544349,-3003.9239730749264,-4356.337037550277
2460814.251388889,1866.9608447509079,-2722.508005064267,-4389.076853911794
2460814.252083333,2249.409381622498,-2419.6401411691486,-4387.146792089094
2460814.2527777776,2614.134788658234,-2097.7038338717784,-4350.561777031872
2460814.253472222,2958.264203393991,-1759.2309878071194,-4279.606590295144
2460814.254166667,3279.0837724970734,-1406.8829882752484,-4174.833927899579
2460814.2548611113,3574.059396317725,-1043.430776635057,-4037.060606924482
2460814.2555555557,3840.856332283978,-671.7340629121737,-3867.361914281311
2460814.25625,4077.3575323707937,-294.7197663744781,-3667.0640894265
2460814.2569444445,4281.680575286154,84.64020952578485,-3437.7349372621484
2460814.257638889,4452.19304550004,463.35174596695646,-3181.1725769452405
2460814.2583333333,4587.526208773485,838.4216911416268,-2899.3923394053286
2460814.2590277777,4686.586823208077,1206.8812952119504,-2594.611850351426
2460814.259722222,4748.566931490285,1565.8097270048997,-2269.2343518324456
2460814.2604166665,4772.951484098554,1912.3574796467713,-1925.830342200747
2460814.261111111,4759.52365617592,2243.769455496742,-1567.1176429665045
2460814.261805556,4708.367740067897,2557.4075101526646,-1195.9400281378573
2460814.2625,4619.869519843904,2850.772225267812,-815.2445822046618
2460814.2631944446,4494.714064680929,3121.52367711809,-428.05798088804863
2460814.263888889,4333.880912208874,3367.5009720682287,-37.46191230603816
2460814.2645833334,4138.6366502792,3586.740328437354,353.4321220024491
2460814.265277778,3910.524946516073,3777.491498397985,741.5083681391342
2460814.265972222,3651.3541116961082,3938.232348634783,1123.6724811217334
2460814.2666666666,3363.1823218545715,4067.68144141954,1496.8770165968515
2460814.267361111,3048.3006608069095,4164.80848822219,1858.146484704529
2460814.2680555554,2709.214168983383,4228.842583920148,2204.601715383923
2460814.26875,2348.621115757022,4259.278160167763,2533.4832903512124
2460814.269444444,1969.390721999276,4255.8786333763865,2842.1738275536345
2460814.270138889,1574.5395834500607,4218.67775324882,3128.2189160844987
2460814.2708333335,1167.2070326653768,4147.978689116005,3389.3465428731156
2460814.271527778,750.6296919997146,4044.3509154309163,3623.4848657746297
2460814.2722222223,328.115452070137,3908.624979447566,3828.7782255288917
2460814.2729166667,-96.98289739266846,3741.8852495266337,4003.601311813254
2460814.273611111,-521.294172086011,3545.4607537004695,4146.571422954507
2460814.2743055555,-941.455242268645,3320.914221738926,4256.55878073578
2460814.275,-1354.137240571804,3070.029451019643,4332.69487362406
2460814.2756944443,-1756.0713763496942,2794.7971066004084,4374.378819425163
2460814.2763888887,-2144.074198072484,2497.399071881294,4381.281739594842
2460814.277083333,-2515.072169490447,2180.1914551129466,4353.349145672487
2460814.277777778,-2866.125424433859,1845.6863569697507,4290.801337414574
2460814.2784722224,-3194.4505696017823,1496.5325013013417,4194.131812420637
2460814.279166667,-3497.442401712441,1135.494833602578,4064.1036869105137
2460814.279861111,-3772.694405726075,765.4331907200947,3901.7441263439628
2460814.2805555556,-4018.017886618937,389.2801618427991,3708.336790172424
2460814.28125,-4231.459591078861,10.018259418485128,3485.412296836707
2460814.2819444444,-4411.317658750226,-369.34345332753423,3234.736731056027
2460814.282638889,-4556.1557494382305,-745.7931299163979,2958.2982231854394
2460814.283333333,-4664.815184948611,-1116.3401261371412,2658.2916546689526
2460814.2840277776,-4736.424953147848,-1478.0390151515996,2337.101563364931
2460814.284722222,-4770.4094308864005,-1828.0134258808303,1997.2833491901883
2460814.285416667,-4766.493698891411,-2163.4794851492666,1641.542908257069
2460814.2861111113,-4724.706344045959,-2481.7686343338514,1272.7148524011627
2460814.2868055557,-4645.379672275814,-2780.349587102651,893.7394982066627
2460814.2875,-4529.147288153358,-3056.8491941001394,507.63883726948126
2460814.2881944445,-4376.93903350469,-3309.071989623289,117.4917192841341
2460814.288888889,-4189.973316338905,-3535.018206346117,-273.59150027036225
2460814.2895833333,-3969.7469001360673,-3732.9000651297297,-662.494586538401
2460814.2902777777,-3718.022262383789,-3901.1561699273243,-1046.121056879565
2460814.290972222,-3436.812667478834,-4038.4638670569757,-1421.4195497703208
2460814.292361111,-2795.1414741624367,-4216.196211215757,-2135.201076408672
2460814.293055556,-2439.7977033928983,-4255.250073560498,-2468.026549754554
2460814.29375,-2065.1619356453243,-4260.623173345029,-2781.253894107069
2460814.2944444446,-1674.2111297533036,-4232.295041929299,-3072.4114399768714
2460814.295138889,-1270.0468577432755,-4170.511664707395,-3339.206035406059
2460814.2958333334,-855.8703598290106,-4075.7824174876837,-3579.5403940983683
2460814.296527778,-434.957108453556,-3948.874984679863,-3791.5287135895396
2460814.297222222,-10.631093515692271,-3790.808365159917,-3973.5104993670657
2460814.2979166666,413.76097359038147,-3602.844080525334,-4124.062552503744
2460814.298611111,834.8753667919864,-3386.475700059562,-4242.009100819216
2460814.2993055554,1249.3967998484304,-3143.4167991535887,-4326.43006245901
2460814.3,1654.0634900282662,-2875.587461349769,-4376.667444375034
2460814.300694444,2045.6917090863408,-2585.0994246782557,-4392.329882056205
2460814.301388889,2421.1996981680286,-2274.2399733072107,-4373.295326008321
2460814.3020833335,2777.63084180953,-1945.4546622622581,-4319.711881621983
2460814.302777778,3112.175994852691,-1601.328958565683,-4231.996803117342
2460814.3034722223,3422.194847646295,-1244.568886176079,-4110.833639328843
2460814.3041666667,3705.2362188384736,-877.9807551885174,-3957.1675248425468
2460814.304861111,3959.057150863121,-504.4500652313262,-3772.1986082172266
2460814.3055555555,4181.640672005012,-126.919685920454,-3557.3736134674605
2460814.30625,4371.212088532611,251.63258359313235,-3314.375529986105
2460814.3069444443,4526.253648814143,628.2169396720642,-3045.111444799353
2460814.3076388887,4645.517426852398,999.8548447643043,-2751.6985389136908
2460814.308333333,4728.036266075545,1363.6024794712505,-2436.4482908365276
2460814.309027778,4773.132627828855,1716.5741906963785,-2101.8489562565587
2460814.3097222224,4780.425200487035,2055.9657395195723,-1750.546414140301
2460814.310416667,4749.833138715137,2379.0771301579166,-1385.3235043080574
2460814.311111111,4681.577825494469,2683.334798079719,-1009.0780039995981
2460814.3118055556,4576.182076710536,2966.3129215583244,-624.7994276153
2460814.3125,4434.466739912725,3225.7536295265213,-235.5448506512338
2460814.3131944444,4257.544676139277,3459.585875852935,155.58600798328715
2460814.313888889,4046.812152908131,3665.9427673394966,545.4761973002637
2460814.314583333,3803.9377119681917,3843.177153296062,931.0171839889421
2460814.3152777776,3530.8486221008056,3989.8752993153093,1309.1344627637604
2460814.315972222,3229.715054266557,4104.868507201227,1676.8128686675157
2460814.316666667,2902.932154895757,4187.242566514956,2031.1213257762456
2460814.3173611113,2553.1002219994407,4236.344959460273,2369.236781000473
2460814.3180555557,2183.003201887824,4251.789777127083,2688.4670988981597
2460814.31875,1795.5857496218907,4233.460335059226,2986.272703960892
2460814.3194444445,1393.929094905011,4181.509509703472,3260.2867932459258
2460814.320138889,981.2259635120914,4096.357843769163,3508.3339632542493
2460814.3208333333,560.7547966062253,3978.6894927795015,3728.447127019051
2460814.3215277777,135.85349744129465,3829.446101992347,3918.882626013759
2460814.322222222,-290.1070691496789,3649.818718420205,4078.13346167318
2460814.3229166665,-713.7496253541008,3441.237848751281,4204.940599699116
2460814.323611111,-1131.7168890841024,3205.3617784955245,4298.302314668759
2460814.324305556,-1540.6976709466817,2944.0632684747848,4357.481556885178
2460814.325,-1937.4525039957775,2659.4147415768907,4382.011333649235
2460814.3256944446,-2318.838661395751,2353.672069307095,4371.698102322244
2460814.326388889,-2681.834427231163,2029.2570620849879,4326.623174850954
2460814.3270833334,-3023.562484245988,1688.7387689907794,4247.142133906608
2460814.327777778,-3341.312292423401,1334.813683966536,4133.882259671739
2460814.328472222,-3632.561317024472,970.2849687248923,3987.7379675525067
2460814.3291666666,-3894.9949729883665,598.0407953189514,3809.8642560591875
2460814.329861111,-4126.525133841859,221.0319328020157,3601.6681714093156
2460814.3305555554,-4325.307054850975,-157.7512930238771,3364.798301705722
2460814.33125,-4489.754553758138,-535.3025231098505,3101.132324096693
2460814.331944444,-4618.553286073891,-908.6232027608436,2812.7626504244
2460814.332638889,-4710.671961156679,-1274.7465595145923,2501.980229850863
2460814.334027778,-4782.210923708277,-1973.8363461741583,1823.224289788695
2460814.3347222223,-4761.053080936538,-2301.2417947807025,1460.6557440930453
2460814.3354166667,-4702.064744578663,-2610.373520527693,1086.4408949655447
2460814.336111111,-4605.716392707039,-2898.77353622927,703.5636238058264
2460814.3368055555,-4472.7784199704265,-3164.150471737143,315.077308117686
2460814.3375,-4304.314865727598,-3404.3984193855313,-75.92029377943668
2460814.3381944443,-4101.674553526347,-3617.614162712756,-466.3125679866134
2460814.3388888887,-3866.479732408338,-3802.1126021815703,-852.9897090012328
2460814.339583333,-3600.6123455573193,-3956.4402239738947,-1232.874256788166
2460814.340277778,-3306.198086093539,-4079.386485909749,-1602.9462428392296
2460814.3409722224,-2985.58843142061,-4169.993026879984,-1960.2676892331865
2460814.341666667,-2641.340869312551,-4227.560642309478,-2302.006224834368
2460814.342361111,-2276.1975469600643,-4251.654001344791,-2625.4576027623375
2460814.3430555556,-1893.0625848965344,-4242.104113988957,-2928.0669286162492
2460814.34375,-1494.9782996049696,-4199.008585814837,-3207.448438295894
2460814.3444444444,-1085.1005819449751,-4122.729723814332,-3461.4036888834885
2460814.345138889,-666.6736591646879,-4013.890577250466,-3687.938063436814
2460814.345833333,-243.00446669456198,-3873.369013281323,-3885.2755089245115
2460814.3465277776,182.56317050535793,-3702.2899360900474,-4051.871457946361
2460814.347222222,606.6743551378767,-3502.0157659745896,-4186.4238999388
2460814.347916667,1025.9887730948105,-3274.1352913445685,-4287.882590157831
2460814.3486111113,1437.2060324203992,-3020.451007771355,-4355.456390724787
2460814.3493055557,1837.0905553829302,-2742.9650494672032,-4388.618749040838
2460814.35,2222.495900850091,-2443.863813759206,-4387.111320035398
2460814.3506944445,2590.388406740002,-2125.5013695810608,-4350.945738846178
2460814.351388889,2937.8700400291987,-1790.381740031209,-4280.403547460573
2460814.3520833333,3262.200352090197,-1441.1401370491062,-4176.034274344863
2460814.3527777777,3560.8174198973607,-1080.523236897065,-4038.6516630393608
2460814.353472222,3831.357657932581,-711.368578992371,-3869.328042553505
2460814.3541666665,4071.6743734169904,-336.58317813794145,-3669.386830341206
2460814.354861111,4279.8549204738865,40.878538548608596,-3440.3931673073425
2460814.355555556,4454.236312132132,418.03736132399547,-3184.142684513357
2460814.35625,4593.419129569099,791.912351059818,-2902.6484220283774
2460814.3569444446,4696.279573918318,1159.5441698470638,-2598.125928981526
2460814.357638889,4761.979499874411,1518.0185113313455,-2272.976602553797
2460814.3583333334,4789.9742808325855,1864.4894428620369,-1929.7693434972352
2460814.359027778,4780.018365803279,2196.202450018902,-1571.2206373109636
2460814.359722222,4732.16840774052,2510.5169668560534,-1200.1731937917293
2460814.3604166666,4646.783867071939,2804.928157914435,-819.5733155671036
2460814.361111111,4524.525024857932,3077.0877241938474,-432.44718453914777
2460814.3618055554,4366.34837392486,3324.8235016127737,-41.87628642927307
2460814.3625,4173.499395109058,3546.157630686715,349.02778586424705
2460814.363194444,3947.5027630504865,3739.3230940731187,737.1488981298024
2460814.363888889,3690.1500693736325,3902.778434104873,1119.3920391311165
2460814.3645833335,3403.485182051276,4035.2204957466074,1492.7088224991244
2460814.365277778,3089.7874045828357,4135.595061440082,1854.1225510286188
2460814.3659722223,2751.552618336696,4203.105285635909,2200.75259555883
2460814.3666666667,2391.4726226396465,4237.217864974634,2529.8378446902802
2460814.367361111,2012.412906160702,4237.666916138672,2838.7590039933652
2460814.3680555555,1617.3890879542032,4204.455566390332,3125.059554123255
2460814.36875,1209.5422797507647,4137.855289985057,3386.46519619435
2460814.3694444443,792.1136122168347,4038.403050035576,3620.901647993914
2460814.3701388887,368.41816678933884,3906.896326441542,3826.510677993905
2460814.370833333,-58.18146176914765,3744.3861260457534,4001.6642943578777
2460814.371527778,-484.30175819279765,3552.1680824870423,4144.977027700454
2460814.3722222224,-906.5648401790833,3331.771758567806,4255.316268097397
2460814.372916667,-1321.6247934642768,3084.9482657919534,4331.810631973419
2460814.373611111,-1726.1936214312523,2813.6563168430334,4373.856345713062
2460814.3743055556,-2117.0666631668178,2520.046819434326,4381.12164230452
2460814.3756944444,-2845.4710788603884,1875.3379912920223,4291.356405779893
2460814.376388889,-3177.2283274844362,1529.3444968761248,4195.034096202562
2460814.377083333,-3483.786454584212,1171.2057778930543,4065.342686954863
2460814.3777777776,-3762.710468693263,803.7589261587802,3903.306778657422
2460814.378472222,-4011.7823696811874,429.9160218114781,3710.2075890283095
2460814.379166667,-4229.018997952433,52.641469341152636,3487.573436553969
2460814.3798611113,-4412.68822057251,-325.07122816596575,3237.168265130514
2460814.3805555557,-4561.323298075333,-700.2231087220723,2960.978239357545
2460814.38125,-4673.735267776112,-1069.8336261453533,2661.196467052249
2460814.3819444445,-4749.023192634477,-1430.964580875408,2340.2059167726356
2460814.382638889,-4786.582126356954,-1780.7438919881874,2000.560637982166
2460814.3833333333,-4786.108668687994,-2116.389001736398,1644.9654041074577
2460814.3840277777,-4747.604002018336,-2435.2296757384656,1276.253942683561
2460814.384722222,-4671.374331171187,-2734.7299732398155,897.3659297847353
2460814.3854166665,-4558.028679155928,-3012.5091494332764,511.322964056253
2460814.386111111,-4408.47402977645,-3266.361264604064,121.20375283221502
2460814.386805556,-4223.907844303217,-3494.2732895793033,-269.88124353562273
2460814.3875,-4005.808022740229,-3694.441507849507,-658.8154396234302
2460814.3881944446,-3755.920413910766,-3865.2860484796984,-1042.501764161474
2460814.388888889,-3476.244020750967,-4005.4634035124113,-1417.8880361065371
2460814.3895833334,-3169.014071696842,-4113.876823184949,-1781.9918250700846
2460814.390277778,-2836.6831666977555,-4189.6845085578225,-2131.9245407094827
2460814.390972222,-2481.9007141232278,-4232.30556292845,-2464.9145333391352
2460814.3916666666,-2107.4909018410267,-4241.423690535541,-2778.328994607415
2460814.392361111,-1716.4294425881362,-4216.988666207271,-3069.694486624633
2460814.3930555554,-1311.8193415886788,-4159.215625206398,-3336.715948633439
2460814.39375,-896.8659247414627,-4068.5822468262786,-3577.2940639054927
2460814.394444444,-474.85135440577966,-3945.823922615515,-3789.5408972981672
2460814.395138889,-49.10884929000974,-3791.927013949246,-3971.7937374568546
2460814.3958333335,377.0031971365141,-3608.1203108915047,-4122.627103662477
2460814.396527778,800.1270255623778,-3395.8648054335636,-4240.862895440738
2460814.3972222223,1216.9310809629962,-3156.841895639413,-4325.578673640009
2460814.3979166667,1624.1352105769931,-2892.9401263931713,-4376.114077077838
2460814.398611111,2018.5353572038482,-2606.240571480495,-4392.075378696094
2460814.3993055555,2397.0276329044823,-2299.0009518476413,-4373.338188983103
2460814.4,2756.631662549926,-1973.638579131889,-4320.0483117510075
2460814.4006944443,3094.5130882391995,-1632.712209340518,-4232.620753959959
2460814.4013888887,3408.0051261015324,-1278.9028869362662,-4111.736886551007
2460814.402083333,3694.6290564371966,-914.9938654471548,-3958.339750696836
2460814.402777778,3952.113526402901,-543.8496891872645,-3773.6275007462596
2460814.4034722224,4178.41252751203,-168.39453747488972,-3559.0449792485133
2460814.404166667,4371.721907927036,208.41006403259735,-3316.273421214182
2460814.404861111,4530.494263587953,583.5880345965887,-3047.2182993908827
2460814.4055555556,4653.45205291965,954.171893771377,-2753.995332016733
2460814.40625,4739.5987729751105,1317.2261140152875,-2438.914699494159
2460814.4069444444,4788.228042793907,1669.8704951682842,-2104.463532303154
2460814.407638889,4798.930444673768,2009.3033559341873,-1753.286768038049
2460814.408333333,4771.597993090696,2332.824333791845,-1388.1664950431416
2460814.4090277776,4706.4261204521,2637.8565653469936,-1011.9999364645599
2460814.409722222,4603.913096996472,2921.9680188220145,-627.776251596407
2460814.410416667,4464.856835115747,3182.89174404406,-238.5523645445613
2460814.4111111113,4290.34906361486,3418.544817414606,152.5719543082533
2460814.4118055557,4081.7668966129327,3627.045766075035,542.4795042415036
2460814.4125,3840.7618632868825,3806.7302739015367,928.0613038777882
2460814.4131944445,3569.246499825772,3956.164999344898,1306.242211544482
2460814.413888889,3269.378645671709,4074.1593577422054,1674.0062442812045
2460814.4145833333,2943.543615842112,4159.775155679782,2028.4213362429853
2460814.4152777777,2594.3344525331077,4212.333996349642,2366.6632848747518
2460814.415972222,2224.5304748580384,4231.422410966309,2686.0386585731717
2460814.417361111,1435.0480630025454,4168.873518805615,3258.1983177908555
2460814.418055556,1021.6476279329931,4087.748206714186,3506.437201407612
2460814.41875,600.1574642157142,3974.171006681276,3726.754281989143
2460814.4194444446,173.92398912942895,3829.0511857700294,3917.4040959832832
2460814.420138889,-253.67094081224803,3653.547204960755,4076.8777857742975
2460814.4208333334,-679.2366758265878,3449.057031097379,4203.914420466908
2460814.421527778,-1099.4002933941867,3217.206708509792,4297.510355482044
2460814.422222222,-1510.8328224875174,2959.8373047795553,4356.926614469887
2460814.4229166666,-1910.2750201592994,2678.990338582982,4381.694286124233
2460814.423611111,-2294.5625447216094,2376.8918033046725,4371.617931097194
2460814.4243055554,-2660.650396205431,2055.9348860504692,4326.777000593034
2460814.425,-3005.636487610303,1718.6614849732305,4247.525265719122
2460814.425694444,-3326.7842129546157,1367.7426270697376,4134.488257658872
2460814.426388889,-3621.5438800484862,1005.9578860306385,3988.5587173323424
2460814.4270833335,-3887.5728635303694,636.1739118784388,3810.890055980818
2460814.427777778,-4122.754333387716,261.32218699260363,3602.8878309142506
2460814.4284722223,-4325.214403336468,-115.6238601720161,3366.1992498063914
2460814.4291666667,-4493.337539596433,-491.6722373943301,3102.7007300416544
2460814.429861111,-4625.780071777562,-863.8361110443325,2814.4835513126573
2460814.4305555555,-4721.481642762249,-1229.1576821242268,2503.837668499789
2460814.43125,-4779.674448583945,-1584.7320255447985,2173.2337680697688
2460814.4319444443,-4799.890127878,-1927.7306787848347,1825.3036833858132
2460814.4326388887,-4781.964181394631,-2255.4247563082195,1462.8193118047075
2460814.433333333,-4726.037826800027,-2565.2073614489395,1088.6702014574298
2460814.434027778,-4632.5572239569765,-2854.6150588425185,705.8400088566692
2460814.4347222224,-4502.270041127594,-3121.348179493353,317.3820471710524
2460814.435416667,-4336.219369944617,-3363.2897371072054,-73.60583202746933
2460814.436111111,-4135.735037302285,-3578.522749807038,-464.0067649454554
2460814.4368055556,-3902.422399577844,-3765.3457854793774,-850.7105468276883
2460814.4375,-3638.1487463842764,-3922.286569996405,-1230.6391741650082
2460814.4381944444,-3345.027469718422,-4048.1135343164483,-1600.7719995796638
2460814.438888889,-3025.400190691288,-4141.845202919302,-1958.170239794117
2460814.439583333,-2681.81705678997,-4202.757364604952,-2300.0006010680945
2460814.4402777776,-2317.015436540211,-4230.387999708725,-2623.5578100729276
2460814.440972222,-1933.8972609935308,-4224.5399678497615,-2926.2858517016857
2460814.441666667,-1535.505249158784,-4185.281493239311,-3205.797760045516
2460814.4423611113,-1124.9982690314923,-4112.944507722839,-3459.8938216381925
2460814.4430555557,-705.6260622456736,-4008.1209336630573,-3686.578092590105
2460814.44375,-280.7035576300186,-3871.6570037677957,-3884.0731496647854
2460814.4444444445,146.4150210143462,-3704.6457258067553,-4050.8330234022546
2460814.445138889,572.3620652794195,-3508.417605568587,-4185.5542818391405
2460814.4458333333,993.7823444506856,-3284.529740949529,-4287.185250633204
2460814.4465277777,1407.358466613548,-3034.7533991131,-4354.933365295138
2460814.447222222,1809.8359071227778,-2761.060180572439,-4388.270660368475
2460814.4479166665,2198.0474781762205,-2465.6068712039337,-4386.9374016502015
2460814.448611111,2568.9371308941713,-2150.7190709480524,-4350.943868697985
2460814.449305556,2919.582976347573,-1818.8736879446296,-4280.570290698398
2460814.45,3247.2194202921924,-1472.6803772478388,-4176.3649350289725
2460814.4506944446,3549.2582940017237,-1114.8620096507523,-4039.1403444481643
2460814.451388889,3823.308865043898,-748.2342515867988,-3869.9677150100656
2460814.4520833334,4067.196596173067,-375.6843496574264,-3670.169407519363
2460814.452777778,4278.980512928969,-0.14922241848410303,-3441.3095890147106
2460814.453472222,4456.969032055991,375.40702551866946,-3185.1830074142376
2460814.4541666666,4599.734094408474,748.0160348749453,-2903.801914284608
2460814.454861111,4706.123439678967,1114.7284112185812,-2599.3811727994575
2460814.4555555554,4775.2708670011825,1472.6370692860185,-2274.3216001920096
2460814.45625,4806.604325243353,1818.900507586467,-1931.1916273724987
2460814.456944444,4799.851692557553,2150.7658084900977,-1572.7073822910106
2460814.457638889,4755.044122536096,2465.59114500656,-1201.7113329548176
2460814.459027778,4552.907449123676,3034.239829494723,-434.0485202692097
2460814.4597222223,4397.15132754581,3283.526050427657,-43.48951547300115
2460814.4604166667,4206.474765506499,3506.7359487533367,347.4155534578924
2460814.461111111,3982.385238862094,3702.0874854266763,735.5502325122704
2460814.4618055555,3726.6592926097233,3868.021704154828,1117.8190903570337
2460814.4625,3441.328025474414,4003.2156179371577,1491.173223560565
2460814.4631944443,3128.6603495468157,4106.59301053544,1852.6353316454274
2460814.4638888887,2791.1442162213243,4177.3330531798265,2199.32410094878
2460814.464583333,2431.466015170037,4214.876674858752,2528.4776639979104
2460814.465277778,2052.48838208432,4218.930653683596,2837.4759085628607
2460814.4659722224,1657.22665617663,4189.469432376791,3123.8614439416306
2460814.466666667,1248.8242339870458,4126.734688950404,3385.3590573440742
2460814.467361111,830.5270699378151,4031.232719982524,3619.893518226216
2460814.4680555556,405.657558111206,3903.729714245991,3825.6056231838975
2460814.46875,-22.411972120399533,3745.2450113406076,4000.866393875055
2460814.4694444444,-450.2859344309921,3557.0424507489333,4144.289368813332
2460814.470138889,-874.572142465783,3340.6199219136624,4254.740949371847
2460814.470833333,-1291.9082632050952,3097.697229172134,4331.348774845524
2460814.4715277776,-1698.9879003733754,2830.2023851194836,4373.50811410467
2460814.472222222,-2092.586160910005,2540.256439037472,4380.886269740722
2460814.472916667,-2469.584557148541,2230.1569491183614,4353.424992533114
2460814.4736111113,-2826.995115105089,1902.3601965715666,4291.340906859801
2460814.4743055557,-3161.9835493840205,1559.4622466579476,4195.123946918849
2460814.475,-3471.8913766189435,1204.1789525531522,4065.5338028261212
2460814.4756944445,-3754.2568261611536,839.3250081998324,3903.594375796228
2460814.476388889,-4006.8344012873004,467.7921649687679,3710.58624641659
2460814.4770833333,-4227.6129441768635,92.5267291329087,3488.0371624258228
2460814.4777777777,-4414.832043307076,-283.4935192104156,3237.710566110688
2460814.478472222,-4566.996623123809,-657.2828340091027,2961.5921946465633
2460814.4791666665,-4682.889556187059,-1025.8712725449786,2661.874801952878
2460814.479861111,-4761.58213741253,-1386.328532562028,2340.941080700804
2460814.480555556,-4802.442275745409,-1735.7876587127603,2001.3448814258086
2460814.48125,-4805.1402710715965,-2071.468400111088,1645.7908569870533
2460814.4819444446,-4769.65206704648,-2390.6999903374626,1277.1126902622045
2460814.482638889,-4696.2598988265945,-2690.943118502905,898.2500885766441
2460814.4833333334,-4585.5502868916565,-2969.8108587235292,512.2247554137696
2460814.484027778,-4438.409364309123,-3225.0883324207857,122.11557115674182
2460814.484722222,-4256.015565114108,-3454.750887374767,-268.96676342517605
2460814.4854166666,-4039.8297390139037,-3656.9806010974244,-657.9053626014917
2460814.486111111,-3791.582798672354,-3830.18093432742,-1041.6027983240717
2460814.4868055554,-3513.26104101105,-3972.9893920346567,-1417.0064839033164
2460814.4875,-3207.0893168112384,-4084.2880796847253,-1781.1335384666152
2460814.488194444,-2875.5122507717156,-4163.21207605952,-2131.094885145138
2460814.488888889,-2521.173733770496,-4209.1555786428235,-2464.118356996722
2460814.4895833335,-2146.894926130626,-4221.775809962053,-2777.5706052395876
2460814.490277778,-1755.6510148229052,-4200.994705240552,-3068.9776349563585
2460814.4909722223,-1350.546972886784,-4146.99842882722,-3336.043817958628
2460814.4916666667,-934.7925566322943,-4060.23479017228,-3576.6692676164535
2460814.492361111,-511.67677593213966,-3941.408648981704,-3788.9654810071993
2460814.4930555555,-84.54204703495124,-3791.4754114296315,-3971.2691878916994
2460814.49375,343.241772456104,-3611.632727638983,-4122.154363203779
2460814.4944444443,768.3032873956432,-3403.310504172401,-4240.442380487163
2460814.4951388887,1187.2952525019164,-3168.159341470196,-4325.210299168901
2460814.495833333,1596.9198929192203,-2908.037507584498,-4375.797284217813
2460814.496527778,1993.953738854062,-2624.9965451636576,-4391.809166654133
2460814.4972222224,2375.2718477775497,-2321.2656110863945,-4373.121150071949
2460814.497916667,2737.8713114193947,-1999.234631410856,-4319.878669369602
2460814.498611111,3078.8939298330297,-1661.4363610911641,-4232.496402950326
2460814.4993055556,3395.6479486323096,-1310.5274241716359,-4111.655435823625
2460814.5006944444,3946.5382958582045,-580.5031761987826,-3773.62375491328
2460814.501388889,4176.303419094094,-207.13726300628133,-3559.075691096557
2460814.502083333,4373.092434599733,167.88415584354942,-3316.335506514952
2460814.5027777776,4535.33029836197,541.5989764390075,-3047.3086159696772
2460814.503472222,4661.711927594692,911.0511942330601,-2754.1107255598076
2460814.504166667,4751.21359524003,1273.314159482647,-2439.0520470924207
2460814.5048611113,4803.102230451173,1625.5138704908286,-2104.619786032168
2460814.5055555557,4816.942476199684,1964.8521090226009,-1753.4589943611973
2460814.50625,4792.601369597389,2288.6292019392076,-1388.3519131630135
2460814.5069444445,4730.250533352368,2594.266189240537,-1012.1959521979296
2460814.507638889,4630.36579286974,2879.326165961601,-627.9804880914191
2460814.5083333333,4493.724167332882,3141.5345661821407,-238.7626887532444
2460814.5090277777,4321.398218017565,3378.798166030243,152.3574099010371
2460814.509722222,4114.747777281464,3589.222588812038,542.2623236415253
2460814.5104166665,3875.409120779506,3771.128116570244,927.8427762494833
2460814.511111111,3605.281685302803,3923.063633718875,1306.0233237075572
2460814.511805556,3306.512470936048,4043.818556826687,1673.7876787380228
2460814.5125,2981.478299661653,4132.432635126656,2028.2034738538803
2460814.5131944446,2632.7661301458766,4188.20353965869,2366.4462143387577
2460814.513888889,2263.151654420333,4210.692192433969,2685.822187281627
2460814.5145833334,1875.5764068390458,4199.72582184692,2983.790126019908
2460814.515277778,1473.1236407021493,4155.398758804471,3257.9814393980455
2460814.515972222,1058.9932135633242,4078.0710183337305,3506.2188590825745
2460814.5166666666,636.4757300330332,3968.3647336630734,3726.533375886854
2460814.517361111,208.92617314161464,3827.1585282285355,3917.1793702696323
2460814.5180555554,-220.26275031191122,3655.5799256725836,4076.6478627396154
2460814.51875,-647.6873487198828,3454.9959045724877,4203.677836445946
2460814.519444444,-1069.9595747817718,3227.001711599623,4297.265598184317
2460814.520138889,-1483.7333751925066,2973.4080446570983,4356.672161731889
2460814.5208333335,-1885.7306031319395,2696.2267154108918,4381.428644820815
2460814.521527778,-2272.7663430739735,2397.6549001432995,4371.339676433957
2460814.5222222223,-2641.7735129690045,2080.058079918467,4326.48481495325
2460814.5229166667,-2989.8266076471537,1745.9517714153287,4247.217976933952
2460814.523611111,-3314.164451927695,1397.9821458584493,4134.164875552561
2460814.5243055555,-3612.2118220567004,1038.9056423788074,3988.218469205213
2460814.525,-3881.5998008123343,671.5676756043107,3810.532418995072
2460814.5256944443,-4120.184710111664,298.88056156261894,3602.51256264487
2460814.5263888887,-4326.065471677877,-76.1992161778186,3365.806415622389
2460814.527083333,-4497.5992324461395,-450.6942538405778,3102.2907255405753
2460814.527777778,-4633.4150919305575,-821.6298270670991,2814.057122699892
2460814.5284722224,-4732.425772453554,-1186.0576686947916,2503.395926902797
2460814.529166667,-4793.837076571836,-1541.0797262533351,2172.77819985833
2460814.529861111,-4817.154991875938,-1883.8716917842544,1824.836155071764
2460814.5305555556,-4802.190320616305,-2211.7060797418444,1462.3420691549663
2460814.53125,-4749.060737494756,-2521.974624528524,1088.1858637040432
2460814.5319444444,-4658.190208718789,-2812.209763485114,705.3515566611552
2460814.532638889,-4530.305740710595,-3080.10497546451,316.89280541874473
2460814.533333333,-4366.431464206421,-3323.5337550655904,-74.0922172247716
2460814.5340277776,-4167.880099920354,-3540.5670155170005,-464.48635498145984
2460814.534722222,-3936.24189043163,-3729.4887369184535,-851.1791434873078
2460814.535416667,-3673.371122479549,-3888.809699797586,-1231.0923583123965
2460814.5361111113,-3381.370396859912,-4017.279176182959,-1601.2051727930473
2460814.5368055557,-3062.572835103892,-4113.8944810794765,-1958.578670123045
2460814.5375,-2719.522434472207,-4177.908322554343,-2300.3794738430583
2460814.5381944445,-2354.9528055929127,-4208.833921040352,-2623.9022771212567
2460814.538888889,-1971.7645285906176,-4206.447902985438,-2926.5910866784375
2460814.5395833333,-1573.0013806988948,-4170.791000607847,-3206.0590119106437
2460814.5402777777,-1161.8256730746323,-4102.166617274605,-3460.1064716194305
2460814.540972222,-741.4929385092407,-4001.137338247631,-3686.7377093806563
2460814.542361111,113.31005679817305,-3705.375798204659,-4050.874304928536
2460814.543055556,541.0357608988256,-3513.0064230922353,-4185.530908766754
2460814.54375,964.4812435414105,-3292.9382061007923,-4287.094083055283
2460814.5444444446,1380.3127571612101,-3046.912514608546,-4354.771713803091
2460814.545138889,1785.257643765498,-2776.8716238986144,-4388.036332052373
2460814.5458333334,2176.128948529825,-2484.943787124189,-4386.628743395161
2460814.546527778,2549.8493725253334,-2173.4270782455096,-4350.559806689527
2460814.547222222,2903.4744568304573,-1844.7720916892283,-4280.1103660862145
2460814.5479166666,3234.214888379137,-1501.5635793499277,-4175.8293353813815
2460814.548611111,3539.4578118247027,-1146.5011070250375,-4038.5299302273597
2460814.5493055554,3816.7870275442992,-782.3788128942529,-3869.284040825292
2460814.55,4064.0019446824135,-412.06435924072105,-3669.414737956213
2460814.550694444,4279.135149720277,-38.47717716176009,-3440.486907776545
2460814.551388889,4460.468439192468,335.43387885789855,-3184.2960199801255
2460814.5520833335,4606.547160205292,706.713336437876,-2902.8550444912134
2460814.552777778,4716.192696220742,1072.4222193535725,-2598.3795503486745
2460814.5534722223,4788.512936953516,1429.661300186307,-2273.2710417591147
2460814.5541666667,4822.9105775867965,1775.5943043371074,-1930.098610259057
2460814.554861111,4819.089103905239,2107.4708616218027,-1571.5790089889508
2460814.5555555555,4777.056338041366,2422.6489847737216,-1200.555287683311
2460814.55625,4697.125445613133,2718.616847543594,-819.9741548056396
2460814.5569444443,4579.913333090405,2993.0136362541216,-432.86225416891676
2460814.5576388887,4426.336400611608,3243.6492387195995,-42.30158267685072
2460814.558333333,4237.603652205876,3468.522554417419,348.5957165957271
2460814.559027778,4015.2072048291043,3665.8382183218687,736.7129298056627
2460814.5597222224,3760.9102800730784,3834.021550137637,1118.9544471214622
2460814.560416667,3476.7327961465035,3971.7315709346344,1492.2712734067588
2460814.561111111,3164.934717541105,4077.871952963345,1853.6861050431764
2460814.5618055556,2827.9973486625427,4151.599803777871,2200.317717838972
2460814.5625,2468.6027837350753,4192.3322187078975,2529.4044252931512
2460814.5631944444,2089.6117419189827,4199.750569560558,2838.3263892341683
2460814.563888889,1694.0400332522909,4173.802528767911,3124.6265850299224
2460814.564583333,1285.033901315584,4114.70185866032,3386.030255890859
2460814.5652777776,865.8444919935669,4022.92602080028,3620.462715201966
2460814.565972222,439.8016858607617,3899.2116811497144,3826.0653878135126
2460814.566666667,10.287527595828246,3744.5482041486757,4001.2100034358195
2460814.5673611113,-419.2905389810694,3560.1692375541347,4144.510884846145
2460814.5680555557,-845.5264248947024,3347.5424999024153,4254.835287422869
2460814.56875,-1265.041965524825,3108.3578795529893,4331.311769099701
2460814.5694444445,-1674.5131323120272,2844.513959234492,4373.336575613832
2460814.570138889,-2070.6957399811295,2558.1030712057086,4380.578037774251
2460814.5708333333,-2450.4505016187045,2251.3949899975637,4352.9789786832
2460814.5715277777,-2810.7672992834696,1926.8193611290596,4290.757131686718
2460814.572222222,-3148.7885353009,1586.9469646610833,4194.4035681130335
2460814.5729166665,-3461.8314257934617,1234.469916242441,4064.679134833225
2460814.573611111,-3747.409101515083,872.1809049921707,3902.6089007502233
2460814.574305556,-4003.250367697333,502.9515807411667,3709.474614793999
2460814.575,-4227.317970303344,129.7102121802665,3486.8051843583676
2460814.5756944446,-4417.8252106800555,-244.58125003349204,3236.365192496636
2460814.576388889,-4573.25074595153,-616.950554975591,2960.141486247739
2460814.5770833334,-4692.351410764458,-984.4388073900285,2660.3278893761067
2460814.577777778,-4774.172902864434,-1344.124214453849,2339.308112507698
2460814.578472222,-4818.058182815026,-1693.145720506094,1999.6369611526197
2460814.5791666666,-4823.653454597074,-2028.7263132997223,1644.019970005954
2460814.579861111,-4790.911616066547,-2348.195775552724,1275.2916201833202
2460814.5805555554,-4720.093096011991,-2649.0126496153134,896.3923244613765
2460814.58125,-4611.764026456228,-2928.7851855225504,510.34438806330854
2460814.581944444,-4466.791737483605,-3185.291040638415,120.22718513969771
2460814.582638889,-4286.33759711278,-3416.4955249936183,-270.8482090687361
2460814.584027778,-3825.03845506628,-3795.8975785743505,-1043.4246029145147
2460814.5847222223,-3547.8863683134564,-3941.104035190502,-1418.7754674750618
2460814.5854166667,-3242.606936079417,-4055.05038615958,-1782.8345064797672
2460814.586111111,-2911.6381095980373,-4136.850485926093,-2132.712912130315
2460814.5868055555,-2557.619395209488,-4185.875538665907,-2465.6389178253476
2460814.5875,-2183.369882254737,-4201.758195807085,-2778.979704091923
2460814.5881944443,-1791.8650062277738,-4184.394445934827,-3070.2619302778453
2460814.5888888887,-1386.2122939843564,-4133.9433424491945,-3337.190743413175
2460814.589583333,-969.626331043427,-4050.82463786804,-3577.6671463135144
2460814.590277778,-545.4031816743849,-3935.714411971978,-3789.803634291897
2460814.5909722224,-116.89447758002697,-3789.5387943743804,-3971.9380363413256
2460814.591666667,312.5186290328559,-3613.465889064419,-4122.645520440226
2460814.592361111,739.4514637027135,-3408.896014124623,-4240.748738259185
2460814.5930555556,1160.5416250684896,-3177.4503649606813,-4325.326103559035
2460814.59375,1572.4744279124407,-2920.958209735593,-4375.718203060657
2460814.5944444444,1972.0078700315255,-2641.442714732866,-4391.532347184819
2460814.595138889,2355.9969984717877,-2341.105496509201,-4372.645266675349
2460814.595833333,2721.4175702217462,-2022.3099832573287,-4319.2039609649555
2460814.5965277776,3065.388888700487,-1687.5636741091228,-4231.624699829867
2460814.597222222,3385.195714518417,-1339.4993680256594,-4110.59017485017
2460814.597916667,3678.3091221330305,-980.8554527790034,-3957.044796011673
2460814.5986111113,3942.4061863852494,-614.4553303245251,-3772.1881232010346
2460814.5993055557,4175.388354336516,-243.18608236516764,-3557.4664293475576
2460814.6,4375.3983619620485,130.0235224230996,-3314.562392917111
2460814.6006944445,4540.835540292908,502.2255577739054,-3045.382927747866
2460814.601388889,4670.369346706614,870.4758588481985,-2752.045178730597
2460814.6020833333,4762.950963203526,1231.8571803992622,-2436.8607209391366
2460814.6027777777,4817.8227980411575,1583.502408252249,-2102.3180339190535
2460814.603472222,4834.525741853933,1922.6176313835856,-1751.06334222971
2460814.6041666665,4812.904042247691,2246.5048633043743,-1385.8799436947297
2460814.604861111,4753.107682283821,2552.5841896233533,-1009.6661764881488
2460814.605555556,4655.592176520471,2838.4151101311963,-625.4122075836193
2460814.60625,4521.115729716278,3101.716848947182,-236.17584414764175
2460814.6069444446,4350.7337414905505,3340.3874020059234,154.94239608085866
2460814.607638889,4145.790676742415,3552.5211120938816,544.8247132684039
2460814.6083333334,3907.909363794117,3736.424571042151,930.361687667569
2460814.609027778,3638.9778218804427,3890.630674603138,1308.4779069574524
2460814.609722222,3341.133754458974,4013.910684026739,1676.1572932257027
2460814.6104166666,3016.7468799458234,4105.284176694517,2030.4678666484026
2460814.611111111,2668.3993010831086,4164.026801763856,2368.585695386882
2460814.6118055554,2298.864133263556,4189.6757917072555,2687.817803407172
2460814.6125,1911.0826305903738,4182.033212252678,2985.6238271299944
2460814.613194444,1508.140055445566,4141.166964783744,3259.63624006267
2460814.613888889,1093.2405418234712,4067.409582886562,3507.6789907824673
2460814.6145833335,669.6811945715225,3961.3548879835535,3727.784431194019
2460814.615277778,240.82566331425951,3823.852588191529,3918.2084356405217
2460814.6159722223,-189.9225883621526,3656.0009178221744,4077.443640514663
2460814.6166666667,-619.1471125031313,3459.137423011152,4204.2307547183955
2460814.617361111,-1043.4452112831693,3234.8280052841114,4297.567908119254
2460814.6180555555,-1459.454408334805,2984.8543314387703,4356.718022182933
2460814.61875,-1863.8784893544391,2711.1997226548106,4381.214192487153
2460814.6194444443,-2253.5129743122266,2416.0336227636344,4370.863082491987
2460814.6201388887,-2625.269871397992,2101.694753598357,4325.746326848265
2460814.620833333,-2976.201587143332,1770.6730500603032,4246.219945062115
2460814.621527778,-3303.523850651694,1425.5904783628214,4132.911764730475
2460814.6222222224,-3604.6375186387722,1069.1808347497895,3986.716853634499
2460814.622916667,-3877.14911673054,704.2686317141817,3808.7909614538935
2460814.623611111,-4118.889967385836,333.7471866004385,3600.5419763319396
2460814.6243055556,-4327.933748642987,-39.44396144261638,3363.619408761676
2460814.6256944444,-4641.52965617054,-781.9851365022845,2811.4829993691083
2460814.626388889,-4743.573713833231,-1145.434648517877,2500.6546649967518
2460814.627083333,-4807.926096564586,-1499.8001840417944,2169.889587333895
2460814.6277777776,-4834.069353445273,-1842.2624140493094,1821.821439170358
2460814.628472222,-4821.791801271186,-2170.0962306457923,1459.2238000859543
2460814.629166667,-4771.189766446125,-2480.693124498094,1084.9877228249554
2460814.6298611113,-4682.667178821835,-2771.58266747952,702.0981731993076
2460814.6305555557,-4556.932483979671,-3040.4528754724533,313.60956107263416
2460814.63125,-4394.99287781927,-3285.1692284536525,-77.37939323561447
2460814.6319444445,-4198.145908385737,-3503.792140989212,-467.7511979316592
2460814.632638889,-3967.968528191816,-3694.5926996149306,-854.3952701193269
2460814.6333333333,-3706.303720094565,-3856.066506027374,-1234.2334864870732
2460814.6340277777,-3415.2448522761692,-3986.9454973640586,-1604.2453424846383
2460814.634722222,-3097.1179532250962,-4086.2076437015457,-1961.492461254297
2460814.6354166665,-2754.462114740447,-4153.08446122293,-2303.1422211310582
2460814.636111111,-2390.0082589422004,-4187.066308274637,-2626.490279246428
2460814.636805556,-2006.6565076773572,-4187.9054679066,-2928.9818058003925
2460814.6375,-1607.4524010101456,-4155.617047222803,-3208.23126569605
2460814.6381944446,-1195.5622119051643,-4090.4777503561727,-3462.0406124245396
2460814.638888889,-774.247591741542,-3993.0226032586934,-3688.4157920703533
2460814.6395833334,-346.83976808622873,-3864.039722985163,-3885.581481609868
2460814.640277778,83.28649191779905,-3704.5632368377574,-4051.9940061144807
2460814.640972222,512.7389694059243,-3515.864459914218,-4186.352407104598
2460814.6416666666,938.1339599146165,-3299.441442029116,-4287.607645389588
2460814.642361111,1356.1219642358606,-3057.0069930266764,-4354.969935265693
2460814.6430555554,1763.4129717538551,-2790.475287298017,-4387.914215105872
2460814.64375,2156.801206837557,-2501.9471468039906,-4386.183760052252
2460814.644444444,2533.1892287969295,-2193.69408902214,-4349.7919442631855
2460814.645138889,2889.6112701890775,-1868.1412264014073,-4279.022155673913
2460814.6458333335,3223.2557063437803,-1527.8490948438728,-4174.425862586652
2460814.646527778,3531.4865368347414,-1175.494494809792,-4036.8188281817875
2460814.6472222223,3811.8637626279906,-813.8504221991423,-3867.275464310319
2460814.6479166667,4062.1625226289702,-445.7651828445514,-3667.121318141027
2460814.648611111,4280.390849329223,-74.14079022660547,-3437.9236884321945
2460814.6493055555,4464.805895096877,298.08924411994474,-3181.480372679561
2460814.65,4613.928466397066,667.9825918534927,-2899.806563807512
2460814.6506944443,4726.555704308851,1032.6111127144434,-2595.1199297082853
2460814.6513888887,4801.771749479656,1389.0840175171031,-2269.823928108341
2460814.652083333,4838.956232908619,1734.5709980985,-1926.4894398008
2460814.652777778,4837.790448907731,2066.325125163626,-1567.8348238511226
2460814.6534722224,4798.261082766864,2381.705291243244,-1196.7045367718897
2460814.654166667,4720.661391471229,2678.197979374557,-816.0464742841231
2460814.654861111,4605.589765817792,2953.4381185523807,-428.88823872697793
2460814.6555555556,4453.945635440474,3205.228806066279,-38.31254044902027
2460814.65625,4266.922718913522,3431.5596681422126,352.5680174933358
2460814.6569444444,4045.999658518785,3630.6236567683363,740.6365213709656
2460814.657638889,3792.9281203056803,3800.832094285046,1122.7974282994128
2460814.658333333,3509.718479314061,3940.827803358036,1496.0020772728535
2460814.6590277776,3198.6232441509583,4049.496190094746,1857.2737652065966
2460814.659722222,2862.1184072220153,4125.974178896001,2203.7321313121597
2460814.660416667,2502.882932266343,4169.656931487588,2532.616609481427
2460814.6611111113,2123.7766093665896,4180.202316027041,2841.308729634886
2460814.6618055557,1727.816521851083,4157.533124023676,3127.3530719796395
2460814.6625,1318.152371949571,4101.837062561104,3388.476708231279
2460814.6631944445,898.0409147366763,4013.56457471306,3622.6069892655696
2460814.663888889,470.81974035453686,3893.42456240229,3827.887569450901
2460814.6645833333,39.88063314874971,3742.378101427585,4002.6925839057394
2460814.6652777777,-391.3572717321433,3561.6302518106145,4145.638916235025
2460814.665972222,-819.4743443916639,3352.620068421681,4255.596520759409
2460814.667361111,-1652.8247190241145,2856.6672612687107,4373.338825309935
2460814.668055556,-2051.454521401949,2573.659852880596,4380.194002281349
2460814.66875,-2433.80753476761,2270.229720134025,4352.20816730389
2460814.6694444446,-2796.8527388325456,1948.7807596877765,4289.602127966935
2460814.670138889,-3137.7106142709786,1611.859210200852,4192.870039927906
2460814.6708333334,-3453.6756129869145,1262.1340395733446,4062.7758210032225
2460814.671527778,-3742.2374359727287,902.3763648449938,3900.347574773388
2460814.672222222,-4001.10097977576,535.4380066899222,3706.8700244205556
2460814.6729166666,-4228.204792025969,164.2293044945717,3483.874967477692
2460814.673611111,-4421.737880093607,-208.30367933066304,3233.129768126286
2460814.6743055554,-4580.154705859649,-579.2024126579462,2956.623921841468
2460814.675,-4702.188203067178,-945.5194388815179,2656.553743924789
2460814.675694444,-4786.860656875298,-1304.3420305363213,2335.3052557024607
2460814.676388889,-4833.492293991868,-1652.8157487028607,1995.4353700242832
2460814.6770833335,-4841.7074488386725,-1988.1676928815984,1639.6515050939088
2460814.677777778,-4811.438192938114,-2307.7292194036945,1270.789780003853
2460814.6784722223,-4742.925341938764,-2608.9578903325805,891.7919840154767
2460814.6791666667,-4636.7167879550225,-2889.458429515504,505.6815216510952
2460814.679861111,-4493.663141608334,-3147.00245269967,115.53857464092124
2460814.6805555555,-4314.910707005398,-3379.5467616446163,-275.5252729603443
2460814.68125,-4101.8918538659955,-3585.2500037107598,-664.392680847941
2460814.6819444443,-3856.3128874620947,-3762.487525999675,-1047.9662055365222
2460814.6826388887,-3580.1395608934713,-3909.8642736146653,-1423.193684125543
2460814.683333333,-3275.580395964684,-4026.225623235335,-1787.0931002793043
2460814.684027778,-2945.0680205586777,-4110.666064791117,-2136.7766745823205
2460814.6847222224,-2591.238738717221,-4162.53568728876,-2469.4739613462452
2460814.685416667,-2216.910575151283,-4181.444451562273,-2782.5537426608603
2460814.686111111,-1825.0600373806499,-4167.264266981628,-3073.54454611496
2460814.6868055556,-1418.7978429348723,-4120.128915448078,-3340.153637666536
2460814.6875,-1001.3438515662593,-4040.4318894890093,-3580.2843724308073
2460814.6881944444,-576.0014357515084,-3928.8222299820854,-3792.0518118357118
2460814.688888889,-146.13150498693219,-3786.198462468917,-3973.7965443680514
2460814.689583333,284.8736210354124,-3613.700737281731,-4124.09667030109
2460814.6902777776,713.6163028578061,-3412.7012855591347,-4241.77792460447
2460814.690972222,1136.7194809464454,-3184.793298152786,-4325.921933081036
2460814.691666667,1550.8522355360674,-2931.7783341234604,-4375.872600864346
2460814.6923611113,1952.7548803364048,-2655.6523561337303,-4391.240640252751
2460814.6930555557,2339.263467348558,-2358.5904868068105,-4371.906244139035
2460814.69375,2707.3335914928944,-2042.9305715404325,-4318.019910847094
2460814.6944444445,3054.0633851690613,-1711.1556283181164,-4230.001421737452
2460814.695138889,3376.7155903470702,-1365.8752626867456,-4108.536968172078
2460814.6958333333,3672.7385852747466,-1009.806132582702,-3954.574423058664
2460814.6965277777,3939.7862460514984,-645.7515408761855,-3769.3167472102828
2460814.697222222,4175.736499849604,-276.5802553965255,-3554.213526137364
2460814.6979166665,4378.708426130564,94.79534128796031,-3310.9506354727064
2460814.698611111,4547.077748113074,465.441648851006,-3041.43804550463
2460814.699305556,4679.490553173498,832.426654982626,-2747.7957885937317
2460814.7,4774.875077559384,1192.8429918045272,-2432.338132988222
2460814.7006944446,4832.45139361168,1543.831064595194,-2097.5560310021237
2460814.701388889,4851.7388474447025,1882.602058966855,-1746.0979342776466
2460814.7020833334,4832.561109384248,2206.4606155977995,-1380.7490986913192
2460814.702777778,4775.048721418838,2512.8269498155564,-1004.4095314056957
2460814.703472222,4679.639052750384,2799.258189917083,-620.0707571048467
2460814.7041666666,4547.073608339711,3063.468698754391,-230.7916167215102
2460814.704861111,4378.392669737128,3303.349159620438,160.32667930850394
2460814.7055555554,4174.927289681046,3516.9842058949207,550.1659868844349
2460814.70625,3938.2886988068285,3702.6684010471868,935.6168975810618
2460814.706944444,3670.3552255243235,3858.9203909708067,1313.6043692971768
2460814.707638889,3373.256865998895,3984.495081368023,1681.113051254872
2460814.709027778,2701.2361690595985,4139.871817076946,2373.0788377311974
2460814.7097222223,2331.663993872744,4168.4447941902945,2692.022214249366
2460814.7104166667,1943.583040574607,4163.891441423352,2989.503883236187
2460814.711111111,1540.0813123175656,4126.255095804898,3263.1586917477084
2460814.7118055555,1124.3677571505784,4055.8426403740964,3510.8132422209555
2460814.7125,699.7463238169455,3953.221367232849,3730.5027981346884
2460814.7131944443,269.58947458564495,3819.213789224679,3920.4863801870047
2460814.7138888887,-162.6886212160447,3654.890495795793,4079.259981115011
2460814.714583333,-593.6590035579753,3461.5611582299666,4205.567849297861
2460814.715277778,-1019.9047620222334,3240.7637909470463,4298.411811666921
2460814.7159722224,-1438.047618128046,2994.2523810502016,4357.058615864014
2460814.716666667,-1844.7740967385039,2723.9829903021573,4381.045285758213
2460814.717361111,-2236.8611315969483,2432.0984367292763,4370.182486191683
2460814.7180555556,-2611.200969023622,2120.911654062017,4324.555897796428
2460814.71875,-2964.825233270103,1792.8878264026964,4244.525601233288
2460814.7194444444,-3294.9280150846544,1450.625397542972,4130.723470659563
2460814.720138889,-3598.8878479822824,1096.8360518197799,3984.0485755649506
2460814.720833333,-3874.288426688914,734.3237722553121,3805.660591789313
2460814.7215277776,-4118.9379170017555,365.9630895566488,3596.9712269641354
2460814.722222222,-4330.886699638503,-5.32335277578329,3359.633673258563
2460814.722916667,-4508.44338405823,-376.5877753568439,3095.530113518314
2460814.7236111113,-4650.188927038199,-744.8806246963412,2806.7573229378754
2460814.7243055557,-4754.988692277424,-1107.2741458388427,2495.6104283199984
2460814.725,-4822.002292680319,-1460.8859710042818,2164.564914214924
2460814.7256944445,-4850.691071807918,-1802.9025188448568,1816.2569885505804
2460814.726388889,-4840.823098245208,-2130.601981399971,1453.4624530165615
2460814.7270833333,-4792.475572757988,-2441.3766729465465,1079.0742469809354
2460814.7277777777,-4706.034577525651,-2732.754506700272,696.0788654402572
2460814.728472222,-4582.192132893789,-3002.4193697025817,307.53187464775715
2460814.7291666665,-4421.940563871135,-3248.230177713386,-83.46723503142773
2460814.729861111,-4226.5642193920385,-3468.2384015458865,-473.8005984993559
2460814.730555556,-3997.6286285189663,-3660.7038786883745,-860.3576594763981
2460814.73125,-3736.9672125532784,-3824.1087526341566,-1240.0607242090937
2460814.7319444446,-3446.6657125508773,-3957.169405447849,-1609.8901148264456
2460814.732638889,-3129.0445164573066,-4058.846287269238,-1966.9086738560666
2460814.7333333334,-2786.6391017768797,-4128.351575033174,-2308.285377522009
2460814.734027778,-2422.1788215124393,-4165.154630172761,-2631.3178466205572
2460814.734722222,-2038.5642769019262,-4168.985254390614,-2933.45356305904
2460814.7354166666,-1638.8435253328719,-4139.834773103912,-3212.3096293241715
2460814.736111111,-1226.1873647375792,-4077.955001593816,-3465.6909411885285
2460814.7368055554,-803.8639357448025,-3983.85516962178,-3691.606666643643
2460814.7375,-375.2128635380779,-3858.296896517003,-3888.284956958656
2460814.738194444,56.38085326685426,-3702.287318529195,-4054.1858381615198
2460814.738888889,487.5130134636811,-3517.070477400835,-4188.012250396461
2460814.7395833335,914.7862769868341,-3304.1170780929574,-4288.719222468506
2460814.740277778,1334.8359648707672,-3065.1127235216113,-4355.521177085027
2460814.7409722223,1744.355460418159,-2801.9447272191046,-4387.897371812741
2460814.7416666667,2140.12108701412,-2516.687598775287,-4385.595482413321
2460814.742361111,2519.0163447766395,-2211.5872918510654,-4348.633334912357
2460814.7430555555,2878.055398020683,-1889.044295111848,-4277.298789936844
2460814.74375,3214.4056971895448,-1551.5956489342084,-4172.147778882452
2460814.7444444443,3525.4096257186875,-1201.8959612924125,-4034.0004862855085
2460814.7451388887,3808.605042484404,-842.6975099624545,-3863.9356721420495
2460814.745833333,4061.744591154469,-476.82951657084857,-3663.2831266537873
2460814.746527778,4282.813634988827,-107.1766886949185,-3433.614251691454
2460814.7472222224,4470.04665963153,263.34285026489937,-3176.730776617602
2460814.747916667,4621.941989227152,631.8001217915165,-2894.6516207843065
2460814.748611111,4737.274647073183,995.2781890644505,-2589.59794012871
2460814.7493055556,4815.107199214434,1350.8952281529178,-2263.9764092124274
2460814.7506944444,4856.0096359147665,2027.3325973471506,-1561.4721279733485
2460814.751388889,4818.708615697076,2342.771036678485,-1190.1570008577105
2460814.752083333,4743.170907078348,2639.6288172550444,-809.3651802302746
2460814.7527777776,4629.9785434839405,2915.537872379732,-422.12570403622595
2460814.753472222,4480.016083172621,3168.2958916265206,-31.52229634220063
2460814.754166667,4294.463980427298,3395.8847223986395,359.33186191364996
2460814.7548611113,4074.789327283118,3596.4872276355695,747.3197243800412
2460814.7555555557,3822.7340455213853,3768.5024108544135,1129.3460654401179
2460814.75625,3540.300649474839,3910.5586449217794,1502.3629892781364
2460814.7569444445,3229.7357295622464,4021.524873841082,1863.395002897322
2460814.757638889,2893.511346689274,4100.519681820001,2209.563389890757
2460814.7583333333,2534.30454672461,4146.918162722602,2538.1096488526687
2460814.7590277777,2154.975225334637,4160.356553761649,2846.4177771389845
2460814.759722222,1758.5425878020908,4140.734629263182,3132.03520409559
2460814.7604166665,1348.1604530867232,4088.2158804085016,3392.692206890604
2460814.761111111,927.0916483424993,4003.2255319782807,3626.3196718193285
2460814.761805556,498.6817382630904,3886.4464685442035,3831.065088900712
2460814.7625,66.33231625696267,3738.8131579956857,4005.3066982052947
2460814.7631944446,-366.52592209876536,3561.503673047359,4147.665725748716
2460814.763888889,-796.4601280054062,3355.9299157691344,4257.016671503715
2460814.7645833334,-1220.0620832013456,3123.726155335557,4332.4956240828005
2460814.765277778,-1633.9746562947614,2866.735984529436,4373.5065915054965
2460814.765972222,-2034.9177715949045,2586.9978027700045,4379.725841716707
2460814.7666666666,-2419.7137510905986,2286.728924510405,4351.104252851178
2460814.767361111,-2785.311887797111,1968.3084132980387,4287.867672795628
2460814.7680555554,-3128.8121167996396,1634.2587366635805,4190.515288079776
2460814.76875,-3447.487645765039,1287.2263396966218,4059.8160012995395
2460814.769444444,-3738.806404543794,929.9612369255512,3896.802816350537
2460814.770138889,-4000.4511633160555,565.2957333808762,3702.7652350772405
2460814.7708333335,-4230.338166926136,196.12239086351246,3479.2396732242332
2460814.771527778,-4426.634122533482,-174.62862683848815,3227.997914975562
2460814.7722222223,-4587.771375452191,-544.0126823682338,2951.033638864966
2460814.7729166667,-4712.461105272587,-909.0940974847565,2650.5470700261835
2460814.773611111,-4799.704383200562,-1266.96971345987,2328.9278288937344
2460814.7743055555,-4848.800934391048,-1614.792369885554,1988.7360846538018
2460814.775,-4859.355472106854,-1949.7940984311772,1632.6821335568209
2460814.7756944443,-4831.281486395605,-2269.3087960181106,1263.604569436477
2460814.7763888887,-4764.802402225305,-2570.794156181216,884.447223172085
2460814.777083333,-4660.450052150965,-2851.852621361518,498.23508835183577
2460814.777777778,-4519.060446911184,-3110.251132615621,108.04946482857909
2460814.7784722224,-4341.7668662308615,-3343.939462244785,-282.99742819953997
2460814.779166667,-4129.990332215795,-3551.0669328479926,-671.7881067879403
2460814.779861111,-3885.427566484373,-3729.997349236581,-1055.2254768913058
2460814.7805555556,-3610.03657330542,-3879.321994116143,-1430.258216308449
2460814.78125,-3306.020017200705,-3997.870575673174,-1793.9056313393166
2460814.7819444444,-2975.806598208108,-4084.720041200071,-2143.2817368241745
2460814.782638889,-2622.030646502322,-4139.201208422348,-2475.6183345026493
2460814.783333333,-2247.510174002412,-4160.903197996995,-2788.2868866626586
2460814.7840277776,-1855.2236295475268,-4149.67568157417,-3078.8190085772844
2460814.784722222,-1448.285601266563,-4105.628987283896,-3344.92543531179
2460814.785416667,-1029.9217128646003,-4029.1321275580713,-3584.5133412510822
2460814.7861111113,-603.4429415550588,-3920.8088331083773,-3795.7019261468154
2460814.7868055557,-172.21957685365132,-3781.5316900083412,-3976.8362027159656
2460814.7875,260.34498259377125,-3612.4144843034246,-4126.498946402461
2460814.7881944445,690.8404107404308,-3414.802863083241,-4243.520783918133
2460814.788888889,1115.8754535266748,-3190.263419474172,-4326.988413357611
2460814.7895833333,1532.103602151189,-2940.571304431859,-4376.250957219066
2460814.7902777777,1936.2483068311146,-2667.6964643937413,-4390.924453691114
2460814.790972222,2325.127613098764,-2373.7885950238338,-4370.894493874874
2460814.792361111,3044.9780562069113,-1732.272706083919,-4227.61721439389
2460814.793055556,3370.269635180428,-1389.7111017079728,-4105.486691734475
2460814.79375,3668.9801148470815,-1036.1715272990843,-3950.878629077931
2460814.7944444446,3938.7418881464414,-674.4375523693279,-3765.001184697961
2460814.795138889,4177.411192287437,-307.35984337635267,-3549.308985477426
2460814.7958333334,4383.085382483968,62.16554654091196,-3305.4927523517736
2460814.796527778,4554.118596896854,431.21944645741536,-3035.4670648679644
2460814.797222222,4689.135650648169,796.882259207841,-2741.3562884461635
2460814.7979166666,4787.043992006838,1156.256916450468,-2425.4787099283662
2460814.798611111,4847.043558853123,1506.4919232486156,-2090.3289474827434
2460814.7993055554,4868.634380576285,1844.8042975378066,-1738.5587291729548
2460814.8,4851.62178625651,2168.502192950179,-1372.956165176922
2460814.800694444,4796.119102341924,2475.0069864152424,-996.4236636056082
2460814.801388889,4702.547749066903,2761.8746021631946,-611.9546704758726
2460814.8020833335,4571.63467879923,3026.8158396748536,-222.60944475441195
2460814.802777778,4404.407135428256,3267.715483400606,168.50990437622715
2460814.8034722223,4202.184753493266,3482.649978244009,558.2848674047115
2460814.8041666667,3966.5690555940905,3669.9034734946727,943.6062107314556
2460814.804861111,3699.4304492394917,3827.982057557509,1321.3996071699737
2460814.8055555555,3402.892855448217,3955.62603802665,1688.6509596034634
2460814.80625,3079.316145583755,4051.82014390349,2042.4311467851614
2460814.8069444443,2731.2765790013523,4115.801567871763,2379.919952367229
2460814.8076388887,2361.545469323845,4147.065792698445,2698.4289393652666
2460814.808333333,1973.0663123992974,4145.3701832461575,2995.423068733322
2460814.809027778,1568.9306278232666,4110.735353631598,3268.540876688224
2460814.8097222224,1152.352760338126,4043.444348261291,3515.6130615119555
2460814.810416667,726.6438865900682,3944.03969750136,3734.679355402874
2460814.811111111,295.1854679755773,3813.318428800789,3924.0035827813886
2460814.8118055556,-138.5976309691483,3652.325126544414,4082.086836844281
2460814.8125,-571.2641484622493,3462.3431432119633,4207.678723922366
2460814.8131944444,-999.3833617755976,3244.8840700244887,4299.786644291198
2460814.813888889,-1419.5617841184953,3001.6755724098152,4357.68309385118
2460814.814583333,-1828.469454122438,2734.64769925747,4380.91097669486
2460814.8152777776,-2222.8656742532194,2445.917766035006,4369.28692764209
2460814.815972222,-2599.6240547968964,2137.773911589891,4322.9026437137745
2460814.816666667,-2955.7567253750894,1812.657426190661,4242.124224935188
2460814.8173611113,-3288.4375804477595,1473.1439442916865,4127.589523649658
2460814.8180555557,-3595.024416154873,1121.9236023844924,3980.203501813254
2460814.81875,-3873.079814748399,761.7802645073109,3801.1315971909057
2460814.8194444445,-4120.3906247111245,395.56992737530464,3591.7911033652026
2460814.820138889,-4334.985876393883,26.19843101552102,3353.840577486804
2460814.8208333333,-4515.152969499497,-343.40138680451764,3089.1673008561265
2460814.8215277777,-4659.451963630713,-710.292933071872,2799.8728368366933
2460814.822222222,-4766.7278087344985,-1071.5593297132384,2488.2567462475554
2460814.8229166665,-4836.120353627876,-1424.326913920824,2156.798552764836
2460814.823611111,-4867.071988900349,-1765.7885673968185,1808.1380691413021
2460814.824305556,-4859.332795518441,-2093.226649762546,1445.0542324804858
2460814.825,-4812.963097860587,-2404.0353142645777,1070.4426147796635
2460814.8256944446,-4728.333349134658,-2695.74196704149,687.2918156596702
2460814.826388889,-4606.121312661821,-2966.027648250648,298.6589527240684
2460814.8270833334,-4447.306541532524,-3212.7461083605353,-92.3554999240304
2460814.827777778,-4253.162197093738,-3433.941378498008,-482.6332735083073
2460814.828472222,-4025.2442903313786,-3627.863644174316,-869.0639933926199
2460814.8291666666,-3765.3784657493666,-3792.9832645243314,-1248.5707301344087
2460814.829861111,-3475.6444833299092,-3928.0028045124145,-1618.135148030584
2460814.8305555554,-3158.358588198905,-4031.8669786423247,-1974.8219940329955
2460814.83125,-2816.05397758114,-4103.770441447844,-2315.8026944645294
2460814.831944444,-2451.4595976692494,-4143.163390164538,-2638.3778418722504
2460814.832638889,-2067.4775124818716,-4149.7549785293995,-2939.9983834972077
2460814.834027778,-1253.6802657606172,-4064.6708796767393,-3471.047992486067
2460814.8347222223,-830.3160765414619,-3973.709090890878,-3696.300225206163
2460814.8354166667,-400.41476537635435,-3851.3660170946555,-3892.2752968895916
2460814.836111111,32.628412268960574,-3698.623428573522,-4057.4386422717457
2460814.8368055555,465.39743979643566,-3516.699639867578,-4190.49887980282
2460814.8375,894.4816968249223,-3307.039468254193,-4290.416944089061
2460814.8381944443,1316.5018647953798,-3071.302668168233,-4356.413349011723
2460814.8388888887,1728.135441111955,-2811.350943066293,-4387.973585660239
2460814.839583333,2126.1417415282053,-2529.2336259497033,-4384.851662949616
2460814.840277778,2507.3862686257316,-2227.1721188960064,-4347.071796366543
2460814.8409722224,2868.864338853932,-1907.543170445763,-4274.928248757734
2460814.841666667,3207.7238529714177,-1572.861070592183,-4168.983321979707
2460814.842361111,3521.287093140625,-1225.758841650968,-4030.063495185388
2460814.8430555556,3807.0714253968167,-868.9685030161726,-3859.2537015992575
2460814.84375,4062.8087716739337,-505.30049902957603,-3657.8897367348095
2460814.8444444444,4286.463707908008,-137.62238771041677,-3427.548794554462
2460814.845138889,4476.2500348401245,231.16309822200097,-3170.0381357316314
2460814.845833333,4630.645660077257,598.1404900527149,-2887.381904452735
2460814.8465277776,4748.405624875843,960.4043740157676,-2581.8061280736847
2460814.847222222,4828.573109659501,1315.082367751391,-2255.7219558340967
2460814.847916667,4870.488258534083,1659.3580978957107,-1911.7072173008091
2460814.8486111113,4873.7946746504085,1990.4939775370212,-1552.486408792045
2460814.8493055557,4838.443456342174,2305.853567751263,-1180.909245859393
2460814.85,4764.6946692345755,2602.923296483777,-799.9279511517187
2460814.8506944445,4653.116178970586,2879.3333095959597,-412.57346767958467
2460814.851388889,4504.5798054252955,3132.877220258501,-21.9308243732398
2460814.8520833333,4320.254795204111,3361.530542101191,368.88611293197766
2460814.8527777777,4101.598652674993,3563.4675939491763,756.7602415948733
2460814.853472222,3850.3454073666667,3737.0766918319437,1138.5969116782414
2460814.8541666665,3568.491434848298,3880.973464523238,1511.3494356101517
2460814.854861111,3258.2789878754656,3994.0121562322156,1872.0441482012905
2460814.855555556,2922.17761984224,4075.294815867205,2217.8047667665146
2460814.85625,2562.8637138847366,4124.1783010321415,2545.875808317586
2460814.8569444446,2183.1983484646416,4140.2790601445295,2853.644845639612
2460814.857638889,1786.2037438007267,4123.475687631617,3138.663408038401
2460814.8583333334,1375.0385343436456,4073.9092759899604,3398.6663633484227
2460814.859027778,952.9721234493732,3991.9816142027594,3631.589637640349
2460814.859722222,523.3583549272822,3878.3513030849695,3835.586168759864
2460814.8604166666,89.60873624971774,3733.927874032272,4009.040007552436
2460814.861111111,-344.8345686554326,3559.8640100051016,4150.578507480055
2460814.8618055554,-776.525781358362,3357.545971763065,4259.082565401883
2460814.8625,-1202.042396935945,3128.5823377989773,4333.694887982281
2460814.863194444,-1618.0117527615557,2874.791163390431,4373.826273062565
2460814.863888889,-2021.1371221799152,2598.1856625585533,4379.1599008636
2460814.8645833335,-2408.223187343586,2300.9585134948506,4349.653634110785
2460814.865277778,-2776.20075437887,1985.4648828438876,4285.540327164401
2460814.8659722223,-3122.1505707858414,1654.2042665026347,4187.32614401045
2460814.8666666667,-3443.326110729847,1309.8012398856954,4055.786883977045
2460814.867361111,-3737.1751817584463,954.9852206234074,3891.9623155732925
2460814.8680555555,-4001.3602067456814,592.5693480183957,3697.1485204902833
2460814.86875,-4233.777022717876,225.42859880263913,3472.888257274845
2460814.8694444443,-4432.572034730764,-143.52273065393285,3220.959363401875
2460814.8701388887,-4596.157556818855,-511.3540271961065,2943.3612302242905
2460814.870833333,-4723.225172524801,-875.1416840814353,2642.2994038772613
2460814.871527778,-4812.756951690741,-1231.9925629649786,2320.1683873148163
2460814.8722222224,-4864.034369240406,-1579.0673965092658,1979.5327441289767
2460814.872916667,-4876.644786811273,-1913.6039136022202,1623.1066383866205
2460814.873611111,-4850.485382842821,-2232.9394701031947,1253.7319627001136
2460814.8743055556,-4785.764441728785,-2534.532949241351,874.3552463758266
2460814.8756944444,-4543.015463252708,-3075.061319016184,97.7595975038437
2460814.876388889,-4366.93331912097,-3309.70396396864,-293.2636475133107
2460814.877083333,-4156.1651683547,-3518.055165714604,-681.948623597422
2460814.8777777776,-3912.400014842791,-3698.468801044813,-1065.198837218494
2460814.878472222,-3637.5898510315965,-3849.52417621532,-1439.9642380436198
2460814.879166667,-3333.9330769582043,-3970.0370737658277,-1803.2660623942672
2460814.8798611113,-3003.8559020851844,-4059.0686819125904,-2152.2208944800163
2460814.8805555557,-2649.9919525034647,-4115.932356390171,-2484.0637196053526
2460814.88125,-2275.16032179125,-4140.198197088994,-2796.1697668513457
2460814.8819444445,-1882.3423092033865,-4131.695452576909,-3086.0749680790473
2460814.882638889,-1474.6570950909618,-4090.512792159831,-3351.4948843957163
2460814.8833333333,-1055.3365954583576,-4016.996509500873,-3590.341984037629
2460814.8840277777,-627.69972672067,-3911.746739657992,-3800.7411836793563
2460814.884722222,-195.12629782666087,-3775.611784369309,-3981.043590315114
2460814.8854166665,238.9692683662859,-3609.6806493222807,-4129.838402714781
2460814.886111111,671.1642042630199,-3415.2739001201626,-4245.962951683614
2460814.886805556,1098.053496290869,-3193.9329420379067,-4328.510871664556
2460814.8875,1516.2756624372873,-2947.407828232545,-4376.838403784516
2460814.8881944446,1922.5380858092108,-2677.643688651436,-4390.568838362897
2460814.888888889,2313.641773857914,-2386.7658744646747,-4369.595101961957
2460814.8895833334,2686.5054359903943,-2077.063898275849,-4314.080495534111
2460814.890277778,3038.188766106278,-1750.9742491853783,-4224.457584014633
2460814.890972222,3365.914812642782,-1411.0621621810521,-4101.42523489779
2460814.8916666666,3667.0913187528504,-1060.0024178885744,-3945.9437994026694
2460814.892361111,3939.3309037962918,-700.5592547408087,-3759.2284276353603
2460814.8930555554,4180.469943884423,-335.5654886643076,-3542.7405132621657
2460814.89375,4388.586005679015,32.09906034646049,-3298.177265404842
2460814.894444444,4562.013670986293,399.5297104747737,-3027.45942043542
2460814.895138889,4699.358590138506,763.8194963999872,-2732.7171164033794
2460814.8958333335,4799.509594804894,1122.0820244512713,-2416.273976719428
2460814.896527778,4861.648706797847,1471.474431256987,-2080.6294701266725
2460814.8972222223,4885.258886695082,1809.2202521610257,-1728.4396421735883
2460814.8979166667,4870.129381818245,2132.6319889968727,-1362.4963438383218
2460814.898611111,4816.358555153058,2439.1331604691372,-985.7051067009819
2460814.8993055555,4724.354103191597,2726.279604476958,-601.0618492673088
2460814.9,4594.830605441763,2991.779802266193,-211.62862464535925
2460814.9006944443,4428.804381705312,3233.5140054669823,179.49136735840267
2460814.9013888887,4227.58567806026,3449.5519427727427,569.1792421546232
2460814.902083333,3992.7682368169935,3638.1689161746085,954.326115127386
2460814.902777778,3726.2163518890166,3797.8601053181537,1331.8587325456951
2460814.9034722224,3430.049543391185,3927.352933724597,1698.7647858337539
2460814.904166667,3106.6250229891357,4025.6173756685225,2052.1176450245803
2460814.904861111,2758.518149372788,4091.8741169047034,2389.100263523971
2460814.9055555556,2388.5010957541067,4125.60051545754,2707.0280251025138
2460814.90625,1999.5199669981928,4126.534340938513,3003.370327255643
2460814.9069444444,1594.6706150255638,4094.675301237288,3275.770719841001
2460814.907638889,1177.1734008721094,4030.2843930797844,3522.0654484673187
2460814.908333333,750.347153293459,3933.8811366661366,3740.3002771483834
2460814.9090277776,317.58255518799893,3806.238772103109,3928.7454983936846
2460814.909722222,-117.6848117102104,3648.377510432354,4085.9090565371657
2460814.910416667,-552.0015583473829,3461.5559398815312,4210.547738083904
2460814.9111111113,-981.9235237287903,3247.260692356726,4301.6763981383065
2460814.9118055557,-1404.042575277165,3007.194477704969,4358.575205307275
2460814.9125,-1815.0130175495256,2743.2625878016647,4380.794898587077
2460814.9131944445,-2211.577454625709,2457.5579737148923,4368.160052583595
2460814.913888889,-2590.5919659299334,2152.3449932151693,4320.7703517310065
2460814.9145833333,-2949.05045990925,1830.0419219415164,4238.9998731761125
2460814.9152777777,-3284.1080642566776,1493.2023255520926,4123.494377817081
2460814.915972222,-3593.103414646698,1144.4953879186417,3975.1666087810404
2460814.917361111,-4123.304273462288,422.6098098592924,3584.987988081516
2460814.918055556,-4340.286780646541,55.15809067187061,3346.227378307881
2460814.91875,-4522.79545248091,-312.75199008709615,3080.8017291608044
2460814.9194444446,-4669.371580608489,-678.1969898642205,2790.818859936265
2460814.920138889,-4778.841895251411,-1038.2712566215632,2478.584110198985
2460814.9208333334,-4850.3287239649735,-1390.1103424170503,2146.582249958568
2460814.921527778,-4883.2577770003745,-1730.9142576221307,1797.457756946947
2460814.922222222,-4877.363431444812,-2057.970347851766,1433.9936052474618
2460814.9229166666,-4832.691410713042,-2368.6755677746232,1059.0887367546238
2460814.923611111,-4749.598786177828,-2660.5579194393604,675.7344169004429
2460814.9243055554,-4628.751263908534,-2931.2968261571305,286.98969955399787
2460814.925,-4471.117757161274,-3178.742223337531,-104.04375711766515
2460814.925694444,-4277.962286087508,-3400.9321585807897,-494.2472633622161
2460814.926388889,-4050.833286184779,-3596.1087154645847,-880.5107928236058
2460814.9270833335,-3791.5504463618695,-3762.732099245865,-1259.7585299136265
2460814.927777778,-3502.189232116812,-3899.492752651984,-1628.97400630227
2460814.9284722223,-3185.0632811751043,-4005.32140049881,-1985.2245725649852
2460814.9291666667,-2842.704884178757,-4079.3969554542327,-2325.6849685282928
2460814.929861111,-2477.843783294282,-4121.1522503895585,-2647.659776621621
2460814.9305555555,-2093.384526623119,-4130.277595514442,-2948.6045744636453
2460814.93125,-1692.3826320018477,-4106.72218510515,-3226.1456201395563
2460814.9319444443,-1278.0198025942,-4050.693406582722,-3478.0979427668685
2460814.9326388887,-853.5784342158066,-3962.654124464242,-3702.481734695627
2460814.933333333,-422.4156356307132,-3843.318026834533,-3897.5369727495136
2460814.934027778,12.063021255990746,-3693.6431348534684,-4061.736213749214
2460814.9347222224,446.4298403600837,-3514.82357785964,-4193.795539465163
2460814.935416667,877.2612473624303,-3308.279742763589,-4292.683632442335
2460814.936111111,1301.1637963167125,-3075.6468992063187,-4357.628983666069
2460814.9368055556,1714.7997956127754,-2818.762399834259,-4388.125234756714
2460814.9375,2114.912425278842,-2539.6515498675353,-4383.934661817919
2460814.9381944444,2498.35023285288,-2240.5122296612867,-4345.089808024969
2460814.938888889,2862.0908934622826,-1923.698350927027,-4271.893267324538
2460814.939583333,3203.2641175264685,-1591.7022266159283,-4164.915618973138
2460814.9402777776,3519.1735940197646,-1247.1359268519595,-4024.991507469508
2460814.940972222,3807.3178406168086,-892.7117032026943,-3853.2138606094254
2460814.941666667,4065.4098263764918,-531.2215681366425,-3650.926239094907
2460814.9423611113,4291.395225438523,-165.51612161005718,-3419.7133114368694
2460814.9430555557,4483.4691395020645,201.51725469983788,-3161.3894639181503
2460814.94375,4640.091134521582,566.9767199548288,-2877.9855561418053
2460814.9444444445,4759.998416854872,927.9686564866187,-2571.733863441288
2460814.945138889,4842.216986081362,1281.6305540682843,-2245.0512578563676
2460814.9458333333,4886.070600746017,1625.1539086888854,-1900.5207115585213
2460814.9465277777,4891.187407893691,1955.8069346416746,-1540.8712330589542
2460814.947222222,4857.504105703224,2270.95687727004,-1168.9563731581288
2460814.9479166665,4785.267532380793,2568.091700387786,-787.7314702385277
2460814.948611111,4675.033605663119,2844.84091963313,-400.22983090292877
2460814.949305556,4527.663571457517,3098.995355603686,-9.53806467542603
2460814.95,4344.317560100215,3328.525583698817,381.2291820033896
2460814.9506944446,4126.445486969827,3531.5988769037886,768.9548398314959
2460814.951388889,3875.7753763128007,3706.594451881046,1150.5451099522431
2460814.9520833334,3594.2992272954293,3852.1168545776545,1522.9549658365452
2460814.952777778,3284.25657290334,3967.007352503772,1883.21320307934
2460814.953472222,2948.1159211829795,4050.3532270072124,2228.446775691438
2460814.9541666666,2588.554287390026,4101.494896643438,2555.904184315263
2460814.954861111,2208.435049911845,4120.0308325684,2862.977696008575
2460814.9555555554,1810.784371657377,4105.820259702212,3147.2242044828618
2460814.95625,1398.7664411421667,4058.9836659767057,3406.384561608932
2460814.956944444,975.6577768876098,3979.9011679721702,3638.4012476813655
2460814.957638889,544.8208415450855,3869.208801625673,3841.4342685362753
2460814.959027778,-326.3195910298714,3556.7821168457326,4154.3593107004
2460814.9597222223,-759.7110715032563,3357.538811401433,4261.7757551675895
2460814.9604166667,-1187.0609094893093,3131.6472122438663,4335.2757633702895
2460814.961111111,-1604.9815583888424,2880.9011521178118,4374.278866113009
2460814.9618055555,-2010.1604726016712,2607.289863794157,4378.477120889685
2460814.9625,-2399.3857067639306,2312.982472819141,4347.837347703933
2460814.9631944443,-2769.570762963357,2000.311205952212,4282.601373456995
2460814.9638888887,-3117.778548275452,1671.7534092686908,4183.284284620927
2460814.964583333,-3441.2443034926087,1329.91247059581,4050.6706873395774
2460814.965277778,-3737.397358729278,977.4977454346534,3885.8089749585624
2460814.9659722224,-4003.881566107324,617.3035917264625,3690.0036056465365
2460814.966666667,-4238.574251037965,252.1876309484859,3464.8053996806657
2460814.967361111,-4439.603519023496,-114.95163593222762,3211.9998749380165
2460814.9680555556,-4605.363746870235,-481.197707465346,2933.5936573134454
2460814.96875,-4734.5290917532275,-843.6392959345983,2631.7990172253044
2460814.9694444444,-4826.064850953485,-1199.3936921289019,2309.0166107969103
2460814.970138889,-4879.236517826038,-1545.6300845079825,1967.8165269813837
2460814.970833333,-4893.616393882959,-1879.5926189652455,1610.9177723879404
2460814.9715277776,-4869.087639888721,-2198.622976868146,1241.166352426873
2460814.972222222,-4805.8456768414335,-2500.18224009366,861.5121382665359
2460814.972916667,-4704.39688039986,-2781.8718170482803,474.9847277609259
2460814.9736111113,-4565.554550132148,-3041.4531993245423,84.6685414364384
2460814.9743055557,-4390.432174121535,-3276.8663388827767,-306.3225984316124
2460814.975,-4180.434050500013,-3486.2464472725605,-694.8711398319118
2460814.9756944445,-3937.2433676022747,-3667.9390426395607,-1077.881454941321
2460814.976388889,-3662.807879099383,-3820.513098691105,-1452.305212031624
2460814.9770833333,-3359.3233517711897,-3942.7721744929627,-1815.1661975022303
2460814.9777777777,-3029.2149793032836,-4033.7634456594515,-2163.5843540221395
2460814.978472222,-2675.116992075636,-4092.7845809826176,-2494.798798903746
2460814.9791666665,-2299.8506948224785,-4119.38844849268,-2806.189629092532
2460814.979861111,-1906.4011847337483,-4113.385660822696,-3095.2983319701484
2460814.980555556,-1497.892992110871,-4074.845000031107,-3359.846662269168
2460814.98125,-1077.5648881680659,-4004.091782878751,-3597.753866626249
2460814.9819444446,-648.7440958590206,-3901.7042477134996,-3807.1521662748078
2460814.982638889,-214.82011493882086,-3768.508055739761,-3986.4004401048132
2460814.9833333334,220.78163111658557,-3605.569009554264,-4134.0960646052745
2460814.984027778,654.6261521925514,-3414.1840922061833,-4249.084893237582
2460814.984722222,1083.2950813583068,-3195.870933856504,-4330.469364585381
2460814.9854166666,1503.4125597421012,-2952.355803720478,-4377.614743795392
2460814.986111111,1911.6706762790081,-2685.5602261205167,-4390.153501379795
2460814.9868055554,2304.854350854623,-2397.586303981683,-4367.987837934971
2460814.9875,2679.8655347303365,-2090.70083892918,-4311.2903586326365
2460814.988194444,3033.746626158556,-1767.318319058662,-4220.5028992312955
2460814.988888889,3363.702978460104,-1429.9828550184682,-4096.333500166515
2460814.9895833335,3667.124381632039,-1081.3491403171329,-3939.7515227298545
2460814.990277778,3941.6053890445446,-724.1625157749959,-3751.980898532642
2460814.9909722223,4184.96434554456,-361.23823206157334,-3534.491507525203
2460814.9916666667,4395.260968322539,4.559989002448843,-3288.988683748991
2460814.992361111,4570.81231886785,370.3419737783065,-3017.4008605386252
2460814.9930555555,4710.207001365312,733.2135638185038,-2721.865378715223
2460814.99375,4812.317416063074,1090.2993703403922,-2404.712506716367
2460814.9944444443,4876.309904251792,1438.765646950843,-2068.447738051338
2460814.9951388887,4901.652625922827,1775.8430845927264,-1715.732464692605
2460814.995833333,4888.1210290999525,2098.8493210460233,-1349.3631514877538
2460814.996527778,4835.800790938423,2405.210947864426,-972.2491629677065
2460814.9972222224,4745.088137879947,2692.4847845209583,-587.3894286530385
2460814.997916667,4616.6874855423375,2958.3781933900577,-197.8481535561417
2460814.998611111,4451.606376221176,3200.7682093055755,193.27019194504624
2460814.9993055556,4251.147730997511,3417.7192708478224,582.8463543632644
2460815.0006944444,3750.721631294501,3768.5943370737095,1344.9752858610334
2460815.001388889,3454.7310295762272,3899.720431300717,1711.4462802412397
2460815.002083333,3131.2837821729163,3999.8345846274583,2064.261557818817
2460815.0027777776,2782.955744966415,4068.1427427080507,2400.608134748139
2460815.003472222,2412.52117579591,4104.105929011895,2717.8062661710233
2460815.004166667,2022.9298297750258,4107.44411636884,3013.330985927997
2460815.0048611113,1617.282742123402,4078.137897814029,3284.8321943433716
2460815.0055555557,1198.8069473308778,4016.427992416147,3530.153145090692
2460815.00625,770.8293806341408,3922.8126441179484,3747.3472091178674
2460815.0069444445,336.75020170605296,3798.042990756112,3934.692819635197
2460815.007638889,-99.98423867684224,3643.1164928478306,4090.706530648055
2460815.0083333333,-535.9085723839146,3459.2685235136173,4214.154138128757
2460815.0090277777,-967.5655453534548,3247.962220268679,4304.059838027876
2460815.009722222,-1391.53292137555,3010.876705965105,4359.7134009913
2460815.0104166665,-1804.4500015215867,2749.893779821392,4380.6753582792
2460815.011111111,-2203.0436056603626,2467.083179497899,4366.780195821336
2460815.011805556,-2584.153374398901,2164.6865103382083,4318.13755682113
2460815.0125,-2944.756255178557,1845.0999336880166,4235.131452515807
2460815.0131944446,-3281.9900303850222,1510.8557101261435,4118.417480402896
2460815.013888889,-3593.175746502847,1164.6026934555703,3968.9180499270656
2460815.0145833334,-3875.8388996788485,809.0858737164244,3787.8156154408903
2460815.015277778,-4127.729218649466,447.1250837966582,3576.5439235081203
2460815.015972222,-4346.838885944164,81.59298971127218,3336.777287855569
2460815.0166666666,-4531.419029279166,-284.6074977959388,3070.4179183002675
2460815.017361111,-4679.994311155141,-648.566232526873,2779.581349753919
2460815.0180555554,-4791.375450948363,-1007.3890961926684,2466.5800325131822
2460815.01875,-4864.669514213473,-1358.2213189100223,2133.9051791354127
2460815.019444444,-4899.287823410578,-1698.2706587563937,1784.206979375666
2460815.020138889,-4894.951358141036,-2024.8302173675147,1420.2733327971723
2460815.0208333335,-4851.69354126223,-2335.3006669704537,1045.0072716151246
2460815.021527778,-4769.860336972944,-2627.211658458417,661.4032748571639
2460815.0222222223,-4650.107622981972,-2898.242181223237,272.52270038247514
2460815.0229166667,-4493.395836222087,-3146.239657667676,-118.53142452431936
2460815.023611111,-4300.981934618485,-3369.2375617919706,-508.6399885416822
2460815.0243055555,-4074.4087546072706,-3565.471380256483,-894.6934966835612
2460815.025,-3815.49188634622,-3733.392751188282,-1273.617611816866
2460815.0256944443,-3526.3042217968896,-3871.6816496374245,-1642.3982757918998
2460815.0263888887,-3209.1583630592604,-3979.256517768437,-1998.1061566468743
2460815.027083333,-2866.587105344898,-4055.2822709411903,-2337.920184500578
2460815.027777778,-2501.322223008047,-4099.176145483247,-2659.1499662559577
2460815.0284722224,-2116.271805763935,-4110.611383051743,-2959.2568871986305
2460815.029166667,-1714.496388377264,-4089.518777582486,-3235.873744672732
2460815.029861111,-1299.1841254546716,-4036.0861345255576,-3486.8227789916455
2460815.0305555556,-873.6252455189822,-3950.7557140100084,-3710.1320041838244
2460815.03125,-441.18601126257784,-3834.2197443847494,-3904.049763295886
2460815.0319444444,-5.282396666296415,-3687.4141039752494,-4067.057458077339
2460815.032638889,430.6463297114755,-3511.510273838042,-4197.880424778776
2460815.033333333,863.1639414994444,-3307.905666230271,-4295.496941956683
2460815.0340277776,1288.8633571571597,-3078.2124310284294,-4359.145368439259
2460815.034722222,1704.3923694575126,-2824.24483776205,-4388.329416074646
2460815.035416667,2106.4788784945295,-2548.0053225959155,-4382.821564488269
2460815.0361111113,2491.955504999692,-2251.6692881464655,-4342.664623477824
2460815.0368055557,2857.7834757820333,-1937.5687323062887,-4268.17144676062
2460815.0375,3201.075663767793,-1608.1747841572897,-4159.922795693298
2460815.0381944445,3519.118665728904,-1266.0792216118666,-4018.7633480185523
2460815.038888889,3809.3937920410626,-913.9750487069858,-3845.795843652852
2460815.0395833333,4069.5968306290097,-554.6362201470947,-3642.37336112553
2460815.0402777777,4297.656440806862,-190.8966069854791,-3410.0897205655488
2460815.040972222,4491.751019214589,174.37168517069114,-3150.768018694586
2460815.042361111,4772.096538043188,897.9483088240231,-2559.3674908542444
2460815.043055556,4856.080050237194,1250.5228003999134,-2231.9523837995853
2460815.04375,4901.584047234577,1593.203899878388,-1886.7912025715627
2460815.0444444446,4908.223508446811,1923.2663134523873,-1526.6184127315846
2460815.045138889,4875.9230262555575,2238.0818083830036,-1154.2921839565706
2460815.0458333334,4804.918492571956,2535.140860974092,-772.771587313009
2460815.046527778,4695.7561249218115,2812.073468544576,-385.09273239618
2460815.047222222,4549.288790715486,3066.668893821472,5.65592891150133
2460815.0479166666,4366.669626268351,3296.8941249994514,396.3588937079124
2460815.048611111,4149.342989152554,3500.910842400106,783.899233467876
2460815.0493055554,3899.0328210677094,3677.0907063120712,1165.184290178117
2460815.05,3617.7285395493423,3824.0288010116565,1537.1711718014105
2460815.050694444,3307.668611832288,3940.555100123121,1896.891782809071
2460815.051388889,2971.3219989705085,4025.7438481093805,2241.477132201493
2460815.0520833335,2611.36767755181,4078.920788050365,2568.1806859495136
2460815.052777778,2230.672476347071,4099.668194592235,2874.4005399907574
2460815.0534722223,1832.267466162445,4087.82770613215,3157.7002279833023
2460815.0541666667,1419.3231580815766,4043.500976469815,3415.827994320423
2460815.054861111,995.123758110281,3967.0481934068894,3646.73439855037
2460815.0555555555,563.0407173996047,3859.084530941247,3848.5881453792335
2460815.05625,126.50581741015712,3720.474619704972,4019.790054656705
2460815.0569444443,-311.0160015618446,3552.3251286706095,4158.985118483947
2460815.0576388887,-746.0538595053982,3355.9755609375147,4265.072603494767
2460815.058333333,-1175.1580223377991,3132.987366910818,4337.214178042307
2460815.059027778,-1594.9266868688035,2885.1314766461346,4374.840052967332
2460815.0597222224,-2002.0323035662177,2614.3743545415477,4377.653130544065
2460815.060416667,-2393.2472962310558,2322.8626708678667,4345.631161889341
2460815.061111111,-2765.4690353393194,2012.9066854460127,4279.026912127654
2460815.0618055556,-3115.7439248295423,1686.9624379806544,4178.366333741357
2460815.0625,-3441.2904673979756,1347.6128343622554,4044.4447464811306
2460815.0631944444,-3739.521157700255,997.5477308699254,3878.3210243804137
2460815.063888889,-4008.063054537597,639.543119205482,3681.3097927339
2460815.064583333,-4244.776872329442,276.4395284813951,3454.9716446239872
2460815.0652777776,-4447.774426556298,-88.8802272538624,3201.1013964683357
2460815.065972222,-4615.434261140572,-453.51380732822327,2921.7144196882173
2460815.066666667,-4746.415289580375,-814.5624496236411,2619.031100379052
2460815.0673611113,-4839.66828092479,-1169.1542382591656,2295.4595069344905
2460815.0680555557,-4894.4450349381505,-1514.4673380175927,1953.5763684683855
2460815.06875,-4910.305105532046,-1847.7529849271057,1596.1064945310031
2460815.0694444445,-4887.119953460034,-2166.3580059280425,1225.9008012821841
2460815.070138889,-4825.074439118875,-2467.7466448190285,845.9131266956026
2460815.0708333333,-4724.665597738252,-2749.521460746446,459.17605264076485
2460815.0715277777,-4586.698678112871,-3009.4430752179615,68.77596952738028
2460815.072222222,-4412.2804653073135,-3245.4485548281286,-322.17236435704444
2460815.0729166665,-4202.809948028711,-3455.668233284892,-710.5515052069584
2460815.073611111,-3959.966432699182,-3638.440797062982,-1093.2669766150887
2460815.074305556,-3685.695242254695,-3792.3264882630374,-1467.2726276117487
2460815.075,-3382.1911738873764,-3916.118305924295,-1829.5954341184345
2460815.0756944446,-3051.8799148909343,-4008.8511221247695,-2177.359502262547
2460815.076388889,-2697.39764014773,-4069.808659826856,-2507.809047590185
2460815.0770833334,-2321.569031104395,-4098.528312447476,-2818.3301484723934
2460815.077777778,-1927.3839624905193,-4094.8038163002043,-3106.4711015880866
2460815.078472222,-1517.9731023902896,-4058.685813417036,-3369.961237021757
2460815.0791666666,-1096.5826719878153,-3990.480364984182,-3606.7280752576958
2460815.079861111,-666.5485976459225,-3890.7454949950493,-3814.9127402142144
2460815.0805555554,-231.2702694338469,-3760.2858553988326,-3992.883569516436
2460815.08125,205.81588804722224,-3600.1456136508264,-4139.247880479188
2460815.081944444,641.2628544983479,-3411.5996655850536,-4252.86187357122
2460815.082638889,1071.639296590006,-3196.143277228762,-4332.838665384984
2460815.084027778,1903.689172683447,-2691.509729429822,-4389.652821053106
2460815.0847222223,2298.8099276984203,-2406.311668382178,-4366.04718139586
2460815.0854166667,2675.8041155587134,-2102.1311526073955,-4307.921379745918
2460815.086111111,3031.6981094475195,-1781.361536640114,-4215.728440179596
2460815.0868055555,3363.680991879219,-1446.526545981504,-4090.1874628574205
2460815.0875,3669.12617216208,-1100.2613889890752,-3932.2786608250226
2460815.0881944443,3945.6118445814905,-745.2929722212655,-3743.2365317319654
2460815.0888888887,4190.940156074571,-384.41929806739074,-3524.5411543044784
2460815.089583333,4403.154919740106,-20.48815996694286,-3277.9076160619643
2460815.090277778,4580.55772304727,343.624760213757,-3005.273576491897
2460815.0909722224,4721.722254404706,705.0382455343192,-2708.7849988663797
2460815.091666667,4825.506683342445,1060.8882019214664,-2390.78009186226
2460815.092361111,4891.0639241205945,1408.3504430970702,-2053.7715334554164
2460815.0930555556,4917.849624673222,1744.6634095010243,-1700.42707590313
2460815.09375,4905.627739004495,2067.150617158199,-1333.5486550997707
2460815.0944444444,4854.473561145896,2373.2426160384543,-956.0501605784262
2460815.095138889,4764.774127612946,2660.498230656201,-570.9340512272627
2460815.095833333,4637.22592849203,2926.6248555686843,-181.26702618416843
2460815.0965277776,4472.829904120191,3169.497581669174,209.8450162027675
2460815.097222222,4272.883745422914,3387.1769380659753,599.2824782067562
2460815.097916667,4038.971553456597,3577.9250552246403,983.9377638067651
2460815.0986111113,3772.9509609853367,3740.220067831189,1360.7409027761548
2460815.0993055557,3476.937846422463,3872.768613728628,1726.6848411420876
2460815.1,3153.2888170160204,3974.5163030118906,2078.8501264765778
2460815.1006944445,2804.581657437149,4044.6560725017575,2414.4287475974597
2460815.101388889,2433.5939666540426,4082.634368999045,2730.7468995041845
2460815.1020833333,2043.2802242193402,4088.155137501965,3025.2864670474187
2460815.1027777777,1636.747531400396,4061.181621710206,3295.705052102012
2460815.103472222,1217.2302807496872,4001.936010346615,3539.8543921053856
2460815.1041666665,788.0640001992019,3910.8969867676287,3755.7970501588006
2460815.104861111,352.6586069187132,3788.7952565463747,3941.821284353469
2460815.105555556,-85.52869946982787,3636.607142571618,4096.454025109666
2460815.10625,-523.0206973190212,3455.5463452480435,4218.471915430367
2460815.1069444446,-956.3473644336649,3247.053969527263,4306.910384654051
2460815.107638889,-1382.072882724985,3012.786921969757,4361.070739169875
2460815.1083333334,-1796.8222628714684,2754.6047796501366,4380.525263072355
2460815.109027778,-2197.3074406661576,2474.555227523994,4365.120326988516
2460815.109722222,-2580.3526985193134,2174.8581608433087,4314.9775044972685
2460815.1104166666,-2942.91927456619,1857.8885443064626,4230.492696553179
2460815.111111111,-3282.129021048875,1526.1581188285559,4112.333262624286
2460815.1118055554,-3595.2869644200123,1182.296054757542,3961.4331590650454
2460815.1125,-3879.9026247323823,829.0286462382846,3778.986084339095
2460815.113194444,-4133.709932780763,469.1581610542635,3566.436638452952
2460815.113888889,-4354.685584571032,105.54096496809967,3325.4695101953007
2460815.1145833335,-4541.065662744848,-258.9349412617946,3057.9967200638816
2460815.115277778,-4691.360353082758,-621.3728176386978,2766.1429642894377
2460815.1159722223,-4804.366587106355,-978.890344078719,2452.2291244736207
2460815.1166666667,-4879.178446229825,-1328.642851672967,2118.7540354069415
2460815.117361111,-4915.195177904274,-1667.846422026689,1768.3746292262122
2460815.1180555555,-4912.126693015054,-1993.8006384251462,1403.8846017227745
2460815.11875,-4869.9964388615645,-2303.9107604851183,1028.191778591863
2460815.1194444443,-4789.141573487183,-2595.709096058618,644.2943801322805
2460815.1201388887,-4670.210402862611,-2866.8753383440917,255.25641549451237
2460815.120833333,-4514.157080371178,-3115.2556533303255,-135.8175538157622
2460815.121527778,-4322.233611028794,-3338.8803068832262,-525.8080147081816
2460815.1222222224,-4095.9792392823138,-3535.979650897561,-911.6062079153974
2460815.122916667,-3837.2073449685986,-3704.9983011667564,-1290.1396594740172
2460815.123611111,-3547.989999214314,-3844.6073796381775,-1658.3972841196762
2460815.1243055556,-3230.640372394925,-3953.714714910678,-2013.4538000826915
2460815.1256944444,-2521.8835751626557,-4077.285412923846,-2672.831238195584
2460815.126388889,-2136.1241989833325,-4090.81006883728,-2971.9362293533113
2460815.127083333,-1733.4815283876887,-4071.9610376941387,-3247.448860792706
2460815.1277777776,-1317.1508748269305,-4020.9082673589064,-3497.2000313996277
2460815.128472222,-890.430809002227,-3938.075107322464,-3719.227131610709
2460815.129166667,-456.69705721266916,-3824.133976341879,-3911.7885209647206
2460815.1298611113,-19.376108030788902,-3680.0002051646766,-4073.3761772120906
2460815.1305555557,418.0812834835259,-3506.8241552086915,-4202.726490748991
2460815.13125,852.2265182773616,-3305.9817167609945,-4298.829190046735
2460815.1319444445,1279.6393511092979,-3079.063286102825,-4360.934397393484
2460815.132638889,1696.9537195654518,-2827.8613197183295,-4388.557818482957
2460815.1333333333,2100.8830833888105,-2554.3565528181425,-4381.484074373394
2460815.1340277777,2488.245152838711,-2260.7029667088445,-4339.768180980281
2460815.134722222,2855.9858916822013,-1949.2115834127521,-4263.735179333457
2460815.1354166665,3201.202681099413,-1622.3331616338496,-4153.977915300515
2460815.136111111,3521.1665243079424,-1282.6398691100414,-4011.3529635472387
2460815.136805556,3813.343165280821,-932.8060085153413,-3836.9746879928234
2460815.1375,4075.412983819342,-575.5878820683324,-3632.2074317337574
2460815.1381944446,4305.2895192008655,-213.80289021475483,-3398.655833523559
2460815.138888889,4501.136464706642,149.6920266018768,-3138.1532760796104
2460815.1395833334,4661.382967294637,512.0224779272799,-2852.7484839495974
2460815.140277778,4784.737060091879,870.3190967502173,-2544.690310020234
2460815.140972222,4870.197060172601,1221.7402376900088,-2216.4107653665606
2460815.1416666666,4917.060765026338,1563.494713054775,-1870.506379505314
2460815.142361111,4924.932296661355,1892.8643685189875,-1509.7180024665277
2460815.1430555554,4893.726460017609,2207.2262859555694,-1136.9091890608672
2460815.14375,4823.670507390762,2504.074388011192,-755.0433384466053
2460815.144444444,4715.303231273107,2781.0402198986067,-367.1597835179168
2460815.145138889,4569.471343930571,3035.9126781103128,23.650942826644872
2460815.1458333335,4387.323140271734,3266.656469263256,414.272424682808
2460815.146527778,4170.299482202953,3471.4290910334444,801.5880029030063
2460815.1472222223,3920.122181264675,3648.596149767749,1182.5064740972955
2460815.1479166667,3638.779900494368,3796.744848099309,1553.9875737374007
2460815.148611111,3328.5117270766123,3914.6955102721095,1913.0669838960616
2460815.1493055555,2991.788603146035,4001.5110389041874,2256.880608584533
2460815.15,2631.292827601981,4056.5042311879743,2582.6878787988016
2460815.1506944443,2249.895860218791,4079.242915268431,2887.893872066256
2460815.1513888887,1850.634672492514,4069.5528981897132,3170.070055551686
2460815.152083333,1436.686897828865,4027.5187457185893,3426.9734879738508
2460815.152777778,1011.3450269552354,3953.4824394581965,3656.5643485685778
2460815.1534722224,577.9898963253653,3848.039977458874,3857.021683412746
2460815.154166667,140.06369817862418,3712.0360003318337,4026.7572914269977
2460815.154861111,-298.9572682890507,3546.5565361658964,4164.427692198972
2460815.1555555556,-735.589906116822,3352.9199628096108,4268.944139457442
2460815.15625,-1166.3714986741663,3132.6662921971474,4339.480656436132
2460815.1569444444,-1587.886596324578,2887.5448747286327,4375.480085048425
2460815.157638889,-1996.793447760783,2619.500625460225,4376.658142481417
2460815.158333333,-2389.849832482593,2330.658866467713,4343.005485488218
2460815.1590277776,-2763.938151398507,2023.308879334696,4274.787782417873
2460815.159722222,-3116.089638742201,1699.8862573518325,4172.543792484754
2460815.160416667,-3443.5075514289047,1362.954151581767,4037.0814514623626
2460815.1611111113,-3743.5891905766653,1015.1835068288404,3869.4719639038126
2460815.1618055557,-4013.94660190833,659.3323918057263,3671.041905280627
2460815.1625,-4252.425795353296,298.2245371167807,3443.363343266848
2460815.1631944445,-4457.124314628685,-65.2727878706855,3188.24200012611
2460815.163888889,-4626.406986894982,-428.27141651360034,2907.7034910854954
2460815.1645833333,-4758.919679157815,-787.8852811511501,2603.9776947695022
2460815.1652777777,-4853.600893338063,-1141.2535832700462,2279.481335339076
2460815.165972222,-4909.691042958513,-1485.563943813644,1936.798878854161
2460815.167361111,-4904.607670538239,-2136.140456180624,1207.9269456110899
2460815.168055556,-4843.472878033218,-2437.227682453663,827.5524823875114
2460815.16875,-4743.824880014696,-2718.941758018978,440.5744851539979
2460815.1694444446,-4606.46311552614,-2979.0436109536568,50.0815592764382
2460815.170138889,-4432.489833963045,-3215.468713905082,-340.810540687111
2460815.1708333334,-4223.300789308825,-3426.3439170082083,-728.9846033936999
2460815.171527778,-3980.5733711265116,-3610.0025589789902,-1111.3476093989304
2460815.172222222,-3706.2523084348254,-3764.997712226665,-1484.8560750313216
2460815.1729166666,-3402.533124173512,-3890.113440072204,-1846.5408246498014
2460815.173611111,-3071.8435377236883,-3984.373984439959,-2193.530954689477
2460815.1743055554,-2716.823039392642,-4047.0508296619855,-2523.0767637161575
2460815.175,-2340.3008809667203,-4077.667621082195,-2832.571444530378
2460815.175694444,-1945.2727214737035,-4076.0029502659404,-3119.5713747231216
2460815.176388889,-1534.8761832052883,-4042.091041632707,-3381.8148560853892
2460815.1770833335,-1112.3655574721954,-3976.220400753446,-3617.239193092238
2460815.177777778,-681.0858951719672,-3878.930501728666,-3823.9960233244256
2460815.1784722223,-244.44669907371411,-3751.0066042753742,-4000.4648410841687
2460815.1791666667,194.10458153123912,-3593.47279890673,-4145.26467646312
2460815.179861111,631.1090703953893,-3407.5833826323997,-4257.263909694491
2460815.1805555555,1063.1228368074937,-3194.8126658839305,-4335.58821527446
2460815.18125,1486.7429723481264,-2956.843309112854,-4379.626637355216
2460815.1819444443,1898.6332409390063,-2695.5532806993624,-4389.035803380724
2460815.1826388887,2295.5491804721787,-2413.001521473776,-4363.742282632411
2460815.183333333,2674.362536375214,-2111.4123983179006,-4303.943094558655
2460815.184027778,3032.084920638023,-1793.1590167225838,-4210.10436711946
2460815.1847222224,3365.890568257289,-1460.7454740092796,-4082.9581425827196
2460815.185416667,3673.138077580094,-1116.7881208671383,-3923.4973229537472
2460815.186111111,3951.3909958404347,-763.9959161235137,-3732.9687480108987
2460815.1868055556,4198.437109141194,-405.1499618289105,-3512.864399908298
2460815.1875,4412.306281357219,-43.08232243509642,-3264.9107363830085
2460815.1881944444,4591.286681764572,319.3457591079827,-2991.0561616358627
2460815.188888889,4733.939227866177,679.2661075005325,-2693.4566659341413
2460815.189583333,4839.110075020915,1033.8261747124627,-2374.45967805901
2460815.1902777776,4905.940982139522,1380.2117366691452,-2036.586204274578
2460815.190972222,4933.877394567853,1715.6695367774528,-1682.511351904936
2460815.191666667,4922.6741002240215,2037.5296693934508,-1315.0433652862523
2460815.1923611113,4872.39833703824,2343.227485800162,-937.1013297028238
2460815.1930555557,4783.430257858766,2630.324794651631,-551.6917311222802
2460815.19375,4656.460692365724,2896.530131470547,-161.88408076248245
2460815.1944444445,4492.486183901419,3139.7178707761377,229.21415764483083
2460815.195138889,4292.80131619333,3357.9459719735764,618.4830928193873
2460815.1958333333,4058.9883917562897,3549.4721552225114,1002.8161097721445
2460815.1965277777,3792.904557017646,3712.7683376226464,1379.145493023758
2460815.197222222,3496.6665139370452,3846.5331756626756,1744.4676944571283
2460815.1979166665,3172.6329875107735,3949.702595689152,2095.867989225945
2460815.198611111,2823.3851506648325,4021.45822285673,2430.54427152783
2460815.199305556,2451.7052303188816,4061.233652890148,2745.8297633263514
2460815.2,2060.553530993621,4068.7185429656683,3039.2144354327424
2460815.2006944446,1653.0441300697428,4043.860526806328,3308.3649594567773
2460815.201388889,1232.419489929676,3986.8649876046948,3551.143047501208
2460815.2020833334,802.02423849618,3898.192744049593,3765.6220563102756
2460815.202777778,365.27835616709274,3778.555724209898,3950.1017645227057
2460815.203472222,-74.35001083712771,3628.9107133366924,4103.121257882636
2460815.2041666666,-513.3718924326715,3450.4512736475262,4223.469872413333
2460815.204861111,-948.3048054581012,3244.597935389793,4310.19617055713
2460815.2055555554,-1375.6998567100643,3012.986759320754,4362.614933779281
2460815.20625,-1792.1684687895447,2757.456373336444,4380.312163441925
2460815.206944444,-2194.4085833032977,2480.0335775362505,4363.148089818757
2460815.207638889,-2579.230196613209,2182.917610967059,4311.258188330099
2460815.209027778,-3284.565582793918,1539.162289917457,4105.2111772646895
2460815.2097222223,-3599.4772662572955,1197.6251154762103,3952.682488678321
2460815.2104166667,-3885.810393621745,846.5597766216555,3768.672894315684
2460815.211111111,-4141.284946549515,488.75135788680177,3554.6395864692395
2460815.2118055555,-4363.864103204851,127.04015795428458,3312.279279146911
2460815.2125,-4551.77097598072,-235.70065144866976,3043.5153510981913
2460815.2131944443,-4703.5034394982795,-596.5878098132785,2750.483091498999
2460815.2138888887,-4817.846877361869,-952.7510247701468,2435.513115092309
2460815.214583333,-4893.8846821828965,-1301.3561101991272,2101.1130418727216
2460815.215277778,-4931.006359608456,-1639.6280065079702,1749.9475569768274
2460815.2159722224,-4928.913102834639,-1964.8734621453107,1384.8170026074786
2460815.216666667,-4887.620732377572,-2274.5031524507713,1008.6346777256654
2460815.217361111,-4807.459926366091,-2566.0530064472146,624.4030494565314
2460815.2180555556,-4689.073702190834,-2837.204515407937,235.18910217910502
2460815.21875,-4533.412149852773,-3085.80380254427,-155.90092746480073
2460815.2194444444,-4341.724458205395,-3309.879249247801,-545.747169958244
2460815.220138889,-4115.548316126367,-3507.657492111183,-931.2418285309418
2460815.220833333,-3856.696809503986,-3677.5776297169627,-1309.3147024023904
2460815.2215277776,-3567.242970813391,-3818.303506170465,-1676.9582641690297
2460815.222222222,-3249.5021709195835,-3928.7339689021337,-2031.2520380070846
2460815.222916667,-2906.0125659789196,-4008.011032536354,-2369.386046525122
2460815.2236111113,-2539.513830955522,-4055.5259120880446,-2688.6831154987226
2460815.2243055557,-2152.9244268503844,-4070.922919432446,-2986.619848485869
2460815.225,-1749.3176452646803,-4054.1012470019723,-3260.8461192873074
2460815.2256944445,-1331.8966857350395,-4005.2146863014837,-3509.2029481104446
2460815.226388889,-903.9689921684117,-3924.669349861343,-3729.738672118902
2460815.2270833333,-468.9200875337016,-3813.119480960229,-3920.7233296623504
2460815.2277777777,-30.187106900925016,-3671.4614452039864,-4080.6612171660554
2460815.228472222,408.7677751304553,-3500.826004318581,-4208.301588095832
2460815.2291666665,844.4838520970164,-3302.5689730453146,-4302.64748297913
2460815.229861111,1273.5281711608854,-3078.260359222154,-4362.962688528789
2460815.230555556,1692.5214618207292,-2829.67207934585,-4388.776831871288
2460815.23125,2098.163574574338,-2558.7643409420234,-4379.888615830542
2460815.2319444446,2487.2583178477853,-2267.670770118889,-4336.367202304337
2460815.232638889,2856.737572596363,-1958.6823641469864,-4258.55174576096
2460815.2333333334,3203.684571653149,-1634.2303413251682,-4147.049075727054
2460815.234027778,3525.356223710873,-1296.8679609066007,-4002.7295222783605
2460815.234722222,3819.2043501234466,-949.2513932291457,-3826.7208781754834
2460815.2354166666,4082.8957016637846,-594.1197182899169,-3620.400488391991
2460815.236111111,4314.3305995109195,-234.27415409411785,-3385.385467193934
2460815.2368055554,4511.660046382239,127.44338261725359,-3123.52104585088
2460815.2375,4673.301136940599,488.1722542024242,-2836.8670719077913
2460815.238194444,4797.9505958085265,845.0554737689057,-2527.682698392566
2460815.238888889,4884.596273115178,1195.262310620408,-2198.4093200539787
2460815.2395833335,4932.52643015856,1536.0109434196656,-1851.651845180338
2460815.240277778,4941.336663321259,1864.5909643836355,-1490.1584149637147
2460815.2409722223,4910.934331615342,2178.3855220108812,-1116.7987126559804
2460815.2416666667,4841.54037903833,2474.8928765025407,-734.5410383274652
2460815.242361111,4733.688474103868,2751.7471448450096,-346.42834432796377
2460815.2430555555,4588.221424505569,3006.738006010566,44.44654066690391
2460815.24375,4406.284863505145,3237.829149502413,434.96625767655894
2460815.2444444443,4189.318246730008,3443.1752594643553,822.0145719903265
2460815.2451388887,3939.043237588398,3621.1373489498123,1202.5020712812818
2460815.245833333,3657.449599440314,3770.296280530351,1573.3916375081963
2460815.246527778,3346.7787525650033,3889.464336353432,1931.723423954249
2460815.2472222224,3009.50517713746,3977.694736347535,2274.6390915816505
2460815.247916667,2648.3158813448877,4034.2890285759413,2599.4050595041995
2460815.248611111,2266.088163652145,4058.802313996762,2903.43455979647
2460815.2493055556,1865.8659151652319,4051.046295895648,3184.3083058060256
2460815.2506944444,1024.2959533959227,3939.259422936109,3667.8618337557186
2460815.251388889,589.6402760974796,3836.1325346009626,3866.7040151329866
2460815.252083333,150.32049553843572,3702.5357807636847,4034.744679796078
2460815.2527777776,-290.17572647088633,3539.536111562545,4170.653694935988
2460815.253472222,-728.3532740379499,3348.4322739080803,4273.356180317825
2460815.254166667,-1160.7368503260452,3130.744254383783,4342.040439273771
2460815.2548611113,-1583.897958960573,2888.2011467293028,4376.163900905403
2460815.2555555557,-1994.4814393464078,2622.7275401670436,4375.457070200203
2460815.25625,-2389.231404743563,2336.4285248810356,4339.925485106953
2460815.2569444445,-2765.0164471788526,2031.5734023167843,4269.849680776916
2460815.257638889,-3118.8539605201,1710.5781962353124,4165.7831609955965
2460815.2583333333,-3447.933449767195,1375.9870479298243,4028.5483746605946
2460815.2590277777,-3749.638667583229,1030.4526005497003,3859.2306996045445
2460815.259722222,-4021.568433860766,676.7154666728381,3659.170434614556
2460815.2604166665,-4261.555968560254,317.5829005022378,3429.9528126761197
2460815.261111111,-4467.6865737125645,-44.093202145751114,3173.3960548694886
2460815.261805556,-4638.3134887090855,-405.43882859226983,2891.537503481942
2460815.2625,-4772.0717467658,-763.5807393592776,2586.6178895200896
2460815.2631944446,-4867.88986192314,-1115.6695420344004,2261.0638160856843
2460815.263888889,-4924.999187934976,-1458.9027532545335,1917.4685640535286
2460815.2645833334,-4942.940806406615,-1790.5476387643453,1558.571354412498
2460815.265277778,-4921.569824026284,-2107.9636089976975,1187.2352319997183
2460815.265972222,-4861.056987797738,-2408.623944250794,806.4237601105266
2460815.2666666666,-4761.8875608065655,-2690.1366186804485,419.1767449378583
2460815.267361111,-4624.857439077684,-2950.264001142589,28.585226176955945
2460815.2680555554,-4451.066530268603,-3186.941219440185,-362.23401077368396
2460815.26875,-4241.9094557457665,-3398.2929926163124,-750.164136611439
2460815.269444444,-3999.063679145642,-3582.648756276002,-1132.113922505356
2460815.270138889,-3724.475200493615,-3738.5559350248336,-1505.0430623106217
2460815.2708333335,-3420.3419894729896,-3864.7912438736907,-1865.9869140032029
2460815.271527778,-3089.095361858658,-3960.3699322787716,-2212.080415234631
2460815.2722222223,-2733.3795216399317,-4024.5529192389668,-2540.580953268049
2460815.2729166667,-2356.029507555478,-4056.851797952576,-2848.8899913545542
2460815.273611111,-1960.047795827135,-4057.0317184402293,-3134.5732775740976
2460815.2743055555,-1548.579801278258,-4025.1121848410207,-3395.379500761314
2460815.275,-1124.8885272730306,-3961.3658250525978,-3629.257275844133
2460815.2756944443,-692.3285912043684,-3866.315209215858,-3834.370379380087
2460815.2763888887,-254.31984984015938,-3740.727806788331,-4009.1111730803495
2460815.277083333,185.67918317927206,-3585.6091776440453,-4152.112183032373
2460815.277777778,624.1979341739531,-3402.194500491122,-4262.255810727482
2460815.2784722224,1057.7802294339783,-3191.9385350628827,-4338.682175265176
2460815.279166667,1483.0104629824932,-2956.5041167421027,-4380.795085788182
2460815.279861111,1896.539343633329,-2697.7492729675373,-4388.266152321757
2460815.2805555556,2295.1090978041916,-2417.713046097864,-4361.0370414721365
2460815.28125,2675.5780116518185,-2118.600101245217,-4299.31988149889
2460815.2819444444,3034.9441972453537,-1802.7641935087015,-4203.595817300029
2460815.282638889,3370.368465224071,-1472.6905667669178,-4074.6117114299113
2460815.283333333,3679.196178152207,-1130.9773591570643,-3913.374984492537
2460815.2840277776,3958.9779511607826,-780.3160944932002,-3721.146587322223
2460815.284722222,4207.4890567436,-423.47134594728954,-3499.4320983840025
2460815.285416667,4422.747374090655,-63.25967829393923,-3249.9709506041277
2460815.2861111113,4603.029723913705,297.47202200186723,-2974.7237959769395
2460815.2868055557,4746.8864126997005,655.8686880014391,-2675.8580399195325
2460815.2875,4853.15381542782,1009.0895336083452,-2355.7315931225485
2460815.2881944445,4920.964827008052,1354.3306639742564,-2016.874912174365
2460815.288888889,4949.757020309523,1688.8476395475177,-1661.9714334630542
2460815.2895833333,4939.278367647057,2009.9777945712874,-1293.8365229182643
2460815.2902777777,4889.590401645945,2315.1620838154777,-915.3951081940056
2460815.290972222,4801.068722455439,2601.9662389795744,-529.6581735226257
2460815.292361111,4510.580981721855,3111.4412241464343,251.37527246246339
2460815.293055556,4310.902923645352,3330.043587447005,640.442537612433
2460815.29375,4076.949170335521,3522.162800707463,1024.3980885736787
2460815.2944444446,3810.57831546711,3686.266046667709,1400.1769065064943
2460815.295138889,3513.909683238496,3821.04555783354,1764.7795697272334
2460815.2958333334,3189.305765039819,3925.429194056255,2115.296873533903
2460815.296527778,2839.352608318572,3998.5889313939224,2448.9335730428065
2460815.297222222,2466.838377241469,4039.9472086149904,2763.0310293450925
2460815.2979166666,2074.7303269501294,4049.181105546007,3055.088554379149
2460815.298611111,1666.1504415669351,4026.2243587729567,3322.7832789954587
2460815.2993055554,1244.3499859637732,3971.2672470147622,3563.9883989457467
2460815.3,812.6832177237477,3884.754400369301,3776.789680912647
2460815.300694444,374.5805016557155,3767.3806067723835,3959.5001354899855
2460815.301388889,-66.47895224978421,3620.0847013634757,4110.672793777258
2460815.3020833335,-506.99451664033427,3444.041633001002,4229.111541609843
2460815.302777778,-943.4715437459142,3240.6528082861646,4313.879982913229
2460815.3034722223,-1372.4485606507599,3011.5348105446137,4364.3083193036155
2460815.3041666667,-1790.5240942428168,2758.5065937493914,4379.998237644306
2460815.304861111,-2194.3829764151983,2483.5752457342833,4360.825804766843
2460815.3055555555,-2580.8219853917835,2188.9204122877977,4306.94236916051
2460815.30625,-2946.7746815810997,1876.877472221681,4218.773469362791
2460815.3069444443,-3289.335295790858,1549.919553938496,4097.015748623928
2460815.3076388887,-3605.781526441043,1210.6384844618358,3942.6318748573008
2460815.308333333,-3893.596091931854,861.7247714126521,3756.843467981535
2460815.309027778,-4150.486880824638,505.946724388615,3541.1220410196943
2460815.3097222224,-4374.405533576801,146.12883526513517,3297.177969826657
2460815.310416667,-4563.564280776897,-214.8704427829551,3026.9475231654633
2460815.311111111,-4716.45086715543,-574.1813704882934,2732.5779965728548
2460815.3118055556,-4831.841385054641,-928.9458764752876,2416.4110218553546
2460815.3125,-4908.81085365165,-1276.3406053494514,2080.964143923512
2460815.3131944444,-4946.741390614248,-1613.5998537410567,1728.910788600127
2460815.313888889,-4945.327844588224,-1938.038180352154,1363.058769587954
2460815.314583333,-4904.580781397458,-2247.072464158411,986.3275137233188
2460815.3152777776,-4824.826749563157,-2538.2431801366256,601.7242123600947
2460815.315972222,-4706.70578589747,-2809.2346708761916,212.31912158697335
2460815.316666667,-4551.166162076954,-3057.894190237571,-178.77973508344195
2460815.3173611113,-4359.456413790138,-3282.249517202589,-568.4522037135499
2460815.3180555557,-4133.1147353241995,-3480.5249538143,-953.5917071563041
2460815.31875,-3873.955860597817,-3651.1555471741217,-1331.1307550502613
2460815.3194444445,-3584.055590344767,-3792.799401177929,-1698.0659903279036
2460815.320138889,-3265.7331521767906,-3904.347978369442,-2051.482525442728
2460815.3208333333,-2921.5316113411104,-3984.9343207004404,-2388.577330975824
2460815.3215277777,-2554.19656070084,-4033.9391543242878,-2706.6814722085487
2460815.322222222,-2166.6533401303604,-4050.994870653696,-3003.281004022713
2460815.3229166665,-1761.983028578559,-4035.987407597288,-3276.0363749689077
2460815.323611111,-1343.3974619395456,-3989.0560773259717,-3522.8002095681572
2460815.324305556,-914.2135100224843,-3910.5914085059976,-3741.633376574258
2460815.325,-477.8268406164736,-3801.2310851139396,-3930.81927102489
2460815.3256944446,-37.68538368327805,-3661.854076005058,-4088.87626260613
2460815.326388889,402.7373195830532,-3493.5730525112895,-4214.568287069416
2460815.3270833334,839.9687062085993,-3297.7251942431,-4306.913566959762
2460815.327777778,1270.5635643862433,-3075.861481129465,-4365.191461296711
2460815.328472222,1691.1300522010156,-2829.7345640655262,-4388.947450074314
2460815.3291666666,2098.355236598708,-2561.285299677852,-4377.996260483884
2460815.329861111,2489.0300288998046,-2272.628032356659,-4332.423140338646
2460815.3305555554,2860.073405665785,-1966.034696734904,-4252.583281704789
2460815.33125,3208.555795847496,-1643.917814582453,-4139.099392761881
2460815.331944444,3531.721514560124,-1308.8124570726166,-3992.8574118928777
2460815.332638889,3827.010111437788,-963.3572502562129,-3815.0003567601525
2460815.334027778,4324.809679956665,-252.34957505956567,-3370.2484807466226
2460815.3347222223,4523.3500057259525,107.5904817612487,-3106.843521204755
2460815.3354166667,4686.104638295132,466.69875558535,-2818.7778324477554
2460815.336111111,4811.761201356181,822.1307649161565,-2508.322184341156
2460815.3368055555,4899.299352337301,1171.0669678124466,-2177.9285384578966
2460815.3375,4948.000139903743,1510.7353326752577,-1830.2112192858508
2460815.3381944443,4957.452988691905,1838.4337686684064,-1467.9265408758222
2460815.3388888887,4927.560176430117,2151.5522044406816,-1093.951032486037
2460815.339583333,4858.538694255438,2447.5940898340855,-711.2584407854554
2460815.340277778,4750.919412521853,2724.1970980570563,-322.89570531410317
2460815.3409722224,4605.5435098488215,2979.152799931126,68.04186441003341
2460815.341666667,4423.556163159722,3210.4250921591643,458.4359651185424
2460815.342361111,4206.397537252771,3416.1671746156194,845.1709700932823
2460815.3430555556,3955.791153131531,3594.73689042058,1225.1596264786244
2460815.34375,3673.729755537457,3744.7102649258577,1595.3685082813045
2460815.3444444444,3362.4588342056627,3864.8931097970653,1952.8429631010133
2460815.345138889,3024.457987650935,3954.330586675264,2294.7312978086743
2460815.345833333,2662.4203436539997,4012.3146583368066,2618.3079676621705
2460815.3465277776,2279.2302680523185,4038.3893874862165,2920.9955569388876
2460815.347222222,1877.9396099638275,4032.354073129178,3200.385360817373
2460815.347916667,1461.7427313186818,3994.264243630108,3454.2564112221166
2460815.3486111113,1033.9505765366437,3924.430549878941,3680.592811239514
2460815.3493055557,597.9640184719244,3823.415622123468,3877.5992797241643
2460815.35,157.24672032938466,3692.0289704015863,4043.7148240696774
2460815.3506944445,-284.7022744147119,3531.3200182142377,4177.624490244128
2460815.351388889,-724.3760206960034,3342.569365857892,4278.269153479992
2460815.3520833333,-1158.287032407245,3127.278383204884,4344.853329070918
2460815.3527777777,-1582.9943580773252,2887.157229202714,4376.850994418401
2460815.353472222,-1995.1302146937046,2624.1113931986138,4374.009418087271
2460815.3541666665,-2391.4260262715943,2340.2268541177386,4336.350995179174
2460815.354861111,-2768.7377328380244,2037.753942838882,4264.173089709685
2460815.355555556,-3124.070221551413,1719.090000903951,4158.045883288724
2460815.35625,-3454.6007414407036,1386.7609224046287,4018.80822904508
2460815.3569444446,-3757.701149688329,1043.401675984654,3847.5615113118433
2460815.357638889,-4030.958834395257,691.7359090264348,3645.6615152244217
2460815.3583333334,-4272.196151790964,334.554745371168,3414.70831603345
2460815.359027778,-4479.488204973479,-25.30509335580356,3156.5342115766784
2460815.359722222,-4651.178790279599,-384.983699350777,2873.1897361883944
2460815.3604166666,-4785.894337277084,-741.6207641260421,2566.9278122857527
2460815.361111111,-4882.55566956588,-1092.3785546094716,2240.186124530353
2460815.3618055554,-4940.387428374738,-1434.4648885743075,1895.567821417708
2460815.3625,-4958.925013799222,-1765.1558965518034,1535.8206828833397
2460815.363194444,-4938.018923799627,-2081.818347227896,1163.8149220566402
2460815.363888889,-4877.8364001796,-2381.9313154467636,782.519807566948
2460815.3645833335,-4778.8603234012,-2663.106958673826,394.9793307835029
2460815.365277778,-4641.88533740735,-2923.110182125548,4.287153908831869
2460815.3659722223,-4468.011226663457,-3159.876978138776,-386.4389023092146
2460815.3666666667,-4258.633606085237,-3371.531248371011,-774.0825713029525
2460815.367361111,-4015.4320292118696,-3556.399930775716,-1155.5547773223993
2460815.3680555555,-3740.3556539482793,-3713.0262876495913,-1527.818934044191
2460815.36875,-3435.6066420128045,-3840.1812358965517,-1887.915644938371
2460815.3694444443,-3103.621493570705,-3936.8726352880217,-2232.9865660110054
2460815.3701388887,-2747.05054267642,-4002.3524809094074,-2560.297208398307
2460815.370833333,-2368.7358548529833,-4036.12197848351,-2867.2584835675552
2460815.371527778,-1971.6877735159733,-4037.9345116553295,-3151.446824146256
2460815.3722222224,-1559.0603639787898,-4007.796535957721,-3410.6227408709137
2460815.372916667,-1134.1259993642598,-3945.966456760436,-3642.7477048703327
2460815.373611111,-700.2493224031292,-3852.9515667605165,-3845.9992727247145
2460815.3743055556,-260.8607970686105,-3729.5031302081884,-4018.784399498976
2460815.3756944444,620.5607786685134,-3395.4888380341336,-4267.797053374508
2460815.376388889,1055.6436355858768,-3187.577121232855,-4342.079313031084
2460815.377083333,1482.3907519179363,-2954.5188869855615,-4382.018178729047
2460815.3777777776,1897.4405111173837,-2698.1534487051317,-4387.302183371699
2460815.378472222,2297.522743581856,-2420.5010779471168,-4357.890034173137
2460815.379166667,2679.48336765625,-2123.747761153337,-4294.010901286144
2460815.3798611113,3040.3082597964635,-1810.228811635672,-4196.162855880032
2460815.3805555557,3377.1462326059313,-1482.4114093097771,-4065.109453206736
2460815.38125,3687.3309928254293,-1142.8761436902098,-3901.8744546944645
2460815.3819444445,3968.401948176737,-794.2976351183988,-3707.7346801921703
2460815.382638889,4218.123714232712,-439.42432385232956,-3484.2109855290405
2460815.3833333333,4434.504163582102,-81.05752882179462,-3233.057368232453
2460815.3840277777,4615.810852289365,277.9701088143792,-2956.2482145105814
2460815.384722222,4760.585652181965,634.81666629269,-2655.9637144083213
2460815.3854166665,4867.657410484068,986.6533039232102,-2334.5735003920126
2460815.386111111,4936.152469211414,1330.6867877046511,-1994.6185795538997
2460815.386805556,4965.5028807518265,1664.1819763003652,-1638.7916637580229
2460815.3875,4955.452174582151,1984.48406682227,-1269.9160288964022
2460815.3881944446,4906.05855226881,2289.040383244838,-890.9230621412268
2460815.388888889,4817.695416295507,2575.4214805989373,-504.82868814850366
2460815.3895833334,4691.0491729814385,2841.3413389387633,-114.70888857465918
2460815.390277778,4527.114286381355,3084.676426256539,276.3254508701427
2460815.390972222,4327.185602259629,3303.483415179803,665.1541083371604
2460815.3916666666,4092.848000956638,3496.015359445387,1048.6732471283651
2460815.392361111,3825.9634806423906,3660.7361534954107,1423.821018138535
2460815.3930555554,3528.655808879592,3796.3331272943833,1787.6027778108044
2460815.39375,3203.292915019272,3901.727656246732,2137.1156626131274
2460815.394444444,2852.467227401064,3976.083696990453,2469.5722733947314
2460815.395138889,2478.974178064791,4018.8141939368484,2782.3232479474013
2460815.3958333335,2085.78911650414,4029.5853311367246,3072.8785201190894
2460815.396527778,1676.0428832642078,4008.3186344029764,3338.927091456705
2460815.3972222223,1252.9962936997638,3955.190955305041,3578.3551719151214
2460815.3979166667,820.0137784581447,3870.6323903043867,3789.2625735192382
2460815.398611111,380.5364229205126,3755.3222071554846,3969.9772656216837
2460815.3993055555,-61.94537318789467,3610.1828630358764,4119.068029669755
2460815.4,-503.91940519925265,3436.372207354944,4235.355168847749
2460815.4006944443,-941.8791474192898,3235.2739671936447,4317.919245595628
2460815.4013888887,-1372.3510381681313,3008.4866119567714,4366.1078337320205
2460815.402083333,-1791.9213966592113,2757.8106963580963,4379.54027786827
2460815.402777778,-2197.262827464584,2485.2347714496163,4358.110459894726
2460815.4034722224,-2585.1599598833927,2192.919958074405,4301.987571521382
2460815.404166667,-2952.534385503283,1883.1832687647268,4211.614893493723
2460815.404861111,-3296.4686511842183,1558.47976616538,4087.706579911045
2460815.4055555556,-3614.2291565069413,1221.3836534782142,3931.242448476286
2460815.40625,-3903.2878097398193,874.5683884710294,3743.460776505817
2460815.4069444444,-4161.342275122826,520.7859341169724,3525.8491118915244
2460815.407638889,-4386.334647876185,162.84526137657164,3280.133113760259
2460815.408333333,-4576.468380731212,-196.40975827962566,3008.2634540015047
2460815.4090277776,-4730.2232862699575,-554.122918538969,2712.4008279914956
2460815.409722222,-4846.368441157642,-907.4485323153892,2394.899144666603
2460815.410416667,-4923.972825743761,-1253.5743879220734,2058.2869903948726
2460815.4111111113,-4962.413544841456,-1589.7446013469198,1705.2474924606167
2460815.4118055557,-4961.381497737178,-1913.2821511994657,1338.5967322547401
2460815.4125,-4920.884390462806,-2221.6108697363497,961.2608908275505
2460815.4131944445,-4841.24701543112,-2512.2766658119426,576.2523292176753
2460815.413888889,-4723.108760232372,-2782.967748218884,186.6448399982275
2460815.4145833333,-4567.418347090119,-3031.5336356909147,-204.45168589228012
2460815.4152777777,-4375.425844629936,-3256.0027488770975,-593.9169151117391
2460815.415972222,-4148.67203655886,-3454.5983978417808,-978.6457792196904
2460815.417361111,-3598.4159420980372,-3768.1204392963527,-1721.702933423679
2460815.418055556,-3279.3188149957946,-3880.5863360791104,-2074.124193305926
2460815.41875,-2934.233376456498,-3962.276372917585,-2410.0426359259327
2460815.4194444446,-2565.912475990641,-4012.5624260875816,-2726.798687130448
2460815.420138889,-2177.2894860420292,-4031.0666237285286,-3021.8891138799495
2460815.4208333334,-1771.454235705965,-4017.6633108189285,-3292.986326961429
2460815.421527778,-1351.6279635773526,-3972.4789732838085,-3537.956057391755
2460815.422222222,-921.1375289494075,-3895.890187421178,-3754.8733109723407
2460815.4229166666,-483.38910774985914,-3788.519676302951,-3942.0365323434853
2460815.423611111,-41.841582782183586,-3651.230565098886,-4097.979933850787
2460815.4243055554,400.0201818035832,-3485.1189322030036,-4221.4839644275235
2460815.425,838.7120109769462,-3291.5047534704986,-4311.583908093048
2460815.425694444,1270.7768739804485,-3071.9213377117417,-4367.576610412948
2460815.426388889,1692.8109935139664,-2828.10334127313,-4389.0253406533
2460815.4270833335,2101.489474677654,-2561.9734495248995,-4375.76279484614
2460815.427777778,2493.5913362550473,-2275.6278040661527,-4327.892246568414
2460815.4284722223,2866.023831949393,-1971.320246866701,-4245.786846989649
2460815.4291666667,3215.845935527544,-1651.4454587999958,-4130.087072938451
2460815.429861111,3540.2908774492807,-1318.5210565411624,-3981.696315868138
2460815.4305555555,3836.7875929735947,-975.168729864276,-3801.7746054901722
2460815.43125,4102.980946150367,-624.0944969571481,-3591.7304599707168
2460815.4319444443,4336.750573954486,-268.0681741546795,-3353.210861834131
2460815.4326388887,4536.228189437528,90.09783391057346,-3088.089366099181
2460815.433333333,4699.8131719740895,447.57029756708505,-2798.45236284723
2460815.434027778,4826.186270365266,801.5173366176265,-2486.5835333481564
2460815.4347222224,4914.321243338164,1149.1308407152567,-2154.9465647735055
2460815.435416667,4963.494271302083,1487.6489582512727,-1806.1662090067666
2460815.436111111,4973.290982810491,1814.378450754115,-1443.0078070703757
2460815.4368055556,4943.610961674521,2126.7167043547065,-1068.3554227862655
2460815.4375,4874.669624900683,2422.173174170632,-685.1887640272448
2460815.4381944444,4766.997393986119,2698.390036961455,-296.55909307346474
2460815.438888889,4621.436117643518,2953.161826906069,94.43564709928717
2460815.439583333,4439.1327452446,3184.4538344950333,484.6762408651325
2460815.4402777776,4221.530289100207,3390.4190672737327,871.047886680306
2460815.440972222,3970.3561568803602,3569.413584186119,1250.4658913317605
2460815.441666667,3687.607975695845,3720.0100412094775,1619.9011015683116
2460815.4423611113,3375.537064094633,3841.0093148749647,1976.4048111384227
2460815.4430555557,3036.629738278877,3931.4500997992623,2317.1328933256095
2460815.44375,2673.5866747325554,3990.616405347301,2639.36891639988
2460815.4444444445,2289.3005533167307,4018.0429149206943,2940.546041319509
2460815.445138889,1886.8322357389313,4013.518195104445,3218.2675060632587
2460815.4458333333,1469.3857263172072,3977.085774505182,3470.325543521682
2460815.4465277777,1040.2821675429007,3909.043134550766,3694.7186015247134
2460815.447222222,602.9331129765367,3809.938675124128,3889.6667642462694
2460815.4479166665,160.81331048831234,3680.5667333283077,4053.625298826316
2460815.448611111,-282.56678900952613,3521.9607435272237,4185.296275252285
2460815.449305556,-723.6885918255296,3335.384634770507,4283.638223804414
2460815.45,-1159.0528098150783,3122.3225620062117,4347.873812369741
2460815.4506944446,-1585.2066271091162,2884.4670670619425,4377.495533614845
2460815.451388889,-1998.7704233605566,2623.7057659449174,4372.269398223011
2460815.4520833334,-2396.463910731686,2342.1066511234644,4332.236634813814
2460815.452777778,-2775.1315391931876,2041.9020980576447,4257.713395818658
2460815.453472222,-3131.767026317889,1725.4716651162682,4149.2884693331425
2460815.4541666666,-3463.536870628572,1395.3237732400669,4007.8189956248434
2460815.454861111,-3767.8026944587727,1054.0763620540858,3834.424189356949
2460815.4555555554,-4042.142262034389,704.4366213077683,3630.477070886499
2460815.45625,-4284.369005049311,349.1799128338852,3397.5942192024027
2460815.456944444,-4492.5498857052335,-8.871992277183786,3137.6235685517545
2460815.457638889,-4665.0214191482055,-366.8732158146108,2852.6302891379237
2460815.459027778,-4897.6121169129865,-1071.3558532757909,2216.825079240448
2460815.4597222223,-4955.867028936682,-1412.2299102133795,1871.0771314554815
2460815.4604166667,-4974.700532012675,-1741.8841369518166,1510.3941740566518
2460815.461111111,-4953.9609241440185,-2057.6933253416287,1137.654282602172
2460815.4618055555,-4893.814339789405,-2357.1431462453534,755.8329513328912
2460815.4625,-4794.7436429059535,-2637.8508743731823,367.9786955235077
2460815.4631944443,-4657.544539147705,-2897.5850084614517,-22.81204448693067
2460815.4638888887,-4483.318930134159,-3134.283578023222,-413.42044359138055
2460815.464583333,-4273.4655725674365,-3346.0709430612637,-800.7310120488843
2460815.465277778,-4029.6681463621508,-3531.272912711041,-1181.6572242764958
2460815.4659722224,-3753.8808762594963,-3688.430035106793,-1553.1667867334274
2460815.466666667,-3448.3118794204734,-3816.3089450300613,-1912.3062944373514
2460815.467361111,-3115.404446005659,-3913.91168152616,-2256.2250303031988
2460815.4680555556,-2757.8164761013695,-3980.4829242540345,-2582.1976912882174
2460815.46875,-2378.398317078348,-4015.5151260879657,-2887.6458431732976
2460815.4694444444,-1980.169246064739,-4018.7515512925365,-3170.1579413200493
2460815.470138889,-1566.2928496786624,-3990.1872528802423,-3427.5077770524085
2460815.470833333,-1140.051542512149,-3930.0680460543526,-3657.6712433328394
2460815.4715277776,-704.8204601824971,-3838.8875520798297,-3858.84133744939
2460815.472222222,-264.0409395957656,-3717.3823986034354,-4029.441348313555
2460815.472916667,178.80620695541947,-3566.5256716588283,-4168.136191102541
2460815.4736111113,620.2274500408361,-3387.5187149725098,-4273.841875840883
2460815.4743055557,1056.7431624510234,-3181.781375459509,-4345.733102424121
2460815.475,1484.9139616787427,-2950.9407850040484,-4383.248988148359
2460815.4756944445,1901.3666352237112,-2696.8187689120396,-4386.09693263796
2460815.476388889,2302.8195324748604,-2421.417959287624,-4354.254628082621
2460815.4770833333,2686.1073005828766,-2126.906691498635,-4287.9702180027525
2460815.4777777777,3048.2048492077583,-1815.6027551524498,-4187.760605106157
2460815.478472222,3386.2504258829485,-1489.9560684192975,-4054.407903433673
2460815.4791666665,3697.567672803628,-1152.5303491525435,-3888.9540274117135
2460815.479861111,3979.686525081364,-805.9838647975064,-3692.6934125493435
2460815.480555556,4230.3628122918135,-453.0493378773131,-3467.1638579577793
2460815.48125,4447.596392300098,-96.513120346173,-3214.1354995989045
2460815.4819444446,4629.647658965076,260.806258112212,-2935.597923053985
2460815.482638889,4775.052243873094,616.0800270490381,-2633.745450608432
2460815.4833333334,4882.633738778115,966.4914482794977,-2310.9606520360862
2460815.484027778,4951.5142650500065,1309.2582509601632,-1969.7961567824377
2460815.484722222,4981.12272779804,1641.6550380314031,-1612.9548724356323
2460815.4854166666,4971.200609056021,1961.0354612438025,-1243.268739922248
2460815.486111111,4921.80517618564,2264.8539435664557,-863.6761920036278
2460815.4868055554,4833.31001201655,2550.6867278998016,-477.1985025586694
2460815.4875,4706.402806677476,2816.252024146664,-86.91524506475174
2460815.488194444,4542.080389663595,3059.4290334176912,304.06090226249773
2460815.488888889,4341.641021284807,3278.275637659692,692.609749899015
2460815.4895833335,4106.674004542016,3471.0445588494335,1075.6293231269144
2460815.490277778,3839.0467194654616,3636.1978134927563,1450.0614508887447
2460815.4909722223,3540.8892180190956,3772.4193150650385,1812.9169526946273
2460815.4916666667,3214.576557127377,3878.6255027499255,2161.3001603620764
2460815.492361111,2862.7090696058253,3953.973910809799,2492.4325364396236
2460815.4930555555,2488.0908019836384,3997.8696209682616,2803.6751623835635
2460815.49375,2093.7063563865577,4009.969574149918,3092.54990220973
2460815.4944444443,1682.6963927654078,3990.184745063866,3356.759064791666
2460815.4951388887,1258.3320366771788,3938.680211263958,3594.203427725257
2460815.495833333,823.9884461812161,3855.8731691876433,3802.9985038441055
2460815.496527778,383.11777179534215,3742.428967802566,3981.488966102806
2460815.4972222224,-60.778262441280575,3599.255243568417,4128.261166010945
2460815.497916667,-504.1759507815394,3427.4942476514398,4242.153704858579
2460815.498611111,-943.557173066331,3228.513462502586,4322.266030443698
2460815.4993055556,-1375.4367665916388,3003.8946021422294,4367.965047653695
2460815.5006944444,-2203.076731963027,2485.0641280725927,4354.953771238536
2460815.501388889,-2592.271917168675,2194.9673751724035,4296.3461587322445
2460815.502083333,-2960.8859670172897,1887.4304411860683,4203.5298645365865
2460815.5027777776,-3305.991169410267,1564.8911672126887,4077.2384582346554
2460815.503472222,-3624.8442166860536,1229.9068481444715,3918.4707569653297
2460815.504166667,-3914.907948684004,885.1344775895725,3728.483477426444
2460815.5048611113,-4173.871687749937,533.3101199420472,3508.78190162223
2460815.5055555557,-4399.669993307494,177.22753107451618,3261.1085742264795
2460815.50625,-4590.499660266146,-180.28383635769165,2987.430063967308
2460815.5069444445,-4744.834785964683,-536.3812948298821,2689.9218360764894
2460815.507638889,-4861.439727232367,-888.2316770776832,2370.9513105096253
2460815.5083333333,-4939.379781298702,-1233.0341990938343,2033.0592024695388
2460815.5090277777,-4978.029436517828,-1568.0432272106364,1678.9392715514232
2460815.509722222,-4977.07805997609,-1890.5907355858399,1311.4166319595133
2460815.5104166665,-4936.532914715313,-2198.1082281328886,933.4248080744148
2460815.511111111,-4856.719432796021,-2488.147897395017,547.9817445679344
2460815.511805556,-4738.278705956704,-2758.4027978692743,158.16499905633194
2460815.5125,-4582.162196831035,-3006.725812036281,-232.91362718632936
2460815.5131944446,-4389.623713568746,-3231.1472098473632,-622.1337630275204
2460815.513888889,-4162.20873393977,-3429.8906148475635,-1006.3921725949128
2460815.5145833334,-3901.741201678464,-3601.3872197957066,-1382.6282268289597
2460815.515277778,-3610.3079564755285,-3744.288118321712,-1747.848876553919
2460815.515972222,-3290.2409899831446,-3857.4746521347474,-2099.152877951908
2460815.5166666666,-2944.0977418579328,-3940.0667064013414,-2433.754043666055
2460815.517361111,-2574.6396710747867,-3991.4289153529653,-2749.003311231561
2460815.5180555554,-2184.8093515477467,-4011.1747715886304,-3042.4094464916957
2460815.51875,-1777.706336338109,-3999.1686618515605,-3311.6582361854094
2460815.519444444,-1356.5620428734699,-3955.525874071197,-3554.6300433718015
2460815.520138889,-924.713894833427,-3880.610641828666,-3769.415635518065
2460815.5208333335,-485.57894594657455,-3775.032306178822,-3954.3302183516666
2460815.521527778,-42.62719821470166,-3639.6396859319125,-4107.925630576194
2460815.5222222223,400.645200452937,-3475.513750870937,-4229.000677991429
2460815.5229166667,840.7427024686466,-3283.9586954013353,-4316.609595165146
2460815.523611111,1274.1968990600897,-3066.491506347412,-4370.068636283327
2460815.5243055555,1697.5927107782393,-2824.8301148541354,-4388.960800602009
2460815.525,2107.59410579374,-2560.8802142008462,-4373.138699807851
2460815.5256944443,2500.969220696649,-2276.7208240315354,-4322.725572268146
2460815.5263888887,2874.614770988884,-1974.5886720123035,-4238.114446804248
2460815.527083333,3225.5796331081897,-1656.8614623339965,-4119.965452853408
2460815.527777778,3551.087470423807,-1326.040104492665,-3969.2012717262064
2460815.5284722224,3848.558274992007,-984.7299732534559,-3787.000720222839
2460815.529166667,4115.628678342962,-635.6212848293897,-3574.7904611364456
2460815.529861111,4350.170879449844,-281.4686801877826,-3334.234838485447
2460815.5305555556,4550.310024460759,74.92987640349705,-3067.2238458259885
2460815.53125,4714.439865465867,430.7547585813914,-2775.8592505740685
2460815.5319444444,4841.236521918441,783.1867555657664,-2462.4389160236537
2460815.532638889,4929.670169085792,1129.429403277982,-2129.439386201104
2460815.533333333,4979.014485302826,1466.7313899050191,-1779.4968223706367
2460815.5340277776,4988.853701159826,1792.4088332703889,-1415.386415018393
2460815.534722222,4959.087116553968,2103.8672220291382,-1040.000417115429
2460815.535416667,4889.930975561415,2398.6227986458675,-656.3249770286968
2460815.5361111113,4781.917622318061,2674.3231561748025,-267.4159790658337
2460815.5368055557,4635.891896881573,2928.766827948954,123.62588390412483
2460815.5375,4453.004770741203,3159.9216499502263,513.6805541005408
2460815.5381944445,4234.7042622571325,3365.9416938264167,899.6343098783741
2460815.538888889,3982.72371428892,3545.18258463933,1278.405454638062
2460815.5395833333,3699.067556235612,3696.215041760333,1646.9697240416424
2460815.5402777777,3385.994709838968,3817.836508924584,2002.3851475179058
2460815.540972222,3045.9998258237492,3909.0807713189674,2341.8161168611423
2460815.542361111,2296.2751998306994,3997.7975851452134,2962.05105998552
2460815.543055556,1892.5186526243558,3994.57654772813,3237.9165942962854
2460815.54375,1473.7374426882461,3959.595547582071,3487.9599702518994
2460815.5444444446,1043.2635721407723,3893.140530096291,3710.19559791256
2460815.545138889,604.5197273670524,3795.7472735022893,3902.860639145314
2460815.5458333334,160.99198111336324,3668.196513357152,4064.42841411599
2460815.546527778,-283.7977761726576,3511.507218497116,4193.619875362693
2460815.547222222,-726.3194819307234,3326.928110215192,4289.413119676616
2460815.5479166666,-1163.0624341058563,3115.9275213425685,4351.050916723836
2460815.548611111,-1590.5625404473587,2880.1816913447847,4378.046246472173
2460815.5493055554,-2005.4291335021442,2621.5615869263534,4370.185843422607
2460815.55,-2404.3711966783585,2342.118340098742,4327.5317458683285
2460815.550694444,-2784.222858141125,2044.0673913442884,4250.420851173632
2460815.551388889,-3141.9680122848517,1729.7714225681282,4139.462476541221
2460815.5520833335,-3474.7639227807126,1401.7221672388655,3995.533923634805
2460815.552777778,-3779.9636519189025,1062.5211937581114,3819.7740487249102
2460815.5534722223,-4055.1371606952343,714.8597604109696,3613.574842487463
2460815.5541666667,-4298.090912663846,361.49785343290205,3378.571030873898
2460815.554861111,-4506.88580477325,5.242538731091385,3116.627723684201
2460815.5555555555,-4679.853251268808,-351.0742345599155,2829.8261486002666
2460815.55625,-4815.6092394874195,-704.6182135887818,2520.447534602579
2460815.5569444443,-4913.066186451587,-1052.5756284358215,2190.9552284826805
2460815.5576388887,-4971.442433261913,-1392.1759878652724,1843.9751593341305
2460815.558333333,-4990.269234124078,-1720.7146797698197,1482.2747871547974
2460815.559027778,-4969.395117600288,-2035.5751480164095,1108.7407133054785
2460815.5597222224,-4908.987530659126,-2334.2504295513163,726.355139473998
2460815.560416667,-4809.531708481044,-2614.3638154785663,338.1714068752667
2460815.561111111,-4671.826753114496,-2873.6884206161903,-52.71114880031548
2460815.5618055556,-4496.978944049564,-3110.165448821589,-443.1727670637286
2460815.5625,-4286.39234642319,-3321.920959763323,-830.098989027761
2460815.5631944444,-4041.7568218349766,-3507.280966579587,-1210.4062727550713
2460815.563888889,-3765.0335867202825,-3664.784717357084,-1581.0672289461995
2460815.564583333,-3458.4384938825388,-3793.196046065715,-1939.1352243916172
2460815.5652777776,-3124.4232432625913,-3891.512707267672,-2281.768112035026
2460815.565972222,-2765.654750416499,-3958.9736420681943,-2606.250868617173
2460815.566666667,-2384.992910557961,-3995.064155306131,-2910.0169512451857
2460815.5673611113,-1985.4670112447443,-3999.519010666652,-3190.668204036956
2460815.5680555557,-1570.2510404665443,-3972.323478689151,-3445.993182615574
2460815.56875,-1142.6381332276983,-3913.7123930838425,-3673.9837902112517
2460815.5694444445,-706.0143935512066,-3824.1672890331115,-3872.8501445385086
2460815.570138889,-263.8323004723388,-3704.4117078070717,-4041.033626711371
2460815.5708333333,180.41609017831306,-3555.4047624753284,-4177.21807366273
2460815.5715277777,623.2259803132713,-3378.3330579749936,-4280.339104498509
2460815.572222222,1061.1065283959194,-3174.601062382241,-4349.591572851809
2460815.5729166665,1490.6072704870228,-2945.8200198903533,-4384.435151001063
2460815.573611111,1908.3441311899076,-2693.7954908087145,-4384.598052381912
2460815.574305556,2311.0248995144107,-2420.5135992180917,-4350.078898808008
2460815.575,2695.4740529076935,-2128.1260620828475,-4281.14673641902
2460815.5756944446,3058.656812692316,-1818.9340695616943,-4178.339199504427
2460815.576388889,3397.7023057014403,-1495.3710891347478,-4042.458818581332
2460815.5770833334,3709.925710219372,-1159.9846596741738,-3874.567463824941
2460815.577777778,3992.8492405670468,-815.4172587621243,-3675.978918136558
2460815.578472222,4244.221825710517,-464.3863259693659,-3448.2495742990945
2460815.5791666666,4462.037319640638,-109.66354313139868,-3193.167259700924
2460815.579861111,4644.551073693923,245.94651260158696,-2912.7382041118567
2460815.5805555554,4790.294694406708,599.6282077036736,-2609.172184150345
2460815.58125,4898.08881140208,948.5770340156332,-2284.8658950903077
2460815.581944444,4967.053679407918,1290.0219572448063,-1942.384631466861
2460815.582638889,4996.6174521220555,1621.2477427084486,-1584.4423829705597
2460815.584027778,4936.826021291127,2242.5921181236254,-833.6449437541171
2460815.5847222223,4847.905733381901,2527.755691272549,-446.76277442652565
2460815.5854166667,4720.452451826448,2792.8311738377643,-56.31732401181419
2460815.586111111,4555.467669711873,3035.7015784252158,334.5769339706265
2460815.5868055555,4354.255278295049,3254.427184504191,722.8000247298011
2460815.5875,4118.411118288838,3447.2616701381025,1105.2522017560193
2460815.5881944443,3849.8099452834426,3612.666550874311,1478.8795205981874
2460815.5888888887,3550.589953603042,3749.3237755058585,1840.6989850770149
2460815.589583333,3223.135031279381,3856.1463627979683,2187.823013689225
2460815.590277778,2870.054953294634,3932.2869898103495,2517.48298028958
2460815.5909722224,2494.163737245742,3977.1444773925627,2827.0516111011134
2460815.591666667,2098.45640726302,3990.368147286345,3114.064037975793
2460815.592361111,1686.0844129888505,3971.860056201552,3376.237342420383
2460815.5930555556,1260.3299577432824,3921.7751364506244,3611.4884476408756
2460815.59375,824.5794858766391,3840.5192960231047,3817.950245563387
2460815.5944444444,382.2965612326467,3728.74554708954,3993.985877002067
2460815.595138889,-63.00563208588928,3587.3482457251966,4138.20109989993
2460815.595833333,-507.79196116500134,3417.455533032077,4249.454707146182
2460815.5965277776,-948.532996635212,3220.420071046068,4326.866969317972
2460815.597222222,-1381.7324656952435,2997.8081693961985,4369.8260885510435
2460815.597916667,-1803.954345751987,2751.3873948223113,4377.992659354971
2460815.5986111113,-2211.849443661067,2483.1127549400658,4351.302134829069
2460815.5993055557,-2602.18131776349,2195.1115419946427,4289.965298524079
2460815.6,-2971.851395954132,1889.6669244113393,4194.466741623648
2460815.6006944445,-3317.923148206432,1569.2003705208174,4065.561344527595
2460815.601388889,-3637.645161617814,1236.252996197296,3904.2687630417995
2460815.6020833333,-3928.472965603166,893.4659293067901,3711.865920350262
2460815.6027777777,-4188.089439275392,543.5598007003227,3489.8775145830764
2460815.603472222,-4414.423633032133,189.31347734421456,3240.0645587344657
2460815.6041666665,-4605.667824644347,-166.45782463100227,2964.4109874008086
2460815.604861111,-4760.292633509751,-520.9248994512423,2665.108378706648
2460815.605555556,-4877.060012735371,-871.267208106834,2344.5388697513995
2460815.60625,-4955.0339538109065,-1214.6956506241888,2005.2563607963903
2460815.6069444446,-4993.588747121885,-1548.4752458967264,1649.9661407365566
2460815.607638889,-4992.414666678649,-1869.9475099762947,1281.5030847109504
2460815.6083333334,-4951.520971278995,-2176.552302247227,902.8086155892373
2460815.609027778,-4871.2361493879225,-2465.848919236798,516.9066331526707
2460815.609722222,-4752.205370714824,-2735.536206354562,126.87864982693497
2460815.6104166666,-4595.385148152762,-2983.4714739464,-264.1616189933519
2460815.611111111,-4402.0352548087285,-3207.6880145722816,-653.0939461240189
2460815.6118055554,-4173.707984139235,-3406.4110369456507,-1036.8172930885491
2460815.6125,-3912.234875950074,-3578.07186155517,-1412.27525779852
2460815.613194444,-3619.711074713678,-3721.32024229201,-1776.480999373344
2460815.613888889,-3298.477509048329,-3835.0347183622976,-2126.541400194249
2460815.6145833335,-2951.1011115469587,-3918.330926217763,-2459.680233387877
2460815.615277778,-2580.3533151090746,-3970.5678353065537,-2773.2601310151763
2460815.6159722223,-2189.1870708092965,-3991.3519019352366,-3064.8031768495234
2460815.6166666667,-1780.7126381932956,-3980.539162240176,-3332.009974083635
2460815.617361111,-1358.1723968497067,-3938.2353098593594,-3572.777067925305
2460815.6180555555,-924.9149130245743,-3864.7938229292636,-3785.21263535396
2460815.61875,-484.3684923348095,-3760.812219916357,-3967.650373578061
2460815.6194444443,-40.01442228596343,-3627.126533194062,-4118.661548646291
2460815.6201388887,404.63990320658075,-3464.804094508926,-4237.065180007039
2460815.620833333,846.087806469812,-3275.1347273329866,-4321.936352838391
2460815.621527778,1280.849941928879,-3059.620438793689,-4372.612659177814
2460815.6222222224,1705.5005689540617,-2819.9636976316374,-4388.698774069033
2460815.622916667,2116.6933482994264,-2558.0543831324085,-4370.069173161069
2460815.623611111,2511.186551124677,-2275.955476275916,-4316.868997711269
2460815.6243055556,2885.867552641105,-1975.8875704507982,-4229.513068127795
2460815.6256944444,3564.1290182559846,-1331.414522486411,-3955.3227217179383
2460815.626388889,3862.337845011147,-992.084033122375,-3770.631468279537
2460815.627083333,4130.03320632936,-644.8957198582525,-3556.0557753570242
2460815.6277777776,4365.081822399414,-292.58942312248035,-3313.278941988361
2460815.628472222,4565.604349651685,62.05109555405217,-3044.208889131795
2460815.629166667,4729.991092614178,416.2197146940878,-2750.964133874208
2460815.6298611113,4856.915808636944,767.1099376271826,-2435.8579638774
2460815.6305555557,4945.347426851876,1111.937136050776,-2101.380880064745
2460815.63125,4994.55951167736,1447.9608693465239,-1750.1814029017364
2460815.6319444445,5004.137316289433,1772.5070867123789,-1385.045359510222
2460815.632638889,4973.982288845641,2082.989994303286,-1008.8738091923909
2460815.6333333333,4904.31392365732,2376.933371667089,-624.659782583997
2460815.6340277777,4795.66888036115,2651.9911087706996,-235.46404533908066
2460815.634722222,4648.89733183941,2905.9667414378323,155.6098847089934
2460815.6354166665,4465.156540609637,3136.831769455967,545.441219011859
2460815.636111111,4245.901707550024,3342.7425515007462,930.9176118669519
2460815.636805556,3992.8741756674367,3522.0555956279136,1308.9608412803923
2460815.6375,3708.08711213117,3673.3410838984687,1676.5521873251864
2460815.6381944446,3393.8088304547905,3795.394496923849,2030.7572428092833
2460815.638888889,3052.543943528913,3887.246236894102,2368.7499086765197
2460815.6395833334,2687.012562357838,3948.1691780155875,2687.8353445951802
2460815.640277778,2300.127782899208,3977.684103007115,2985.4716601981613
2460815.640972222,1894.9716988894577,3975.563018211365,3259.29017423249
2460815.6416666666,1474.7702039528626,3941.830363143795,3507.1140782117805
2460815.642361111,1042.8668247201163,3876.762157318616,3726.9753870086965
2460815.6430555554,602.6958341902925,3780.8831450657617,3917.130074521074
2460815.64375,157.75487415715125,3654.9620145635795,4076.071324669644
2460815.644444444,-288.4226980518594,3500.004776430957,4202.5408481871455
2460815.645138889,-732.2955330115715,3317.2463952224507,4295.538231916896
2460815.6458333335,-1170.3419044007235,3108.140766347345,4354.328305248921
2460815.646527778,-1599.0870419329253,2874.349133197676,4378.446514123024
2460815.6472222223,-2015.1300284371707,2617.727033878287,4367.702300864008
2460815.6479166667,-2415.170109775871,2340.309866399951,4322.180488968066
2460815.648611111,-2796.0322716035703,2044.2971596291156,4242.2406735981385
2460815.6493055555,-3154.69194618969,1732.0356299512712,4128.514616182327
2460815.65,-3488.2986918826714,1406.0011179497053,3981.9016436739776
2460815.6506944443,-3794.1987012452228,1068.7794904983996,3803.562051878145
2460815.6513888887,-4069.9559716716394,723.0466127794804,3594.9085190346277
2460815.652083333,-4313.371972651835,371.5474995896501,3357.5955418448084
2460815.652777778,-4522.503632163882,17.07477475326945,3093.5069207999413
2460815.6534722224,-4695.679465040984,-337.55342129860816,2804.741335249704
2460815.654166667,-4831.513661895665,-689.5159121473324,2493.596073265264
2460815.654861111,-4928.917965904442,-1036.0111772170742,2162.5490030577675
2460815.6555555556,-4987.111174685575,-1374.2800600894636,1814.2389001904648
2460815.65625,-5005.626121914288,-1701.6282819335527,1451.4442759714286
2460815.6569444444,-4984.314019018732,-2015.4485418270353,1077.060877844156
2460815.657638889,-4923.346066214579,-2313.241979233175,694.0780596249405
2460815.658333333,-4823.212277703575,-2592.6387696462252,305.5542482990204
2460815.6590277776,-4684.717505537065,-2851.4176339853166,-85.4082501806894
2460815.659722222,-4508.974685852465,-3087.5240539321157,-475.6888505719295
2460815.660416667,-4297.395376208679,-3299.0869959631154,-862.1744197082066
2460815.6611111113,-4051.6776898398975,-3484.4339772952585,-1241.7848755548794
2460815.6618055557,-3773.791773767353,-3642.1043265640315,-1611.4983844925364
2460815.6625,-3465.963008354235,-3770.8605257171007,-1968.375904960972
2460815.6631944445,-3130.6531348999847,-3869.6975487322647,-2309.5848390738947
2460815.663888889,-2770.539541450648,-3937.850144648607,-2632.4215740756563
2460815.6645833333,-2388.49294638647,-3974.798045318833,-2934.332726661178
2460815.6652777777,-1987.5537306193635,-3980.2691050990657,-3212.9349261445414
2460815.665972222,-1570.9071678265984,-3954.240406431249,-3466.0330040748017
2460815.667361111,-703.8031640367383,-3808.8310591346813,-3887.9743144758577
2460815.668055556,-260.20716355933604,-3690.6334104470507,-4053.5077368663383
2460815.66875,185.42684315765186,-3543.2910693306494,-4186.9413513013105
2460815.6694444446,629.5829324038413,-3367.977336883689,-4287.232272680739
2460815.670138889,1068.7593926152163,-3166.0826749854446,-4353.597429305615
2460815.6708333334,1499.4952241323724,-2939.2037398821803,-4385.518991015822
2460815.671527778,1918.3962279725565,-2689.131046644619,-4382.74793534872
2460815.672222222,2322.160562806647,-2417.835341733072,-4345.305758770791
2460815.6729166666,2707.603650470604,-2127.4527570672076,-4273.484336224268
2460815.673611111,3071.682313052226,-1820.2688139049626,-4167.84392799298
2460815.6743055554,3411.518016758104,-1498.7013465756072,-4029.2093293495404
2460815.675,3724.419093950615,-1165.2824161450267,-3858.664155735108
2460815.675694444,4007.9018044428217,-822.6392893120118,-3657.5432552116913
2460815.676388889,4259.710083068841,-473.47457000062104,-3427.423244459269
2460815.6770833335,4477.8338096167445,-120.54558588410552,-3170.1111744177147
2460815.677777778,4660.525434249113,233.3568607448465,-2887.6313383046754
2460815.6784722223,4806.314775502291,585.4302364253557,-2582.2102609652748
2460815.6791666667,4914.021816577551,932.8823684170196,-2256.2599200571526
2460815.679861111,4982.767321940722,1272.95370690346,-1912.359284464661
2460815.6805555555,5011.981112187218,1602.9395705208203,-1553.2342766129927
2460815.68125,5001.4078500485575,1920.2121701354195,-1181.7362963408968
2460815.6819444443,4951.1102143875805,2222.2421925614567,-800.8194754021767
2460815.6826388887,4861.469369470918,2506.6197218718667,-413.5168567598705
2460815.683333333,4733.182671796466,2771.07427221305,-22.9157205974734
2460815.684027778,4567.258594846491,3013.49371362697,367.8677042148
2460815.6847222224,4365.008894579525,3231.9418785875387,755.713883051283
2460815.685416667,4128.038079509119,3424.67465688446,1137.5257079378669
2460815.686111111,3858.230290142956,3590.1544062379567,1510.2540494650714
2460815.6868055556,3557.7337324178593,3727.062531119174,1870.9228599511673
2460815.6875,3228.942840580664,3834.310113596272,2216.653574483216
2460815.6881944444,2874.4783768745174,3911.046508300297,2544.688567073712
2460815.688888889,2497.1656964710733,3956.665846853857,2852.4134428088214
2460815.689583333,2100.011418692557,3970.8114279455617,3137.377973574334
2460815.6902777776,1686.1787576609072,3953.3779968954,3397.3155084761943
2460815.690972222,1258.961764975277,3904.5119452171843,3630.160721175823
2460815.691666667,821.7587303747563,3824.6094818524625,3834.065585426663
2460815.6923611113,378.04497849262214,3714.312844471645,4007.413495033183
2460815.6930555557,-68.65471222965594,3574.5046323695333,4148.83146815739
2460815.69375,-514.7938617919106,3406.3003497724735,4257.200397869962
2460815.6944444445,-956.8320217840917,3211.0392512599474,4331.663325687993
2460815.695138889,-1391.2623081073336,2990.273584248016,4371.631724910297
2460815.6958333333,-1814.6385762745367,2745.7563177511747,4376.78979057671
2460815.6965277777,-2223.602081371932,2479.42744823108,4347.096734067428
2460815.697222222,-2614.9074799694095,2193.398966867629,4282.78708305566
2460815.6979166665,-2985.4480288962627,1889.9385728903587,4184.3689860479235
2460815.698611111,-3332.279833627109,1571.4522193802406,4052.6205210850067
2460815.699305556,-3652.6449975386067,1240.4655791794073,3888.5840084156216
2460815.7,-3943.9935154210984,899.6045249223025,3693.5583289121337
2460815.7006944446,-4204.00374200774,551.5747323471946,3469.089258984639
2460815.701388889,-4430.6012665980625,199.14052130936497,3216.957839276941
2460815.7020833334,-4621.976011991993,-154.89692783436092,2939.166812867028
2460815.702777778,-4776.597378301438,-507.72183160190457,2637.9251859145825
2460815.703472222,-4893.227254583924,-856.5263672270931,2315.6309847050843
2460815.7041666666,-4970.930726231641,-1198.5333500694537,1974.8523162190745
2460815.704861111,-5009.084326595285,-1531.0188288374266,1618.3068568623232
2460815.7055555554,-5007.381697321105,-1851.3343789157507,1248.839932446243
2460815.70625,-4965.836552488222,-2156.928872345525,869.4013751586353
2460815.706944444,-4884.782873952979,-2445.369497125098,483.02137169337175
2460815.707638889,-4764.872301855129,-2714.361804942296,92.78553368565004
2460815.709027778,-4412.640127388778,-3185.6272371493374,-686.787021891688
2460815.7097222223,-4183.147749024245,-3384.1658507438383,-1069.9054504540488
2460815.7104166667,-3920.4327405594813,-3555.8171801735575,-1444.4942455521093
2460815.711111111,-3626.6004229647265,-3699.231040241257,-1807.5735333516027
2460815.7118055555,-3304.0023792673346,-3813.2846297107635,-2156.2592433983064
2460815.7125,-2955.216584480989,-3897.090847564736,-2487.7861842886427
2460815.7131944443,-2583.025814943134,-3950.004545999283,-2799.5299018109254
2460815.7138888887,-2190.3945800303222,-3971.626715549938,-3089.027148609574
2460815.714583333,-1780.4448324343205,-3961.8066226414953,-3353.9948141375266
2460815.715277778,-1356.4306965097414,-3920.6419453881726,-3592.347204305136
2460815.7159722224,-921.7124613818951,-3848.4769712302946,-3802.211576114686
2460815.716666667,-479.7300557479824,-3745.8989349269864,-3981.941870141433
2460815.717361111,-33.97621770585338,-3613.7325849970744,-4130.130597630396
2460815.7180555556,412.0304549568848,-3453.0330708093297,-4245.618862977302
2460815.71875,854.7724018535139,-3265.077243745974,-4327.504513116633
2460815.7194444444,1290.7597916864258,-3051.353463130784,-4375.1484155725075
2460815.720138889,1716.5568682712635,-2813.5499939883734,-4388.178871343571
2460815.720833333,2128.8078284657304,-2553.5420744862854,-4366.494170207452
2460815.7215277776,2524.26210600203,-2273.3777301362215,-4310.263292607259
2460815.722222222,2899.7989453935074,-1975.2624040934145,-4219.92476001318
2460815.722916667,3252.451146440874,-1661.5424705987837,-4096.183630319042
2460815.7236111113,3579.4278515363953,-1334.687700897344,-3940.0066316681095
2460815.7243055557,3878.1362399178893,-997.2727549075007,-3752.615427133348
2460815.725,4146.201982764207,-651.9577793031715,-3535.4780043253704
2460815.7256944445,4381.488301996482,-301.4682033100868,-3290.298189041229
2460815.726388889,4582.113462599724,51.42615815467439,-3019.003294719791
2460815.7270833333,4746.466524829482,403.9325725605203,-2723.7299311985153
2460815.7277777777,4873.221173876995,753.2572806478983,-2406.808021851065
2460815.728472222,4961.347452591333,1096.627654098896,-2070.7430928082886
2460815.7291666665,5010.121223540558,1431.314433076535,-1718.1969342973134
2460815.729861111,5019.131205415285,1754.653845754905,-1351.9667595588758
2460815.730555556,4988.283448900555,2064.0694036342384,-974.9630099550129
2460815.73125,4917.803142668015,2357.0931449077048,-590.1859967007701
2460815.7319444446,4808.233674458001,2631.3861073341204,-200.70158194879252
2460815.732638889,4660.432909505655,2884.757802458542,190.3838622005625
2460815.7333333334,4475.5666873423925,3115.184480332735,579.9489722871193
2460815.734027778,4255.099583495468,3320.82597759597,964.8831191040568
2460815.734722222,4000.7830187262657,3500.0409711518496,1342.1120793360344
2460815.7354166666,3714.6408443036544,3651.400473492022,1708.6233772958294
2460815.736111111,3398.952564596316,3773.699439773795,2061.491037789443
2460815.7368055554,3056.2343887999236,3865.9663851959904,2397.8995031406603
2460815.7375,2689.2183323395216,3927.470941102793,2715.166482235692
2460815.738194444,2300.8296042798884,3957.729311391938,3010.764526784913
2460815.738888889,1894.1625278955398,3956.5076198212596,3282.3411560352397
2460815.7395833335,1472.4552496662232,3923.823165651757,3527.7373766642454
2460815.740277778,1039.063484808362,3859.9436291463517,3745.004477324122
2460815.7409722223,597.4335454818521,3765.384287508992,3932.4190009377576
2460815.7416666667,151.07487825321414,3640.9033157135245,4088.4958273892134
2460815.742361111,-296.46766739268,3487.495258002215,4211.999316022414
2460815.7430555555,-741.6416448163083,3306.3827596148617,4301.952480357636
2460815.74375,-1180.914703703687,3099.006651629989,4357.644177083984
2460815.7444444443,-1610.8020018749187,2867.014481036333,4378.63430223556
2460815.7451388887,-2027.8931825255172,2612.2475728983936,4364.7569925298885
2460815.745833333,-2428.8787585251935,2336.726715916195,4316.121831193663
2460815.746527778,-2810.575769852602,2042.6365497646862,4233.113058923988
2460815.7472222224,-3169.9525613564474,1732.3087422110586,4116.386788805655
2460815.747916667,-3504.152535425498,1408.2040405360103,3966.8662247610678
2460815.748611111,-3810.516724490752,1072.8932888303564,3785.734884633539
2460815.7493055556,-4086.6050221451605,729.037509570074,3574.4278328101263
2460815.7506944444,-4539.404435159909,26.660712871297186,3068.2181806198537
2460815.751388889,-4712.498468016566,-326.27737273431393,2777.3370570689126
2460815.752083333,-4848.112705600113,-676.6389972535046,2464.2921429695502
2460815.7527777776,-4945.160601215936,-1021.6350391211739,2131.576907234879
2460815.753472222,-5002.863843079447,-1358.5179685411617,1781.8438944795812
2460815.754166667,-5020.759309068145,-1684.6042758021529,1417.883420991646
2460815.7548611113,-4998.703367064415,-1997.2964894210259,1042.600960208438
2460815.7555555557,-4936.8734315597685,-2294.1045610938045,658.993416839087
2460815.75625,-4835.766722598279,-2572.666388796106,270.1245187679044
2460815.7569444445,-4696.196212979889,-2830.7672599611874,-120.90042992856186
2460815.757638889,-4519.283789784347,-3066.358006610018,-510.9601764024766
2460815.7583333333,-4306.450700467139,-3277.571677871058,-896.9432546836083
2460815.7590277777,-4059.4053922083294,-3462.7385628488314,-1275.7735634755543
2460815.759722222,-3780.128891616528,-3620.3994196072913,-1644.4355205319077
2460815.7604166665,-3470.857906667393,-3749.3167954289265,-1999.9985385382147
2460815.761111111,-3134.065857533429,-3848.484356748135,-2339.64058890939
2460815.761805556,-2772.442067757888,-3917.134176557418,-2660.6706369704407
2460815.7625,-2388.869355408212,-3954.7419600946796,-2960.5497643451613
2460815.7631944446,-1986.4002792777583,-3961.030215816232,-3236.910814150008
2460815.763888889,-1568.2322839098622,-3935.969406497012,-3487.576434244905
2460815.7645833334,-1137.681990702229,-3879.777134463521,-3710.57541375713
2460815.765277778,-698.1588660322993,-3792.915432999537,-3904.1572401115886
2460815.765972222,-253.13848070789334,-3676.0862468573887,-4066.8048279230825
2460815.7666666666,193.86443981158942,-3530.225191928107,-4197.2453897151045
2460815.767361111,639.3229954578469,-3356.493686655472,-4294.45943550449
2460815.7680555554,1079.7249587621018,-3156.2695475831415,-4357.687899021012
2460815.76875,1511.5993494443085,-2931.1361346127846,-4386.437396292906
2460815.769444444,1931.5425962765075,-2682.870131532595,-4380.483622169098
2460815.770138889,2336.2441707277308,-2413.4280348703564,-4339.8728922915025
2460815.7708333335,2722.51156724671,-2124.9314253844163,-4264.92183285786
2460815.771527778,3087.2945153941764,-1819.6510876967072,-4156.215217031341
2460815.7722222223,3427.7082960151124,-1499.99004825682,-4014.6019433379233
2460815.7729166667,3741.056033894771,-1168.4655987004226,-3841.189147814666
2460815.773611111,4024.849822540911,-827.6903825048815,-3637.3344429433128
2460815.7743055555,4276.830528190338,-480.3526310854354,-3404.636280349033
2460815.775,4494.986109976473,-129.19564722564627,-3144.9224413096786
2460815.7756944443,4677.568280937953,223.00334610228194,-2860.2366746147313
2460815.7763888887,4823.107332433822,573.4548597671476,-2552.8235161807597
2460815.777083333,4930.424940594749,919.3791403766115,-2225.111349475814
2460815.777777778,4998.644779863071,1258.0283481074855,-1879.6937900354455
2460815.7784722224,5027.2007794082765,1586.708722125447,-1519.3095037314215
2460815.779166667,5015.842874807828,1902.8025245764006,-1146.8206034880407
2460815.779861111,4964.640133647881,2203.7895505260394,-765.1897907884727
2460815.7805555556,4873.981162406994,2487.2679784339857,-377.4564420492337
2460815.78125,4744.571738459423,2750.9743370480683,13.288137498396226
2460815.7819444444,4577.429649411512,2992.80237023403,403.9260509292802
2460815.782638889,4373.876764263026,3210.8205892062288,791.3384774870499
2460815.783333333,4135.5284027804055,3403.288320021069,1172.4314043355973
2460815.7840277776,3864.280109945747,3568.6700754151557,1544.1611528473306
2460815.784722222,3562.291981761565,3705.648104827864,1903.5594322604525
2460815.785416667,3231.9707195802052,3813.1330072560168,2247.757668267851
2460815.7861111113,2875.949624342294,3890.2723193814086,2574.010363121208
2460815.7868055557,2497.0667559798017,3936.457026796093,2879.7172751795683
2460815.7875,2098.341503810125,3951.325973299329,3162.444223288594
2460815.7881944445,1682.9498208277485,3934.76817319203,3419.9423512316653
2460815.788888889,1254.198372977078,3886.923056942832,3650.1657181838013
2460815.7895833333,815.4978508030059,3808.178701187116,3851.2871076477627
2460815.7902777777,370.33568113821286,3699.1681109089923,4021.711973720051
2460815.790972222,-77.7516371330398,3560.76363392042,4160.0904672778215
2460815.792361111,-968.4773358350353,3200.4132430536315,4336.590857838857
2460815.793055556,-1404.0475651765094,2981.334093748211,4373.317252774685
2460815.79375,-1828.4615027725044,2738.5717738368908,4375.2164740877915
2460815.7944444446,-2238.351768287671,2474.052437219856,4342.273473703444
2460815.795138889,-2630.4652274606597,2189.87384711747,4274.74848433896
2460815.7958333334,-3001.688261440077,1888.2892049914576,4173.175137390128
2460815.796527778,-3349.071084318496,1571.689809740919,4038.356584413238
2460815.797222222,-3669.8509579866354,1242.5866334100788,3871.3596210719757
2460815.7979166666,-3961.4741394800512,903.5909134259931,3673.5068190285347
2460815.798611111,-4221.616400651999,557.3938601451168,3446.366673049799
2460815.7993055554,-4448.201940858258,206.7456018094861,3191.7417850967413
2460815.8,-4639.420513086719,-145.56649897413027,2911.655121280923
2460815.800694444,-4793.742582164361,-496.7400064029636,2608.3343961820797
2460815.801388889,-4909.932335264975,-843.9798791909498,2284.194663983933
2460815.8020833335,-4987.058375418706,-1184.5210593776144,1941.8192198447346
2460815.802777778,-5024.501942331915,-1515.6509781584068,1583.9389457784466
2460815.8034722223,-5021.962527922953,-1834.7317632666827,1213.4102639698374
2460815.8041666667,-4979.460781877356,-2139.2219289368472,833.191882994206
2460815.804861111,-4897.33863532787,-2426.6973166578923,446.320558848463
2460815.8055555555,-4776.256609000244,-2694.87106984698,55.88610059233855
2460815.80625,-4617.188313215716,-2941.612422521078,-334.9941190965063
2460815.8069444443,-4421.412188815952,-3164.964104403382,-723.2008865530153
2460815.8076388887,-4190.500579405953,-3363.1581813056678,-1105.6388327167224
2460815.808333333,-3926.3062649303124,-3534.6301741299662,-1479.2618134867703
2460815.809027778,-3630.946623241373,-3678.0313275795297,-1841.097724301157
2460815.8097222224,-3306.7856144309135,-3792.2389317890365,-2188.27250663702
2460815.810416667,-2956.4138088775367,-3876.3646296218517,-2518.0331206685755
2460815.811111111,-2582.6266972801222,-3929.7606744963623,-2827.7692836731685
2460815.8118055556,-2188.4015293618586,-3952.024133672059,-3115.0338028017713
2460815.8125,-1776.8729331943696,-3942.999058245763,-3377.5613577058784
2460815.8131944444,-1351.3075601460976,-3902.776664724791,-3613.285620529029
2460815.813888889,-915.0779955867762,-3831.693591520437,-3820.3546256357195
2460815.814583333,-471.6361582584262,-3730.3283081885816,-3997.1443299993125
2460815.8152777776,-24.486392746957172,-3599.495763318516,-4142.270327221927
2460815.815972222,422.84155073987125,-3440.240363529853,-4254.597693007439
2460815.816666667,866.8194877268884,-3253.8273732602383,-4333.248958737173
2460815.8173611113,1303.9475614642745,-3041.7328265564065,-4377.610212588289
2460815.8180555557,1730.780662679831,-2805.632033814471,-4387.33533651345
2460815.81875,2143.9543797573356,-2547.3867614097585,-4362.34838528767
2460815.8194444445,2540.2103539691066,-2269.0311598693515,-4302.84411234016
2460815.820138889,2916.4209265954537,-1972.756506318389,-4209.286643481698
2460815.8208333333,3269.612954039553,-1660.8948287231392,-4082.4062943639174
2460815.8215277777,3596.990661100287,-1335.9014814062061,-3923.1945256453305
2460815.822222222,3895.957396920618,-1000.3367432363086,-3732.897028243743
2460815.8229166665,4164.136147673081,-656.8465157680614,-3513.0049310017143
2460815.823611111,4399.388639533286,-308.14222072064075,-3265.244135305506
2460815.824305556,4599.83286949261,43.020004639036074,-2991.562783264877
2460815.825,4763.858879690378,393.8606814621217,-2694.1168915677276
2460815.8256944446,4890.142598152671,741.5987934729933,-2375.254195797864
2460815.826388889,4977.657565923251,1083.4738580495045,-2037.4962763997125
2460815.8270833334,5025.684378521807,1416.7680800786334,-1683.5190672348072
2460815.827777778,5033.817686420284,1738.828393309327,-1316.131871820581
2460815.828472222,5001.970618722183,2047.0881759055067,-938.2550461244922
2460815.8291666666,4930.3765228466345,2339.08842102339,-552.8965323926197
2460815.829861111,4819.587946043188,2612.4981371484787,-163.12745717945035
2460815.8305555554,4670.472822529164,2865.1337563067627,227.94297232985704
2460815.83125,4484.207869945914,3094.97733630164,617.1930227579944
2460815.831944444,4262.26924228272,3300.193354273402,1001.5141731064057
2460815.832638889,4006.420526894547,3479.1439110171946,1377.8367697582532
2460815.834027778,3401.394803276565,3752.764020518475,2094.55322042632
2460815.8347222223,3057.0397394669067,3845.257505465777,2429.226504678965
2460815.8354166667,2688.3784029958383,3907.1505418290453,2744.5066631576656
2460815.836111111,2298.3493879907483,3937.9562980639635,3037.882050881148
2460815.8368055555,1890.0603206851276,3937.4365780127337,3307.0178744779314
2460815.8375,1466.7624685645833,3905.603109776431,3549.7745548591474
2460815.8381944443,1031.8243934415848,3842.716797464601,3764.224351942208
2460815.8388888887,588.704889983049,3749.284995988867,3948.6661601044852
2460815.839583333,140.92543950057666,3626.056882717143,4101.638407054827
2460815.840277778,-307.95760416298907,3474.0170098520694,4221.930009498568
2460815.8409722224,-754.3808989618898,3294.377126235916,4308.589357683934
2460815.841666667,-1194.8018846521456,3088.5663597811217,4360.931312832489
2460815.842361111,-1625.726270352527,2858.219850460603,4378.542211043865
2460815.8430555556,-2043.7350839441767,2605.165920530539,4361.28287171149
2460815.84375,-2445.511130419862,2331.4118686009224,4309.289610188506
2460815.8444444444,-2827.864717873814,2039.1284680384238,4222.973254779792
2460815.845138889,-3187.758500892481,1730.633254966993,4103.016167544888
2460815.845833333,-3522.3312959065724,1408.3726879601531,3950.3672676913948
2460815.8465277776,-3828.920708410074,1074.9032728471143,3766.235059694097
2460815.847222222,-4105.084410952092,732.8717494978052,3552.0786716546286
2460815.847916667,-4348.619898252422,384.9944528544301,3309.5969191894883
2460815.8486111113,-4557.582539962151,34.035975489893964,3040.7154240337754
2460815.8493055557,-4730.301750180618,-317.21272728921576,2747.5718320031297
2460815.85,-4865.395090889314,-665.9566280662759,2432.4991981358567
2460815.8506944445,-4961.780132782923,-1009.419132273273,2098.007634267405
2460815.851388889,-5018.68391268447,-1344.864609188549,1746.7643329750306
2460815.8520833333,-5035.649839418663,-1669.6207301214572,1381.572125814674
2460815.8527777777,-5012.541931810993,-1981.1004037350413,1005.3467445665943
2460815.853472222,-4949.546298890957,-2276.8230772676443,621.0929960448872
2460815.8541666665,-4847.16981072106,-2554.435182535543,231.88007434428692
2460815.854861111,-4706.235947421493,-2811.729505025758,-159.1837394354904
2460815.855555556,-4527.877854750971,-3046.663270927459,-548.9767324965126
2460815.85625,-4313.528679356273,-3257.374757856057,-934.3894965625603
2460815.8569444446,-4064.9092928287223,-3442.1982655301126,-1312.350482577328
2460815.857638889,-3784.0135578539794,-3599.6772995379765,-1679.8511018999984
2460815.8583333334,-3473.091314780028,-3728.5758597910904,-2033.9701299236344
2460815.859027778,-3134.6293030962415,-3827.887748406791,-2371.897170815999
2460815.859722222,-2771.330244005946,-3896.843849527573,-2690.95497788738
2460815.8604166666,-2386.09033304672,-3934.9173594846075,-2988.6204389186014
2460815.861111111,-1981.9753873993361,-3941.8269775753556,-3262.544075418245
2460815.8618055554,-1562.1959019788364,-3917.5380897856785,-3510.5679241944754
2460815.8625,-1130.081256447694,-3862.262000792042,-3730.741704320495
2460815.863194444,-689.0533004784461,-3776.453284533464,-3921.33720001774
2460815.863888889,-242.59953970519675,-3660.8053363167455,-4080.86080830609
2460815.8645833335,205.75389111870868,-3516.2442134682965,-4208.0642290823
2460815.865277778,652.4692758487339,-3343.920858492567,-4301.95328024255
2460815.8659722223,1094.0242399826368,-3145.2017907282366,-4361.794842039725
2460815.8666666667,1526.9383917314708,-2921.6583560917065,-4387.121931581017
2460815.867361111,1947.7995562985986,-2675.0546135144928,-4377.736917017734
2460815.8680555555,2353.289478542062,-2407.333933004659,-4333.712876638338
2460815.86875,2740.2088726972656,-2120.604376354072,-4255.393105653154
2460815.8694444443,3105.501702310157,-1817.1229251395353,-4143.3887687698825
2460815.8701388887,3446.2785616667156,-1499.2786247603372,-3998.574693391206
2460815.870833333,3759.8390270384652,-1169.574713274583,-3822.0832962080954
2460815.871527778,4043.692836911044,-830.6098076226075,-3615.296634388409
2460815.8722222224,4295.5797411966205,-485.05823734848207,-3379.83658044055
2460815.872916667,4513.487855295436,-135.64962405237,-3117.553126849184
2460815.873611111,4695.670345400981,214.85218035828697,-2830.510837978728
2460815.8743055556,4840.660260775936,563.6706572639843,-2520.973490702394
2460815.8756944444,5014.668577457952,1245.2199023233436,-1844.3604375098585
2460815.876388889,5042.256490245714,1572.5322513099813,-1482.6461021991674
2460815.877083333,5029.804766603296,1887.3683824664358,-1109.1173755281307
2460815.8777777776,4977.39134591136,2187.217817064565,-726.7459458811119
2460815.878472222,4885.41473675041,2469.6875754184953,-338.5777579220996
2460815.879166667,4754.591552161879,2732.522072999898,52.29180992217735
2460815.8798611113,4585.951241936451,2973.621916578059,442.74333175246255
2460815.8805555557,4380.828049147454,3191.0613928091666,829.6590246567096
2460815.88125,4140.850258439501,3383.104459540128,1209.9484780838782
2460815.8819444445,3867.9268463681324,3548.2190682091377,1580.5741498331504
2460815.882638889,3564.231682432814,3685.0896732344127,1938.5763629671146
2460815.8833333333,3232.185459973962,3792.6278145485035,2281.0975528170416
2460815.8840277777,2874.435569740331,3869.9806869774884,2605.40552289502
2460815.884722222,2493.8341420471884,3916.5376451148963,2908.9155001997437
2460815.8854166665,2093.414508347312,3931.934618853481,3189.2107947323752
2460815.886111111,1676.3663280800736,3916.0564460407927,3444.0619075552027
2460815.886805556,1246.0096414476056,3869.037151555653,3671.4439487101417
2460815.8875,805.7680859960998,3791.258223993773,3869.5522669236148
2460815.8881944446,359.14152124901307,3683.344956928912,4036.8162076073563
2460815.888888889,-90.3217197573347,3546.1609336294546,4171.910946609014
2460815.8895833334,-539.0527412477906,3380.800742370877,4273.767362528869
2460815.890277778,-983.4899748528678,3188.581009495611,4341.579929065385
2460815.890972222,-1420.1068638089168,2971.029843066115,4374.812614196757
2460815.8916666666,-1845.439186582146,2729.874772762533,4373.202784845943
2460815.892361111,-2256.1118626126236,2467.0292730637007,4336.763115506586
2460815.8930555554,-2648.865097668957,2184.5779499331375,4265.781500905836
2460815.89375,-3020.5797161370174,1884.7604769958662,4160.81897259198
2460815.894444444,-3368.3015391310187,1569.9543599901933,4022.7056183142786
2460815.895138889,-3689.2646505256107,1242.6566193256122,3852.534504756281
2460815.8958333335,-3980.91339353446,905.4644818724344,3651.653606008372
2460815.896527778,-4240.922923629374,561.0551917661345,3421.655750961873
2460815.8972222223,-4467.218147192627,212.16505235063673,3164.366608180374
2460815.8979166667,-4657.9908591629255,-138.4321615667386,2881.8307480773847
2460815.898611111,-4811.714897499109,-487.9472696126018,2576.2958400679804
2460815.8993055555,-4927.159135984635,-833.5980628506389,2250.1950632813605
2460815.9,-5003.398142667842,-1172.6318014379287,1906.1278407781194
2460815.9006944443,-5039.820349892695,-1502.3476303861487,1546.839033760116
2460815.9013888887,-5036.1336040871765,-1820.1187018607682,1175.1967573608963
2460815.902083333,-4992.367990343395,-2123.413777900246,794.169014039484
2460815.902777778,-4908.875862689577,-2409.818089626135,406.7993612897979
2460815.9034722224,-4786.3290480794585,-2677.053231527369,16.18185149974311
2460815.904166667,-4625.713232871134,-2922.9958766327227,-374.5645003057455
2460815.904861111,-4428.319584930387,-3145.6951110227174,-762.3214509989028
2460815.9055555556,-4195.733703049489,-3343.3882120953413,-1143.99720145235
2460815.90625,-3929.8220263807334,-3514.514713627828,-1516.5517363537792
2460815.9069444444,-3632.7158731067293,-3657.728630088506,-1877.0215720811339
2460815.907638889,-3306.793304740457,-3771.908745069866,-2222.5436726919456
2460815.908333333,-2954.6590392771504,-3856.166897476712,-2550.378309712078
2460815.9090277776,-2579.1226508714967,-3909.8542317841902,-2857.930669714122
2460815.909722222,-2183.175306265048,-3932.5654070831674,-3142.771038319233
2460815.910416667,-1769.965286423461,-3924.1407872317122,-3402.653422443823
2460815.9111111113,-1342.7725424658338,-3884.666656289056,-3635.532497740952
2460815.9118055557,-904.9825221347555,-3814.4735225980103,-3839.5787991305715
2460815.9125,-460.05948724346837,-3714.1325875000252,-4013.1920976990527
2460815.9131944445,-11.51953527977666,-3584.4504653533827,-4155.012924875494
2460815.913888889,437.0964974770093,-3426.4622429173087,-4263.932230242232
2460815.9145833333,882.2500745996674,-3241.42296946373,-4339.099163994136
2460815.9152777777,1320.4317922267724,-3030.7976641770024,-4379.926988696608
2460815.915972222,1748.187867299291,-2796.2499234700513,-4386.097126520649
2460815.917361111,2559.0415665167675,-2262.9568617219493,-4294.542112812967
2460815.918055556,2935.740793688472,-1968.4109859902956,-4197.531044506199
2460815.91875,3289.2661727234063,-1658.3101422280915,-4067.285565807888
2460815.9194444446,3616.818602728273,-1335.0960423416532,-3904.823657257786
2460815.920138889,3915.799354035094,-1001.3152420644884,-3711.416749013191
2460815.9208333334,4183.830622770151,-659.5999377852098,-3488.5807353989762
2460815.921527778,4418.774670290944,-312.64795478080515,-3238.0651138902945
2460815.922222222,4618.7513737817,36.79796371564088,-2961.840262788909
2460815.9229166666,4782.15401107448,385.9714454105,-2662.082883907752
2460815.923611111,4907.663093286651,732.1042053464796,-2341.15966489369
2460815.9243055554,4994.258069318098,1072.448033638404,-2001.6092297053845
2460815.925,5041.226727402448,1404.2968672229626,-1646.12248303968
2460815.925694444,5048.172138591089,1725.008749396398,-1277.5214778721358
2460815.926388889,5015.017007526089,2032.0274654541297,-898.7369665661735
2460815.9270833335,4942.005324124521,2322.9036349380735,-512.7848233889436
2460815.927777778,4829.7012435457855,2595.315035880314,-122.74155393603074
2460815.9284722223,4678.985160376903,2847.0859394200697,268.280871663644
2460815.9291666667,4491.046983012749,3076.2052424250187,657.1606098352905
2460815.929861111,4267.376658173175,3280.8431961932106,1040.7916907165106
2460815.9305555555,4009.752035842865,3459.3665523093605,1416.1096537000228
2460815.93125,3720.224204023348,3610.3519689710715,1780.1168040031969
2460815.9319444443,3401.100463390189,3732.597546308038,2129.906825578772
2460815.9326388887,3054.925133440813,3825.1323949665702,2462.688512985575
2460815.933333333,2684.4584169514083,3887.224166476104,2775.808389892418
2460815.934027778,2292.6535609033904,3918.384509609154,3066.772015814616
2460815.9347222224,1882.6325602420977,3918.3724445728653,3333.2638094085987
2460815.935416667,1457.660662779969,3887.195672186385,3573.1652384184026
2460815.936111111,1021.1199243588851,3825.1098598784324,3784.5712612840302
2460815.9368055556,576.4820541396348,3732.615963525483,3965.804931817658
2460815.9375,127.28078187568434,3610.4556581473075,4115.430100306939
2460815.9381944444,-322.9160367818898,3459.6049606339307,4232.262167002794
2460815.938888889,-770.5343827944611,3281.2661310775006,4315.376862566992
2460815.939583333,-1212.0219179172952,3076.8579427136697,4364.117039594758
2460815.9402777776,-1643.8755447612054,2848.0044079891427,4378.097469839365
2460815.940972222,-2062.668523187162,2596.5220477153307,4357.207645196421
2460815.941666667,-2465.076996461878,2324.405785079818,4301.61258277868
2460815.9423611113,-2847.9057779929326,2033.813547417024,4211.751633821357
2460815.9430555557,-3208.1132546133017,1727.0496553529583,4088.335295443193
2460815.94375,-3542.835252187064,1406.547085544847,3932.3400251623248
2460815.9444444445,-3849.4077081907853,1074.8486951916468,3745.0010595434424
2460815.945138889,-4125.387984951762,734.5875070273787,3527.803243554545
2460815.9458333333,-4368.574647480035,388.46616823202277,3282.4698882648386
2460815.9465277777,-4577.025528115222,39.23570637085218,3010.949685042736
2460815.947222222,-4749.07389155041,-310.32627175927615,2715.4017257593327
2460815.9479166665,-4883.342518110985,-657.4377776644506,2398.1786990868204
2460815.948611111,-4978.755529681988,-999.3348582377687,2061.8083564084736
2460815.949305556,-5034.547793016568,-1333.2940340052498,1708.973373022328
2460815.95,-5050.271757172057,-1656.6545497409618,1342.489756889078
2460815.9506944446,-5025.8016069570285,-1966.8402224531421,965.2839807409657
2460815.951388889,-4961.334644535517,-2261.3806562171458,580.3690509197104
2460815.9520833334,-4857.389850327125,-2537.931602872599,190.81974026270436
2460815.952777778,-4714.803611435251,-2794.29425274993,-200.25276989162796
2460815.953472222,-4534.722651113808,-3028.4332426810774,-589.7265680228177
2460815.9541666666,-4318.594231889269,-3238.493197733987,-974.4947493570896
2460815.954861111,-4068.153747003871,-3422.813637405588,-1351.490939143871
2460815.9555555554,-3785.409853398209,-3579.94210512186,-1717.7143377594311
2460815.95625,-3472.6273301022247,-3708.645411107272,-2070.254039408945
2460815.956944444,-3132.307873614825,-3807.9189078992586,-2406.3123920511434
2460815.957638889,-2767.1690629096256,-3876.993749061999,-2723.227188711349
2460815.959027778,-1974.2460541708374,-3922.680397828525,-3289.77804846527
2460815.9597222223,-1552.7664214674203,-3898.9704317048677,-3534.9468430301395
2460815.9604166667,-1119.0256416665977,-3844.4187343404456,-3752.071237840259
2460815.961111111,-676.4584027279728,-3759.4739187912905,-3939.4470879064484
2460815.9618055555,-228.56438518938415,-3644.822302910052,-4095.606112667559
2460815.9625,221.11883337936533,-3501.3818224063248,-4219.326388400459
2460815.9631944443,669.0429014284323,-3330.2943336011303,-4309.640968524597
2460815.9638888887,1111.6756815198744,-3132.9163943858825,-4365.844630105861
2460815.964583333,1545.5279597045662,-2910.80860781017,-4387.498752406598
2460815.965277778,1967.1797462273462,-2665.7236063588953,-4374.434334878338
2460815.9659722224,2373.3060408621536,-2399.592751739361,-4326.753160231222
2460815.966666667,2760.7019488141555,-2114.511615064995,-4244.827104603804
2460815.967361111,3126.307017781404,-1812.7243079081668,-4129.295593206612
2460815.9680555556,3467.2286777782483,-1496.606724604694,-3981.061194961394
2460815.96875,3780.7646440726285,-1168.6487671840584,-3801.283348606681
2460815.9694444444,4064.424137598398,-831.4356291141241,-3591.3702145022744
2460815.970138889,4315.947769954651,-487.62821883811233,-3352.968647436902
2460815.970833333,4533.325918648804,-139.94282888623775,-3087.9523011036395
2460815.9715277776,4714.815419656082,208.86983751630618,-2798.4078834240586
2460815.972222222,4858.954393772601,556.0461472227905,-2486.6196025666286
2460815.972916667,4964.57502254722,898.8313677223745,-2155.0518697207517
2460815.9736111113,5030.814099735366,1234.5016812887868,-1806.3303416524031
2460815.9743055557,5057.1211898154625,1560.3861833983663,-1443.2214285272362
2460815.975,5043.264250308197,1873.8886681090319,-1068.6104065120214
2460815.9756944445,4989.332595589474,2172.5089784273496,-685.4783168724606
2460815.976388889,4895.737113969798,2453.863701585999,-296.87785287070585
2460815.9770833333,4763.207684066058,2715.7059878391588,94.09154081110621
2460815.9777777777,4592.787779006133,2955.944269852454,484.3091024759043
2460815.978472222,4385.826286450851,3172.659680948087,870.658467398459
2460815.9791666665,4143.966615991461,3364.121979698226,1250.0533899237257
2460815.979861111,3869.133207167309,3528.803812082809,1619.4632029182612
2460815.980555556,3563.5155875001446,3665.393169717279,1975.937752161796
2460815.98125,3229.550165578115,3772.8039295197445,2316.6315513727027
2460815.9819444446,2869.899968476689,3850.1843927617533,2638.8269256095723
2460815.982638889,2487.432557608075,3896.9237703506087,2939.9559282860014
2460815.9833333334,2085.1963680348636,3912.6565927670513,3217.6208466428284
2460815.984027778,1666.3957248536394,3897.265050161128,3469.61313659218
2460815.984722222,1234.364788250324,3850.8792928554253,3693.9306581607702
2460815.9854166666,792.5406743173326,3773.8757425929994,3888.7931094245673
2460815.986111111,344.43599025084325,3666.873481627246,4052.655582275873
2460815.9868055554,-106.38900015792848,3530.72879648778,4184.2201898418325
2460815.9875,-556.3543659183147,3366.5279630281457,4282.44572796514
2460815.988194444,-1001.8884731501751,3175.5783584322967,4346.555354911308
2460815.988888889,-1439.455741163161,2959.397990600805,4376.042277221145
2460815.9895833335,-1865.5840346673037,2719.7035290773433,4370.673440136389
2460815.990277778,-2276.8915336546934,2458.396923625984,4330.4912214263895
2460815.9909722223,-2670.1129392860216,2177.5506888083605,4255.813129026978
2460815.9916666667,-3042.12486350571,1879.391938147115,4147.229501949072
2460815.992361111,-3389.97025746028,1566.28524722234,4005.59921347951
2460815.9930555555,-3710.8817215944487,1240.7144330272229,3832.043377019554
2460815.99375,-4002.3035341908007,905.2633442118953,3627.9370594907664
2460815.9944444443,-4261.912230907431,562.5957628018609,3394.899011647899
2460815.9951388887,-4487.635550198159,215.43454301786574,3134.779442793931
2460815.995833333,-4677.669568294,-133.45988652111086,2849.645874263451
2460815.996527778,-4830.493832876684,-481.3114973467827,2541.767136360846
2460815.9972222224,-4944.884318661347,-825.3509479750339,2213.595588359369
2460815.997916667,-5019.92403121681,-1162.837991326353,1867.7476753552871
2460815.998611111,-5055.011105581774,-1491.0838010549248,1506.9829606842197
2460815.9993055556,-5049.864268180753,-1807.4730049752468,1134.181798669913
2460816.0006944444,-4919.360244464548,-2394.715712620316,364.45364958393344
2460816.001388889,-4795.053897961193,-2660.895432868053,-26.324517519267133
2460816.002083333,-4632.606649153905,-2905.9094195292187,-416.8921907559181
2460816.0027777776,-4433.324667250734,-3127.8141712962392,-804.132480075702
2460816.003472222,-4198.808967364116,-3324.853329880977,-1184.9577200461297
2460816.004166667,-3930.94167923912,-3495.4716790931534,-1556.3347602803174
2460816.0048611113,-3631.869944814346,-3638.327315061121,-1915.3096417506076
2460816.0055555557,-3303.987648639414,-3752.30188883943,-2259.0314114301395
2460816.00625,-2949.9152032479547,-3836.508859548188,-2584.774858896474
2460816.0069444445,-2572.4776284569766,-3890.2997248095226,-2889.961980912522
2460816.007638889,-2174.6811745201207,-3913.2682237822546,-3172.1820061115
2460816.0083333333,-1759.6887426847672,-3905.2525351494564,-3429.2098411954576
2460816.0090277777,-1330.7943431821182,-3866.3355150630273,-3659.022835306263
2460816.009722222,-891.3968356734808,-3796.8430372232506,-3859.8157763923105
2460816.0104166665,-444.9731660652182,-3697.3405110028825,-4030.0140698069554
2460816.011111111,4.948689934748654,-3568.627661981056,-4168.285061987486
2460816.011805556,454.8168928968986,-3411.7316631158196,-4273.547494224895
2460816.0125,901.0828475579345,-3227.8987048203276,-4344.979082084237
2460816.0131944446,1340.2281019628854,-3018.5840892061656,-4382.022223893724
2460816.013888889,1768.7908994369543,-2785.440929799988,-4384.3878449837275
2460816.0145833334,2183.3922582251653,-2530.307531110571,-4352.057384733171
2460816.015277778,2580.761457681954,-2255.1935172812005,-4285.282929902658
2460816.015972222,2957.760805790864,-1962.2647790891783,-4184.585494905965
2460816.0166666666,3311.409573423191,-1653.8272976294695,-4050.751443488721
2460816.017361111,3638.906954445885,-1332.309917296741,-3884.8270459332252
2460816.0180555554,3937.6539176080005,-1000.24613437509,-3688.1111628729964
2460816.01875,4205.2737935703535,-660.2549846165563,-3462.146052378824
2460816.019444444,4439.631436343096,-315.0211187658802,-3208.7063011369037
2460816.020138889,4638.850781917652,32.72582301906295,-2929.7858960624058
2460816.0208333335,4801.330624572529,380.2324139420882,-2627.583466816398
2460816.021527778,4925.758426848133,724.7430762354062,-2304.4857511507016
2460816.0222222223,5011.121981663202,1063.52198561093,-1963.0493601302228
2460816.0229166667,5056.7187540445975,1393.875059811056,-1605.9809504244524
2460816.023611111,5062.162747650445,1713.1718378077944,-1236.1159325854182
2460816.0243055555,5027.388760845759,2018.8670319615485,-856.3958850881631
2460816.025,4952.653928343645,2308.5215393560843,-469.8448592306781
2460816.0256944443,4838.536477522897,2579.8226837040434,-79.54479823881955
2460816.0263888887,4685.9316678495225,2830.603470170071,311.3896939493917
2460816.027083333,4496.0449215817425,3058.860640971958,699.8369800048063
2460816.027777778,4270.38219930647,3262.771330105701,1082.6941417737262
2460816.0284722224,4010.7377126183005,3440.708141215462,1456.9025924632133
2460816.029166667,3719.1791085686737,3591.2524916003654,1819.4732778265675
2460816.029861111,3398.0302925275564,3713.206096365507,2167.5112112741103
2460816.0305555556,3049.8520925444727,3805.600492740649,2498.239094699579
2460816.03125,2677.4209851439236,3867.704539869161,2809.0198069863873
2460816.0319444444,2283.7061258193485,3899.0298564258355,3097.3775587047694
2460816.032638889,1871.844932929236,3899.334189189456,3361.017543920451
2460816.033333333,1445.1174806090346,3868.6227308232683,3597.8439450991514
2460816.0340277776,1006.9199491565541,3807.14742797398,3805.9761786512277
2460816.034722222,560.7373759666979,3715.404338538362,3983.76329322221
2460816.035416667,110.11593486764728,3594.129110403883,4129.796458797684
2460816.0361111113,-341.3650399000645,3444.2906636696202,4242.919503935536
2460816.0368055557,-790.121093646165,3267.0831608610974,4322.237477676472
2460816.0375,-1232.590566376606,3063.9163545283377,4367.123220409573
2460816.0381944445,-1665.2622199951054,2836.4043977237266,4377.221939957153
2460816.038888889,-2084.7024193894235,2586.353201808432,4352.4537910908975
2460816.0395833333,-2487.5817190262837,2315.746422227718,4293.014458364464
2460816.0402777777,-2870.7007030049235,2026.7301555501879,4199.37374268981
2460816.040972222,-3231.014940627421,1721.5964213522086,4072.2721494934835
2460816.042361111,-3871.96861537804,1072.7673544934942,3721.9674264302257
2460816.043055556,-4147.503102490367,734.2217984987259,3501.540177685914
2460816.04375,-4390.064066680224,389.8182555498332,3253.183056940553
2460816.0444444446,-4597.714001903233,42.294501628836365,2978.8692194223927
2460816.045138889,-4768.792328027966,-305.58502677094947,2680.780461229889
2460816.0458333334,-4901.929435948805,-651.0513408039615,2361.290213847301
2460816.046527778,-4996.058457417776,-991.3532258317324,2022.9448212915706
2460816.047222222,-5050.424595519429,-1323.779591379431,1668.443225339005
2460816.0479166666,-5064.591871138687,-1645.681630832692,1300.6152186421036
2460816.048611111,-5038.4471698973475,-1954.4945785669106,922.3984425788644
2460816.0493055554,-4972.201503248977,-2247.7588344338524,536.8143459344187
2460816.05,-4866.3884364039295,-2523.140236192287,146.94333264567015
2460816.050694444,-4721.859675431439,-2778.449260307272,-244.1006479512683
2460816.051388889,-4539.777848242867,-3011.658946919349,-633.1958062112892
2460816.0520833335,-4321.606555888765,-3220.9213614568775,-1017.2382435220978
2460816.052777778,-4069.0978123857853,-3404.5824265188426,-1393.1674390292405
2460816.0534722223,-3784.2770279655288,-3561.1949857888735,-1757.9912303390115
2460816.0541666667,-3469.4257225048823,-3689.529990749429,-2108.8100402849504
2460816.054861111,-3127.062181571332,-3788.5857314333093,-2442.8401208947
2460816.0555555555,-2759.9202931658297,-3857.5950618334527,-2757.4356035101287
2460816.05625,-2370.926806095825,-3896.030604647094,-3050.1091818677664
2460816.0569444443,-1963.1772619597268,-3903.607943786574,-3318.551275646681
2460816.0576388887,-1539.9108539098158,-3880.286838612384,-3560.6475511946487
2460816.058333333,-1104.4844494129425,-3826.270514650529,-3774.4947108803435
2460816.059027778,-660.3460086199653,-3742.0030998543753,-3958.4144831989606
2460816.0597222224,-211.0076121009672,-3628.1652869975187,-4110.965771072069
2460816.060416667,239.9817110657454,-3485.66830749943,-4230.9549362664475
2460816.061111111,689.0631731050307,-3315.646305777844,-4317.444208614917
2460816.0618055556,1132.6952816840821,-3119.447199535027,-4369.758222656907
2460816.0625,1567.3806145450271,-2898.62210793456,-4387.488686647786
2460816.0631944444,1989.692179102552,-2654.9134267774116,-4370.497190869818
2460816.063888889,2396.299240549369,-2390.2416188274037,-4318.916161350033
2460816.064583333,2783.992490557541,-2106.690789796961,-4233.14796036936
2460816.0652777776,3149.7084412227387,-1806.4931103260594,-4113.862130967605
2460816.065972222,3490.5529102140945,-1492.0121523534476,-3961.9907800141277
2460816.066666667,3803.8234659000755,-1165.7252038899087,-3778.7220909532025
2460816.0673611113,4087.0306806958015,-830.2046402917639,-3565.491960819904
2460816.0680555557,4337.918036167911,-488.09843503701745,-3323.9737590737577
2460816.06875,4554.480306789279,-142.10991258517208,-3056.0662184817675
2460816.0694444445,4734.9802452339345,205.02314211924522,-2763.879480225626
2460816.070138889,4877.963384740384,550.5498823467794,-2449.7193353195858
2460816.0708333333,4982.270773662227,891.7281499155383,-2116.069729725393
2460816.0715277777,5047.049465632258,1225.8464050172768,-1765.5736244204452
2460816.072222222,5071.760600213913,1550.2456456946054,-1401.0123299056597
2460816.0729166665,5056.184927793797,1862.3411075547726,-1025.2834696441973
2460816.073611111,5000.425660255206,2159.6435323465753,-641.3777467414543
2460816.074305556,4904.908559530764,2439.7797788618022,-252.35472518008433
2460816.075,4770.37921362032,2700.5125570457644,138.68214827503658
2460816.0756944446,4597.897490108195,2939.7590661810846,528.6110299147314
2460816.076388889,4388.829198723504,3155.6083331547084,914.3174126991285
2460816.0770833334,4144.835038725767,3346.337060304969,1292.7198354781865
2460816.077777778,3867.856944153992,3510.4238186784305,1660.7953028251927
2460816.078472222,3560.101983708797,3646.5614424146615,2015.604145890697
2460816.0791666666,3224.0239982504295,3753.6675153096,2354.314079204471
2460816.079861111,2862.3031909793326,3830.892866378545,2674.22321794003
2460816.0805555554,2477.823902417325,3877.6280241929016,2972.7818477345613
2460816.08125,2073.650821958593,3893.5076081964003,3247.6127598808935
2460816.081944444,1653.0038813272463,3878.412664638823,3496.5300033202866
2460816.082638889,1219.232090588571,3832.470976227241,3717.555920485831
2460816.084027778,326.19293023413786,3649.7802754845443,4069.154079665458
2460816.0847222223,-125.9765224957407,3514.496051275051,4196.94002516433
2460816.0854166667,-577.130979666509,3351.2820946763895,4291.282893804876
2460816.086111111,-1023.689103603634,3161.4378900439588,4351.436523291
2460816.0868055555,-1462.1068660770336,2946.4726401892694,4376.925362690454
2460816.0875,-1888.905001785417,2708.0933804412657,4367.547933975513
2460816.0881944443,-2300.6959397960836,2448.1916824101013,4323.378297001972
2460816.0888888887,-2694.2100626175024,2168.829028055613,4244.765517450138
2460816.089583333,-3066.321144343195,1872.2209343368518,4132.331137749421
2460816.090277778,-3414.07082105406,1560.7199067564068,3986.9646495999573
2460816.0909722224,-3734.6919335490206,1236.7973092665145,3809.81696900955
2460816.091666667,-4025.6305787753286,903.0242434731098,3602.2919188601245
2460816.092361111,-4284.56669775904,562.0515406571487,3366.035731175107
2460816.0930555556,-4509.43301808166,216.5889867033327,3102.924594865865
2460816.09375,-4698.43216671893,-130.61608620561412,2815.050289903649
2460816.0944444444,-4850.051766482899,-476.80068758993554,2504.703970829155
2460816.095138889,-4963.07733491227,-819.2083667503938,2174.358185386999
2460816.095833333,-5036.602813264565,-1155.1115305466146,1826.6472443735358
2460816.0965277776,-5070.038572666242,-1481.8336808416286,1464.346082648184
2460816.097222222,-5063.116765851671,-1796.7713540996212,1090.3477853407787
2460816.097916667,-5015.89392426154,-2097.4155439428446,707.6399750083876
2460816.0986111113,-4928.750734020254,-2381.3723809931194,319.2802842177928
2460816.0993055557,-4802.388964978225,-2646.382847874309,-71.62884070709272
2460816.1,-4637.825566350686,-2890.3413226485695,-461.9657524975602
2460816.1006944445,-4436.383988264953,-3111.312748348538,-848.6153564964808
2460816.101388889,-4199.682826843434,-3307.548257085144,-1228.4947411837402
2460816.1020833333,-3929.6219317108676,-3477.4990948828226,-1598.5784165559005
2460816.1027777777,-3628.366148413851,-3619.8287243210534,-1955.9229061788028
2460816.103472222,-3298.3269005227135,-3733.4230104905314,-2297.690451454762
2460816.1041666665,-2942.1418326643516,-3817.3984300600537,-2621.1716162398434
2460816.104861111,-2562.6527597647005,-3871.1082692866717,-2923.8065950785613
2460816.105555556,-2162.882170331074,-3894.146809111782,-3203.205064514582
2460816.10625,-1746.0085349616531,-3886.3515197948814,-3457.164443336515
2460816.1069444446,-1315.3406666965318,-3847.8033097178636,-3683.686456707032
2460816.107638889,-874.2913683006732,-3778.824890648159,-3880.991927426439
2460816.1083333334,-426.35058687204224,-3679.977334261961,-4047.533741969278
2460816.109027778,24.941716997534847,-3552.054903915622,-4182.007958495465
2460816.109722222,476.0228076380729,-3396.0782471872567,-4283.363044825632
2460816.1104166666,923.3343490167224,-3213.2860363359705,-4350.807240812689
2460816.111111111,1363.3493653626492,-3005.1251410904424,-4383.8140497625955
2460816.1118055554,1792.5988543611454,-2773.239411603745,-4382.125866681747
2460816.1125,2207.697926027253,-2519.457144299372,-4345.755749140863
2460816.113194444,2605.3713400933248,-2245.7773020710197,-4274.987334717602
2460816.113888889,2982.4783310370194,-1954.3545473386264,-4170.372903798663
2460816.1145833335,3336.036584412404,-1647.4831579443191,-4032.7295837202096
2460816.115277778,3663.2452400706147,-1327.5798859362556,-3863.133685923471
2460816.1159722223,3961.506774284989,-997.1658334683254,-3662.9131695595624
2460816.1166666667,4228.4476088648125,-658.8474236032511,-3433.638226806738
2460816.117361111,4461.9372802552025,-315.29655878465485,-3177.1099935226016
2460816.1180555555,4660.105991260979,30.769923185953953,-2895.3474027697252
2460816.11875,4821.360364801352,376.6113730963806,-2590.5722121487865
2460816.1194444443,4944.397211378977,719.4848843742191,-2265.1922634799253
2460816.1201388887,5028.21513099891,1056.6671171592486,-1921.783051536257
2460816.120833333,5072.123775449411,1385.4762066778183,-1563.0677121961687
2460816.121527778,5075.750615738765,1703.2935569624487,-1191.8955679404887
2460816.1222222224,5039.045082230116,2007.585311675184,-811.2193938449138
2460816.122916667,4962.2799739740185,2295.9232764329945,-424.0716056567879
2460816.123611111,4846.0500690050685,2566.0050767575694,-33.53958209739084
2460816.1243055556,4691.267906519722,2815.673325930411,357.2596305485093
2460816.1256944444,4271.240808248943,3245.9709842088487,1127.1971563175334
2460816.126388889,4009.3327454991145,3423.1651262227856,1500.1841902042818
2460816.127083333,3715.5187272350036,3573.1034544930326,1861.1865778553586
2460816.1277777776,3392.1410627296113,3694.5926247815173,2207.3217327575385
2460816.128472222,3041.778712734388,3786.6679851932067,2535.827488288009
2460816.129166667,2667.225866314075,3848.6010322032016,2844.084441950754
2460816.1298611113,2271.4688307060583,3879.9048177028503,3129.636945698553
2460816.1305555557,1857.6614848731801,3880.3373000920683,3390.212574553375
2460816.13125,1429.0995554836827,3849.9026584199787,3623.739931307476
2460816.1319444445,989.1939574915023,3788.850610992549,3828.3646821070147
2460816.132638889,541.4434485368066,3697.6737968947455,4002.463733706938
2460816.1333333333,89.40681799171847,3577.103291733314,4144.657496629247
2460816.1340277777,-363.3251717892431,3428.102338132297,4253.820191833542
2460816.134722222,-813.1578975757566,3251.858375721778,4329.088178414793
2460816.1354166665,-1256.5208604603974,3049.773456367522,4369.866290234318
2460816.136111111,-1689.895378092004,2823.4531287490936,4375.832176530256
2460816.136805556,-2109.841823641928,2574.6938763873877,4346.938645159006
2460816.1375,-2513.0262654469607,2305.4691874575637,4283.41400913627
2460816.1381944446,-2896.2463583760837,2017.9143351729283,4185.760435637679
2460816.138888889,-3256.4563346263394,1714.3099503833714,4054.7502976480678
2460816.1395833334,-3590.7909477969824,1397.064462805315,3891.4205259893974
2460816.140277778,-3896.5881980879694,1068.6955079784987,3697.064967397956
2460816.140972222,-4171.410680065617,731.8103888101793,3473.2247532823676
2460816.1416666666,-4413.065365183603,389.0857118340021,3221.6767024595606
2460816.142361111,-4619.621640816735,43.24631964882787,2944.4197891521494
2460816.1430555554,-4789.427417286533,-302.9563356386421,2643.659729029816
2460816.14375,-4921.123116861088,-646.7662145570434,2321.7917599826324
2460816.144444444,-5013.653367831638,-985.4449286859058,1981.38171919388
2460816.145138889,-5066.27624034892,-1316.2939997802337,1625.1455459835765
2460816.1458333335,-5078.569880985135,-1636.6769297945468,1255.9273695470793
2460816.146527778,-5050.436430443852,-1944.0408628874607,876.6763686095204
2460816.1472222223,-4982.103141433333,-2235.9376169931843,490.4226143971274
2460816.1479166667,-4874.120651656274,-2510.0438595349137,100.25213540599682
2460816.148611111,-4727.358406797236,-2764.1802150101034,-290.7185483021271
2460816.1493055555,-4542.997272021258,-2996.32909676821,-679.3681518500092
2460816.15,-4322.5194120585265,-3204.6510790415696,-1062.596345971477
2460816.1506944443,-4067.6955598152344,-3387.499645855201,-1437.349202985487
2460816.1513888887,-3780.56983319586,-3543.4341780509185,-1800.6441041776372
2460816.152083333,-3463.4422870252256,-3671.231073173553,-2149.593866613232
2460816.152777778,-3118.8494190299684,-3769.8929186877326,-2481.429857346498
2460816.1534722224,-2749.5428642742777,-3838.6556736613998,-2793.5238938446555
2460816.154166667,-2358.46652155908,-3876.9938427598327,-3083.4087573424486
2460816.154861111,-1948.7323696788562,-3884.6236517176862,-3348.7971665574387
2460816.1555555556,-1523.5952144271457,-3861.504260078194,-3587.5991012598306
2460816.15625,-1086.4266178903065,-3807.8370644680144,-3797.93737933829
2460816.1569444444,-640.6882255433184,-3724.063161429458,-3978.161432450588
2460816.157638889,-189.90471652303677,-3610.8590496966335,-4126.859232442516
2460816.158333333,262.3634419284729,-3469.1306555243427,-4242.867353313191
2460816.1590277776,712.5472519869577,-3300.005768655025,-4325.279156834502
2460816.159722222,1157.0963033056853,-3104.8249723483646,-4373.451105617321
2460816.160416667,1592.5056054288937,-2885.1311490693965,-4387.0072087209055
2460816.1611111113,2015.342007021307,-2642.657635790492,-4365.841607569716
2460816.1618055557,2422.270075619234,-2379.315099693338,-4310.119306866063
2460816.1625,2810.0773198445654,-2097.1771977984376,-4220.275051574087
2460816.1631944445,3175.6986253917285,-1798.4650870253563,-4097.010347669518
2460816.163888889,3516.2397824692507,-1485.5308436096577,-3941.288619217152
2460816.1645833333,3828.999961464818,-1160.8398618498243,-3754.3284941787283
2460816.1652777777,4111.492987193563,-826.9523074488596,-3537.5952136376086
2460816.165972222,4361.4672525893975,-486.5037087353856,-3292.79016283458
2460816.167361111,4756.134466858561,203.27934837945736,-2726.8751563262595
2460816.168055556,4897.65368129407,547.1505354128885,-2410.228504419266
2460816.16875,5000.334101650741,886.6992143756127,-2074.403013136221
2460816.1694444446,5063.3355444790095,1219.2262866972533,-1722.0597328969916
2460816.170138889,5086.13326138422,1542.0849486974591,-1355.9954889886928
2460816.1708333334,5068.523345802828,1852.7023079479513,-979.1206851335645
2460816.171527778,5010.625447932597,2148.600564759379,-594.4359352393784
2460816.172222222,4912.882712592968,2427.417535089002,-205.00773517225775
2460816.1729166666,4776.058892142618,2686.926295178334,186.05659529047696
2460816.173611111,4601.232627622643,2925.053730359137,575.6344473195516
2460816.1743055554,4389.78893287846,3139.8977853551833,960.6136734644399
2460816.175,4143.407961211658,3329.7432268449343,1337.9182803713893
2460816.175694444,3864.051170319766,3493.0757565829317,1704.533800261813
2460816.176388889,3553.94504544845,3628.594332236764,2057.5320721534563
2460816.1770833335,3215.5625673973136,3735.2215884901484,2394.095188550144
2460816.177777778,2851.602641334122,3812.112277816144,2711.5383764243984
2460816.1784722223,2464.96772140433,3858.659681618586,3007.3316060657435
2460816.1791666667,2058.739881153914,3874.499971552517,3279.1197461981365
2460816.179861111,1636.155581413872,3859.5145287384166,3524.741115640784
2460816.1805555555,1200.5793885349303,3813.8302512278783,3742.244307898656
2460816.18125,755.4768907766236,3737.817900260271,3929.903192361793
2460816.1819444443,304.38704360196044,3632.0885504551297,4086.2300240779996
2460816.1826388887,-149.1058317210699,3497.4882204323267,4209.986611882063
2460816.183333333,-601.4001976397406,3335.0907651400494,4300.193516863106
2460816.184027778,-1048.9054049830627,3146.1891159411225,4356.137262612896
2460816.1847222224,-1488.0695833894677,2932.2849523644795,4377.375551092834
2460816.185416667,-1915.407155511312,2695.0768882931397,4363.740481277748
2460816.186111111,-2327.525820153923,2436.447254045223,4315.339770545593
2460816.1868055556,-2721.1528599628,2158.447550438568,4232.555978769179
2460816.1875,-3093.1606205143175,1863.2826553052384,4116.043734536737
2460816.1881944444,-3440.5910119612154,1553.2938607525416,3966.724962835716
2460816.188888889,-3760.678874226641,1230.9408261795277,3785.7821150204277
2460816.189583333,-4050.874039940193,898.782539049942,3574.6494059221554
2460816.1902777776,-4308.861916348098,559.457391932374,3335.0020745600455
2460816.190972222,-4532.582409850778,215.66248831366835,3068.743691472048
2460816.191666667,-4720.247000313901,-129.86768092027398,2777.991560508842
2460816.1923611113,-4870.3537817414135,-474.3830415357119,2465.06027744601
2460816.1930555557,-4981.700285116674,-815.1400472733933,2132.4435365858503
2460816.19375,-5053.3939121856665,-1149.4239096061451,1782.7943033036809
2460816.1944444445,-5084.85982706746,-1474.5707436876362,1418.903497795116
2460816.195138889,-5075.84617610433,-1787.9894149423387,1043.6773656322334
2460816.1958333333,-5026.4265370043295,-2087.182866458216,660.1137347573222
2460816.1965277777,-4936.999534131507,-2369.7686995499553,271.2773897266738
2460816.197222222,-4808.285596199451,-2633.498792860315,-119.72519707210164
2460816.1979166665,-4641.3208743619825,-2876.2777466980133,-509.7715134515243
2460816.198611111,-4437.4483821309,-3096.1799581827804,-895.7487663982954
2460816.199305556,-4198.3064589314845,-3291.465153896541,-1274.579483596693
2460816.2,-3925.814700017337,-3460.592228776373,-1643.2466896836456
2460816.2006944446,-3622.1575269371447,-3602.2312714258837,-1998.818406763877
2460816.201388889,-3289.765605442755,-3715.2736825963802,-2338.4712395440206
2460816.2020833334,-2931.295336509661,-3798.840327376315,-2659.5128333506204
2460816.202777778,-2549.6066637441354,-3852.2876899976964,-2959.403015616062
2460816.203472222,-2147.739448217179,-3875.2120293232315,-3235.773460854782
2460816.2041666666,-1728.8886600482163,-3867.45155867199,-3486.4457504275447
2460816.204861111,-1296.3786341239322,-3829.0866945105076,-3709.447724382203
2460816.2055555554,-853.6366233497704,-3760.438436126209,-3903.0280524182717
2460816.20625,-404.1658695182315,-3662.0649504776884,-4065.668973943028
2460816.206944444,48.48160443768015,-3534.756444749291,-4196.097177631071
2460816.207638889,500.7323027370646,-3379.528410740579,-4293.292809161738
2460816.209027778,1389.805233636153,-2990.450902250032,-4385.215143201091
2460816.2097222223,1819.6170329330923,-2759.676929217219,-4379.224263990248
2460816.2104166667,2235.064049867145,-2507.1108340024193,-4338.570589271879
2460816.211111111,2632.867679005384,-2234.741973343877,-4263.571221277668
2460816.2118055555,3009.8854174165576,-1944.714752244274,-4154.811573011621
2460816.2125,3363.134882264257,-1639.3126200114702,-4013.1413405272533
2460816.2131944443,3689.816844095768,-1320.9410104189255,-3839.668607197632
2460816.2138888887,3987.337131175922,-992.1092959849665,-3635.7520725184822
2460816.214583333,4253.327246135647,-655.4118384044141,-3402.991403605892
2460816.215277778,4485.663531717624,-313.5082218254119,-3143.2157105652764
2460816.2159722224,4682.48469972648,30.897213863960687,-2858.4701692305102
2460816.216666667,4842.207544683235,375.0764201409789,-2551.0008227085236
2460816.217361111,4963.5406523668735,716.2991176767645,-2223.237622095455
2460816.2180555556,5045.495921516338,1051.8545409917365,-1877.7757889473053
2460816.21875,5087.397725924438,1379.0732658303803,-1517.3556117313005
2460816.2194444444,5088.889561844207,1695.3489195042364,-1144.8408180338176
2460816.220138889,5049.938049728032,1998.1595635277026,-763.1956920373835
2460816.220833333,4970.8341888192235,2285.0885288320783,-375.46113555330226
2460816.2215277776,4852.191798751632,2553.8444809848047,15.270103959530612
2460816.222222222,4694.94312269302,2802.280495256985,405.8787930837032
2460816.222916667,4500.33160642627,3028.4119345486806,793.2449056433469
2460816.2236111113,4269.901914080772,3230.4329303628715,1174.273375182234
2460816.2243055557,4005.4872783478236,3406.731295450661,1545.9196430719635
2460816.225,3709.194327697013,3555.9017131017767,1905.214730159895
2460816.2256944445,3383.3855628295664,3676.757081812342,2249.2895811041703
2460816.226388889,3030.6596889581124,3768.337919502555,2575.398439082208
2460816.2270833333,2653.8300293840884,3829.9197648183763,2880.9410360081165
2460816.2277777777,2255.901265368517,3861.0185412102624,3163.483404422587
2460816.228472222,1840.0447535341195,3861.3938787630277,3420.777147889209
2460816.2291666665,1409.5726736752201,3831.0504132861315,3650.777034827301
2460816.229861111,967.9112606193247,3770.2371039488066,3851.656806238954
2460816.230555556,518.5733549950791,3679.444627803954,4021.823119954917
2460816.23125,65.13050321821636,3559.4009219095656,4159.927571917331
2460816.2319444446,-388.81518305518836,3411.06495213368,4264.87675778757
2460816.232638889,-839.6592119439734,3235.6187922592003,4335.840352690593
2460816.2333333334,-1283.8227631723266,3034.458097098028,4372.257198667083
2460816.234027778,-1717.7804397138634,2809.1810525423753,4373.839395189082
2460816.234722222,-2138.087561238401,2561.5758840618555,4340.574391936428
2460816.2354166666,-2541.406849336923,2293.6070024350925,4272.725084591043
2460816.236111111,-2924.5343616204545,2007.3998602098075,4170.827912314789
2460816.2368055554,-3284.4245144627034,1705.224602924573,4035.688957112002
2460816.2375,-3618.214047465141,1389.4785913909552,3868.3780441913405
2460816.238194444,-3923.2447625901905,1062.667885302607,3670.2208464909895
2460816.238888889,-4197.084865001969,727.3877880894086,3442.789004422963
2460816.2395833335,-4437.5487295640605,386.302560374638,3187.8882790554358
2460816.240277778,-4642.714902438533,42.124433869937796,2907.5447773526184
2460816.2409722223,-4810.942152067119,-302.40793226865577,2603.9893035820965
2460816.2416666667,-4940.88338310861,-644.5513900663042,2279.639915338565
2460816.242361111,-5031.497234805608,-981.5804550559517,1937.0827900175943
2460816.2430555555,-5082.057200676846,-1310.8094748455785,1579.051536508876
2460816.24375,-5092.158128730422,-1629.6146062962396,1208.4051127591044
2460816.2444444443,-5061.71998764729,-1935.455382656244,828.104539021992
2460816.2451388887,-4990.988818510039,-2225.8956446603875,441.1886261318088
2460816.245833333,-4880.534830021429,-2498.6236171674345,50.74895257336884
2460816.246527778,-4731.24763559199,-2751.4709145135257,-340.09565317218596
2460816.2472222224,-4544.328674122712,-2982.430272040445,-728.2248588756876
2460816.247916667,-4321.280898051031,-3189.6718202942857,-1110.5425342473923
2460816.248611111,-4063.895853093501,-3371.557739837024,-1484.002147094048
2460816.2493055556,-3774.2383101271707,-3526.655162152653,-1845.631591279643
2460816.2506944444,-3107.6231698367674,-3751.8421036073883,-2522.0267222986795
2460816.251388889,-2735.9926920211888,-3820.180286293694,-2831.43106152115
2460816.252083333,-2342.6994844295837,-3858.239556129117,-3118.3246031785816
2460816.2527777776,-1930.8729826563924,-3865.738213682185,-3380.443989868082
2460816.253472222,-1503.7844191230267,-3842.6362616482907,-3615.7252295007524
2460816.254166667,-1064.8206485640596,-3789.134709999006,-3822.3190505508746
2460816.2548611113,-617.457388640776,-3705.6730553060743,-3998.6044455008137
2460816.2555555557,-165.23208656353964,-3592.9250124206606,-4143.20036449962
2460816.25625,288.28339658265895,-3451.7925820003716,-4254.9755397992385
2460816.2569444445,739.5101104336269,-3283.398538653856,-4333.056434717261
2460816.257638889,1184.8891937959536,-3089.077422096394,-4376.833319608181
2460816.2583333333,1620.9087632739315,-2870.365110792149,-4385.964481023979
2460816.2590277777,2044.130385272481,-2628.987049932814,-4360.378571579611
2460816.259722222,2451.2150049193847,-2366.8452026220625,-4300.275104588692
2460816.2604166665,2838.9482094250166,-2086.0037889376827,-4206.123094787943
2460816.261111111,3204.2647061463563,-1788.6738715215358,-4078.6578407980924
2460816.261805556,3544.271878489252,-1477.1968539245256,-3918.8758432192567
2460816.2625,3856.2722827806224,-1154.0269562700064,-3728.027850223266
2460816.2631944446,4137.784933334263,-821.7127430419553,-3507.610024914037
2460816.263888889,4386.56521169065,-482.8777887151109,-3259.353234974678
2460816.2645833334,4600.623223979516,-140.2005833135052,-2985.210477449818
2460816.265277778,4778.240424419794,203.60620497809177,-2687.342466122341
2460816.265972222,4917.984318850896,545.8169758799628,-2368.1014271720596
2460816.2666666666,5018.7210595351,883.7147907709639,-2030.0131792170932
2460816.267361111,5079.625755318135,1214.6131434651095,-1675.7575934993254
2460816.2680555554,5100.1903313908115,1535.8777139798483,-1308.147564032944
2460816.26875,5080.22879542165,1844.947898689862,-930.1066462441413
2460816.269444444,5019.8797942438805,2139.3579022233366,-544.6455488501363
2460816.270138889,4919.606378332253,2416.757167656147,-154.83769415180734
2460816.2708333335,4780.192929149403,2674.929926150656,236.20592054403238
2460816.271527778,4602.739245876514,2911.813649560759,625.3623053427167
2460816.2722222223,4388.651829836403,3125.5162047352505,1009.5222415118368
2460816.2729166667,4139.6324500841865,3314.331521811235,1385.615952471222
2460816.273611111,3857.664110435199,3476.7536164374396,1750.6384180243829
2460816.2743055555,3544.994578240921,3611.4888271684904,2101.6740682820523
2460816.275,3204.1176678418315,3717.4661597526047,2435.920609587592
2460816.2756944443,2837.7524949857057,3793.8456614742754,2750.711757338852
2460816.2763888887,2448.820940017665,3840.0247773481474,3043.5386711217857
2460816.277083333,2040.4235694939025,3855.642669677749,3312.069915379382
2460816.277777778,1615.8142691893781,3840.5825092197438,3554.1697984942607
2460816.2784722224,1178.373841308991,3794.971768911392,3767.914970382124
2460816.279166667,731.5828127898715,3719.180570758549,3951.6091859268513
2460816.279861111,278.9936837547216,3613.818150370528,4103.796169406226
2460816.2805555556,-175.7971592542835,3479.7275149162506,4223.270531637617
2460816.28125,-629.1776697625013,3317.978374200982,4309.086714482147
2460816.2819444444,-1077.5483133935795,3129.8584300176003,4360.5659449832365
2460816.282638889,-1517.3500209676783,2916.8631045675256,4377.301194607939
2460816.283333333,-1945.0917560234404,2680.6837908294847,4359.160140250377
2460816.2840277776,-2357.3775463230127,2423.1947030027804,4306.286127828626
2460816.284722222,-2750.932832135863,2146.4384024771557,4219.097137915998
2460816.285416667,-3122.6299772120747,1852.6100787728576,4098.282753124912
2460816.2861111113,-3469.5127939442336,1544.040661491028,3944.7991261560906
2460816.2868055557,-3788.8199194933895,1223.1788493365339,3759.8619501896565
2460816.2875,-4078.0068758789002,892.5721478157553,3544.937437615882
2460816.2881944445,-4334.7666351853195,554.847021915347,3301.731323481522
2460816.288888889,-4557.048507556331,212.68828105244452,3032.175921279672
2460816.2895833333,-4743.075162075953,-131.1821665319378,2738.4152780906575
2460816.2902777777,-4891.357592166213,-474.0270359666367,2422.7884974081367
2460816.290972222,-5000.707842603451,-813.1156925316051,2087.8113231380753
2460816.292361111,-5099.424582641205,-1469.267842500576,1370.6303046046792
2460816.293055556,-5088.000336883097,-1781.1019423657985,994.1536883627847
2460816.29375,-5036.069784244398,-2078.764020227028,609.7344698529879
2460816.2944444446,-4944.052018816743,-2359.8838081022604,220.44457194269756
2460816.295138889,-4812.688597859232,-2622.224857906069,-170.6057102366486
2460816.2958333334,-4643.037260627073,-2863.7028796832005,-560.2933903631213
2460816.296527778,-4436.462865955957,-3082.4027139475775,-945.5085507996932
2460816.297222222,-4194.625655383353,-3276.593763240473,-1323.179908119132
2460816.2979166666,-3919.4669871596598,-3444.7437356763676,-1690.2999203105592
2460816.298611111,-3613.19271849116,-3585.530582136692,-2043.949186235447
2460816.2993055554,-3278.2544464811144,-3697.8525355754255,-2381.3198992250586
2460816.3,-2917.3288340517106,-3780.836195710521,-2699.738148041791
2460816.300694444,-2533.2952665011803,-3833.8426290034736,-2996.6848779497586
2460816.301388889,-2129.212088287669,-3856.471483572895,-3269.8153573953227
2460816.3020833335,-1708.2916734051864,-3848.5631428755014,-3516.9770221798617
2460816.302777778,-1273.8745701304179,-3810.198963588275,-3736.2256024944963
2460816.3034722223,-829.4029596816068,-3741.6996592849578,-3925.8394584193748
2460816.3041666667,-378.39364085270967,-3643.621903574232,-4084.332080997952
2460816.304861111,75.5892557213773,-3516.7532333292256,-4210.462729835382
2460816.3055555555,528.9616413047833,-3362.1053363778437,-4303.245196036026
2460816.30625,978.1467704898731,-3180.905806008898,-4361.954690678236
2460816.3069444443,1419.6023198205955,-2974.5884427768556,-4386.1328630054195
2460816.3076388887,1849.8471088903912,-2744.7821788659576,-4375.59095598531
2460816.308333333,2265.487339203483,-2493.2986938776357,-4330.411105310302
2460816.309027778,2663.2422283202422,-2222.118786470586,-4250.945783819996
2460816.3097222224,3039.968911298123,-1933.3775670477787,-4137.815390639311
2460816.310416667,3392.6864920706266,-1629.34852561828,-3991.9039774637868
2460816.311111111,3718.5990954212134,-1312.4265475013153,-3814.3531067987574
2460816.3118055556,4015.117782662561,-985.1099396644267,-3606.55383284727
2460816.3125,4279.881166614039,-649.9815510611558,-3370.136803539806
2460816.3131944444,4510.7745558501965,-309.6890797926847,-3106.9604903141562
2460816.313888889,4705.9474480554545,33.07532369489707,-2819.09756593835
2460816.314583333,4863.829186916089,375.59603188227373,-2508.819467159881
2460816.3152777776,4983.142591759783,715.155341895802,-2178.5792077178567
2460816.315972222,5062.915380484944,1049.0551446266395,-1830.9925228441339
2460816.316666667,5102.489210129186,1374.6386709314788,-1468.8174660358259
2460816.3173611113,5101.526182468061,1689.3121167299087,-1094.9326023046092
2460816.3180555557,5060.012684874359,1990.565938742701,-712.3139678801117
2460816.31875,4978.260467222316,2275.995594377612,-324.01100634630035
2460816.3194444445,4856.904892423831,2543.321511440939,66.87830112209944
2460816.320138889,4696.900337438764,2790.408065088336,457.23286037541897
2460816.3208333333,4499.512764771591,3015.281354113204,843.9341840877305
2460816.3215277777,4266.30952619708,3216.1455837530552,1223.892139727083
2460816.322222222,3999.1465042501145,3391.397879672896,1594.0704527636462
2460816.3229166665,3700.1527329744495,3539.641385676133,1951.5117032984479
2460816.323611111,3371.7126783138533,3659.6965214762813,2293.3615586262267
2460816.324305556,3016.446382383823,3750.610310329657,2616.8920091927253
2460816.325,2637.1877040355357,3811.663713322159,2919.523390076223
2460816.3256944446,2236.9608979285786,3842.376939445467,3198.845002368228
2460816.326388889,1818.9557859602376,3842.5127265710926,3452.634172587254
2460816.3270833334,1386.5017756070094,3812.0776139407008,3678.87361822948
2460816.327777778,943.0409740037894,3751.3212478280398,3875.7670163188527
2460816.328472222,492.10063528107014,3660.73377812616,4041.752698196468
2460816.3291666666,37.2651703629751,3541.0414164401286,4175.515414556994
2460816.329861111,-417.85207518584264,3393.2002330040614,4275.996137531104
2460816.3305555554,-869.6370779042471,3218.3882747919833,4342.399878003842
2460816.33125,-1314.5032507185558,3017.996087355428,4374.20150913463
2460816.331944444,-1748.9192505968738,2793.6157208775053,4371.149592538122
2460816.332638889,-2169.4363196960894,2547.0283010660964,4333.268206296906
2460816.334027778,-2955.551169141673,1995.2181600552155,4154.4879022501
2460816.3347222223,-3314.9009425510185,1694.3726224679772,4015.003202265527
2460816.3354166667,-3647.9047967721417,1380.0407128506013,3843.5071342068695
2460816.336111111,-3951.9102316512394,1054.717603683544,3641.358840897753
2460816.3368055555,-4224.493112722386,720.9871683836275,3410.162002004851
2460816.3375,-4463.477400961318,381.50177196189975,3151.7527272703055
2460816.3381944443,-4666.953102344537,38.96136014883127,2868.1855255830997
2460816.3388888887,-4833.292245866168,-303.90800712820106,2561.717408066573
2460816.339583333,-4961.162701401403,-644.3760113098939,2234.7902100791284
2460816.340277778,-5049.539661869323,-979.7301424676372,1890.0112381127453
2460816.3409722224,-5097.714625699498,-1307.2977789295726,1530.1323809259081
2460816.341666667,-5105.301739799936,-1624.4680704088094,1158.027850323852
2460816.342361111,-5072.241391227045,-1928.7134045126522,776.6707472466385
2460816.3430555556,-4998.8009698240985,-2217.610237696636,389.10866786258043
2460816.34375,-4885.572762844672,-2488.8590639429763,-1.5614032418324002
2460816.3444444444,-4733.46898400748,-2740.303312430526,-392.2186622386692
2460816.345138889,-4543.7139820476905,-2969.9469711462334,-779.744248285928
2460816.345833333,-4317.8337171287285,-3175.9707537576364,-1161.04692761539
2460816.3465277776,-4057.6426331377675,-3356.746651049854,-1533.088432793931
2460816.347222222,-3765.2280880690437,-3510.8507353162545,-1892.908201851343
2460816.347916667,-3442.9325427469907,-3637.074110819163,-2237.6472681148584
2460816.3486111113,-3093.333722380723,-3734.4319413805706,-2564.5710877749007
2460816.3493055557,-2719.2229946642096,-3802.170509047794,-2871.091101498328
2460816.35,-2323.582209734945,-3839.7722920714027,-3154.7848659945876
2460816.3506944445,-1909.5592542955446,-3846.959074083552,-3413.4146152942303
2460816.351388889,-1480.4425701714388,-3823.6931198134102,-3644.944140700827
2460816.3520833333,-1039.6348749125543,-3770.1764717191427,-3847.553908936313
2460816.3527777777,-590.6263106916659,-3686.848435433837,-4019.6543613190556
2460816.353472222,-136.9672298457332,-3574.3813313359087,-4159.897359280168
2460816.3541666665,317.75919193205493,-3433.6745946317287,-4267.185758496652
2460816.354861111,769.9643453693601,-3265.847306449171,-4340.681107500019
2460816.355555556,1216.0814227921069,-3072.2292375728102,-4379.809473008992
2460816.35625,1652.5923605799169,-2854.350480910902,-4384.265399498285
2460816.3569444446,2076.0543584005613,-2613.9297440600226,-4354.014009485459
2460816.357638889,2483.125849865947,-2352.861369100846,-4289.291248929068
2460816.3583333334,2870.591806391319,-2073.2011393863595,-4190.602277453285
2460816.359027778,3235.3882423337054,-1777.1509375361493,-4058.7179998999654
2460816.359722222,3574.625794897863,-1467.0423124974245,-3894.6697312512956
2460816.3604166666,3885.6122312466596,-1145.3190253028672,-3699.7419881980763
2460816.361111111,4165.8737322090665,-814.5186449987557,-3475.4634010776085
2460816.3618055554,4413.174783224453,-477.25328348648713,-3223.5957493685196
2460816.3625,4625.536496778542,-136.18956945867413,-2946.121134056718
2460816.363194444,4801.253181457674,205.97202043088322,-2645.22731648578
2460816.363888889,4938.906968192416,546.5183345436307,-2323.2912753776536
2460816.3645833335,5037.380307283996,882.7450666939486,-1982.8610574252878
2460816.365277778,5095.866157562444,1211.9784486957678,-1626.636024033267
2460816.3659722223,5113.875703414993,1531.5969204785363,-1257.4456284095506
2460816.3666666667,5091.24345828069,1839.0525740126718,-878.2268819699761
2460816.367361111,5028.129640226416,2131.8921515377333,-492.00070382901083
2460816.3680555555,4925.019739997992,2407.7773799385154,-101.84736631052347
2460816.36875,4782.721240177842,2664.5044188293164,289.11872278364535
2460816.3694444443,4602.3574851319545,2900.0222106637348,677.7746486764181
2460816.3701388887,4385.35874509632,3112.4495301975876,1061.0147610153035
2460816.370833333,4133.450560541371,3300.0905501172565,1435.7763177124352
2460816.371527778,3848.6394919669224,3461.4487629315277,1799.0647348754924
2460816.3722222224,3533.196439517826,3595.239123089184,2147.978181023466
2460816.372916667,3189.6377261203943,3700.3983044397473,2479.731272918284
2460816.373611111,2820.7041647909446,3776.0929967564284,2791.6776478560546
2460816.3743055556,2429.3383495427142,3821.7261955260437,3081.3312120191067
2460816.3756944444,1591.9425516240394,3821.625206095742,3584.733750128882
2460816.376388889,1152.5824297941117,3775.9068931377765,3794.481334191968
2460816.377083333,704.0759431734522,3700.1574425568906,3973.964195212036
2460816.3777777776,249.98933732723168,3594.9856654210425,4121.759487670782
2460816.378472222,-206.0689596423189,3461.2329455131585,4236.696622540529
2460816.379166667,-660.4766382916243,3299.966199439403,4317.865942872738
2460816.3798611113,-1109.6257462434062,3112.469205089197,4364.625407602132
2460816.3805555557,-1549.9506986679385,2900.2323779002263,4376.605279300871
2460816.38125,-1977.9558943715103,2664.941076503603,4353.710813360783
2460816.3819444445,-2390.2427919422785,2408.46251147929,4296.122949189656
2460816.382638889,-2783.536287369258,2132.831337135656,4204.297003323063
2460816.3833333333,-3154.710253416808,1840.2339955998648,4078.9593628039356
2460816.3840277777,-3500.8120740905415,1532.9918986777056,3921.102180055105
2460816.384722222,-3819.086023356827,1213.5435234782706,3731.976068635264
2460816.3854166665,-4106.9953082693955,884.4255213434595,3513.080809950009
2460816.386111111,-4362.2426034804585,548.2529398589585,3266.154085596783
2460816.386805556,-4582.788887201474,207.69868092798094,2993.1582678709638
2460816.3875,-4766.870389876109,-134.52766950219808,2696.265317147197
2460816.3881944446,-4913.013466092682,-475.7014858168219,2377.8398571007237
2460816.388888889,-5020.047205349529,-813.1050466484899,2040.4205264163709
2460816.3895833334,-5087.113611907015,-1144.049590829537,1686.6997301250653
2460816.390277778,-5113.675201063928,-1465.8972790602143,1319.5019465509654
2460816.390972222,-5099.519886790436,-1776.082847345187,941.7607714851875
2460816.3916666666,-5044.7630664342005,-2072.1347326170294,556.4949062399234
2460816.392361111,-4949.846845447149,-2351.6954442437263,166.7833263009563
2460816.3930555554,-4815.536385217395,-2612.540968881029,-224.2601252823873
2460816.39375,-4642.9134000924505,-2852.5989974981094,-613.5124517706342
2460816.394444444,-4433.366872829743,-3069.965784649846,-997.8672554490647
2460816.395138889,-4188.58109736558,-3262.921470956518,-1374.260261947413
2460816.3958333335,-3910.5211997430015,-3429.94372078733,-1739.6943487281887
2460816.396527778,-3601.4163167498314,-3569.719560827726,-2091.263833050641
2460816.3972222223,-3263.740645678796,-3681.155329730522,-2426.177783340548
2460816.3979166667,-2900.1925942170524,-3763.3846840173796,-2741.782149941978
2460816.398611111,-2513.6722747452504,-3815.7746325716735,-3035.5805342154526
2460816.3993055555,-2107.2575984305918,-3837.9295994365075,-3305.2534408042607
2460816.4,-1684.17921582974,-3829.6935411210443,-3548.675894673276
2460816.4006944443,-1247.7945489471342,-3791.150163063322,-3763.9333277652654
2460816.4013888887,-801.5611503621359,-3722.6212970923716,-3949.335666543194
2460816.402083333,-349.0096014556407,-3624.663512832946,-4103.429579457642
2460816.402777778,106.28384885709289,-3498.0630427009805,-4225.008858201654
2460816.4034722224,560.7247259587667,-3343.8291028023264,-4313.122923678014
2460816.404166667,1010.7276899024761,-3163.1856910941033,-4367.083456907712
2460816.404861111,1452.7436671286218,-2957.561941102546,-4386.469160528127
2460816.4055555556,1883.2866206916108,-2728.581103740241,-4371.12865829913
2460816.40625,2298.9598320729547,-2478.0482250607874,-4321.181537862817
2460816.4069444444,2696.481570453653,-2207.936584012847,-4237.017538972188
2460816.407638889,3072.7100282110327,-1920.372948999162,-4119.2938846334555
2460816.408333333,3424.6673901062677,-1617.6217152473228,-3968.9307494522627
2460816.4090277776,3749.5629011461465,-1302.067983728107,-3787.104856371715
2460816.409722222,4044.814779262039,-976.1996548224356,-3575.2411965923793
2460816.410416667,4308.070814752186,-642.5886139654812,-3335.0028699518803
2460816.4111111113,4537.227481709354,-303.87110391947976,-3068.2790541169766
2460816.4118055557,4730.44737854685,37.27260576546878,-2777.171125492905
2460816.4125,4886.1748100668465,378.1391246883182,-2463.9769725128403
2460816.4131944445,5003.149320977943,716.0232732446756,-2131.1735674445245
2460816.413888889,5080.416998299011,1048.2396750378546,-1781.3978858971755
2460816.4145833333,5117.339369733446,1372.1444233945113,-1417.4262950559284
2460816.4152777777,5113.599745186205,1685.156621687611,-1042.1525599955428
2460816.415972222,5069.206873818691,1984.779586286219,-658.5646453490984
2460816.417361111,4860.126000988355,2534.415238254308,121.27681370254551
2460816.418055556,4697.076360646103,2780.0373229338334,511.30479669002597
2460816.41875,4496.637714297792,3003.525508841776,897.2470675951432
2460816.4194444446,4260.402319236471,3203.095099608388,1276.0191934719412
2460816.420138889,3990.250787176382,3377.1536469705547,1644.5941242730628
2460816.4208333334,3688.3364831837334,3524.3139450275266,2000.0271018316423
2460816.421527778,3357.067592247608,3643.4051919669796,2339.4797730418713
2460816.422222222,2999.087064177712,3733.4822289353447,2660.2432724012688
2460816.4229166666,2617.2506671483197,3793.832796935535,2959.760064324541
2460816.423611111,2214.6033986091497,3823.9827809048766,3235.644358218022
2460816.4243055554,1794.3545028050635,3823.69943890681,3485.7009433137027
2460816.425,1359.8513529736717,3792.9926369222694,3707.94231203908
2460816.425694444,914.5524447415025,3732.114131564419,3900.6039739570992
2460816.426388889,461.9997392619344,3641.554958519204,4062.157885936631
2460816.4270833335,5.790578509355869,3522.0409957161037,4191.323947685591
2460816.427777778,-450.4506145523395,3374.526778839655,4287.07952827739
2460816.4284722223,-903.1006627333342,3200.1876489643087,4348.66700688493
2460816.4291666667,-1348.565810148081,3000.410312996083,4375.5993182305965
2460816.429861111,-1783.3095797502265,2776.7818971849733,4367.66349963175
2460816.4305555555,-2203.880158843427,2531.077570399069,4324.922239777385
2460816.43125,-2606.937160547228,2265.2468129416866,4247.713429296854
2460816.4319444443,-2989.277614098205,1981.3984035196293,4136.647712081099
2460816.4326388887,-3347.8610262228867,1681.784203132454,3992.6040371122276
2460816.433333333,-3679.833358412055,1368.781813763991,3816.7232109135257
2460816.434027778,-3982.5497512768325,1044.8762002999963,3610.399455190406
2460816.4347222224,-4253.595819019225,712.6403751881945,3375.269982782035
2460816.435416667,-4490.807332363137,374.7152554570698,3113.2026146351955
2460816.436111111,-4692.288097389814,33.788823483886375,2826.281480414629
2460816.4368055556,-4856.425840333551,-307.4252629638595,2516.7908642953234
2460816.4375,-4981.905912269696,-646.2094505021325,2187.197278584558
2460816.4381944444,-5067.722632037003,-979.8642705372891,1840.1298845738338
2460816.438888889,-5113.188109890943,-1305.7303309430408,1478.35939483038
2460816.439583333,-5117.938410314076,-1621.2101032340086,1104.7756321932204
2460816.4402777776,-5081.936945891838,-1923.7892875215664,722.3639428793152
2460816.440972222,-5005.475027564544,-2211.057536055357,334.18068250704835
2460816.441666667,-4889.169535915545,-2480.7283106085692,-56.67197643057783
2460816.4423611113,-4733.957719515275,-2730.657665903411,-447.07166303169566
2460816.4430555557,-4541.089170834766,-2958.8617559882423,-833.9015792037042
2460816.44375,-4312.115070623348,-3163.5328863930613,-1214.0761574886806
2460816.4444444445,-4048.874833243442,-3343.053953132041,-1584.5663364012473
2460816.445138889,-3753.480322352081,-3496.011137959675,-1942.4241959595931
2460816.4458333333,-3428.29783229697,-3621.204761042706,-2284.8067183029157
2460816.4465277777,-3075.9280607015517,-3717.658217751546,-2608.998450656646
2460816.447222222,-2699.1843130885463,-3784.6249595742343,-2912.432878255929
2460816.4479166665,-2301.0691840043482,-3821.5935082084043,-3192.7123472335543
2460816.448611111,-1884.7499734822381,-3828.290514712994,-3447.6263961668237
2460816.449305556,-1453.5330816541086,-3804.681901240217,-3675.168395244069
2460816.45,-1010.8376215626497,-3750.9721388049975,-3873.5504129610767
2460816.4506944446,-560.1684753091097,-3667.6017290085215,-4041.2162567778696
2460816.451388889,-105.08899840700235,-3555.242966079669,-4176.852656743007
2460816.4520833334,350.8064390678074,-3414.7940597899324,-4279.398576199689
2460816.452777778,803.9199020871235,-3247.371701470707,-4348.052645654911
2460816.453472222,1250.6771839793494,-3054.302150238481,-4382.2787250663705
2460816.4541666666,1687.5547948926326,-2837.1109171654402,-4381.809599790004
2460816.454861111,2111.1065257548667,-2597.511113322491,-4346.648818393595
2460816.4555555554,2517.989456220268,-2337.3905289999966,-4277.070674998838
2460816.45625,2904.9892873650174,-2058.7975032794684,-4173.618336142838
2460816.456944444,3269.0448717711065,-1763.9256430492865,-4037.1001070117404
2460816.457638889,3607.271804069389,-1455.0974541267117,-3868.5838303331716
2460816.459027778,4195.719615522374,-805.4013019406283,-3441.0794526166524
2460816.4597222223,4441.251606403144,-469.66165324406705,-3185.448039178194
2460816.4604166667,4651.6153006710565,-130.18313915257164,-2904.507628029211
2460816.461111111,4825.120245644066,210.34570844628647,-2600.4741357911935
2460816.4618055555,4960.3656693774265,549.2240675546286,-2275.7502429034826
2460816.4625,5056.252859256465,883.760274048158,-1932.9070059646162
2460816.4631944443,5111.995209377431,1211.293436790487,-1574.6638829408785
2460816.4638888887,5127.1257732959,1529.2150263780356,-1203.867307567141
2460816.464583333,5101.50218147824,1834.990228518473,-823.4679812148239
2460816.465277778,5035.308812869499,2126.178847222842,-436.49707508933125
2460816.4659722224,4929.056143440036,2400.455537915093,-46.041561218873305
2460816.466666667,4783.577233840303,2655.6291497760058,344.7810854171842
2460816.467361111,4600.021361083514,2889.660964667793,732.8485557870194
2460816.4680555556,4379.844840398035,3100.68163530221,1115.0594829514823
2460816.46875,4124.799129614191,3287.0066379790633,1488.3590495114063
2460816.4694444444,3836.9163427525473,3447.1500854174383,1849.7641660422069
2460816.470138889,3518.4923437920424,3579.8367631321726,2196.387955265655
2460816.470833333,3172.0676158918086,3684.0122887800117,2525.463304986398
2460816.4715277776,2800.4061290407913,3758.851320047958,2834.3652674679424
2460816.472222222,2406.4724481530484,3803.7637669397445,3120.6321076273603
2460816.472916667,1993.4073319681925,3818.398993548338,3381.984832380585
2460816.4736111113,1564.5020765996946,3802.6480194498545,3616.3450614236235
2460816.4743055557,1123.1718572769328,3756.6437529945324,3821.8511266310247
2460816.475,672.9283096071218,3680.759307035308,3996.872316685835
2460816.4756944445,217.35158279744138,3575.6044610955796,4140.0212053631185
2460816.476388889,-239.9379210540303,3442.02034296681,4250.1640239383705
2460816.4770833333,-695.3079200079696,3281.072408492859,4326.429052901896
2460816.4777777777,-1145.142554974787,3094.041799671157,4368.213021255994
2460816.478472222,-1585.8704543494432,2882.4151593151264,4375.185508424324
2460816.4791666665,-2013.9923944820437,2647.8729824183865,4347.291347002337
2460816.479861111,-2426.10841043702,2392.276576628327,4284.751027321694
2460816.480555556,-2818.9442021058985,2117.653707566187,4188.059103023188
2460816.48125,-3189.376685833565,1826.1830025483787,4057.9805969969116
2460816.4819444446,-3534.4585346689346,1520.1771900903711,3895.5454072880093
2460816.482638889,-3851.441543351974,1202.0652583255999,3702.0407152646767
2460816.4833333334,-4137.798644130279,874.3736261058174,3479.0014052426004
2460816.484027778,-4391.244394003125,539.706430061098,3228.1985131600863
2460816.484722222,-4609.753743390154,200.72504944246427,2951.625738205733
2460816.4854166666,-4791.578894325138,-139.87299287235248,2651.4840704589255
2460816.486111111,-4935.264059365711,-479.37560019621344,2330.1646074067685
2460816.4868055554,-5039.657935112579,-815.077964785051,1990.229663956897
2460816.4875,-5103.923722600617,-1144.304538457956,1634.3923002848808
2460816.488194444,-5127.546541706909,-1464.4308996727902,1265.4944322651131
2460816.488888889,-5110.3381182991,-1772.905309424028,886.483703301775
2460816.4895833335,-5052.438651588303,-2067.2697281749533,500.38933723234925
2460816.490277778,-4954.315808651194,-2345.180078350732,110.29720025976978
2460816.4909722223,-4816.760833671276,-2604.425530605954,-280.67566899423787
2460816.4916666667,-4640.881801717356,-2842.946612428647,-669.4068019127589
2460816.492361111,-4428.094090906309,-3058.8519471509894,-1052.7940410332178
2460816.4930555555,-4180.108186459001,-3250.4334571882077,-1427.7810136382282
2460816.49375,-3898.914970830427,-3416.1798866796235,-1791.3820730533607
2460816.4944444443,-3586.7686838899217,-3554.7885307955908,-2140.706463539527
2460816.4951388887,-3246.167768333399,-3665.175085279533,-2472.981477533829
2460816.495833333,-2879.8338306700925,-3746.4815632713867,-2785.5744048440242
2460816.496527778,-2490.6889669821508,-3798.0822527076407,-3076.013093525453
2460816.4972222224,-2081.8317041973282,-3819.587717142495,-3342.004976522991
2460816.497916667,-1656.5118060016403,-3810.846865772862,-3581.4544466355615
2460816.498611111,-1218.104190619948,-3771.9471383499827,-3792.4784875080363
2460816.4993055556,-770.0821856385755,-3703.212866545996,-3973.4205007014157
2460816.5006944444,140.58300869115317,-3478.700464426894,-4239.634146442999
2460816.501388889,596.033252429165,-3324.716665047034,-4322.823137104548
2460816.502083333,1046.7669186061275,-3144.4721615266976,-4371.779411308062
2460816.5027777776,1489.2288578497564,-2939.3926437383193,-4386.120719143577
2460816.503472222,1919.9290574028428,-2711.096846892266,-4365.7350359895745
2460816.504166667,2335.468959059646,-2461.3842839305826,-4310.781335864015
2460816.5048611113,2732.5671608245048,-2192.2217392696093,-4221.688509710173
2460816.5055555557,3108.0843742155926,-1905.7285843605666,-4099.152425646302
2460816.50625,3459.047508110503,-1604.16097310178,-3944.1311244948774
2460816.5069444445,3782.6727372511677,-1289.8949805567759,-3757.83814279789
2460816.507638889,4076.3874033116062,-965.4087550508258,-3541.733957502098
2460816.5083333333,4337.850586293302,-633.2637618021993,-3297.515550427596
2460816.5090277777,4564.972166630519,-296.0852164985262,-3027.104105023402
2460816.509722222,4755.930197306149,43.45818446137652,-2732.630857660944
2460816.5104166665,4909.186393327196,382.67510464325505,-2416.421149949015
2460816.511111111,5023.49954966903,718.8728318122514,-2080.976749063447
2460816.511805556,5097.936702757051,1049.378796331425,-1728.9565321480736
2460816.5125,5131.881864311493,1371.5621570692504,-1363.1556597416068
2460816.5131944446,5125.04217642922,1682.855256261665,-986.4833892472784
2460816.513888889,5077.4513615377,1980.7747289705549,-601.9397127623408
2460816.5145833334,4989.470374681764,2262.942047369534,-212.59102967285014
2460816.515277778,4861.785202258276,2527.103281813111,178.45491642682265
2460816.515972222,4695.40179208663,2771.147861161294,568.0745839407433
2460816.5166666666,4491.6381434783025,2993.126126205187,953.1543981806943
2460816.517361111,4252.113627153472,3191.2654879982697,1330.6164680234904
2460816.5180555554,3978.735649763746,3363.9850190495617,1697.4439803161729
2460816.51875,3673.6838132563335,3509.9083347896076,2050.706012338429
2460816.519444444,3339.391752439941,3627.8746485551055,2387.581513907487
2460816.520138889,2978.5268670418054,3716.947910878315,2705.382224125139
2460816.5208333335,2593.9681787870522,3776.423977630992,3001.574319621856
2460816.521527778,2188.7825625102187,3805.8357777083356,3273.798611512756
2460816.5222222223,1766.199604837741,3804.9564790227128,3519.8891392765436
2460816.5229166667,1329.5853432179024,3773.800674924299,3737.89003837596
2460816.523611111,882.41513755456,3712.6236334679543,3926.070583390589
2460816.5243055555,428.2459035845191,3621.91866697486,4082.9383404051055
2460816.525,-29.312061602514888,3502.412690998966,4207.250376117415
2460816.5256944443,-486.62346079596716,3355.06004784878,4298.022495957713
2460816.5263888887,-940.0563885956404,3181.034674723664,4354.536492707283
2460816.527083333,-1386.010565830519,2981.7206932127333,4376.345399637847
2460816.527777778,-1820.9452414974023,2758.7015016265036,4363.276743962155
2460816.5284722224,-2241.4066181097014,2513.7474413426994,4315.433802005626
2460816.529166667,-2644.0546394753487,2248.8021149306014,4233.1948553423545
2460816.529861111,-3025.6889970942693,1965.9674259233504,4117.210447476978
2460816.5305555556,-3383.2741966522303,1667.4874172198984,3968.3986403694926
2460816.53125,-3713.963526634927,1355.7309855427015,3787.9382708419716
2460816.5319444444,-4015.1217544864066,1033.1735638184023,3577.2602145382716
2460816.532638889,-4284.346379262355,702.3778637855069,3338.0366678945875
2460816.533333333,-4519.487247311876,365.9737981937095,3072.1684782352886
2460816.5340277776,-4718.664344255317,26.63770763926661,2781.7705633143883
2460816.534722222,-4880.283569241961,-312.9289596480844,2469.155485729756
2460816.535416667,-5003.050302889012,-650.0213486375642,2136.815272977056
2460816.5361111113,-5085.980592350196,-981.9530984115997,1787.4015982044627
2460816.5368055557,-5128.409791571777,-1306.0782414750647,1423.7044708254602
2460816.5375,-5129.998521515263,-1619.8128946790275,1048.6296078896119
2460816.5381944445,-5090.735842683893,-1920.6565210095957,665.1746898300057
2460816.538888889,-5010.939569522597,-2206.2125396895544,276.4047278496948
2460816.5395833333,-4891.253694971203,-2474.2080687900743,-114.57321556502392
2460816.5402777777,-4732.642936475035,-2722.512585482818,-504.6356878587277
2460816.540972222,-4536.384457393626,-2949.1553093948337,-890.6686238839662
2460816.542361111,-4037.5265877849,-3330.464924226198,-1638.3898768536565
2460816.543055556,-3738.9319056971394,-3482.124133219016,-1994.1252420877333
2460816.54375,-3410.664664659916,-3606.129506164372,-2333.9733085521107
2460816.5444444446,-3055.350071496137,-3701.5139358920464,-2655.2391600592105
2460816.545138889,-2675.8247077572646,-3767.5393519920285,-2955.3798924834327
2460816.5458333334,-2275.1130492261486,-3803.701659266405,-3232.0243095918886
2460816.546527778,-1856.4027332032645,-3809.7337375900897,-3482.9910152972516
2460816.547222222,-1423.0188275569367,-3785.606538835957,-3706.304795451594
2460816.5479166666,-978.3973335520988,-3731.5283361390775,-3900.2112189226914
2460816.548611111,-526.0581462432539,-3647.942192235928,-4063.1894066623536
2460816.5493055554,-69.57767765208247,-3535.5217224453,-4193.962939335012
2460816.55,387.43867080827215,-3395.165231922562,-4291.5088903239575
2460816.550694444,841.3840199834373,-3227.98830654899,-4355.064982485889
2460816.551388889,1288.6773557267252,-3035.3149347992585,-4384.134872808869
2460816.5520833335,1725.7905645821877,-2818.6672333571482,-4378.4915723436225
2460816.552777778,2149.275034052833,-2579.753843708284,-4338.179007767418
2460816.5534722223,2555.787693320559,-2320.4570621595067,-4263.511727481313
2460816.5541666667,2942.116368709633,-2042.8187635166669,-4155.072751327108
2460816.554861111,3305.2043288157424,-1749.0251744297104,-4013.709558091011
2460816.5555555555,3642.173877608964,-1441.390560086104,-3840.5282043525904
2460816.55625,3950.348853389721,-1122.33988636943,-3636.8855661085154
2460816.5569444443,4227.275871286217,-794.3905339776827,-3404.3797002324864
2460816.5576388887,4470.744138241752,-460.133151553389,-3144.8383307219638
2460816.558333333,4678.8036586497765,-122.21175079023114,-2860.3054778940727
2460816.559027778,4849.7816420055715,216.69683613221096,-2553.026266081106
2460816.5597222224,4982.296921299594,553.9039976631997,-2225.4299668156373
2460816.560416667,5075.272192523234,886.7307200432879,-1880.1113638861923
2460816.561111111,5127.94389916419,1212.529128365619,-1519.810546330604
2460816.5618055556,5139.869597012445,1528.7039886562131,-1147.3912790435068
2460816.5625,5110.932663578132,1832.73397349016,-765.8181109922523
2460816.5631944444,5041.3442416787575,2122.1924655309567,-378.1324292522845
2460816.563888889,4931.6423450915645,2394.7676849462614,12.572324794734865
2460816.564583333,4782.688092177071,2648.281919651346,403.17603056482517
2460816.5652777776,4595.659076381532,2880.709647821056,790.5575959963043
2460816.565972222,4372.039926108247,3090.1943547856295,1171.6207292570964
2460816.566666667,4113.61014693702,3275.0638667237063,1543.319506623793
2460816.5673611113,3822.4293846855057,3433.8440414661,1902.6834637068948
2460816.5680555557,3500.8202747781006,3565.270691388436,2246.8419628520114
2460816.56875,3151.3490837381864,3668.299633450159,2573.04759000937
2460816.5694444445,2776.804366204096,3742.114797267047,2878.698366869601
2460816.570138889,2380.1738801616566,3786.1343492533133,3161.3585852882106
2460816.5708333333,1964.6200116432235,3800.014819122255,3418.7780999255
2460816.5715277777,1533.4539654763983,3783.653239964345,3648.9099419786726
2460816.572222222,1090.1089719364054,3737.1873353471597,3849.9261477367177
2460816.5729166665,638.1127525887405,3660.9938040361835,4020.231720497342
2460816.573611111,181.0594709399901,3555.6847652813653,4158.476669918013
2460816.574305556,-277.4186096819612,3422.102438380356,4263.566088143106
2460816.575,-733.6795748282224,3261.3121314181094,4334.668244855659
2460816.5756944446,-1184.1002212143685,3074.593619737431,4371.220686554823
2460816.576388889,-1625.1041690849784,2863.430990889661,4372.934337985759
2460816.5770833334,-2053.189564276277,2629.5010319812172,4339.79560443273
2460816.577777778,-2464.9562173984154,2374.660232825761,4272.066474936841
2460816.578472222,-2857.1320287835492,2100.9304775211504,4170.2826260326665
2460816.5791666666,-3226.598545634848,1810.4834982490697,4035.249525502282
2460816.579861111,-3570.4154953914717,1505.6241662436846,3868.036535467283
2460816.5805555554,-3885.8441273156095,1188.7727038742457,3669.969017958825
2460816.58125,-4170.369185659366,862.4459126130315,3442.6184542248884
2460816.581944444,-4421.719335828439,529.2375175431766,3187.790595266365
2460816.582638889,-4637.88584714373,191.7977557095781,2907.5116831852247
2460816.584027778,-4958.0444274168685,-485.0190245590937,2279.712397099962
2460816.5847222223,-5059.471997836387,-819.0044524478435,1937.1971908594946
2460816.5854166667,-5120.6090859259775,-1146.48173520209,1579.2014233257132
2460816.586111111,-5140.966066016294,-1464.8401281510419,1208.5847876915338
2460816.5868055555,-5120.381118115699,-1771.5418019472945,828.309122585038
2460816.5875,-5059.021854187833,-2064.142750175272,441.41412486524973
2460816.5881944443,-4957.384059461476,-2340.312933739172,50.99231078994806
2460816.5888888887,-4816.287540148026,-2597.8554458455365,-339.8365185974147
2460816.589583333,-4636.869112221002,-2834.724493876165,-727.9510422538808
2460816.590277778,-4420.572810196574,-3049.042009637522,-1110.254141299879
2460816.5909722224,-4169.137433410643,-3239.1127248118514,-1483.698313967851
2460816.591666667,-3884.5815893467466,-3403.43756826855,-1845.3105181718336
2460816.592361111,-3569.186419111363,-3540.7252770345035,-2192.216203785431
2460816.5930555556,-3225.476225560757,-3649.902134926489,-2521.66230270462
2460816.59375,-2856.1972368680536,-3730.119789135385,-2831.038981001281
2460816.5944444444,-2464.294751779569,-3780.761121133394,-3117.8999808685735
2460816.595138889,-2052.888923760579,-3801.444174441941,-3379.9814051379963
2460816.595833333,-1625.249426892065,-3792.0241675870807,-3615.2188364776903
2460816.5965277776,-1184.7692533557308,-3752.593637428584,-3821.7626999090453
2460816.597222222,-734.9378666934387,-3683.480774977308,-3997.991812767539
2460816.597916667,-279.31392421491296,-3585.246024670879,-4142.525083590413
2460816.5986111113,178.50223358204994,-3458.677025117554,-4254.231339273347
2460816.5993055557,634.8961545267179,-3304.781970069822,-4332.2372760378685
2460816.6,1086.2667483500154,-3124.7814668268447,-4375.933535754762
2460816.6006944445,1529.0535124744597,-2920.0989684621923,-4384.978913562154
2460816.601388889,1959.7633874284716,-2692.349845348857,-4359.3027052726175
2460816.6020833333,2374.9971067246124,-2443.3291632549035,-4299.10519785149
2460816.6027777777,2771.4749230729185,-2174.9982255756877,-4204.856304168047
2460816.603472222,3146.06157989302,-1889.4699400456454,-4077.2923388872555
2460816.6041666665,3495.790401281926,-1588.9930642732443,-3917.4109273891886
2460816.604861111,3817.8863505934546,-1275.9353970653528,-3726.4640414537494
2460816.605555556,4109.78790870921,-952.7659812838366,-3505.949154583564
2460816.60625,4369.1676023092,-622.0364007425911,-3257.598518263963
2460816.6069444446,4593.951002944897,-286.3612680390564,-2983.366572633231
2460816.607638889,4782.334013767813,51.60198936165616,-2685.4155157656733
2460816.6083333334,4932.798247855003,389.17390858497964,-2366.09908351156
2460816.609027778,5044.12431010659,723.6741899803378,-2027.944609137061
2460816.609722222,5115.402796872322,1052.4431430316765,-1673.6334642525292
2460816.6104166666,5146.042843435422,1372.863193731932,-1305.9800086256007
2460816.611111111,5135.778069029534,1682.3802515005252,-927.9092070946783
2460816.6118055554,5084.66979646262,1978.5247223911304,-542.4331010479103
2460816.6125,4993.107456659476,2258.9319503972174,-152.62634675645714
2460816.613194444,4861.8061268080155,2521.361865670203,238.39894175917135
2460816.613888889,4691.801191109007,2763.7176275008233,627.5187956013189
2460816.6145833335,4484.440156862404,2984.063056016269,1011.6231722180578
2460816.615277778,4241.371703347077,3180.638663785574,1387.6416427039128
2460816.6159722223,3964.5320790910846,3351.87612298564,1752.5687202714178
2460816.6166666667,3656.1290044569073,3496.41102406822,2103.4885654707564
2460816.617361111,3318.6232667875493,3613.0938128985285,2437.5988233519524
2460816.6180555555,2954.7082258169175,3700.998820561305,2752.233362721216
2460816.61875,2567.2874634849245,3759.4313318543877,3044.8837162769782
2460816.6194444443,2159.450827204902,3787.932665638539,3313.2190443659247
2460816.6201388887,1734.449122341077,3786.2832670174425,3555.1044735764776
2460816.620833333,1295.6677053855842,3754.503834904931,3768.6176923793832
2460816.621527778,846.5992274689332,3692.8545274922326,3952.063710285139
2460816.6222222224,390.81576017628527,3601.8323031376763,4103.987715620586
2460816.622916667,-68.05947238447361,3482.166464844654,4223.185984933402
2460816.623611111,-526.380551894604,3334.812482762097,4308.714816831625
2460816.6243055556,-980.5073234359269,3160.9441726412047,4359.897474668418
2460816.6256944444,-1861.8155158002373,2739.393733093957,4357.879819563142
2460816.626388889,-2281.9981667394823,2495.059080325281,4304.695369980682
2460816.627083333,-2684.0432339648064,2230.87911344482,4217.196367446317
2460816.6277777776,-3064.7545914092107,1948.9498186823707,4096.07509396979
2460816.628472222,-3421.103448838271,1651.508287970759,3942.29047600801
2460816.629166667,-3750.252297964214,1340.9154836482508,3757.061031537559
2460816.6298611113,-4049.5775711863703,1019.6379709973253,3541.8558245875656
2460816.6305555557,-4316.690833792047,690.2287161656013,3298.3834417512303
2460816.63125,-4549.45831925375,355.30706470879,3028.579020439315
2460816.6319444445,-4746.018614909631,17.538031138625293,2734.589375973142
2460816.632638889,-4904.798305825122,-320.388954375032,2418.756294378709
2460816.6333333333,-5024.525386318948,-655.781672899986,2083.5980869508553
2460816.6340277777,-5104.240263360794,-985.9669355755765,1731.7895263813268
2460816.634722222,-5143.304191898737,-1308.3123941350543,1366.1403158784367
2460816.6354166665,-5141.405007995822,-1620.2481323192353,989.5722702200396
2460816.636111111,-5098.5600564712395,-1919.287820073651,605.0954139763012
2460816.636805556,-5015.116245582366,-2203.049209652936,215.78322577097148
2460816.6375,-4891.747202384723,-2469.2737534251187,-175.25272016683098
2460816.6381944446,-4729.44754334366,-2715.845138162416,-564.8884587563887
2460816.638888889,-4529.524320732316,-2940.8065355475533,-950.0134086322095
2460816.6395833334,-4293.585745169099,-3142.3763969206934,-1327.555951347674
2460816.640277778,-4023.5273250738232,-3318.962638962569,-1694.5085493694771
2460816.640972222,-3721.5155996170843,-3469.1750948917247,-2047.9521499394168
2460816.6416666666,-3389.9696690853784,-3591.8361363275135,-2385.079642788272
2460816.642361111,-3031.54075146159,-3685.9893991610825,-2703.218159160396
2460816.6430555554,-2649.0900090880136,-3750.9065773929533,-2999.8500276199666
2460816.64375,-2245.6648920434295,-3786.092277179961,-3272.6322344826203
2460816.644444444,-1824.474257976023,-3791.2869457656393,-3519.4142562732113
2460816.645138889,-1388.8625080948136,-3766.467914608858,-3738.2541729111826
2460816.6458333335,-942.2829760165235,-3711.8486100991854,-3927.4329893372733
2460816.646527778,-488.2707955391857,-3627.875999420953,-4085.4671168670693
2460816.6472222223,-30.41544019747198,-3515.2263453130677,-4211.118992438581
2460816.6479166667,427.666872069061,-3374.7993485107436,-4303.405820176256
2460816.648611111,882.3607473414517,-3207.7107557533927,-4361.606436944208
2460816.6493055555,1330.0790089992738,-3015.2835074405493,-4385.266306939615
2460816.65,1767.289773120162,-2799.0374973994917,-4374.200651619747
2460816.6506944443,2190.5430815853274,-2560.6780091872665,-4328.495721935518
2460816.6513888887,2596.4969690684075,-2302.082888908736,-4248.508214635996
2460816.652083333,2981.9428341992066,-2025.2885149028725,-4134.862831258166
2460816.652777778,3343.829990475273,-1732.4746182708263,-3988.447973531359
2460816.6534722224,3679.289253136129,-1425.9480170093811,-3810.409568341468
2460816.654166667,3985.655417411237,-1108.125325261674,-3602.1430134502775
2460816.654861111,4260.4884601559415,-781.514717485955,-3365.2832440056677
2460816.6555555556,4501.593295352072,-448.6968318587998,-3101.692924769179
2460816.65625,4707.037898351261,-112.30491658475738,-2813.4487878223986
2460816.6569444444,4875.169605461708,224.99565543150462,-2502.826157514077
2460816.657638889,5004.6293991814155,560.528366052751,-2172.2817214947886
2460816.658333333,5094.363988677329,891.6268624151461,-1824.434637483073
2460816.6590277776,5143.63550832596,1215.6564211977993,-1462.0460902846467
2460816.659722222,5152.028673066385,1530.0353696836055,-1087.997446445988
2460816.660416667,5119.455254994761,1832.256256039981,-705.2671812772135
2460816.6611111113,5046.155775759158,2119.906553339377,-316.90677945543405
2460816.6618055557,4932.698345693096,2390.6886754680827,73.98416144642874
2460816.6625,4779.974620049073,2642.439090415165,464.28338181841156
2460816.6631944445,4589.192886667876,2873.1463183032647,850.8717000228994
2460816.663888889,4361.8683420531015,3080.967620428606,1230.6587749026398
2460816.6645833333,4099.810654239716,3264.2442029278295,1600.6086214692114
2460816.6652777777,3805.108954377491,3421.5147790887872,1957.7646100889447
2460816.665972222,3480.114428396671,3551.527366399833,2299.2737011435684
2460816.667361111,2749.8423509844424,3725.8748176864583,2924.5951360956756
2460816.668055556,2350.3914608930013,3768.8319113310135,3203.422135337823
2460816.66875,1932.2530249345396,3781.7855409486037,3456.671193463284
2460816.6694444446,1498.7588983169273,3764.6401164080976,3682.3286520629467
2460816.670138889,1053.3608833958558,3717.539545473577,3878.602213424817
2460816.6708333334,599.6030743154989,3640.865477132731,4043.9346063888784
2460816.671527778,141.09371019314818,3535.233720898229,4177.01531938586
2460816.672222222,-318.5232542634501,3401.488913612631,4276.790367958054
2460816.6729166666,-775.5966657648513,3240.697508765425,4342.470076587287
2460816.673611111,-1226.4965926487291,3054.139166074152,4373.534864191367
2460816.6743055554,-1667.6424827444932,2843.2966167947357,4369.7390307263495
2460816.675,-2095.530898506293,2609.8440794590397,4331.11254428067
2460816.675694444,-2506.762680313245,2355.6342960181355,4257.960828594621
2460816.676388889,-2898.069380425192,2082.6842623202283,4150.862550693979
2460816.6770833335,-3266.338819208683,1793.1597218979489,4010.66540730931
2460816.677777778,-3608.639597671697,1489.3585026831856,3838.479911469923
2460816.6784722223,-3922.244404543938,1173.6927747117688,3635.6711811545024
2460816.6791666667,-4204.651933674441,848.6703271308365,3403.8487437050103
2460816.679861111,-4453.607231255049,516.8749663314557,3144.854376370946
2460816.6805555555,-4667.12027711114,180.9461606639728,2860.748023611386
2460816.68125,-4843.482607526029,-156.44193081219515,2553.791848577479
2460816.6819444443,-4981.281786050616,-492.6018857868724,2226.4325029885067
2460816.6826388887,-5079.413539491763,-824.8547273952643,1881.28172446238
2460816.683333333,-5137.091390498458,-1150.5517225426352,1521.0953987511168
2460816.684027778,-5153.853639478337,-1467.0960613801612,1148.751256861409
2460816.6847222224,-5129.567578760474,-1771.9642064900445,767.2253976637005
2460816.685416667,-5064.430854334942,-2062.7266870233684,379.56786082109187
2460816.686111111,-4958.969930087852,-2337.0681225818107,-11.122514480040765
2460816.6868055556,-4814.035651178325,-2592.806258852518,-401.7236828140751
2460816.6875,-4630.795946641958,-2827.909815257802,-789.1161732655627
2460816.6881944444,-4410.725754484709,-3040.5149589507027,-1170.2087857407118
2460816.688888889,-4155.594292105622,-3228.940243249702,-1541.9639371988821
2460816.689583333,-3867.449834313743,-3391.699871389173,-1901.422397175115
2460816.6902777776,-3548.6021931140467,-3527.5151768168134,-2245.727170324472
2460816.690972222,-3201.603113604495,-3635.324242758268,-2572.1463099841726
2460816.691666667,-2829.22482917539,-3714.289608032004,-2878.0944594914185
2460816.6923611113,-2434.4370212936033,-3763.804040452585,-3161.1529580697384
2460816.6930555557,-2020.3824354173814,-3783.4943824314855,-3419.0883726104094
2460816.69375,-1590.3514071300267,-3773.223496282483,-3649.869343006745
2460816.6944444445,-1147.7555334521312,-3733.0903567793825,-3851.681663965155
2460816.695138889,-696.100722633273,-3663.428351727991,-4022.9415435230594
2460816.6958333333,-238.9598300257254,-3564.8018619045047,-4162.307006271521
2460816.6965277777,220.0549297519739,-3438.001195671249,-4268.687424364075
2460816.697222222,677.31961495586,-3284.0359568332665,-4341.251169820693
2460816.6979166665,1129.2260797064553,-3104.126921455382,-4379.4313931450915
2460816.698611111,1572.2092465489104,-2899.6964948859654,-4382.929934873756
2460816.699305556,2002.7739933046444,-2672.3578171498993,-4351.71937631408
2460816.7,2417.5215305523184,-2423.9025781514792,-4286.043234018335
2460816.7006944446,2813.1751451027385,-2156.2876007268287,-4186.414297657134
2460816.701388889,3186.6051797077857,-1871.6202493036378,-4053.6111074876203
2460816.7020833334,3534.8531172480343,-1572.1427196749173,-3888.672563594537
2460816.702777778,3855.1546215500243,-1260.2152732870654,-3692.890659469099
2460816.703472222,4144.961377884768,-938.2984861076237,-3467.8013354965046
2460816.7041666666,4401.961565363903,-608.9345915631222,-3215.173453435734
2460816.704861111,4624.098778265174,-274.72801546590154,-2936.9959070320865
2460816.7055555554,4809.589208086009,61.67478453856247,-2635.4628990472133
2460816.70625,4956.9368926243715,397.6060418231994,-2312.957437296659
2460816.706944444,5064.946841845034,730.3978176776072,-1972.0331228429372
2460816.707638889,5132.73585332753,1057.4033753831418,-1615.394340057814
2460816.709027778,5145.724594918105,1683.7033226982453,-866.4158384955621
2460816.7097222223,5090.77865012191,1978.0021425866018,-480.04095424552287
2460816.7104166667,4995.323516424517,2256.564852812276,-89.83297875766985
2460816.711111111,4860.105883884535,2517.1659263735864,301.0920576224579
2460816.7118055555,4686.193001147472,2757.723043558118,689.6104032469625
2460816.7125,4474.964197164371,2976.314393290684,1072.6163742977024
2460816.7131944443,4228.099637221181,3171.1945720833146,1447.0480083702912
2460816.7138888887,3947.566435970067,3340.8089161560947,1809.912313945023
2460816.714583333,3635.6022858343795,3483.806128450769,2158.3098584171335
2460816.715277778,3294.6967963710326,3599.0490871954853,2489.4584462612006
2460816.7159722224,2927.5707596471552,3685.6237563483674,2800.715668299483
2460816.716666667,2537.15358332805,3742.8461435985073,3089.600118470928
2460816.717361111,2126.5591380782075,3770.2672829573316,3353.8111095147624
2460816.7180555556,1699.060277324673,3767.676242809548,3591.2467414105295
2460816.71875,1258.0622799552789,3735.1011843061497,3800.0202098748737
2460816.7194444444,807.0754640568445,3672.8085130284207,3978.4742657837464
2460816.720138889,349.68720219474596,3581.300181143888,4125.193764035658
2460816.720833333,-110.4664364266471,3461.309208347295,4239.016257140869
2460816.7215277776,-569.7292227624268,3313.7934934978684,4319.0406111730435
2460816.722222222,-1024.4532873204516,3139.9279943596916,4364.633627444733
2460816.722916667,-1471.0274540225755,2941.09535034031,4375.434666288944
2460816.7236111113,-1905.9052250266745,2718.875022290598,4351.358270930989
2460816.7243055557,-2325.632259229942,2475.031022480597,4292.594791663781
2460816.725,-2726.873197020919,2211.498302956919,4199.609009928498
2460816.7256944445,-3106.4376715872695,1930.3678765811783,4073.136762136343
2460816.726388889,-3461.305356681427,1633.8707395264692,3914.1795616058134
2460816.7270833333,-3788.6498796708074,1324.3606775217172,3723.997221398695
2460816.7277777777,-4085.861427111118,1004.2960434575092,3504.0984864670386
2460816.728472222,-4350.567863501443,676.2206022239028,3256.22969004013
2460816.7291666665,-4580.654167960327,342.74356123197776,2982.3614679212924
2460816.729861111,-4774.279995376765,6.518917743501575,2684.673581149786
2460816.730555556,-4929.895169738045,-329.77573105272927,2365.5379165505383
2460816.73125,-5046.252917707791,-663.4607432400677,2027.499766786202
2460816.7319444446,-5122.420667924522,-991.8761707387098,1673.2575136411917
2460816.732638889,-5157.788257432257,-1312.4034789031164,1305.6408720660368
2460816.7333333334,-5152.073414392593,-1622.4870385061704,927.5878757059583
2460816.734027778,-5105.3244163526215,-1919.6551696217289,542.1208157281361
2460816.734722222,-5017.919861827258,-2201.540516418241,152.3213666880983
2460816.7354166666,-4890.565532432948,-2465.899539162064,-238.6948537407111
2460816.736111111,-4724.288367017258,-2710.6309113627935,-627.8040218191359
2460816.7368055554,-4520.427611799128,-2933.792632049195,-1011.8998751609588
2460816.7375,-4280.623252575067,-3133.6176792630686,-1387.9192400500156
2460816.738194444,-4006.8018760766645,-3308.5280542459523,-1752.8670533812112
2460816.738888889,-3701.1601374217053,-3457.147096974943,-2103.8406347111368
2460816.7395833335,-3366.146045561417,-3578.30997713287,-2438.052972378911
2460816.740277778,-3004.4382947857,-3671.0722994837997,-2752.8548205203233
2460816.7409722223,-2618.923887186455,-3734.716789110327,-3045.755426163801
2460816.7416666667,-2212.674299662863,-3768.758049627405,-3314.4417341109956
2460816.742361111,-1788.9204440705782,-3772.9454128436214,-3556.795950789174
2460816.7430555555,-1351.0266698562027,-3747.263917684642,-3770.9113714815567
2460816.74375,-902.4640389570193,-3691.9334734616286,-3955.1064075290597
2460816.7444444443,-446.7830951235215,-3607.4062737808454,-4107.93676837151
2460816.7451388887,12.413675809396734,-3494.3625343764174,-4228.205776581051
2460816.745833333,471.49950723711726,-3353.7046324481944,-4314.97280473542
2460816.746527778,926.850978374381,-3186.5497220806433,-4367.55983711657
2460816.7472222224,1374.8754494526495,-2994.220900851746,-4385.5561598513905
2460816.747916667,1812.0381756507118,-2778.236994585999,-4368.82118826564
2460816.748611111,2234.8889680772504,-2540.3010247707675,-4317.485436158405
2460816.7493055556,2640.088278867906,-2282.2874169683014,-4231.949628903167
2460816.7506944444,3384.8789206462366,-1714.2969052167243,-3961.213471194223
2460816.751388889,3718.5684795983507,-1408.7942606867616,-3778.131587942251
2460816.752083333,4022.8490264316947,-1092.129022476914,-3565.071738669958
2460816.7527777776,4295.296063888047,-766.8007388435667,-3323.707120127498
2460816.753472222,4533.732508782952,-435.3805070841739,-3055.936581289397
2460816.754166667,4736.246717031221,-100.49116733762041,-2763.8706585575574
2460816.7548611113,4901.208658262364,235.21313179740446,-2449.8158051664636
2460816.7555555557,5027.284047242114,569.0678536247883,-2116.2568804700354
2460816.75625,5113.4462439997005,898.4193196252659,-1765.8379893852932
2460816.7569444445,5158.985743748965,1220.646097838964,-1401.3417963167765
2460816.757638889,5163.517099183233,1533.1803410877858,-1025.6674602137755
2460816.7583333333,5126.98314065321,1833.5288620208835,-641.807375203541
2460816.7590277777,5049.656393303332,2119.293732194764,-252.82291952198844
2460816.759722222,4932.137625658349,2388.1921841288126,138.1805550362069
2460816.7604166665,4775.351505833672,2638.0755997168935,528.0792432840533
2460816.761111111,4580.539384032498,2866.9473780751773,913.7566547741394
2460816.761805556,4349.2492639015045,3072.979488685326,1292.129359285127
2460816.7625,4083.323067064588,3254.527535999493,1660.172440283107
2460816.7631944446,3784.8813361979983,3410.14418373517,2014.9443905884975
2460816.763888889,3456.3055542446305,3538.590816169367,2353.611201455558
2460816.7645833334,3100.2182893299937,3638.847340091971,2673.46941002745
2460816.765277778,2719.4613942885194,3710.120062379624,2971.9678969986508
2460816.765972222,2317.0725097397276,3751.8476053585905,3246.728247931208
2460816.7666666666,1896.2601203672716,3763.70485116432,3495.5635264328575
2460816.767361111,1460.3774224110875,3745.604928414675,3716.4953296834346
2460816.7680555554,1012.8952518270758,3697.6992764663487,3907.7690284707674
2460816.76875,557.3743082100989,3620.3758376687606,4067.8671206675426
2460816.769444444,97.43690816014133,3514.25544090858,4195.520643962236
2460816.770138889,-363.26152897627236,3380.1864463752413,4289.7186192799645
2460816.7708333335,-821.0610636566714,3219.2377265177,4349.715504822554
2460816.771527778,-1272.32571267989,3032.690057095555,4375.036653537111
2460816.7722222223,-1713.4716458902526,2822.0259946663173,4365.481770126926
2460816.7729166667,-2140.9949510474203,2588.918310896783,4321.1263685796575
2460816.773611111,-2551.4988117234116,2335.217054299043,4242.321229513495
2460816.7743055555,-2941.7199451381066,2062.9353093501795,4129.689856768237
2460816.775,-3308.5541426298696,1774.2337255874204,3984.123933298622
2460816.7756944443,-3649.0807567666066,1471.4038876305265,3806.7767750418748
2460816.7763888887,-3960.585956320192,1156.8506144612381,3599.0547898173313
2460816.777083333,-4240.584574486007,833.0732781116582,3362.6069530113223
2460816.777777778,-4486.840361836509,502.64624825604636,3099.3123241945787
2460816.7784722224,-4697.384447000452,168.19858922604962,2811.265648785894
2460816.779166667,-4870.531811942965,-167.60685232931857,2500.7611056971928
2460816.779861111,-5004.895588785967,-502.09481076977397,2170.274286809641
2460816.7805555556,-5099.398992038401,-832.5992324249615,1822.4425286049845
2460816.78125,-5153.284723709846,-1156.4849906728368,1460.0437298508505
2460816.7819444444,-5166.12170278702,-1471.1694693136428,1085.9738362159126
2460816.782638889,-5137.809006783617,-1774.1438045107243,703.2231853505943
2460816.783333333,-5068.576944662024,-2062.993562531208,314.8519391089118
2460816.7840277776,-4958.985220456486,-2335.418636631285,-76.03515585798048
2460816.784722222,-4809.918189998312,-2589.2521473555944,-466.314415400912
2460816.785416667,-4622.577255567899,-2822.4781496211535,-852.8690090920871
2460816.7861111113,-4398.470487257928,-3033.247962033032,-1232.6146217567612
2460816.7868055557,-4139.399599561847,-3219.8949591854735,-1602.5247202529679
2460816.7875,-3847.4444494698446,-3380.9476917334073,-1959.6551684586548
2460816.7881944445,-3524.9452529620576,-3515.1412285775273,-2301.1679519981953
2460816.788888889,-3174.482740519656,-3621.4266450344926,-2624.3537965761566
2460816.7895833333,-2798.8564930914476,-3698.9786090106413,-2926.6534861113823
2460816.7902777777,-2401.0617059287483,-3747.201047348155,-3205.677719924653
2460816.790972222,-1984.2646363149543,-3765.730898503285,-3459.2253725325068
2460816.792361111,-1107.0294141039692,-3713.435028284414,-3882.124900132947
2460816.793055556,-653.544550889613,-3643.0559395518144,-4048.155512210692
2460816.79375,-194.90947338401233,-3543.872336518554,-4182.091066175146
2460816.7944444446,265.2519169393285,-3416.678481357933,-4282.8835240982135
2460816.795138889,723.306595046834,-3262.486643313725,-4349.744977375582
2460816.7958333334,1175.639984562261,-3082.51898431662,-4382.153114452515
2460816.796527778,1618.6832673426816,-2878.198034466269,-4379.85482208001
2460816.797222222,2048.940301239942,-2651.1358215617283,-4342.8679267413945
2460816.7979166666,2463.014017985439,-2403.121715623629,-4271.481079408789
2460816.798611111,2857.6321766628103,-2136.1090448647233,-4166.251783067049
2460816.7993055554,3229.6723439831817,-1852.2005379839213,-4028.0025579439966
2460816.8,3576.18596300189,-1553.632650381172,-3857.815237228154
2460816.800694444,3894.421363950485,-1242.758834979381,-3657.0233853603772
2460816.801388889,4181.845555929466,-922.0318286480799,-3427.2028353438227
2460816.8020833335,4436.164628049137,-593.985035407727,-3170.1603485131964
2460816.802777778,4655.342576399883,-261.21310333590367,-2887.920412941157
2460816.8034722223,4837.618364044168,73.64818797573385,-2582.7102161852154
2460816.8041666667,4981.521021710754,407.94259868546743,-2256.9428456672854
2460816.804861111,5085.882595129287,739.0145037674101,-1913.198798715651
2460816.8055555555,5149.848755262241,1064.2301993845995,-1554.2059116194037
2460816.80625,5172.886903546562,1380.9992517142791,-1182.8178457576053
2460816.8069444443,5154.7916264042315,1686.7956852981326,-801.9912981412102
2460816.8076388887,5095.687382145532,1979.1787971065582,-414.76213271044315
2460816.808333333,4996.028338668439,2255.813377356883,-24.220654191812812
2460816.809027778,4856.59531945732,2514.4891198659566,366.51373441450545
2460816.8097222224,4678.489857607495,2753.139009382582,754.318232221655
2460816.810416667,4463.125401739134,2969.856485183021,1136.0924303119173
2460816.811111111,4212.215759545296,3162.9111987664724,1508.783922009487
2460816.8118055556,3927.760907830948,3330.7632024067675,1869.4134635374614
2460816.8125,3612.030332279391,3472.0754338285337,2215.099430366888
2460816.8131944444,3267.5440951380283,3585.7243874372575,2543.081325508878
2460816.813888889,2897.0518509047006,3670.808894205156,2850.7421220515616
2460816.814583333,2503.5100510004468,3726.6569596424874,3135.6292436589492
2460816.8152777776,2090.057589222521,3752.83063791451,3395.474015458521
2460816.815972222,1659.990142914218,3749.1289458195597,3628.2094472224157
2460816.816666667,1216.7334608214696,3715.5888420500155,3831.9862395494592
2460816.8173611113,763.8158454413785,3652.484315261221,4005.186927849841
2460816.8180555557,304.8400589101278,3560.32363841458,4146.438106683048
2460816.81875,-156.54512977544215,3439.8448557616643,4254.620694486596
2460816.8194444445,-616.6735522361231,3292.0095753884666,4328.878214731974
2460816.820138889,-1071.8902204982744,3117.9951411939765,4368.623082904539
2460816.8208333333,-1518.5797071361692,2919.1852577604977,4373.540894090477
2460816.8215277777,-1953.1941599326174,2697.1591420963687,4343.592709953707
2460816.822222222,-2372.2808011622706,2453.6792707104905,4279.015345820466
2460816.8229166665,-2772.5087557426236,2190.6777921589323,4180.319657177591
2460816.823611111,-3150.695054908306,1910.241674297949,4048.2868248861732
2460816.824305556,-3503.82965655807,1614.5966581590192,3883.9626384634334
2460816.825,-3829.099312300574,1306.0900990820896,3688.6497811942904
2460816.8256944446,-4123.910109400468,987.172779159545,3463.898124078588
2460816.826388889,-4385.908496905789,660.3797955571193,3211.493050374932
2460816.8270833334,-4613.000607123279,328.3106369864147,2933.4418432789166
2460816.827777778,-4803.369673760359,-6.391416617669772,2631.958191994376
2460816.828472222,-4955.49135365565,-341.0604238961009,2309.4448899008025
2460816.8291666666,-5068.146760046925,-673.0292672421932,1968.4748320115286
2460816.829861111,-5140.433034812905,-999.651312135527,1611.7704385982702
2460816.8305555554,-5171.771302273841,-1318.3220364320362,1242.1816682093086
2460816.83125,-5161.9118767284435,-1626.5004196751663,862.6628065385696
2460816.831944444,-5110.936627370932,-1921.729873441492,476.24824572335405
2460816.832638889,-5019.25844249425,-2201.6584923800488,86.02749108053115
2460816.834027778,-4717.076301162322,-2706.8440627010227,-693.3523489125256
2460816.8347222223,-4509.007746754289,-2928.0891384557663,-1076.2874776219091
2460816.8354166667,-4265.086018158949,-3126.042096657247,-1450.6321019994348
2460816.836111111,-3987.270762953012,-3299.1400552834157,-1813.4048851869802
2460816.8368055555,-3677.790560508236,-3446.020960596302,-2161.7209136593565
2460816.8375,-3339.123947981328,-3565.533939053553,-2492.8148010598115
2460816.8381944443,-2973.978516235052,-3656.7477719693384,-2804.062568426837
2460816.8388888887,-2585.268322235506,-3718.9574618001725,-3093.002125797202
2460816.839583333,-2176.0898686482046,-3751.688885899864,-3357.3522105308084
2460816.840277778,-1749.696903602945,-3754.7015564948124,-3595.0296643928837
2460816.8409722224,-1309.474285127977,-3727.989526507468,-3804.164961662846
2460816.841666667,-858.9111403085045,-3671.780496163615,-3983.1159274393312
2460816.842361111,-401.57353731110624,-3586.533186248608,-4130.479605579096
2460816.8430555556,58.92313349083512,-3472.933050462409,-4245.102256199402
2460816.84375,518.9418863749462,-3331.8864027582713,-4326.087474570856
2460816.8444444444,974.8518193208274,-3164.5130326239623,-4372.802434864262
2460816.845138889,1423.055591109875,-2972.1373812476286,-4384.88226325358
2460816.845833333,1860.0165664661224,-2756.2783439275295,-4362.232548911527
2460816.8465277776,2282.2855010716007,-2518.637759769967,-4305.029997068157
2460816.847222222,2686.5266371210937,-2261.0876481002692,-4213.721225479985
2460816.847916667,3069.5430869188262,-1985.6562442807735,-4089.019700988383
2460816.8486111113,3428.3013685270867,-1694.512890883232,-3931.9008092132976
2460816.8493055557,3759.9549485522425,-1389.9518442840301,-3743.5950504457433
2460816.85,4061.8666415829343,-1074.3750583495005,-3525.5793537679942
2460816.8506944445,4331.6296926402165,-750.2740258914573,-3279.566512034267
2460816.851388889,4567.087367684812,-420.21076379459976,-3007.4927463374083
2460816.8520833333,4766.350861112049,-86.79804959626843,-2711.5034267783967
2460816.8527777777,4927.815325357287,247.32096469240855,-2393.9369966200848
2460816.853472222,5050.173829181563,579.4936193272799,-2057.30716807794
2460816.8541666665,5132.429054176106,907.0789281235989,-1704.283488884512
2460816.854861111,5173.902554097334,1227.4688946790004,-1337.670403740745
2460816.855555556,5174.241419420482,1538.1097644819843,-960.3849681423989
2460816.85625,5133.422217164679,1836.5230044546302,-575.4333984978169
2460816.8569444446,5051.752108377442,2120.3257925288935,-185.8866708254891
2460816.857638889,4929.867082226548,2387.2508017060077,205.14460220997458
2460816.8583333334,4768.727289317729,2635.165057143876,594.5357553569239
2460816.859027778,4569.609496340066,2862.08766784079,979.1738618876199
2460816.859722222,4334.096733384449,3066.2062342666914,1355.9834506275702
2460816.8604166666,4064.065240490836,3245.8917665750123,1721.9518888204605
2460816.861111111,3761.668865095706,3399.7119613508025,2074.154162134795
2460816.8618055554,3429.3210950937773,3526.4427167804574,2409.7768035480467
2460816.8625,3069.674934388628,3625.0777963577775,2726.140747200041
2460816.863194444,2685.600860186084,3694.836574973135,3020.7228942276474
2460816.863888889,2280.163105771139,3735.1698351973623,3291.176216295713
2460816.8645833335,1856.5945225374571,3745.7636051881755,3535.34824580497
2460816.865277778,1418.2702812526886,3726.5410536093254,3751.2978276971976
2460816.8659722223,968.6806527465371,3677.6624777375882,3937.310044190804
2460816.8666666667,511.4031133498529,3599.5234352240786,4091.9092388241097
2460816.867361111,50.07399606306304,3492.751082368181,4213.870095012544
2460816.8680555555,-411.6401046079293,3358.1987881713308,4302.226739711427
2460816.86875,-870.0709821889644,3196.939096806533,4356.279855938954
2460816.8694444443,-1321.5773423931064,3010.255112648515,4375.601796630471
2460816.8701388887,-1762.5730373386175,2799.630380082506,4360.039698290332
2460816.870833333,-2189.5548527680576,2566.73732812424,4309.716594244045
2460816.871527778,-2599.1296941636397,2313.4243486944965,4225.030527259787
2460816.8722222224,-2988.0410176273094,2041.7015773999485,4106.651661065893
2460816.872916667,-3353.1943496432946,1753.7254462513652,3955.517389837141
2460816.873611111,-3691.6817299978156,1451.782084189021,3772.8254470804927
2460816.8743055556,-4000.8049068076907,1138.2696466523632,3560.0250190170236
2460816.8756944444,-4521.343134590409,486.5775602961449,3051.085565189709
2460816.876388889,-4728.597779020952,153.5823307904008,2758.994659589669
2460816.877083333,-4898.202036966217,-180.65425061863877,2444.8602146268527
2460816.8777777776,-5028.797254417321,-513.4689625239616,2111.1874392930804
2460816.878472222,-5119.336826317549,-842.2086895444887,1760.639752096958
2460816.879166667,-5169.095348230464,-1164.2520497299024,1396.0173531472462
2460816.8798611113,-5177.6750699953345,-1477.030882890717,1020.2344907455503
2460816.8805555557,-5145.00953996535,-1778.0513818709146,636.2956288231978
2460816.88125,-5071.364364742485,-2064.9146508484096,247.27073858354507
2460816.8819444445,-4957.33504891071,-2335.336468446232,-143.73003336404392
2460816.882638889,-4803.841921984741,-2587.1660484693193,-533.5820633958774
2460816.8833333333,-4612.122204116558,-2818.4035977743106,-919.1720430299991
2460816.8840277777,-4383.719304251016,-3027.2164929489322,-1297.4235962040989
2460816.884722222,-4120.469485051929,-3211.9539179593276,-1665.3224557964454
2460816.8854166665,-3824.4860652847383,-3371.1598313180657,-2019.9409456707824
2460816.886111111,-3498.1413604177246,-3503.5841601579277,-2358.4615329991097
2460816.886805556,-3144.0465848700105,-3608.1921481177847,-2678.19923892358
2460816.8875,-2765.0299608139994,-3684.171811476904,-2976.622717235155
2460816.8881944446,-2364.1132790601987,-3730.9394889942637,-3251.3738479867548
2460816.888888889,-1944.4871713943014,-3748.143492425918,-3500.2857116844884
2460816.8895833334,-1509.485334768768,-3735.665889692371,-3721.3988505594625
2460816.890277778,-1062.5579516211792,-3693.622467484936,-3912.975739723214
2460816.890972222,-607.244526101907,-3622.360934844034,-4073.5134226518558
2460816.8916666666,-147.14634413970532,-3522.457437152046,-4201.754282006107
2460816.892361111,314.10125768730074,-3394.7114538556543,-4296.694934418627
2460816.8930555554,772.8566414365108,-3240.139154896532,-4357.593246741362
2460816.89375,1225.4994857886977,-3059.9652872409115,-4383.97347991117
2460816.894444444,1668.4581315147118,-2855.613659475037,-4375.629566956808
2460816.895138889,2098.2365221976906,-2628.6962882866073,-4332.626531430135
2460816.8958333335,2511.440617909705,-2381.001263535273,-4255.300049077228
2460816.896527778,2904.8041513528005,-2114.4793889253533,-4144.254151260889
2460816.8972222223,3275.2135983892094,-1831.2296512052083,-4000.3570647575925
2460816.8979166667,3619.7322240255394,-1533.4835732244364,-3824.7351794556243
2460816.898611111,3935.6230497902384,-1223.5885151403575,-3618.76513817467
2460816.8993055555,4220.370584541877,-903.9899903259089,-3384.0640436168865
2460816.9,4471.7011381493285,-577.2130835341633,-3122.4777910727507
2460816.9006944443,4687.601537775581,-245.8430637640704,-2836.067542025046
2460816.9013888887,4866.336047612761,87.49468569978032,-2527.094380589428
2460816.902083333,5006.4613001500575,420.1552893558726,-2198.002209139096
2460816.902777778,5106.839044136523,749.4953967941489,-1851.3989701089306
2460816.9034722224,5166.646526067947,1072.8944213101468,-1490.0363083122386
2460816.904166667,5185.384338847824,1387.7758092021,-1116.7878176457866
2460816.904861111,5162.88159482894,1691.6281369527217,-734.6260435672529
2460816.9055555556,5099.298309702546,1982.0258216802158,-346.598442800818
2460816.90625,4995.124920515612,2256.649225240718,44.197472528025195
2460816.9069444444,4851.178900237523,2513.3039376870947,434.63956465160203
2460816.907638889,4668.59847502902,2749.9390264890353,821.606809552647
2460816.908333333,4448.833491969091,2964.664056497426,1202.0050819037563
2460816.9090277776,4193.633531987374,3155.7646960276115,1572.792708693523
2460816.909722222,3905.033398351366,3321.7167540443484,1931.0055312923346
2460816.910416667,3585.336153429544,3461.1985122596852,2273.7812154763133
2460816.9111111113,3237.0938993385907,3573.101250194411,2598.3825779488566
2460816.9118055557,2863.08653426773,3656.537883611014,2902.2197052976367
2460816.9125,2466.298720694015,3710.84967250782,3182.8706823327793
2460816.9131944445,2049.8953192147574,3735.6109773530916,3438.1007646416865
2460816.913888889,1617.1955477283725,3730.632068652426,3665.879859261378
2460816.9145833333,1171.6461121355271,3695.96001759634,3864.3982125761017
2460816.9152777777,716.7935532075317,3631.877710998912,4032.0802246359917
2460816.915972222,256.25604331658116,3538.901048238963,4167.596333157068
2460816.917361111,-667.2143779814767,3269.4643016864798,4338.100311299889
2460816.918055556,-1122.8101794060567,3095.15174920693,4371.7385805811355
2460816.91875,-1569.4737672420636,2896.2226775065446,4370.521619299466
2460816.9194444446,-2003.6570370294842,2674.257184720405,4334.459005865183
2460816.920138889,-2421.910084456514,2431.017274707472,4263.835954467355
2460816.9208333334,-2820.908031886408,2168.4332835659357,4159.211249088694
2460816.921527778,-3197.477010875226,1888.589047147936,4021.4131762447737
2460816.922222222,-3548.6191465752613,1593.7058769379278,3851.5334549307254
2460816.9229166666,-3871.5363670197867,1286.1254272780757,3650.919168896399
2460816.923611111,-4163.652863006022,968.2915390897798,3421.1627106338265
2460816.9243055554,-4422.636008883871,642.7311622465035,3164.08975914474
2460816.925,-4646.41554945126,312.0344734664181,2881.7453291660763
2460816.925694444,-4833.200855081896,-21.165675882593472,2576.3779497001324
2460816.926388889,-4981.496050466519,-354.2148325444213,2250.4220503783836
2460816.9270833335,-5090.112825347292,-684.4583594789302,1906.4786675221253
2460816.927777778,-5158.180755547879,-1009.2630157301263,1547.2946029743784
2460816.9284722223,-5185.154980048281,-1326.0384951264168,1175.7402018617172
2460816.9291666667,-5170.821108762042,-1632.2587110493735,794.7859429761113
2460816.929861111,-5115.297269352577,-1925.482610657639,407.47805809734433
2460816.9305555555,-5019.033240114436,-2203.3742958375587,16.91342462797463
2460816.93125,-4882.80665729234,-2463.722241342204,-373.7860181964103
2460816.9319444443,-4707.716329005575,-2704.457402520573,-761.4990582467151
2460816.9326388887,-4495.17273186018,-2923.670025311514,-1143.1309345394982
2460816.933333333,-4246.885807665033,-3119.6249911135656,-1515.6387283508056
2460816.934027778,-3964.8502152728965,-3290.775553735203,-1876.0561629968322
2460816.9347222224,-3651.328226847328,-3435.7753520445867,-2221.517567412244
2460816.935416667,-3308.8304829787266,-3553.4886124357945,-2549.2807820148155
2460816.936111111,-2940.0948441216333,-3642.998482965804,-2856.7488065327875
2460816.9368055556,-2548.0635830405868,-3703.6134718038757,-3141.4900229267155
2460816.9375,-2135.859172780406,-3734.8719865497483,-3401.256850379788
2460816.9381944444,-1706.7589218346604,-3736.544995551096,-3634.002720927523
2460816.938888889,-1264.1686970214555,-3708.6368516940656,-3837.897294165291
2460816.939583333,-811.595965989312,-3651.3843334794774,-4011.3398519599577
2460816.9402777776,-352.62237200799456,-3565.253968996497,-4152.97083809653
2460816.940972222,109.12396154499294,-3450.93771471347,-4261.681524132706
2460816.941666667,569.996224509252,-3309.347061852875,-4336.621797574772
2460816.9423611113,1026.3566456348221,-3141.605643889426,-4377.206073492931
2460816.9430555557,1474.6040083755138,-2949.0404140973023,-4383.117337659474
2460816.94375,1911.2008247072351,-2733.1714564073022,-4354.309327831761
2460816.9444444445,2332.700034120848,-2495.700491203463,-4291.006857248743
2460816.945138889,2735.7711081324705,-2238.4981289293282,-4193.704280586322
2460816.9458333333,3117.225424160297,-1963.5899290033644,-4063.1620991665764
2460816.9465277777,3474.040781403644,-1673.141313556115,-3900.4016970194425
2460816.947222222,3803.384905865912,-1369.4413981932273,-3706.698201117028
2460816.9479166665,4102.637790203434,-1054.8858031472225,-3483.571459824299
2460816.948611111,4369.412696151342,-731.9585224821167,-3232.775141665202
2460816.949305556,4601.575637710027,-403.21294184869157,-2956.2839673991375
2460816.95,4797.263154432316,-71.25211121605021,-2656.2791035440137
2460816.9506944446,4954.898175895771,261.29159700881917,-2335.1317707749336
2460816.951388889,5073.203785285016,591.7773036132112,-1995.3851374830767
2460816.9520833334,5151.2146901812175,917.5767421242895,-1639.734604504574
2460816.952777778,5188.286226930393,1236.0955015216082,-1271.006610327861
2460816.953472222,5184.100743599018,1544.7941925563264,-892.1361190080594
2460816.9541666666,5138.671234783352,1841.2093286377792,-506.1429796060493
2460816.954861111,5052.342134763937,2122.9737039911515,-116.10737361255222
2460816.9555555554,4925.787213565726,2387.836052367362,274.85541375678787
2460816.95625,4760.004563135342,2633.6797700022094,663.620640402546
2460816.956944444,4556.308704351002,2858.5405000359387,1047.0799076554024
2460816.957638889,4316.3198872397,3060.6223909076703,1422.1668457897558
2460816.959027778,3735.3901618790064,3390.1956955115293,2135.3195309201456
2460816.9597222223,3399.0854190929945,3515.062454922789,2467.6868756427243
2460816.9604166667,3035.721376541182,3611.9219412559705,2780.3314858851118
2460816.961111111,2648.198383139829,3680.0078278182773,3070.7601011958773
2460816.9618055555,2239.6082915764678,3718.784321095399,3336.658986919687
2460816.9625,1813.2091208229542,3727.949882567385,3575.9121254646957
2460816.9631944443,1372.398584845951,3707.4390223080027,3786.617649976596
2460816.9638888887,920.6867281155085,3657.4222015269606,3967.1024356873295
2460816.964583333,461.6679067345472,3578.30389440725,4115.934781713344
2460816.965277778,-1.0076577738963952,3470.718872345617,4231.935138458569
2460816.9659722224,-463.66255582899817,3335.5267778558296,4314.184857767255
2460816.966666667,-922.6209005294075,3173.805060352395,4362.032948521208
2460816.967361111,-1374.2368983988256,2986.8403454773297,4375.100832928303
2460816.9680555556,-1814.923114279978,2776.11830887392,4353.285101854211
2460816.96875,-2241.1782738744864,2543.3121228924288,4296.758269479271
2460816.9694444444,-2649.6144518087067,2290.2695422643014,4205.9675267005105
2460816.970138889,-3036.9834863597944,2018.9986981212955,4081.6314929382197
2460816.970833333,-3400.202466852918,1731.6526669976486,3924.7349650727515
2460816.9715277776,-3736.3781221032405,1430.5128927071205,3736.521666484364
2460816.972222222,-4042.829940127326,1117.9715398746057,3518.485001301556
2460816.972916667,-4317.111828201968,796.5128784937757,3272.3568330564362
2460816.9736111113,-4557.032125320137,468.6938046270977,3000.094315913579
2460816.9743055557,-4760.671766376139,137.12362571990275,2703.8648288340264
2460816.975,-4926.40040143079,-195.55674738954914,2386.0290822999777
2460816.9756944445,-5052.890275490468,-526.6960375875838,2049.122495741172
2460816.976388889,-5139.127688219803,-853.6540900684083,1695.8349680960152
2460816.9770833333,-5184.421868725295,-1173.823414097179,1328.989197656226
2460816.9777777777,-5188.411128084044,-1484.6505729582195,951.5177302676243
2460816.978472222,-5151.066181802029,-1783.6572035738243,566.4389470484797
2460816.9791666665,-5072.690571747396,-2068.4604500080413,176.83221915061387
2460816.979861111,-4953.918158182605,-2336.7925885461677,-214.1875133544195
2460816.980555556,-4795.707695178057,-2586.5196405915767,-603.4954815294651
2460816.98125,-4599.334545406681,-2815.65877637888,-987.982875330656
2460816.9819444446,-4366.379636882512,-3022.3943290637185,-1364.5824032905941
2460816.982638889,-4098.7157981494765,-3205.0922701963905,-1730.2933686001359
2460816.9833333334,-3798.4916505683013,-3362.3130141659817,-2082.206003678051
2460816.984027778,-3468.1132591130527,-3492.8224553876257,-2417.5248371324706
2460816.984722222,-3110.2237722956256,-3595.601165649477,-2733.5908800765533
2460816.9854166666,-2727.6812933481065,-3669.8517115357113,-3027.902452114757
2460816.986111111,-2323.535234385628,-3715.0040777556605,-3298.134493773883
2460816.9868055554,-1901.0014050314167,-3730.719207036344,-3542.156242644959
2460816.9875,-1463.4360852956931,-3716.890687963197,-3758.047176952281
2460816.988194444,-1014.3093146134916,-3673.6446396249057,-3944.1111614650918
2460816.988888889,-557.1776231696773,-3601.337853806363,-4098.8887487193815
2460816.9895833335,-95.6564029158775,-3500.5542631690073,-4221.167613669258
2460816.990277778,366.6078909213633,-3372.099808299169,-4309.991109273144
2460816.9909722223,825.9655456398134,-3216.99577564722,-4364.664945009597
2460816.9916666667,1278.79124969095,-3036.470677048312,-4384.761993001136
2460816.992361111,1721.5114688750803,-2831.9507356824474,-4370.125229543883
2460816.9930555555,2150.6314069572622,-2605.0490403604913,-4320.868817237781
2460816.99375,2562.7614261457734,-2357.553424166191,-4237.377330114216
2460816.9944444443,2954.642799861178,-2091.413121081288,-4120.303119379221
2460816.9951388887,3323.1726660103823,-1808.7242528688953,-3970.561813291218
2460816.995833333,3665.4280358151914,-1511.7142040247413,-3789.3259443414336
2460816.996527778,3978.6887099195833,-1202.7249427022032,-3578.0166952831446
2460816.9972222224,4260.458930898512,-884.1953621734469,-3338.2937640855203
2460816.997916667,4508.487596934562,-558.6427245587115,-3072.0433546562526
2460816.998611111,4720.786847904469,-228.6433059539898,-2781.3643147018197
2460816.9993055556,4895.648826215921,103.18763631524085,-2468.552464220827
2460817.0006944444,5127.715776618415,761.8119978088512,-1786.592306749771
2460817.001388889,5183.026458185866,1083.3669348441692,-1422.855573681513
2460817.002083333,5197.128982838329,1396.3187921599997,-1047.7665707485685
2460817.0027777776,5169.889704836347,1698.1710342287236,-664.3135543834495
2460817.003472222,5101.50686798898,1986.5136519317743,-275.5552335892762
2460817.004166667,4992.509779765149,2259.0431454628824,115.40421260381882
2460817.0048611113,4843.755070723413,2513.5816758155165,505.4406477016018
2460817.0055555557,4656.420052010059,2748.09516972238,891.4357497322177
2460817.00625,4431.993225358344,2960.710186396068,1270.3027787591886
2460817.0069444445,4172.2620444685535,3149.7293660395667,1639.0120666187129
2460817.007638889,3879.298067058137,3313.6453045578232,1994.6159638966062
2460817.0083333333,3555.4396705549348,3451.1527258375036,2334.272993989705
2460817.0090277777,3203.272536825121,3561.158848782226,2655.2709781967696
2460817.009722222,2825.608135664874,3642.7918761728847,2955.0489191864804
2460817.0104166665,2425.4604477450553,3695.407562439112,3231.2174609233407
2460817.011111111,2006.021183965426,3718.5938417333987,3481.577764253922
2460817.011805556,1570.6337558706975,3712.1735242254176,3704.138671164202
2460817.0125,1122.7662444415548,3676.2050883929774,3897.1320592103557
2460817.0131944446,665.9836156073483,3610.981613805892,4059.0263079710176
2460817.013888889,203.9194036160479,3517.0279115261833,4188.537829693543
2460817.0145833334,-259.7529194548351,3395.0959175913213,4284.640628497372
2460817.015277778,-721.3486952149558,3246.158418830627,4346.573870975953
2460817.015972222,-1177.2007655195255,3071.4011830512904,4373.847458314272
2460817.0166666666,-1623.6879282374844,2872.2135632759573,4366.245597908535
2460817.017361111,-2057.263001104919,2650.1776446156728,4323.828373549847
2460817.0180555554,-2474.4803348827604,2407.0560027634683,4246.931314785458
2460817.01875,-2872.0226303695435,2144.778135995311,4136.162964198899
2460817.019444444,-3246.7268922758344,1865.4256429829231,3992.400442485371
2460817.020138889,-3595.609362792924,1571.2162147745705,3816.7830114354906
2460817.0208333335,-3915.889261842734,1264.4865191723266,3610.703638644201
2460817.021527778,-4205.01114925516,947.6740689555421,3375.7985779039536
2460817.0222222223,-4460.6657227711685,623.2981724642761,3113.934987487829
2460817.0229166667,-4680.808851327845,293.9400881212058,2827.196629558093
2460817.023611111,-4863.678647951645,-37.77748568470854,2517.867709039882
2460817.0243055555,-5007.81038253498,-369.2114284410047,2188.4149398133973
2460817.025,-5112.049046639058,-697.7195497836256,1841.467952784318
2460817.0256944443,-5175.559399773468,-1020.6820920809702,1479.798183006198
2460817.0263888887,-5197.833344378698,-1335.5231765213043,1106.2964102621909
2460817.027083333,-5178.694508956875,-1639.731981941665,723.9491492643567
2460817.027777778,-5118.299952193951,-1930.8834374121982,335.8141131196025
2460817.0284722224,-5017.138940257729,-2206.6582112937213,-55.005007908966725
2460817.029166667,-4876.028792041709,-2464.861782333433,-445.3841916065055
2460817.029861111,-4696.107830640301,-2703.4423922144556,-832.2048864686114
2460817.0305555556,-4478.825522852958,-2920.5076933669625,-1212.3797000858244
2460817.03125,-4225.929930654324,-3114.3399269086317,-1582.8777050549802
2460817.0319444444,-3939.45263522234,-3283.4094917589086,-1940.749106786122
2460817.032638889,-3621.691325406717,-3426.3867931212853,-2283.1490340797404
2460817.033333333,-3275.1902714504245,-3542.152285731003,-2607.3602311097625
2460817.0340277776,-2902.7189215913713,-3629.8046586644305,-2910.8144587957754
2460817.034722222,-2507.2488674018364,-3688.667136414626,-3191.1124431923786
2460817.035416667,-2091.9294365995347,-3718.2918944623293,-3446.042230549093
2460817.0361111113,-1660.062157379591,-3718.4626134171153,-3673.5958481878192
2460817.0368055557,-1215.0743402278038,-3689.195211824311,-3871.9841892571517
2460817.0375,-760.492001333295,-3630.7368132983174,-4039.6500703955676
2460817.0381944445,-299.91234249956926,-3543.5630130867194,-4175.279428204779
2460817.038888889,163.02402341028383,-3428.373514376316,-4277.810640901094
2460817.0395833333,624.66092405555,-3286.086206739719,-4346.441970542334
2460817.0402777777,1081.3544012398966,-3117.82975689925,-4380.637130586121
2460817.040972222,1529.5002608739849,-2924.9347793430566,-4380.1289852849795
2460817.042361111,2386.093856082567,-2471.499011712646,-4275.28916118296
2460817.043055556,2787.774232744568,-2214.53105193169,-4171.776219620011
2460817.04375,3167.4237364345086,-1940.0435610916995,-4035.191828705129
2460817.0444444446,3522.0333209115297,-1650.1988694838062,-3866.6049941864917
2460817.045138889,3848.7870112500736,-1347.2816931812777,-3667.336973075541
2460817.0458333334,4145.084172476313,-1033.6819640172944,-3438.951902035682
2460817.046527778,4408.5604156095915,-711.8767208544449,-3183.2455472997117
2460817.047222222,4637.106957591479,-384.41115271674994,-2902.2321908572385
2460817.0479166666,4828.888239468466,-53.87890555460044,-2598.129687719099
2460817.048611111,4982.357608155373,277.0982235961544,-2273.3427447259796
2460817.0493055554,5096.270861033613,605.8910505084702,-1930.4445062756338
2460817.05,5169.697468891682,929.8840650572996,-1572.15654866846
2460817.050694444,5202.0293008363815,1246.496600090847,-1201.3274248492871
2460817.051388889,5192.986700958844,1553.203911224332,-820.9099234283576
2460817.0520833335,5142.621792958002,1847.5579570736777,-433.9372364886053
2460817.052777778,5051.318924276447,2127.2076608931047,-43.498259467951904
2460817.0534722223,4919.792199893297,2389.9184401413204,347.2877404211079
2460817.0541666667,4749.0800991301685,2633.5907873892575,735.2968245216041
2460817.054861111,4540.537211543653,2856.277703421226,1117.4261881945627
2460817.0555555555,4295.823173054123,3056.2007942593964,1490.6197974698018
2460817.05625,4016.8889234306553,3231.7648676983713,1851.8935910953053
2460817.0569444443,3705.9604461215336,3381.570886830414,2198.3599878717746
2460817.0576388887,3365.5201818072574,3504.4271673693493,2527.251458877427
2460817.058333333,2998.2863364485697,3599.3587322180974,2835.9429411342735
2460817.059027778,2607.1903190955877,3665.614767630474,3121.972899341457
2460817.0597222224,2195.3525661634953,3702.674150295553,3383.0628616006393
2460817.060416667,1766.0569990349225,3710.2490438414625,3617.135296046335
2460817.061111111,1322.724375981225,3688.2865817908514,3822.32971086972
2460817.0618055556,868.8847804511719,3636.9686751042113,3997.016896392731
2460817.0625,408.14948184890284,3556.709995613313,4139.811247570588
2460817.0631944444,-55.81761334782657,3448.154196635134,4249.58112758654
2460817.063888889,-519.3287141960947,3312.168438495016,4325.457247767339
2460817.064583333,-978.7009158368558,3149.8362886226587,4366.839052266996
2460817.0652777776,-1430.2848111112048,2962.4490669543843,4373.399102098384
2460817.065972222,-1870.4927818725346,2751.4957046716086,4345.085457880356
2460817.066666667,-2295.826810737867,2518.6511839502955,4282.1220611986955
2460817.0673611113,-2702.905661217533,2265.7636234247343,4185.007114378997
2460817.0680555557,-3088.491268838765,1994.8400759703645,4054.5094577794357
2460817.06875,-3449.5141832810923,1708.0311069988304,3891.6629441299656
2460817.0694444445,-3783.097891265424,1407.6142287741357,3697.7588129773303
2460817.070138889,-4086.5818449918806,1095.976271744876,3474.3360725430916
2460817.0708333333,-4357.5430053324135,775.5947907969257,3223.169909130855
2460817.0715277777,-4593.815705819789,449.01861649656706,2946.2581578836816
2460817.072222222,-4793.509639803907,118.84767630501106,2645.8058855212894
2460817.0729166665,-4955.0257690894205,-212.2877661624411,2324.2081623683016
2460817.073611111,-5077.069961671727,-541.7482903428595,1984.0311251651058
2460817.074305556,-5158.664178153498,-866.9067352967204,1627.9914603054226
2460817.075,-5199.155045536248,-1185.1696571167531,1258.93446618278
2460817.0756944446,-5198.219683191068,-1493.998618216772,879.8108821806181
2460817.076388889,-5155.868678418225,-1790.931092892782,493.6526968613019
2460817.0770833334,-5072.44614636914,-2073.6007698254725,103.54817170889778
2460817.077777778,-4948.626850555609,-2339.757036265209,-287.3836668483025
2460817.078472222,-4785.410403817496,-2587.2834361407586,-676.0188011107539
2460817.0791666666,-4584.112612917478,-2814.2149099010826,-1059.253992074959
2460817.079861111,-4346.354073541685,-3018.753640669678,-1434.0322741757445
2460817.0805555554,-4074.0461604557827,-3199.2833570494804,-1797.3679149460372
2460817.08125,-3769.37459328505,-3354.3819673672856,-2146.370590897162
2460817.081944444,-3434.7807883091436,-3482.8324289199945,-2478.268550334342
2460817.082638889,-3072.9412228306387,-3583.6317873525736,-2790.4305638386927
2460817.084027778,-2279.2703050235355,-3699.3769493550667,-3345.8462388497032
2460817.0847222223,-1853.7586742543715,-3713.4424128580054,-3584.717241095176
2460817.0854166667,-1413.5895469091734,-3698.1010971328333,-3795.119951525
2460817.086111111,-962.2531061845594,-3653.4907111941734,-3975.4017084146053
2460817.0868055555,-503.32296682326313,-3579.9783838412945,-4124.148676439365
2460817.0875,-40.428460872532426,-3478.1570780854668,-4240.195930076016
2460817.0881944443,422.7732279745612,-3348.8404192323774,-4322.635657147318
2460817.0888888887,882.6249221159554,-3193.0560066653984,-4370.823485787122
2460817.089583333,1335.4971480889305,-3012.0372774818666,-4384.382939886544
2460817.090277778,1777.815535420213,-2807.2139869013236,-4363.2080305116615
2460817.0909722224,2206.0877942520965,-2580.2013612604137,-4307.4639885780425
2460817.091666667,2616.9301347745263,-2332.7879825026635,-4217.586139876358
2460817.092361111,3007.0930096545453,-2066.9224520258067,-4094.2769192008923
2460817.0930555556,3373.4860383305854,-1784.698888865787,-3938.5010172502407
2460817.09375,3713.2019722396353,-1488.3413154627658,-3751.478651860244
2460817.0944444444,4023.539542048315,-1180.186994542969,-3534.676958440728
2460817.095138889,4302.025020751518,-862.6687865340132,-3289.7994981713373
2460817.095833333,4546.432319934678,-538.2966132221737,-3018.7738942331152
2460817.0965277776,4754.801426965316,-209.63813037217216,-2723.7376227160585
2460817.097222222,4925.454987597279,120.70127298618502,-2407.0220019980734
2460817.097916667,5057.012834453911,450.09900811907687,-2071.1344506939918
2460817.0986111113,5148.4042689856515,775.9361963082462,-1718.7391082032996
2460817.0993055557,5198.8779138488135,1095.6187731875978,-1352.6359474207768
2460817.1,5208.008975684777,1406.598600287695,-975.7385283973421
2460817.1006944445,5175.703780077095,1706.394373257138,-591.0505812873555
2460817.101388889,5102.201474924224,1992.612115798149,-201.64162515557732
2460817.1020833333,4988.072835976268,2262.9650371851576,189.37813791520526
2460817.1027777777,4834.216148031212,2515.292544822354,578.8834102245946
2460817.103472222,4641.850179789527,2747.5781997491313,963.7595969441537
2460817.1041666665,4412.504315739541,2957.966421662693,1340.9285446702424
2460817.104861111,4148.0059478397225,3144.7777711399294,1707.3739544185796
2460817.105555556,3850.465272798317,3306.5226542804853,2060.166202457071
2460817.10625,3522.257674458966,3441.9133242195676,2396.486320496494
2460817.1069444446,3166.003899105102,3549.874081691187,2713.6489058145817
2460817.107638889,2784.5482561605904,3629.5496044742313,3009.123752841054
2460817.1083333334,2380.93509062924,3680.311364967454,3280.5560264832206
2460817.109027778,1958.3837786282845,3701.762121460388,3525.7848272478836
2460817.109722222,1520.2625069642704,3693.7384912537586,3742.8600211434955
2460817.1104166666,1070.0610801722046,3656.311635722385,3930.05724372037
2460817.111111111,611.3629996336216,3589.7861019115376,4085.8910052323627
2460817.1118055554,147.81703767972846,3494.6968776620874,4209.1258508756055
2460817.1125,-316.8914803519955,3371.804724951503,4298.785545107955
2460817.113194444,-779.0694938303507,3222.0898596006978,4354.160264381375
2460817.113888889,-1235.0449417274547,3046.7440474594787,4374.811790268969
2460817.1145833335,-1681.1952500805282,2847.1611846959763,4360.57670126627
2460817.115277778,-2113.975407111101,2624.9264310912727,4311.567562873045
2460817.1159722223,-2529.945478340677,2381.8039585489646,4228.172116072659
2460817.1166666667,-2925.7973990950627,2119.7233829383326,4111.050463607431
2460817.117361111,-3298.3808918683153,1840.7649427086642,3961.130252713073
2460817.1180555555,-3644.7283370420873,1547.14349871337,3779.5998565510245
2460817.11875,-3962.078428214213,1241.1914298494796,3567.899558260112
2460817.1194444443,-4247.898423149416,925.3405170751108,3327.710753312271
2460817.1201388887,-4499.904800341908,602.1029167530879,3060.9431959972826
2460817.120833333,-4716.082119839956,274.0513455776349,2769.720336597283
2460817.121527778,-4894.699891281314,-56.20138982816952,2456.3628118503025
2460817.1222222224,-5034.327248743598,-386.02335923438386,2123.3701823451233
2460817.122916667,-5133.8452465444625,-712.7847989049292,1773.4010340094826
2460817.123611111,-5192.45660493156,-1033.879535485817,1409.2515906367973
2460817.1243055556,-5209.692757951951,-1346.7463378221041,1033.8330159946129
2460817.1256944444,-5119.831257137946,-1937.9018533076426,261.2640809450432
2460817.126388889,-5013.463614562238,-2211.47972739917,-129.7077068268437
2460817.127083333,-4867.174646913147,-2467.446759383107,-519.6425100620993
2460817.1277777776,-4682.144550947879,-2703.7692384980214,-905.4254744690346
2460817.128472222,-4459.863995274485,-2918.5730732272277,-1283.9777842707806
2460817.129166667,-4202.121209835105,-3110.158793367206,-1652.2818690645358
2460817.1298611113,-3910.986564973256,-3277.0149439998972,-2007.4059284534105
2460817.1305555557,-3588.7948412360643,-3417.829759007508,-2346.527531426419
2460817.13125,-3238.125409916155,-3531.501036933544,-2666.956080698308
2460817.1319444445,-2861.7805648702642,-3617.1441675032083,-2966.153952709484
2460817.132638889,-2462.762258482319,-3674.09828526289,-3241.7561521230245
2460817.1333333333,-2044.247489245212,-3701.930553888593,-3491.5883557008747
2460817.1340277777,-1609.5625966733228,-3700.438603659912,-3713.6832396864884
2460817.134722222,-1162.1566979967004,-3669.6511652125823,-3906.295021409481
2460817.1354166665,-705.5744943807641,-3609.8269545323487,-4067.9121642901605
2460817.136111111,-243.42865392103027,-3521.4518737372046,-4197.268218225669
2460817.136805556,220.62803612395902,-3405.23459748404,-4293.350781912252
2460817.1375,682.9305806871847,-3262.100614766221,-4355.408586952665
2460817.1381944446,1139.8295919321386,-3093.1847955718194,-4382.956707213196
2460817.138888889,1587.7188706098232,-2899.8225461295815,-4375.779901504941
2460817.1395833334,2023.0626157096312,-2683.53961488079,-4333.934095300379
2460817.140277778,2442.4221415836214,-2446.040602327092,-4257.746004815226
2460817.140972222,2842.4819707001648,-2189.196228413017,-4147.810901499962
2460817.1416666666,3220.0751689949207,-1915.0294098247837,-4004.988512579818
2460817.142361111,3572.2077891954727,-1625.700196389038,-3830.3970483971993
2460817.1430555554,3896.0822638834666,-1323.489628589616,-3625.405350923592
2460817.14375,4189.119589453699,-1010.7825788735739,-3391.6231584530665
2460817.144444444,4448.980119862041,-690.0496585364893,-3130.889493829559
2460817.145138889,4673.582785075579,-363.8282814084895,-2845.2591935309674
2460817.1458333335,4861.122537608481,-34.70299546101986,-2536.987613924214
2460817.146527778,5010.085826487185,294.71478549625044,-2208.5135752837027
2460817.1472222223,5119.263902843115,621.8075006881935,-1862.4406281357044
2460817.1479166667,5187.763769939618,943.972444915177,-1501.516752792062
2460817.148611111,5215.016604232254,1258.6428642235894,-1128.612639139216
2460817.1493055555,5200.783500435401,1563.3089484622,-746.6987143088061
2460817.15,5145.1584206673715,1855.5385064601066,-358.82112169327496
2460817.1506944443,5048.568264695497,2132.997109067917,31.923125865692413
2460817.1513888887,4911.770017421807,2393.4674831694715,422.4115734608637
2460817.152083333,4735.844972982719,2634.8679451447174,809.5220714619768
2460817.152777778,4522.190079141557,2855.26967382134,1190.1585737497949
2460817.1534722224,4272.506488345241,3052.912640093744,1561.2767169605652
2460817.154166667,3988.7854444689083,3226.220029547117,1919.9089123550145
2460817.154861111,3673.2916699776924,3373.8110211134267,2263.1886962002754
2460817.1555555556,3328.544451873577,3494.5118104286366,2588.374098540941
2460817.15625,2957.296647086164,3587.364796770705,2892.869815680865
2460817.1569444444,2562.5118508462797,3651.635878810164,3174.2479922163175
2460817.157638889,2147.3399785055103,3686.8198338276698,3430.267451037838
2460817.158333333,1715.0915163410582,3692.6437789188876,3658.891236613749
2460817.1590277776,1269.2106948061441,3669.0687344731386,3858.302364994213
2460817.159722222,813.2478270431973,3616.2893279705586,4026.9177016702934
2460817.160416667,350.8310484816481,3534.7316899007255,4163.399909446212
2460817.1611111113,-114.3623294757762,3425.0496026200767,4266.667431709716
2460817.1618055557,-578.6346480987235,3288.118968465218,4335.902488514129
2460817.1625,-1038.2967265255,3125.0306657950077,4370.557075163004
2460817.1631944445,-1489.6965105502045,2937.0818615116536,4370.356959531404
2460817.163888889,-1929.2473828439418,2725.7658467757383,4335.303677590739
2460817.1645833333,-2353.4559780407335,2492.7604608123056,4265.674527067099
2460817.1652777777,-2758.949346499402,2239.9151675522157,4162.020558937967
2460817.165972222,-3142.5013110692757,1969.2368492959565,4025.1625658244625
2460817.167361111,-3831.7613564678095,1383.102093275147,3656.428295179348
2460817.168055556,-4131.973529757348,1072.3021057885642,3427.4781895301307
2460817.16875,-4399.296813918651,752.9457984788692,3171.15442646417
2460817.1694444446,-4631.594081273815,427.5743609751826,2889.4965147911316
2460817.170138889,-4827.006423045441,98.77865166022411,2584.748017795925
2460817.1708333334,-4983.968825344497,-230.82151950105816,2259.3389814238435
2460817.171527778,-5101.223541154383,-558.5985139625827,1915.866675869616
2460817.172222222,-5177.830979589251,-881.9382119110317,1557.0747845042981
2460817.1729166666,-5213.177952660866,-1198.2613835289526,1185.8312070861375
2460817.173611111,-5206.983149327247,-1505.0448759681708,805.1046689183097
2460817.1743055554,-5159.299738947106,-1799.842401238425,417.94035204152726
2460817.175,-5070.515044445052,-2080.3047045043804,27.434790793351915
2460817.175694444,-4941.3472680929235,-2344.198899814605,-363.2897137247562
2460817.176388889,-4772.839295584408,-2589.426768508602,-751.1108942573036
2460817.1770833335,-4566.3496505924895,-2814.0418266865186,-1132.9322571803139
2460817.177777778,-4323.540709143119,-3016.264996100659,-1505.7085010262276
2460817.1784722223,-4046.36432896054,-3194.4987252148962,-1866.4703450794586
2460817.1791666667,-3737.045075478135,-3347.339444158431,-2212.348531108878
2460817.179861111,-3398.061261287805,-3473.5882580030884,-2540.596768642785
2460817.1805555555,-3032.1240283755315,-3572.2598177907826,-2848.6134305826026
2460817.18125,-2642.1547241007065,-3642.5893319256165,-3133.961823323454
2460817.1819444443,-2231.2608198998805,-3684.0377105944867,-3394.388893478037
2460817.1826388887,-1802.7106299322743,-3696.29485669793,-3627.8422548717745
2460817.183333333,-1359.9070652170376,-3679.281138681719,-3832.4854577255187
2460817.184027778,-906.3606641472247,-3633.147093660524,-4006.7114356599004
2460817.1847222224,-445.6621099511434,-3558.271422200946,-4149.1540980168
2460817.185416667,18.545567966704837,-3455.2573410686086,-4258.698048499367
2460817.186111111,482.5949246036854,-3324.9273643595125,-4334.486423093618
2460817.1868055556,942.8220059609187,-3168.316581070815,-4375.926852019188
2460817.1875,1395.594079786831,-2986.6644958962193,-4382.695551075081
2460817.1881944444,1837.3370578585684,-2781.405493918534,-4354.739550015179
2460817.188888889,2264.5624782147956,-2554.1579867325745,-4292.277062090547
2460817.189583333,2673.8939215683163,-2306.7122924396167,-4195.7959953606405
2460817.1902777776,3062.0927328071807,-2041.017299469003,-4066.0506013871977
2460817.190972222,3426.082906721854,-1759.165967937653,-3904.056255377389
2460817.191666667,3762.9749973514745,-1463.3797191909862,-3711.082358132216
2460817.1923611113,4070.0888859575493,-1155.9917787404202,-3488.6433557771115
2460817.1930555557,4344.975236573844,-839.429545095239,-3238.487879372922
2460817.19375,4585.435458949127,-516.1960662514931,-2962.5860136598276
2460817.1944444445,4789.539978296461,-188.85073380735048,-2663.114728979884
2460817.195138889,4955.644618517446,140.01068984276597,-2342.4415213703214
2460817.1958333333,5082.4048961483795,467.7765659723536,-2003.1063381469874
2460817.1965277777,5168.788033705433,791.8402373149237,-1647.8018885270621
2460817.197222222,5214.082511590303,1109.6210685584556,-1279.3524717952396
2460817.1979166665,5217.904999512386,1418.5854760891132,-900.6914823896442
2460817.198611111,5180.204534627176,1716.2677395681094,-514.8377816802948
2460817.199305556,5101.2638470669235,2000.2903814695167,-124.87115094238105
2460817.2,4981.697771957391,2268.38389649454,266.09293557254585
2460817.2006944446,4822.448728497179,2518.4056184329006,654.9289646706005
2460817.201388889,4624.779291614253,2748.357517245625,1038.5271963615262
2460817.2020833334,4390.261923525436,2956.4027379487634,1413.8193670486469
2460817.202777778,4120.76597859438,3140.8807060980007,1777.8040095487468
2460817.203472222,3818.442130649978,3300.3206534103224,2127.5711327464624
2460817.2041666666,3485.7044063975904,3433.453440633844,2460.3260149603216
2460817.204861111,3125.210041062862,3539.221581350365,2773.4118810981176
2460817.2055555554,2739.837388208976,3616.787402570242,3064.3312650501225
2460817.20625,2332.662131574691,3665.539303539661,3330.7658821321606
2460817.206944444,1906.9320562313096,3685.096100159629,3570.5948636524818
2460817.207638889,1466.0406303580462,3675.3094665563563,3781.911238700323
2460817.209027778,552.9111871505909,3568.278481720688,4112.533683521455
2460817.2097222223,87.93904351728516,3471.8978101169487,4229.217440817586
2460817.2104166667,-377.7200398863548,3347.8933035957243,4312.163535504498
2460817.211111111,-840.3652707791167,3197.253806276896,4360.715292553568
2460817.2118055555,-1296.3205814971784,3021.1782458934895,4374.48846769973
2460817.2125,-1741.9631424353079,2821.0661819287434,4353.374045185449
2460817.2131944443,-2173.751446275914,2598.5069146506867,4297.539032968639
2460817.2138888887,-2588.252809597222,2355.2672185445967,4207.425256100925
2460817.214583333,-2982.1701379574147,2093.277762475232,4083.746147055733
2460817.215277778,-3352.3677917829473,1814.618283021365,3927.4815322205795
2460817.2159722224,-3695.896384595174,1521.5015821246661,3739.87041654963
2460817.216666667,-4010.0163367174746,1216.2564278485515,3522.4017736245755
2460817.217361111,-4292.219999162338,901.3094467790121,3276.8033563412073
2460817.2180555556,-4540.252149289034,579.1661153158843,3005.0285602421436
2460817.21875,-4752.128660805488,252.39096770450044,2709.2413855633677
2460817.2194444444,-4926.153143426044,-76.41283681077255,2391.799571109926
2460817.220138889,-5060.931357337192,-404.62443296018307,2055.2359937597953
2460817.220833333,-5155.383214883139,-729.6264781791815,1702.2384580460869
2460817.2215277776,-5208.75220020153,-1048.8264962166502,1335.6280325285063
2460817.222222222,-5220.612065316483,-1359.6781379013848,958.336107218219
2460817.222916667,-5190.870687444591,-1659.702138804621,573.3803872416669
2460817.2236111113,-5119.771012717822,-1946.506759654414,183.8400505589752
2460817.2243055557,-5007.889050333133,-2217.807492461415,-207.16967954510628
2460817.225,-4856.128924611957,-2471.4458227717746,-596.5232840085238
2460817.2256944445,-4665.715037618918,-2705.406849434148,-981.1107472938181
2460817.226388889,-4438.181436971533,-2917.835583795896,-1357.8631383367529
2460817.2270833333,-4175.358524826846,-3107.0517693985157,-1723.7777077313076
2460817.2277777777,-3879.357279382189,-3271.563090142461,-2075.942250868224
2460817.228472222,-3552.551191857254,-3410.076661508867,-2411.5585033821567
2460817.2291666665,-3197.556144799879,-3521.508729287277,-2727.964360248657
2460817.229861111,-2817.208472832364,-3604.9925287497877,-3022.654737116307
2460817.230555556,-2414.541459307993,-3659.8842832552286,-3293.3009182397795
2460817.23125,-1992.7605194124333,-3685.76734755857,-3537.7682693283004
2460817.2319444446,-1555.217320589389,-3682.454521012934,-3754.132218224698
2460817.232638889,-1105.383073620342,-3649.988573925072,-3940.6924378163476
2460817.2333333334,-646.8212219315719,-3588.6410423755656,-4095.985183781385
2460817.234027778,-183.1597307914467,-3498.9093556835296,-4218.793764254595
2460817.234722222,281.9368343110565,-3381.5123647735713,-4308.157130188206
2460817.2354166666,744.7952737270061,-3237.3843398147114,-4363.376587211051
2460817.236111111,1201.761608021004,-3067.667504446823,-4384.020633840963
2460817.2368055554,1649.228683532784,-2873.7031685894935,-4369.927933957921
2460817.2375,2083.663395050811,-2657.021518571599,-4321.208428855223
2460817.238194444,2501.633399520098,-2419.3301178039583,-4238.2425912076205
2460817.238888889,2899.833192442465,-2162.5011683538332,-4121.678818380707
2460817.2395833335,3275.1094103142204,-1888.5575851759245,-3972.428959833444
2460817.240277778,3624.4852215282303,-1599.6579319193518,-3791.6619692898225
2460817.2409722223,3945.183645255462,-1298.0802798599861,-3580.795676429477
2460817.2416666667,4234.649634814817,-986.2050545159675,-3341.4866752265125
2460817.242361111,4490.570744364105,-666.496949913765,-3075.618336513519
2460817.2430555555,4710.896186848061,-341.4860071934609,-2785.2869679254663
2460817.24375,4893.8540872386075,-13.747968213090425,-2472.7861601379036
2460817.2444444443,5037.9667285968735,314.11596143387357,-2140.5893847988996
2460817.2451388887,5142.063594410228,639.4997878702802,-1791.330934750673
2460817.245833333,5205.292021048326,959.813673194325,-1427.7853242239264
2460817.246527778,5227.125290138356,1272.5049596893045,-1052.8452984763746
2460817.2472222224,5207.368015900504,1575.0790710650087,-669.498632276098
2460817.247916667,5146.158713442417,1865.1200822976116,-280.8039188015208
2460817.248611111,5043.969470101302,2140.310737428762,110.13441656143655
2460817.2493055556,4901.602682019008,2398.4517048081902,500.19163565670146
2460817.2506944444,4501.157579207422,2855.485363979555,1265.2169004964671
2460817.251388889,4246.265589201312,3050.72747470347,1634.0656711987021
2460817.252083333,3957.5423506200746,3221.6487288118296,1989.8452504305137
2460817.2527777776,3637.293036151937,3366.8875658833917,2329.7120122907204
2460817.253472222,3288.0752796381435,3485.2891629321607,2650.95138563934
2460817.254166667,2912.67787126989,3575.9144435212474,2950.9997662586693
2460817.2548611113,2514.0976464425057,3638.0472048472684,3227.4650046329675
2460817.2555555557,2095.5148212888585,3671.1993393950493,3478.145311614276
2460817.25625,1660.267032697092,3675.1141521337568,3701.0464521129716
2460817.2569444445,1211.8223303430896,3649.767795733956,3894.397128943984
2460817.257638889,753.7513658089988,3595.3688619759655,4056.6624800304767
2460817.2583333333,289.6990108116743,3512.356181576345,4186.555636526966
2460817.2590277777,-176.64438381453897,3401.394892867696,4283.047310255669
2460817.259722222,-641.5718897308451,3263.370844133339,4345.373391126484
2460817.2604166665,-1101.3888768769752,3099.3833972005323,4373.040545051771
2460817.261111111,-1552.4416944253917,2910.7366985866793,4365.829810058428
2460817.261805556,-1991.1459942888337,2698.9294833536073,4323.7981900256
2460817.2625,-2414.0145405834146,2465.643475078383,4247.278246149902
2460817.2631944446,-2817.6843492201338,2212.7304447668484,4136.875685670057
2460817.263888889,-3198.9430004781457,1942.1979915158126,3993.464946481793
2460817.2645833334,-3554.753955235111,1656.1941152263603,3818.1827792984504
2460817.265277778,-3882.280707377599,1356.9906515235425,3612.4198297700577
2460817.265972222,-4178.909582587185,1046.9656574239243,3377.8102346674764
2460817.2666666666,-4442.270993751438,728.5848437731819,3116.2192558287766
2460817.267361111,-4670.258954881117,404.3821656064051,2829.728990509213
2460817.2680555554,-4861.048646856727,76.9397059456203,2520.6222230600038
2460817.26875,-5013.111838889616,-251.13300283328635,2191.3644992780464
2460817.269444444,-5125.229969819993,-577.2200475114962,1844.5845403632559
2460817.270138889,-5196.504714283314,-898.720410795411,1483.0531353164877
2460817.2708333335,-5226.365877620591,-1213.0692578313995,1109.6606809843952
2460817.271527778,-5214.576491792429,-1517.759017877531,727.393572892767
2460817.2722222223,-5161.235021313367,-1810.3600510561391,339.30966261687877
2460817.2729166667,-5066.774625021867,-2088.5406779409473,-51.4869694577247
2460817.273611111,-4931.959463466993,-2350.086361325056,-441.8716697684655
2460817.2743055555,-4757.878085321561,-2592.917836303238,-828.725026210695
2460817.275,-4545.933969992372,-2815.108001326182,-1208.9585710877916
2460817.2756944443,-4297.833345672866,-3014.8974022048305,-1579.54010451312
2460817.2763888887,-4015.570441349963,-3190.7081647048412,-1937.5183799337929
2460817.277083333,-3701.410360727133,-3341.156260787467,-2280.0469148215616
2460817.277777778,-3357.8697976749045,-3465.062017651284,-2604.4067033279352
2460817.2784722224,-2987.6958281396064,-3561.4588112864485,-2908.027640014626
2460817.279166667,-2593.8430278186925,-3629.599912132409,-3188.5084884358844
2460817.279861111,-2179.449167070786,-3668.9634770125385,-3443.6352601057897
2460817.2805555556,-1747.8097377451486,-3679.2557033044823,-3671.397894834083
2460817.28125,-1302.351549538317,-3660.4121817129585,-3870.005167448759
2460817.2819444444,-846.6056272577656,-3612.5974968737555,-4037.8977653289417
2460817.282638889,-384.179625155982,-3536.2031366278634,-4173.759503575177
2460817.283333333,81.27005521147285,-3431.843775294888,-4276.526665450044
2460817.2840277776,546.0662568100577,-3300.3520002903524,-4345.395460908202
2460817.284722222,1006.5390196670432,-3142.7715476107273,-4379.827610399122
2460817.285416667,1459.0533399824192,-2960.349111862424,-4379.5540588458
2460817.2861111113,1900.036609784247,-2754.524787599837,-4344.576827632757
2460817.2868055557,2326.005599757206,-2526.921199457082,-4275.169007514026
2460817.2875,2733.5928630120056,-2279.3313703646986,-4171.872892523607
2460817.2881944445,3119.572426234659,-2013.70537791478,-4035.4962500568063
2460817.288888889,3480.8846307029826,-1732.135848065255,-3867.106719085804
2460817.2895833333,3814.659970089235,-1436.842342723014,-3668.024329770707
2460817.2902777777,4118.241764905008,-1130.1547021278516,-3439.8121397513373
2460817.290972222,4389.207498771099,-814.495414157395,-3184.264989213425
2460817.292361111,4824.88865398962,-166.3032322575796,-2599.423601107912
2460817.293055556,4986.099311289352,161.09183552325337,-2274.7508778298766
2460817.29375,5107.714576715939,487.22330403189045,-1931.951090433165
2460817.2944444446,5188.74240411629,809.4967491286126,-1573.7457003795682
2460817.295138889,5228.513946866709,1125.3450941527447,-1202.9833059759176
2460817.2958333334,5226.690132820864,1432.2495591900329,-822.6168949618763
2460817.296527778,5183.26545945344,1727.760371746124,-435.6800083739079
2460817.297222222,5098.56891592062,2009.5170301960284,-45.26202874373752
2460817.2979166666,4973.261977269693,2275.267897493633,345.51715829690835
2460817.298611111,4808.333658369269,2522.888917395596,733.5328774049636
2460817.2993055554,4605.092658836524,2750.4012482462185,1115.6814822003973
2460817.3,4365.156677020527,2955.987623900781,1488.9060042883318
2460817.300694444,4090.439008759144,3138.0072768088185,1850.2213703286875
2460817.301388889,3783.132588267503,3295.0092757702705,2196.738925602781
2460817.3020833335,3445.6916626805278,3425.7441591694014,2525.6900202908423
2460817.302777778,3080.8113155694064,3529.1737743481335,2834.4484395018803
2460817.3034722223,2691.4050765879365,3604.479260126576,3120.551479665321
2460817.3041666667,2280.580869755459,3651.0671370257523,3381.7195002858507
2460817.304861111,1851.6155516389338,3668.5734967398007,3615.873814147262
2460817.3055555555,1407.9282979442867,3656.8663028169744,3821.15280097559
2460817.30625,953.0530832187718,3616.045834824201,3995.9261619306367
2460817.3069444443,490.6104883250602,3546.443321692544,4138.807254348848
2460817.3076388887,24.279060421328758,3448.6178209568147,4248.663465197361
2460817.308333333,-442.2335739014669,3323.3514062102067,4324.624600983392
2460817.309027778,-905.2196465562346,3171.6427296135316,4366.089280189155
2460817.3097222224,-1361.000068823357,2994.6990237070345,4372.729324914517
2460817.310416667,-1805.9529594022147,2793.926610494493,4344.492149257958
2460817.311111111,-2236.5417318835734,2570.9199776562,4281.601145625183
2460817.3118055556,-2649.342577379829,2327.449486858374,4184.554068094634
2460817.3125,-3041.071189254557,2065.4477751314175,4054.1194123353307
2460817.3131944444,-3408.6085669402923,1786.9949142168882,3891.3307913323015
2460817.313888889,-3749.025727261206,1494.3023989736464,3697.4793095425275
2460817.314583333,-4059.6071430775796,1189.6960444397696,3474.103944467515
2460817.3152777776,-4337.872721544291,875.597880827739,3222.979953162759
2460817.315972222,-4581.5981210118225,554.5071552464266,2946.105339168897
2460817.316666667,-4788.833206905051,228.98056046478698,2645.6854307502886
2460817.3173611113,-4957.918442252413,-98.38816649418327,2324.1156473027345
2460817.3180555557,-5087.499016930496,-424.9891179242212,1983.9625541994974
2460817.31875,-5176.536529542872,-748.2173822988524,1627.9433373528907
2460817.3194444445,-5224.318056521435,-1065.494311351478,1258.9038566781712
2460817.320138889,-5230.4624689414795,-1374.2886834331769,879.7954639035224
2460817.3208333333,-5194.923888783637,-1672.1375470352289,493.6508004523057
2460817.3215277777,-5117.992214602199,-1956.6665298720502,103.55880792367954
2460817.322222222,-5000.290687975931,-2225.609394484244,-287.3607907007718
2460817.3229166665,-4842.77051526481,-2476.826636557681,-675.9832787805026
2460817.323611111,-4646.702604608013,-2708.322927828072,-1059.2047271107754
2460817.324305556,-4413.666519652816,-2918.2632292789244,-1433.9675018688993
2460817.325,-4145.536792319225,-3104.987419226938,-1797.285236022371
2460817.3256944446,-3844.466772484615,-3267.0233075052065,-2146.2670160153366
2460817.326388889,-3512.8702212930443,-3403.097935276293,-2478.1405561151514
2460817.3270833334,-3153.400877073403,-3512.1470884235896,-2790.2741567216453
2460817.327777778,-2768.9302377860226,-3593.32298053213,-3080.19727013311
2460817.328472222,-2362.523815522239,-3646.0000875504693,-3345.619523738457
2460817.3291666666,-1937.4161093876812,-3669.7791425129167,-3584.448087760569
2460817.329861111,-1496.984550991828,-3664.4893160883375,-3794.803292561942
2460817.3305555554,-1044.7226502290955,-3630.18862781703,-3975.0324375864243
2460817.33125,-584.2125678126952,-3567.162643182178,-4123.721747830145
2460817.331944444,-119.09731191214593,-3475.921520031719,-4239.706458882991
2460817.332638889,346.9472554060233,-3357.195470969131,-4322.079021601091
2460817.334027778,1267.1245714970005,-3041.271945232908,-4383.679664513943
2460817.3347222223,1713.9927007243057,-2846.5734827824217,-4362.426303126664
2460817.3354166667,2147.315755198144,-2629.3689920489032,-4306.60122796449
2460817.336111111,2563.669279930315,-2391.369989520965,-4216.640506955891
2460817.3368055555,2959.7594827542002,-2134.4510855965837,-4093.2473996599265
2460817.3375,3332.4484929550345,-1860.6360481062177,-3937.3874977411656
2460817.3381944443,3678.778688498223,-1572.0827294616292,-3750.281988093082
2460817.3388888887,3995.995927207445,-1271.0669196102392,-3533.3990342190637
2460817.339583333,4281.571515876236,-959.9651892298144,-3288.443273804303
2460817.340277778,4533.222730298244,-641.2368070680728,-3017.3434445520015
2460817.3409722224,4748.931695236706,-317.4048261472179,-2722.238162248082
2460817.341666667,4926.962423190803,8.963545640607766,-2405.4598962655186
2460817.342361111,5065.87580880433,335.2771530905544,-2069.517214329653
2460817.3430555556,5164.542384858078,658.9415297278969,-1717.0753882954557
2460817.34375,5222.152651545077,977.3797843345243,-1350.9354908065118
2460817.3444444444,5238.2248141306,1288.053552193849,-974.0121338485903
2460817.345138889,5212.609786788355,1588.4838051402437,-589.3100361839587
2460817.345833333,5145.493353946088,1876.2713108713137,-199.89962741341347
2460817.3465277776,5037.395417666309,2149.116522214768,191.10807353587956
2460817.347222222,4889.166299907959,2404.838686440464,580.5870597726129
2460817.347916667,4701.98011367648,2641.3939622544203,965.4221469325681
2460817.3486111113,4477.325261495905,2856.8923510158183,1342.5347237570763
2460817.3493055557,4216.992159943929,3049.6132666868643,1708.9081761033897
2460817.35,3923.058335051111,3218.019584861938,2061.6127146131985
2460817.3506944445,3597.871061357472,3360.770044631617,2397.8293636066824
2460817.351388889,3244.027756028124,3476.729896869414,2714.872874168005
2460817.3520833333,2864.35435224689,3564.9797273628087,3010.213360988169
2460817.3527777777,2461.881903977867,3624.822405215035,3281.4964760352455
2460817.353472222,2039.8216715673384,3655.7881383072304,3526.5619722784213
2460817.3541666665,1601.5389437567396,3657.6376382620783,3743.460533487731
2460817.354861111,1150.5258506008047,3630.3634182693613,3930.4687729363286
2460817.355555556,690.3734035145977,3574.1892640217557,4086.102334148356
2460817.35625,224.74299268167897,3489.567929254441,4209.12704420275
2460817.3569444446,-242.66244713131823,3377.177115759632,4298.568090339092
2460817.357638889,-708.1274061498463,3237.9138019038464,4353.717203388355
2460817.3583333334,-1167.952722035474,3072.8869854102713,4374.13784061567
2460817.359027778,-1618.4842876896003,2883.4089046338863,4359.668366063237
2460817.359722222,-2056.1413812885953,2670.9848020563054,4310.4232279068065
2460817.3604166666,-2477.444462043838,2437.3012919332464,4226.792133159475
2460817.361111111,-2879.0422763350152,2184.2133929048896,4109.437218991277
2460817.3618055554,-3257.738113819159,1913.7302881795335,3959.288219486792
2460817.3625,-3610.515044112029,1627.9998817079718,3777.535629353095
2460817.363194444,-3934.5599592295043,1329.2922240118485,3565.6218699814463
2460817.363888889,-4227.28623520117,1019.9818926733741,3325.230471772192
2460817.3645833335,-4486.35481555756,702.529428385001,3058.273301439975
2460817.365277778,-4709.693518570593,379.4619380948751,2766.875876262157
2460817.3659722223,-4895.51436082104,53.35300160866317,2453.3608339327952
2460817.3666666667,-5042.328698492215,-273.1979691706654,2120.229647373218
2460817.367361111,-5148.959993744678,-597.5867465466533,1770.1427051577523
2460817.3680555555,-5214.554032742489,-917.2254966008014,1405.8979007972137
2460817.36875,-5238.5864408255065,-1229.5639744166672,1030.4079147942507
2460817.3694444443,-5220.867375515137,-1532.1105033776885,646.6763830032438
2460817.3701388887,-5161.543308657316,-1822.452513705011,257.77318834624515
2460817.370833333,-5061.095852362183,-2098.2764297132285,-133.19088392226251
2460817.371527778,-4920.3376250102665,-2357.3866908823666,-523.0898617436397
2460817.3722222224,-4740.405197762694,-2597.723708224995,-908.8084059073715
2460817.372916667,-4522.749207277479,-2817.38056880647,-1287.2674592498854
2460817.373611111,-4269.121759302607,-3014.6183267952356,-1655.449463431022
2460817.3743055556,-3981.5612885718706,-3187.8797386659135,-2010.4228851418432
2460817.3756944444,-3314.1195927963336,-3457.2237207467647,-2669.588450109471
2460817.376388889,-2939.579070291429,-3551.2001142546073,-2968.5541892615142
2460817.377083333,-2541.7422765530814,-3617.0029877629054,-3243.8993240545637
2460817.3777777776,-2123.7780237454604,-3654.128913816222,-3493.451052089053
2460817.378472222,-1689.0094930368657,-3662.301571930525,-3715.243799339855
2460817.379166667,-1240.8876693313819,-3641.472973448132,-3907.5337505331568
2460817.3798611113,-782.9641122391623,-3591.8229520237073,-4068.81153927835
2460817.3805555557,-318.8632612546873,-3513.7569795270088,-4197.813075154243
2460817.38125,147.74552010024664,-3407.902373076218,-4293.528489459887
2460817.3819444445,613.1760000994317,-3275.1029587966914,-4355.209202801524
2460817.382638889,1073.753070412614,-3116.4122580025983,-4382.373116537119
2460817.3833333333,1525.8405305025426,-2933.0852581930635,-4374.807936378554
2460817.3840277777,1965.868537160878,-2726.5688237775194,-4332.5726345573175
2460817.384722222,2390.3605833426814,-2498.4908013509125,-4255.9970526732095
2460817.3854166665,2795.959880099975,-2250.6478685494226,-4145.6796446141125
2460817.386111111,3179.4550105459157,-1984.992173235681,-4002.483353513902
2460817.386805556,3537.804711497715,-1703.6168137830168,-3827.5296151067987
2460817.3875,3868.161630154774,-1408.7402149242544,-3622.1904803809844
2460817.3881944446,4167.89489021541,-1102.6894618127183,-3388.078854441375
2460817.388888889,4434.6112894637,-787.8826657103182,-3127.036856134883
2460817.3895833334,4666.174935955026,-466.81045318249795,-2841.1223190649525
2460817.390277778,4860.725126582795,-142.01668339825437,-2532.593469264444
2460817.390972222,5016.692264386756,183.92147953953784,-2203.8918393297645
2460817.3916666666,5132.811613624189,508.41399165492044,-1857.6235061423477
2460817.392361111,5208.134703049477,828.8786906850302,-1496.538761580655
2460817.3930555554,5242.03819900442,1142.762206260479,-1123.510364715328
2460817.39375,5234.230097287235,1447.5608247186806,-741.5105447058047
2460817.394444444,5184.753109397302,1740.841100625606,-353.58695365226964
2460817.395138889,5093.985155660151,2020.2599947687215,37.162198390462386
2460817.3958333335,4962.636916456478,2283.5843317657673,427.61359213818037
2460817.396527778,4791.746437921342,2528.7093568383584,814.6445588865892
2460817.3972222223,4582.670829859926,2753.67619819811,1195.158892164063
2460817.3979166667,4337.075141142882,2956.688044699589,1566.1124329166908
2460817.398611111,4056.9185355836325,3136.12487675901,1924.5381666347905
2460817.3993055555,3744.437934749471,3290.5566059443436,2267.570571130736
2460817.4,3402.1293164253243,3418.7545127971107,2592.468984985628
2460817.4006944443,3032.726899457343,3519.7008904366485,2896.639768390496
2460817.4013888887,2639.1804465615296,3592.5968403229695,3177.6570757057143
2460817.402083333,2224.6309402888623,3636.868185894625,3433.2820715902612
2460817.402777778,1792.384889442028,3652.169497625088,3661.4804562175864
2460817.4034722224,1345.8875137153823,3638.386244927011,3860.4381971484177
2460817.404166667,888.6950614028436,3595.6351071480044,4028.5753833107146
2460817.404861111,424.446481107111,3524.262490440521,4164.558151469449
2460817.4055555556,-43.1653223112467,3424.8413066481976,4267.308643182643
2460817.40625,-510.42245330986253,3298.166075736361,4336.012974740911
2460817.4069444444,-973.611020562006,3145.24641650146,4370.127207838501
2460817.407638889,-1429.0499876583108,2967.2989903513617,4369.381317949523
2460817.408333333,-1873.1197192682873,2765.73795977312,4333.781159770481
2460817.4090277776,-2302.2900571078258,2542.1640257181202,4263.608429605975
2460817.409722222,-2713.1477774695722,2298.352101379695,4159.418624372945
2460817.410416667,-3102.4232654760854,2036.2376860401541,4022.0369963459557
2460817.4111111113,-3467.016243812335,1757.9020026039304,3852.552503798786
2460817.4118055557,-3804.0203836568026,1465.5559684167738,3652.3097602424164
2460817.4125,-4110.746611760211,1161.5230814741408,3422.8989939784137
2460817.4131944445,-4384.744924712903,848.2213116391625,3166.144037897811
2460817.413888889,-4623.824507404738,528.1441066910444,2884.088388187813
2460817.4145833333,-4826.071952960455,203.84063691394124,2578.9793884688647
2460817.4152777777,-4989.867380499175,-122.1045783693516,2253.250620372854
2460817.415972222,-5113.898254232606,-447.09250105930494,1909.5026076188587
2460817.417361111,-5239.018297207497,-1083.8544449744352,1179.0591969416064
2460817.418055556,-5239.107789853624,-1390.547960770501,798.2052200060567
2460817.41875,-5197.44231603508,-1686.1649653268712,410.96702307349756
2460817.4194444446,-5114.361390231072,-1968.3489345634111,20.44251264662104
2460817.420138889,-4990.53803817486,-2234.8524856764448,-370.24508636918415
2460817.4208333334,-4826.97296627641,-2483.5558035974923,-757.9730439117145
2460817.421527778,-4624.985852421492,-2712.4839004489786,-1139.64487595568
2460817.422222222,-4386.203868115507,-2919.822534066816,-1512.2157638768156
2460817.4229166666,-4112.547579038073,-3103.9326366821424,-1872.7173852646608
2460817.423611111,-3806.2144110387057,-3263.3631258582545,-2218.281906108138
2460817.4243055554,-3469.6598864002344,-3396.862005826988,-2546.1649201686787
2460817.425,-3105.576871523484,-3503.3856854126166,-2853.7671260590837
2460817.425694444,-2716.87307575954,-3582.10647677579,-3138.654580284308
2460817.426388889,-2306.6470557662424,-3632.41825891728,-3398.5773819051797
2460817.4270833335,-1878.1629794871783,-3653.9403149120494,-3631.4866758259113
2460817.427777778,-1434.824393312925,-3646.5193725334125,-3835.5498927482577
2460817.4284722223,-980.147224629997,-3610.2298927061706,-4009.164168063286
2460817.4291666667,-517.732237304059,-3545.372661396472,-4150.967903342138
2460817.429861111,-51.23713756282705,-3452.4717472829134,-4259.8504525889975
2460817.4305555555,415.6514833774687,-3332.2698918973347,-4334.959926577382
2460817.43125,879.2462170763226,-3185.7223957355636,-4375.709120999826
2460817.4319444443,1335.8867580650412,-3013.9895642756487,-4381.779572402072
2460817.4326388887,1781.9675426567035,-2818.4277721462877,-4353.123750371845
2460817.433333333,2213.964978057246,-2600.579198212432,-4289.965390145956
2460817.434027778,2628.464131537252,-2362.1602817275098,-4192.79796539252
2460817.4347222224,3022.1847459071037,-2105.048948925955,-4062.381298036394
2460817.435416667,3392.006448534867,-1831.270655233333,-3899.7362970763943
2460817.436111111,3734.9930003552945,-1542.983297188498,-3706.1378193787236
2460817.4368055556,4048.4154272586707,-1242.4610502437283,-3483.1056461345524
2460817.4375,4329.773856921868,-932.0772030173438,-3232.393577540993
2460817.4381944444,4576.81787590746,-614.2860695410575,-2955.976658314249
2460817.438888889,4787.565210301845,-291.60407873525986,-2656.0365635360777
2460817.439583333,4960.318528421169,33.40984264315488,-2334.945193680224
2460817.4402777776,5093.680160866501,358.1744531218163,-1995.246556619542
2460817.440972222,5186.564544069815,680.1067932878029,-1639.637034796761
2460817.441666667,5238.208201082505,996.6430158981588,-1270.9441742430363
2460817.4423611113,5248.177098161027,1305.2592639160584,-892.1041503450398
2460817.4430555557,5216.371238452875,1603.4923865620744,-506.1381064947937
2460817.44375,5143.026390573496,1888.9602843217212,-116.1275779496031
2460817.4444444445,5028.712886559342,2159.3816662197523,274.8107599651787
2460817.445138889,4874.331465803335,2412.595006415815,663.5507648679095
2460817.4458333333,4681.106186480691,2646.5764931031113,1046.9826531374003
2460817.4465277777,4450.574470029537,2859.456778136578,1422.0387082071638
2460817.447222222,4184.574386125253,3049.5363537691396,1785.7186031924898
2460817.4479166665,3885.2293277303183,3215.299402948441,2135.1140742429366
2460817.448611111,3554.9302578715733,3355.4259983261272,2467.4327010571183
2460817.449305556,3196.315739205835,3468.802550780772,2780.020568517592
2460817.45,2812.2499819682625,3554.530435866426,3070.383605780644
2460817.4506944446,2405.799154789099,3611.932756339759,3336.2074317550414
2460817.451388889,1980.2062166886528,3640.5592222161963,3575.3755583575244
2460817.4520833334,1538.8645230061127,3640.1891548186913,3785.9858368854234
2460817.452777778,1085.290454380539,3610.8326395377194,3966.365057690851
2460817.453472222,623.0953094702126,3552.72986784926,4115.081637503631
2460817.4541666666,155.9566840691901,3466.34872050014,4230.956352010304
2460817.454861111,-312.4104526131855,3352.380651026429,4313.071086439303
2460817.4555555554,-778.2827926008353,3211.734932222259,4360.775590553518
2460817.45625,-1237.957653931467,3045.531329577213,4373.692231685624
2460817.456944444,-1687.7817075075582,2855.0912649025076,4351.718744565272
2460817.457638889,-2124.179306900068,2641.92753112053,4295.028978048952
2460817.459027778,-2942.94690855583,2154.365711984548,4079.56702821374
2460817.4597222223,-3318.8002801548714,1883.8384244179479,3922.5017815498295
2460817.4604166667,-3668.245267715325,1598.2993264520212,3734.121594320998
2460817.461111111,-3988.4945293332744,1300.0173559218497,3515.9219604620253
2460817.4618055555,-4276.990998063857,991.3641864923328,3269.636927472203
2460817.4625,-4531.428773927375,674.7956613370387,2997.225905282865
2460817.4631944443,-4749.772204270547,352.83240226441234,2700.8585723283845
2460817.4638888887,-4930.272939932697,28.039737713210577,2382.8979569006324
2460817.464583333,-5071.484773668883,-296.99290548103244,2045.8817832127597
2460817.465277778,-5172.276065332366,-619.6729677848017,1692.5022131273467
2460817.4659722224,-5231.839584111997,-937.4258954650887,1325.5841343254083
2460817.466666667,-5249.6996192086945,-1247.7162493844985,948.0621779500336
2460817.467361111,-5225.716242051423,-1548.0685730044297,562.9566744232371
2460817.4680555556,-5160.086639732908,-1836.0878029249639,173.3487802638759
2460817.46875,-5053.343480425948,-2109.4790065729594,-217.64497356147174
2460817.4694444444,-4906.350314674093,-2366.0662377098497,-606.8984484809619
2460817.470138889,-4720.294061651124,-2603.8103103262542,-991.3017080381243
2460817.470833333,-4496.674672748723,-2820.82531018209,-1367.7866008807428
2460817.4715277776,-4237.292104112886,-3015.3936845480234,-1733.351855129199
2460817.472222222,-3944.2307711484095,-3185.9797710537487,-2085.087427672324
2460817.472916667,-3619.8416816494528,-3331.241660863338,-2420.197883096716
2460817.4736111113,-3266.7224769478917,-3450.0413122957784,-2736.024587137347
2460817.4743055557,-2887.6956178044793,-3541.4528656246052,-3030.066538881255
2460817.475,-2485.784971712138,-3604.769131300575,-3299.999683164007
2460817.4756944445,-2064.1910493626983,-3639.506252917348,-3543.694585045741
2460817.476388889,-1626.2651437290428,-3645.4065641988445,-3759.232368133287
2460817.4770833333,-1175.4826062605862,-3622.43967878478,-3944.918852120877
2460817.4777777777,-715.4154842697255,-3570.8018630735132,-4099.296844633773
2460817.478472222,-249.70472928483596,-3490.9137519117185,-4221.156561585857
2460817.4791666665,217.9678386164436,-3383.416471348329,-4309.544167984682
2460817.479861111,683.9076420944714,-3249.1662325967873,-4363.7684392579595
2460817.480555556,1144.4353735008035,-3089.2274615711963,-4383.4055476576
2460817.48125,1595.9148021288565,-2904.864522239608,-4368.301982393473
2460817.4819444446,2034.7802255542151,-2697.532089373618,-4318.575608328644
2460817.482638889,2457.5634375636655,-2468.8642209749687,-4234.614865402947
2460817.4833333334,2860.9200813316984,-2220.6621788645634,-4117.0761066517625
2460817.484027778,3241.655255215956,-1954.8810430378508,-3966.879068278924
2460817.484722222,3596.7482245309598,-1673.6151697894766,-3785.200463954764
2460817.4854166666,3923.37608322572,-1379.082548222418,-3573.465696792809
2460817.486111111,4218.936196541646,-1073.608118322543,-3333.3386872171304
2460817.4868055554,4481.0672421118215,-759.6061265809618,-3066.7098247245044
2460817.4875,4707.668656477122,-439.56160988171905,-2775.6820653589634
2460817.488194444,4896.91828475287,-116.01111818924704,-2462.555217466498
2460817.488888889,5047.288030396918,208.47719566569074,-2129.808480508475
2460817.4895833335,5157.557305575458,531.3239729198468,-1780.0813260084535
2460817.490277778,5226.824089674927,849.9593614869467,-1416.1528442315475
2460817.4909722223,5254.5134244570945,1161.8438627032294,-1040.919703255601
2460817.4916666667,5240.3831959787585,1464.4891113447131,-657.3729013203374
2460817.492361111,5184.527085373556,1755.478381047635,-268.57351699092305
2460817.4930555555,5087.374607168889,2032.4865976700778,122.37230929646617
2460817.49375,4949.688193498152,2293.299650622577,512.3389195531573
2460817.4944444443,4772.5573282502055,2535.832786466955,898.2069370720665
2460817.4951388887,4557.3897769119085,2758.1478918780313,1276.8890571624258
2460817.495833333,4305.900004570946,2958.4694798491373,1645.3555534388172
2460817.496527778,4020.094913908917,3135.1992191503477,2000.659237059355
2460817.4972222224,3702.257072534344,3286.928869368784,2339.959616089693
2460817.497916667,3354.9256294481747,3412.4515111188853,2660.546021402343
2460817.498611111,2980.875147977921,3510.77098769985,2959.859485509813
2460817.4993055556,2583.092596333346,3581.1095043950436,3235.5131912774245
2460817.5006944444,1729.1922522064297,3635.8567831932655,3707.2662631209378
2460817.501388889,1279.882618043777,3619.8439598234622,3899.613818308391
2460817.502083333,820.4023663260532,3575.0091701655992,4060.8267641998455
2460817.5027777776,354.40857247456785,3501.7151977211406,4189.626292565496
2460817.503472222,-114.39198246776245,3400.5499964179076,4284.991548550638
2460817.504166667,-582.2718512141589,3272.321700034783,4346.167165146838
2460817.5048611113,-1045.5119656176837,3118.052033663579,4372.668797313132
2460817.5055555557,-1500.4305166568342,2938.9681896304332,4364.286653037235
2460817.50625,-1943.411505351908,2736.4932291517835,4321.087020768161
2460817.5069444445,-2370.9328050045983,2512.2350702795557,4243.411793494869
2460817.507638889,-2779.5935805968816,2267.9741200287763,4131.875988757547
2460817.5083333333,-3166.1409020528276,2005.6496122278686,3987.3632638984755
2460817.5090277777,-3527.4953866550863,1727.3447138955962,3811.019426632873
2460817.509722222,-3860.7756925794115,1435.270472034686,3604.2439460684755
2460817.5104166665,-4163.321678744027,1131.7486809348643,3368.6794764973406
2460817.511111111,-4432.716036537476,819.1937624611082,3106.199417498267
2460817.511805556,-4666.804187573384,500.0937721584464,2818.893554301786
2460817.5125,-4863.712246107512,176.99065386974405,2509.051837279757
2460817.5131944446,-5021.862839489975,-147.54010929391225,2179.1463887330237
2460817.513888889,-5139.98859078431,-470.91028253832553,1831.8118521053648
2460817.5145833334,-5217.143084383966,-790.5399280378854,1469.8242223191821
2460817.515277778,-5252.709153024371,-1103.878513027889,1096.078334347989
2460817.515972222,-5246.404357743491,-1408.4258762264374,713.5642020414697
2460817.5166666666,-5198.2835629484725,-1701.7528320645035,325.3424376112476
2460817.517361111,-5108.738550752757,-1981.521200914635,-65.48100917489464
2460817.5180555554,-4978.494660828245,-2245.5030488188713,-455.780527664097
2460817.51875,-4808.604485162123,-2491.5989376643206,-842.4366760806156
2460817.519444444,-4600.43869366376,-2717.854992134413,-1222.3618865138778
2460817.520138889,-4355.674106334952,-2922.478617055132,-1592.5257825451806
2460817.5208333335,-4076.279169162748,-3103.852716227272,-1949.979849048238
2460817.521527778,-3764.4970198731758,-3260.5482948975487,-2291.8812185484526
2460817.5222222223,-3422.8263631620102,-3391.3353503794565,-2615.515350385254
2460817.5229166667,-3054.0003886390655,-3495.1919890027225,-2918.3174142197713
2460817.523611111,-2660.963979774505,-3571.3117320048023,-3197.892212685702
2460817.5243055555,-2246.8494691592578,-3619.1089988177782,-3452.032506866261
2460817.525,-1814.95118891569,-3638.2227801722274,-3678.7356413612383
2460817.5256944443,-1368.6990608123187,-3628.518531164634,-3876.218390112932
2460817.5263888887,-911.631453414211,-3590.0883295897115,-4042.929971568919
2460817.527083333,-447.36752638318677,-3523.249355479352,-4177.563198881069
2460817.527777778,20.420753155216897,-3428.540753064641,-4279.063754413324
2460817.5284722224,488.03673202284625,-3306.718940519378,-4346.637580914479
2460817.529166667,951.7871821929358,-3158.7514293444547,-4379.756397400457
2460817.529861111,1408.0102471414066,-2985.8092148971577,-4378.161344319884
2460817.5305555556,1853.1030904058764,-2789.2577939607763,-4341.864765714771
2460817.53125,2283.5491170425953,-2570.646860575861,-4271.150131791489
2460817.5319444444,2695.944639128453,-2331.6987276720347,-4166.57010070393
2460817.532638889,3087.024848129464,-2074.2955232172044,-4028.942715684154
2460817.533333333,3453.6889601150706,-1800.465204631144,-3859.345728781423
2460817.5340277776,3793.024376384991,-1512.3664457389905,-3659.10904458771
2460817.534722222,4102.32969821189,-1212.2724531864046,-3429.8052789361577
2460817.535416667,4379.136415189215,-902.5537844239252,-3173.2384377623634
2460817.5361111113,4621.229081659732,-585.6602471235489,-2891.430729044738
2460817.5368055557,4826.663775721657,-264.1019878259911,-2586.607546664518
2460817.5375,4993.784643753368,59.57011794765718,-2261.1806750104806
2460817.5381944445,5121.238321278478,382.7846267733765,-1917.7298016357215
2460817.538888889,5207.9860386989785,702.9700867318711,-1558.9824407578951
2460817.5395833333,5253.3132274715945,1017.5758133387068,-1187.7924098928606
2460817.5402777777,5256.836467836701,1324.0926900426982,-807.1170265175026
2460817.540972222,5218.507646238004,1620.0737899826597,-419.99321828983307
2460817.542361111,5017.782563802332,2171.072653581582,361.2030381700413
2460817.543055556,4856.9632855047585,2421.6863018893446,749.0291876311333
2460817.54375,4657.43370234831,2652.9925144386743,1130.86272710079
2460817.5444444446,4420.782388163458,2863.143426368883,1503.6484361433522
2460817.545138889,4148.89700701061,3050.4615154535963,1864.4040264610844
2460817.5458333334,3843.9485529837148,3213.453245479618,2210.244644242193
2460817.546527778,3508.373191189948,3350.821054204746,2538.4064256077263
2460817.547222222,3144.8519167262207,3461.473591668088,2846.268884544945
2460817.5479166666,2756.2882647146616,3544.534143350685,3131.3759407844627
2460817.548611111,2345.784327547837,3599.347196433473,3391.4554138585445
2460817.5493055554,1916.615327264827,3625.4831371876717,3624.436850676374
2460817.55,1472.2030027273756,3622.7410856962906,3828.467571411991
2460817.550694444,1016.0880587514903,3591.1498953475625,4001.926851234375
2460817.551388889,551.9019101816671,3530.967358287035,4143.438179664252
2460817.5520833335,83.33794576639707,3442.677668303855,4251.879556461442
2460817.552777778,-385.8774806689329,3326.987200186604,4326.391800910292
2460817.5534722223,-852.0141477984993,3184.8186656230405,4366.384863953679
2460817.5541666667,-1311.366965168003,3017.303710042968,4371.542136308545
2460817.554861111,-1760.2847156898954,2825.7740094928677,4341.822753643125
2460817.5555555555,-2195.1983767982983,2611.75092834385,4277.461897788081
2460817.55625,-2612.648864114516,2376.9337963315206,4178.969094198821
2460817.5569444443,-3009.3140409578814,2123.1868624340245,4047.124504171581
2460817.5576388887,-3382.0348236084255,1852.5249903161016,3882.9732128993455
2460817.558333333,-3727.8402182635105,1567.0981571269274,3687.817513549362
2460817.559027778,-4043.971098465834,1269.1748365573478,3463.2071988489683
2460817.5597222224,-4327.902536310958,961.1243500873014,3210.9278778278244
2460817.560416667,-4577.364484043621,645.3982907472632,2932.9873534329663
2460817.561111111,-4790.360603133555,324.51113561808023,2631.600112301938
2460817.5618055556,-4965.185031722838,1.0201878452221007,2309.170006206464
2460817.5625,-5100.436892320056,-322.49499828698555,1968.271226183965
2460817.5631944444,-5195.03235042481,-643.4535345289811,1611.6277011464088
2460817.563888889,-5248.21405453722,-959.294267635412,1242.0910817918332
2460817.564583333,-5259.557814382008,-1267.4967977828624,862.6174977303667
2460817.5652777776,-5228.976406137319,-1565.6022333682827,476.2433038309825
2460817.565972222,-5156.720431263389,-1851.233468856649,86.06004944578653
2460817.566666667,-5043.376197021277,-2122.114767500802,-304.8110707691395
2460817.5673611113,-4889.860630745985,-2376.0904442265264,-693.2450223362075
2460817.5680555557,-4697.413285306863,-2611.142450545252,-1076.138717897982
2460817.56875,-4467.585534595027,-2825.4066859035574,-1450.4365197136653
2460817.5694444445,-4202.227100787784,-3017.1878762784163,-1813.1551922270532
2460817.570138889,-3903.47008904775,-3184.9728897886475,-2161.4080594162438
2460817.5708333333,-3573.710734780371,-3327.442385060016,-2492.4281401029166
2460817.5715277777,-3215.589094148427,-3443.4807150830334,-2803.5900559605384
2460817.572222222,-2831.9669188469525,-3532.1840398588897,-3092.4305401511024
2460817.5729166665,-2425.903971072528,-3592.866624373861,-3356.6673965273567
2460817.573611111,-2000.6330282768552,-3625.065325304912,-3594.2167959274097
2460817.574305556,-1559.5338254305052,-3628.5422883630954,-3803.2088202995656
2460817.575,-1106.106173273315,-3603.285895409339,-3982.001191585188
2460817.5756944446,-643.9424689540515,-3549.5100129116972,-4129.191148513237
2460817.576388889,-176.6998016380022,-3467.651599846747,-4243.62544951027
2460817.5770833334,291.9281531382467,-3358.3667394328336,-4324.408492284416
2460817.577777778,758.2392979881126,-3222.525156137735,-4370.908556465864
2460817.578472222,1218.5511745105853,-3061.203280097378,-4382.76217199204
2460817.5791666666,1669.2287826541892,-2875.675916736512,-4359.876621990408
2460817.579861111,2106.7120329105965,-2667.40657183061,-4302.430584944277
2460817.5805555554,2527.5426925437932,-2438.0364841385112,-4210.872917003157
2460817.58125,2928.390703172801,-2189.372408574723,-4085.919571083749
2460817.581944444,3306.079727193373,-1923.3731977807115,-3928.5486461306905
2460817.582638889,3657.6117775855587,-1642.135229912725,-3739.9935584089644
2460817.584027778,4271.244828478997,-1042.921104176078,-3275.4869877014326
2460817.5847222223,4528.447147116941,-729.6791985076412,-3003.1911031481554
2460817.5854166667,4749.735230329246,-410.63085242515916,-2706.995467286456
2460817.586111111,4933.328289724477,-88.30558128569781,-2389.24197827456
2460817.5868055555,5077.74260299915,234.73731289171548,-2052.4477952282105
2460817.5875,5181.804632821686,555.9291101083633,-1699.2858590219616
2460817.5881944443,5244.661715444113,872.712339573913,-1332.5639089668125
2460817.5888888887,5265.790150083733,1182.5615609745678,-955.2021495328751
2460817.589583333,5245.000544008003,1483.004057530017,-570.2097545278085
2460817.590277778,5182.440301244721,1771.6402330672709,-180.6604180317358
2460817.5909722224,5078.593180199917,2046.1634952613676,210.332809037939
2460817.591666667,4934.275886529036,2304.3794151132533,599.6431490055204
2460817.592361111,4750.631713065635,2544.22395067173,984.1559230379819
2460817.5930555556,4529.121281305312,2763.7805427946337,1360.7943061834533
2460817.59375,4271.510483763779,2961.2959020217218,1726.5447390744591
2460817.5944444444,3979.8557686231516,3135.1943279949946,2078.4817318253977
2460817.595138889,3656.4869389053088,3284.0904310790315,2413.791816400013
2460817.595833333,3303.9876755948567,3406.8001467232657,2729.7964123756497
2460817.5965277776,2925.174011903791,3502.3499658300525,3023.973403493564
2460817.597222222,2523.0710050044668,3569.9843294603706,3293.9772447446035
2460817.597916667,2100.8878594070657,3609.171163109827,3537.6574497968613
2460817.5986111113,1661.9917553276719,3619.60554931786,3753.0753385413745
2460817.5993055557,1209.8806369069114,3601.211556799469,3938.5189484899633
2460817.6,748.1551982694762,3554.1422616536415,4092.5160436895844
2460817.6006944445,280.49029711744896,3478.7780075908477,4213.845173367005
2460817.601388889,-189.39399325964712,3375.7229602438947,4301.544751813626
2460817.6020833333,-657.76149336816,3245.8000158363016,4354.920142803492
2460817.6027777777,-1120.8890094250871,3090.044125054289,4373.548742601563
2460817.603472222,-1575.0952348730427,2909.69409335933,4357.283058881116
2460817.6041666665,-2016.7692994984898,2706.182917379504,4306.251785810757
2460817.604861111,-2442.398809848345,2481.1267146961504,4220.858875087349
2460817.605555556,-2848.597219053697,2236.312306549947,4101.780602638504
2460817.60625,-3232.1303695423876,1973.6835100466883,3949.9606293106576
2460817.6069444446,-3589.942033344811,1695.3262063944132,3766.6030575490613
2460817.607638889,-3919.1782741152574,1403.452254856004,3553.1634897999124
2460817.6083333334,-4217.210441279747,1100.3823343032889,3311.3381035096995
2460817.609027778,-4481.656598771591,788.5278068571838,3043.050770054954
2460817.609722222,-4710.401181896401,470.3717167454823,2750.4382645892124
2460817.6104166666,-4901.612676876901,148.4490524115392,2435.8336333959833
2460817.611111111,-5053.7591193058415,-174.67358131080513,2101.7478100441253
2460817.6118055554,-5165.621214813158,-496.4187115140187,1750.8496035333626
2460817.6125,-5236.3029055294,-814.2189858031903,1385.9442046472786
2460817.613194444,-5265.23922591202,-1125.5382012192617,1009.9503905693367
2460817.613888889,-5252.201323311217,-1427.8921661514894,625.8766316283962
2460817.6145833335,-5197.2985534111685,-1718.8691810741493,236.79632827181302
2460817.615277778,-5100.9776013427445,-1996.1499205890607,-154.17757102815037
2460817.6159722223,-4964.018622648946,-2257.5265076445085,-543.9183110665917
2460817.6166666667,-4787.528442842385,-2500.9205776107437,-929.3111587872091
2460817.617361111,-4572.930897756137,-2724.4001473750586,-1307.2790501172572
2460817.6180555555,-4321.954440909495,-2926.195121316545,-1674.8077857507385
2460817.61875,-4036.6171776890083,-3104.7112949307943,-2028.970527437407
2460817.6194444443,-3719.209524333276,-3258.5427367310563,-2366.951353389747
2460817.6201388887,-3372.274708368386,-3386.4824634024753,-2686.0676655534116
2460817.620833333,-2998.587352877415,-3487.5313457211514,-2983.7912576278895
2460817.621527778,-2601.130392571769,-3560.9052137858357,-3257.7678888734545
2460817.6222222224,-2183.0705751933765,-3606.040153322561,-3505.8352352353086
2460817.622916667,-1747.7327970275583,-3622.5960069911466,-3726.039119416044
2460817.623611111,-1298.5735176990668,-3610.4581124627075,-3916.6479458388944
2460817.6243055556,-839.1534752924692,-3569.7373239182757,-4076.1652965291564
2460817.6256944444,95.8714662816601,-3404.106623615565,-4297.178266759613
2460817.626388889,564.0847243553144,-3280.5233033413974,-4356.944078023848
2460817.627083333,1027.8317972929271,-3130.999239374767,-4382.170852663195
2460817.6277777776,1483.4504826135174,-2956.717190791926,-4372.661379985066
2460817.628472222,1927.3420882803807,-2759.052810509974,-4328.4898362297
2460817.629166667,2355.998640060271,-2539.564293370084,-4250.0012833387
2460817.6298611113,2766.029512554262,-2299.9807562241017,-4137.809306364741
2460817.6305555557,3154.1873517803097,-2042.1893937314042,-3992.7917834354967
2460817.63125,3517.3931433196462,-1768.2214574671195,-3816.0847805788912
2460817.6319444445,3852.760270309046,-1480.2371106446756,-3609.0745651447864
2460817.632638889,4157.617398184153,-1180.5092138418704,-3373.3877322155167
2460817.6333333333,4429.529996641731,-871.4061192419312,-3110.879454271218
2460817.6340277777,4666.320312752751,-555.3735539521422,-2823.619870222241
2460817.634722222,4866.085589736746,-234.91569901383272,-2513.8786540920237
2460817.6354166665,5027.21432757792,87.4244151427041,-2184.1078225657143
2460817.636111111,5148.400380489504,409.0850522521013,-1836.9228702211703
2460817.636805556,5228.654697606135,727.5062922253734,-1475.082346743864
2460817.6375,5267.3145277472,1040.1507529214064,-1101.4660198260635
2460817.6381944446,5264.049931249912,1344.5243137196035,-719.0518016000541
2460817.638888889,5218.867473468826,1638.1966377112767,-330.8916372523474
2460817.6395833334,5132.1110086885565,1918.8212771215958,59.913414956069275
2460817.640277778,5004.459503815296,2184.155149100611,450.23866789489836
2460817.640972222,4836.921895473599,2432.0771684807614,836.9615889859357
2460817.6416666666,4630.829015733364,2660.605840894987,1216.9876199361934
2460817.642361111,4387.822672197753,2867.915622911443,1587.2757509357489
2460817.6430555554,4109.842001499582,3052.35188951814,1944.8635942106002
2460817.64375,3799.1072617465247,3212.444359750281,2286.8916935093976
2460817.644444444,3458.1012572245804,3346.918864997363,2610.626835350742
2460817.645138889,3089.548614756897,3454.7073698141753,2913.484147371693
2460817.6458333335,2696.393155472544,3534.956181133037,3193.047790480269
2460817.646527778,2281.773607445521,3587.032312093913,3447.0900886590703
2460817.6472222223,1848.9979214771688,3610.5279871835864,3673.5889583884527
2460817.6479166667,1401.5164387288648,3605.263300376597,3870.7435374285305
2460817.648611111,942.8941571383111,3571.2870536741502,4036.9879335924948
2460817.6493055555,476.7823324503292,3508.8758181628546,4171.003038131495
2460817.65,6.88962899862006,3418.5312690985716,4271.726369992629
2460817.6506944443,-463.0469714356685,3300.9758530982886,4338.3599289574
2460817.6513888887,-929.291322762688,3157.1468461091195,4370.376049592721
2460817.652083333,-1388.1371431214652,2988.188865071873,4367.521250342104
2460817.652777778,-1835.9367641304611,2795.4448903827647,4329.818079276551
2460817.6534722224,-2269.1294363344023,2580.4458578372432,4257.564955359074
2460817.654166667,-2684.269033095854,2344.8988772861226,4151.334005100928
2460817.654861111,-3078.050992091342,2090.6741363093593,4011.9668942050025
2460817.6555555556,-3447.338331523243,1819.7905475145692,3840.568653088964
2460817.65625,-3789.186560377699,1534.400209275154,3638.4995011166106
2460817.6569444444,-4100.867299432746,1236.7717554841483,3407.364680533736
2460817.657638889,-4379.8904196775275,929.2726810649141,3149.002320825643
2460817.658333333,-4624.02449045621,614.3507514259942,2865.469374972645
2460817.6590277776,-4831.315335115739,294.5146124237567,2559.0256825484794
2460817.659722222,-5000.102484191806,-27.68625649145726,2232.116244259847
2460817.660416667,-5129.033326657734,-349.6820868716802,1887.3518182401374
2460817.6611111113,-5217.074774476092,-668.9036901936953,1527.4879733084206
2460817.6618055557,-5263.522272942384,-982.8034568412321,1155.402768463922
2460817.6625,-5268.006019005276,-1288.8762810485828,774.0732536085666
2460817.6631944445,-5230.494282929038,-1584.6802012853693,386.5510093987859
2460817.663888889,-5151.2937665552445,-1867.856538570777,-4.063030189715337
2460817.6645833333,-5031.046974941319,-2136.1493193720685,-394.644214777795
2460817.6652777777,-4870.726621468823,-2387.4237790054062,-782.0700083388764
2460817.665972222,-4671.62713196348,-2619.6837509370544,-1163.2457395828892
2460817.667361111,-4163.806632093906,-3019.9637250152527,-1894.7594631404445
2460817.668055556,-3859.1683931771286,-3184.821968392247,-2239.2727826632013
2460817.66875,-3523.881516547357,-3324.366725273282,-2565.933513131067
2460817.6694444446,-3160.6296560415935,-3437.505788282455,-2872.151691565459
2460817.670138889,-2772.314803064201,-3523.3584175153487,-3155.504006602299
2460817.6708333334,-2362.033324835204,-3581.2614413595443,-3413.752388286658
2460817.671527778,-1933.0507352577217,-3610.7735595320555,-3644.8609095273546
2460817.672222222,-1488.7754444214863,-3611.677873367568,-3847.010917641151
2460817.6729166666,-1032.7317158518968,-3583.982683811369,-4018.6143418127144
2460817.673611111,-568.5320523583753,-3527.9206080382237,-4158.325139603172
2460817.6743055554,-99.8492095943602,-3443.946073692891,-4265.0488660698165
2460817.675,369.6119871315711,-3332.731251346642,-4337.950362122971
2460817.675694444,836.1428493190828,-3195.160488067111,-4376.45956284041
2460817.676388889,1296.0589151124623,-3032.3232997534956,-4380.275435192797
2460817.6770833335,1745.7277795281934,-2845.5059778611426,-4349.368050665011
2460817.677777778,2181.5965355927615,-2636.1818606005268,-4283.978797265061
2460817.6784722223,2600.2186958220527,-2406.00031562426,-4184.618730839871
2460817.6791666667,2998.2804613947405,-2156.7744789570415,-4052.065061611623
2460817.679861111,3372.6261998905065,-1890.4677946818983,-3887.355768445081
2460817.6805555555,3720.282979349657,-1609.1794048375314,-3691.7823335651924
2460817.68125,4038.4839991089307,-1315.1284417822121,-3466.8805907623687
2460817.6819444443,4324.690733491061,-1010.6372941251919,-3214.4196929656914
2460817.6826388887,4576.613607108648,-698.1139189691338,-2936.389208742203
2460817.683333333,4792.230996114916,-380.03330153731866,-2634.9843821936593
2460817.684027778,4969.806354502835,-58.9181719153055,-2312.589604219026
2460817.6847222224,5107.903255929869,262.6808820590844,-1971.760176345531
2460817.685416667,5205.398155392387,582.2057585039753,-1615.2024652061373
2460817.686111111,5261.490680046951,897.1114624480457,-1245.7525883439434
2460817.6868055556,5275.711285536547,1204.8868212290913,-866.3537885686118
2460817.6875,5247.92613671929,1503.0750884297502,-480.0326930538894
2460817.6881944444,5178.339107282459,1789.2942288121858,-89.8746712098211
2460817.688888889,5067.4908311449835,2061.256665602874,301.00146364654586
2460817.689583333,4916.254779697085,2316.788283081773,689.4691600506246
2460817.6902777776,4725.830385378786,2553.8464729338352,1072.4199663839124
2460817.690972222,4497.733274204039,2770.537035791645,1446.7892357454384
2460817.691666667,4233.782717324394,2965.1297584038834,1809.5814221443118
2460817.6923611113,3936.0864443620817,3136.0725175714033,2157.894716023694
2460817.6930555557,3607.0230050624104,3282.003777230307,2488.944766218725
2460817.69375,3249.2218885558364,3401.7633793425157,2800.087267925454
2460817.6944444445,2865.5416326647282,3494.4015541718045,3088.8392168366877
2460817.695138889,2459.046172321573,3559.1861022233784,3352.8986555528545
2460817.6958333333,2032.9796808755034,3595.607726749581,3590.162769670314
2460817.6965277777,1590.7401601452418,3603.3835178261647,3798.744218008666
2460817.697222222,1135.8520287023982,3582.4586087486155,3976.9856094197316
2460817.6979166665,671.9379466709634,3533.0060408256604,4123.472063365523
2460817.698611111,202.69010185702516,3455.424883756554,4237.041811927489
2460817.699305556,-268.15883185830796,3350.336666478389,4316.794817245736
2460817.7,-736.864871450888,3218.5801769743575,4362.0993915571835
2460817.7006944446,-1199.7018551321794,3061.204691194151,4372.596813989953
2460817.701388889,-1652.9903604537176,2879.4616892859713,4348.203943091069
2460817.7020833334,-2093.1262441177237,2674.7951181500293,4289.113824817774
2460817.702777778,-2516.6086490036396,2448.8302557341367,4195.794296182426
2460817.703472222,-2920.0673178308734,2203.361233798048,4068.9845834062585
2460817.7041666666,-3300.2890491161847,1940.3372778160879,3909.689893999024
2460817.704861111,-3654.2431217073645,1661.8477287834332,3719.1740055504415
2460817.7055555554,-3979.105510321398,1370.1059153978215,3498.949857019084
2460817.70625,-4272.281693657193,1067.4319639590735,3250.7681628602395
2460817.706944444,-4531.427860762461,756.234637710531,2976.6040780570156
2460817.707638889,-4754.470302446802,438.992325053636,2678.641968877421
2460817.709027778,-5085.401700395952,-203.48457108710323,2021.0031456493832
2460817.7097222223,-5190.63879631569,-523.5945697187254,1666.579232147491
2460817.7104166667,-5254.491317868838,-839.542024689582,1298.8206998019857
2460817.711111111,-5276.44940318063,-1148.8052735262763,920.6697369602025
2460817.7118055555,-5256.340617937111,-1448.9164162721577,535.152515057733
2460817.7125,-5194.331544459338,-1737.4816665922244,145.35425297306793
2460817.7131944443,-5090.92638488844,-2012.2010809458266,-245.60627681410605
2460817.7138888887,-4946.96258021559,-2270.887460691531,-634.6025411555829
2460817.714583333,-4763.603493578324,-2511.4842234033185,-1018.5260602012769
2460817.715277778,-4542.328247825183,-2732.0820651617078,-1394.3119777364418
2460817.7159722224,-4284.918850831308,-2930.934248969385,-1758.964120505342
2460817.716666667,-3993.4447777622204,-3106.470382355746,-2109.579297947243
2460817.717361111,-3670.2452092761096,-3257.3085734035253,-2443.3706130464616
2460817.7180555556,-3317.9091522013023,-3382.2658801098933,-2757.6895746067657
2460817.71875,-2939.2536847454344,-3480.3669979739193,-3050.046831744603
2460817.7194444444,-2537.3005738955167,-3550.8511576761503,-3318.13138263904
2460817.720138889,-2115.2515221574517,-3593.1772264044807,-3559.8281326219576
2460817.720833333,-1676.4622915328905,-3607.027030100307,-3773.233710811592
2460817.7215277776,-1224.4159398605746,-3592.3069303354723,-3956.6704811906393
2460817.722222222,-762.6953969448125,-3549.1477018118107,-4108.698703334026
2460817.722916667,-294.9555867592535,-3477.9027663254906,-4228.126820281708
2460817.7236111113,175.10471945835764,-3379.144842733394,-4314.01986569543
2460817.7243055557,643.7711447834206,-3253.6610742232383,-4365.705989635554
2460817.725,1107.3418889996965,-3102.4466927337317,-4382.781109822715
2460817.7256944445,1562.1557135757691,-2926.697275260939,-4365.111695842597
2460817.726388889,2004.619590339696,-2727.799644954013,-4312.835691042834
2460817.7270833333,2431.2358879533085,-2507.3214632825784,-4226.361574147047
2460817.7277777777,2838.6289617859934,-2266.9995591051375,-4106.365558005712
2460817.728472222,3223.571012841441,-2008.7270374894354,-3953.7869189866856
2460817.7291666665,3583.0070692573004,-1734.5392137880756,-3769.8214483177417
2460817.729861111,3914.0789274988174,-1446.598427561565,-3555.9130208236834
2460817.730555556,4214.147887933417,-1147.1777921812381,-3313.743277174007
2460817.73125,4480.816094008231,-838.6439567399681,-3045.2194308373605
2460817.7319444446,4711.946281403934,-523.4389666173319,-2752.460222311659
2460817.732638889,4905.679732729336,-204.0613286255286,-2437.78006344297
2460817.7333333334,5060.452229459659,116.95359143622164,-2103.671440852627
2460817.734027778,5175.007800818876,437.053698929674,-1752.7856665767017
2460817.734722222,5248.410071769236,753.6906556010981,-1387.9121063873083
2460817.7354166666,5280.051038398111,1064.3405464770628,-1011.9560289786177
2460817.736111111,5269.6571161483125,1366.524524176993,-627.9152654267931
2460817.7368055554,5217.292342222883,1657.82922930849,-238.8558804579666
2460817.7375,5123.358647427361,1935.926769968812,152.11290848366266
2460817.738194444,4988.593155914438,2198.594046494809,541.8643133240051
2460817.738888889,4814.062512704817,2443.7312158103728,927.2797996141582
2460817.7395833335,4601.154287258329,2669.3790912524846,1305.2748744607966
2460817.740277778,4351.565541315121,2873.7352996326226,1672.8245742630434
2460817.7409722223,4067.2886942549494,3055.1690292913595,2026.9883832866924
2460817.7416666667,3750.5948546694344,3212.234230805874,2364.934333099703
2460817.742361111,3404.014816703353,3343.681157776249,2683.962051686901
2460817.7430555555,3030.317950504901,3448.4661597524237,2981.5245480861954
2460817.74375,2632.489224561033,3525.7596714441383,3255.2485547740807
2460817.7444444443,2213.7046166159676,3574.952364137575,3502.9532689958965
2460817.7451388887,1777.3051670800464,3595.659451933124,3722.667369183506
2460817.745833333,1326.7699288269475,3587.7231651108127,3912.6442076613694
2460817.746527778,865.6880548175019,3551.2134203624237,4071.3751087253477
2460817.7472222224,397.730255527444,3486.4267300705405,4197.600721491344
2460817.747916667,-73.38015731660722,3393.883402218765,4290.320396064
2460817.748611111,-543.896441742912,3274.3230875124414,4348.799566007531
2460817.7493055556,-1010.0776260530705,3128.6987322413356,4372.575128879811
2460817.7506944444,-1914.6736806048,2764.0891928628484,4315.538594632475
2460817.751388889,-2345.895256377473,2548.0008069924893,4235.177973449512
2460817.752083333,-2758.451077357455,2311.6196470560308,4121.013425267777
2460817.7527777776,-3149.0563016813308,2056.8226880814073,3973.9497119361463
2460817.753472222,-3514.5983663744437,1785.6336662025508,3795.1532408467124
2460817.754166667,-3852.1617607143553,1500.207489955843,3586.043413716427
2460817.7548611113,-4159.051470312592,1202.8135506952335,3348.2819903186237
2460817.7555555557,-4432.814902554393,895.818015742067,3083.760488386375
2460817.75625,-4671.26207937783,581.6652174289903,2794.5856675500395
2460817.7569444445,-4872.483895168879,262.8582559231456,2483.063156822555
2460817.757638889,-5034.868229204574,-58.06103862666838,2151.6793166795214
2460817.7583333333,-5157.113714767777,-378.5326244415259,1803.081451146377
2460817.7590277777,-5238.2409806185,-695.9990669180503,1440.0565165052922
2460817.759722222,-5277.601204396135,-1007.9264678418145,1065.5084964369912
2460817.7604166665,-5274.881843162809,-1311.8252949693856,682.4346497665418
2460817.761111111,-5230.109444334465,-1605.2709024249132,293.90085298645545
2460817.761805556,-5143.649478117409,-1885.9235254113246,-96.98371507860996
2460817.7625,-5016.20317603303,-2151.5475379015184,-487.0922866649328
2460817.7631944446,-4848.801405386714,-2400.029768473805,-873.3063450690403
2460817.763888889,-4642.795653199224,-2629.396686395089,-1252.5413219188806
2460817.7645833334,-4399.846235658476,-2837.8302864920993,-1621.7718841711555
2460817.765277778,-4121.907889762371,-3023.6825232928027,-1978.0565528062007
2460817.765972222,-3811.212934693591,-3185.4881736125817,-2318.5614173380945
2460817.7666666666,-3470.252218438197,-3321.97603185061,-2640.582729175787
2460817.767361111,-3101.7540864271573,-3432.0783699463336,-2941.5681820527975
2460817.7680555554,-2708.661622394219,-3514.938621780269,-3219.136716635175
2460817.76875,-2294.1084093441546,-3569.917278762978,-3471.096721350547
2460817.769444444,-1861.39306742179,-3596.596002229277,-3695.4625214150483
2460817.770138889,-1413.9528077233556,-3594.7799802001764,-3890.4690837845405
2460817.7708333335,-955.336235079844,-3564.498569191532,-4054.584885304556
2460817.771527778,-489.17561080022944,-3506.004272855617,-4186.522915500229
2460817.7722222223,-19.158771312198564,-3419.7701148312403,-4285.249799560714
2460817.7729166667,450.99911687562934,-3306.4854666174097,-4349.993038616513
2460817.773611111,917.5838106959903,-3167.0503893096347,-4380.2463732769
2460817.7743055555,1376.9101006138503,-3002.56854681252,-4375.77327638863
2460817.775,1825.3496446166796,-2814.338742433078,-4336.608582211964
2460817.7756944443,2259.3583940515687,-2603.8451271134877,-4263.058254717552
2460817.7763888887,2675.503479022926,-2372.7461250814163,-4155.697294249186
2460817.777083333,3070.4894211037445,-2122.8621193867853,-4015.3657774263784
2460817.777777778,3441.183529576338,-1856.1619419884241,-3843.1630226905318
2460817.7784722224,3784.640329524049,-1574.7482149005884,-3640.439872725881
2460817.779166667,4098.124848286791,-1280.8416029459859,-3408.7890931624943
2460817.779861111,4379.134589025473,-976.7640379237698,-3150.03388732279
2460817.7805555556,4625.419989327478,-664.9210025705436,-2866.214549525502
2460817.78125,4835.003168656177,-347.7829678377413,-2559.5732890010436
2460817.7819444444,5006.194756074105,-27.866101050409682,-2232.5372817121565
2460817.782638889,5137.608590593774,292.28761598739817,-1887.7000352181371
2460817.783333333,5228.174096978416,610.1307041329462,-1527.8011763800052
2460817.7840277776,5277.146152533268,923.1307653612778,-1155.7048014637573
2460817.784722222,5284.1122813112515,1228.7911290702564,-774.3765618840733
2460817.785416667,5248.997042932487,1524.6713638466751,-386.85968341072913
2460817.7861111113,5172.063516290776,1808.4074468750393,3.749862243676079
2460817.7868055557,5053.911818777706,2077.7313704297235,394.3287810539762
2460817.7875,4895.47464401067,2330.4899803404455,781.7522241810174
2460817.7881944445,4698.009847747545,2564.6628374235156,1162.9196226983977
2460817.788888889,4463.09015262927,2778.378916987018,1534.7803252390545
2460817.7895833333,4192.590090042242,2969.931970004741,1894.3587638959289
2460817.7902777777,3888.670332242875,3137.79439945051,2238.7788957390144
2460817.790972222,3553.7596027032937,3280.6295269409447,2565.28767902111
2460817.792361111,2801.8966557388467,3486.8873281286214,3154.306393939063
2460817.793055556,2390.9499167364447,3548.6773354418383,3412.1187929137327
2460817.79375,1960.9737429666147,3582.186791826703,3642.6618293258143
2460817.7944444446,1515.3971386458184,3587.1559469923955,3844.10192240935
2460817.795138889,1057.7709254029658,3563.5521574085647,4014.838665061293
2460817.7958333334,591.7394103251837,3511.569587405307,4153.516918843899
2460817.796527778,121.01154656297103,3431.627182389691,4259.036944299028
2460817.797222222,-350.6681975032796,3324.364968671823,4330.562540599873
2460817.7979166666,-819.5490765699102,3190.638736948423,4367.527186101101
2460817.798611111,-1281.9032317183974,3031.5131683513096,4369.638174471665
2460817.7993055554,-1734.0546182235478,2848.253458339421,4336.878746121614
2460817.8,-2172.407526546237,2642.3154975533243,4269.5082145749375
2460817.800694444,-2593.4745476156954,2415.3346615891933,4168.060088013114
2460817.801388889,-2993.9038171687166,2169.1132661829242,4033.338184536839
2460817.8020833335,-3370.5053733915765,1905.606745566181,3866.410740904495
2460817.802777778,-3720.276450585861,1626.9086192729992,3668.602518882505
2460817.8034722223,-4040.425528679146,1335.2343163542528,3441.4849168356996
2460817.8041666667,-4328.394937647567,1032.9039451134236,3186.8641094858576
2460817.804861111,-4581.881818128449,722.3241034429102,2906.7672489209967
2460817.8055555555,-4798.857225302503,405.96884945948824,2603.426785188635
2460817.80625,-4977.583169763647,86.3599646709899,2279.2629839703354
2460817.8069444443,-5116.62739218005,-233.95333871284984,1936.864744985586
2460817.8076388887,-5214.875677793057,-552.4150904907317,1578.9688595836033
2460817.808333333,-5271.541541662312,-866.4834316459899,1208.4378666730624
2460817.809027778,-5286.173137827278,-1173.651477615819,828.2366995210364
2460817.8097222224,-5258.657279705041,-1471.467964664769,441.4083414975025
2460817.810416667,-5189.220496902031,-1757.5574677861691,51.048725870201906
2460817.811111111,-5078.427095312564,-2029.6399724072337,-339.71885963321205
2460817.8118055556,-4927.174232519301,-2285.5495947728427,-727.7695991625203
2460817.8125,-4736.684063424579,-2523.252256438465,-1110.0029363670726
2460817.8131944444,-4508.49305879282,-2740.862129317764,-1483.3680467587658
2460817.813888889,-4244.438633172092,-2936.6566996489587,-1844.8887435722158
2460817.814583333,-3946.6432625003977,-3109.090311709964,-2191.6875622663033
2460817.8152777776,-3617.4962939692878,-3256.8060885649916,-2521.0088047120084
2460817.815972222,-3259.633679266739,-3378.646148642953,-2830.240338487593
2460817.816666667,-2875.915875439256,-3473.6600674439596,-3116.933979207809
2460817.8173611113,-2469.404163208472,-3541.111559655306,-3378.8243140187747
2460817.8180555557,-2043.3356382990012,-3580.483378912456,-3613.845849648069
2460817.81875,-1601.0971206566717,-3591.4804545040765,-3820.148401078992
2460817.8194444445,-1146.198219768131,-3574.031299815171,-3996.1106597209714
2460817.820138889,-682.2437712452872,-3528.28773974054,-4140.351906101433
2460817.8208333333,-212.9058534280504,-3454.623011745774,-4251.741844738896
2460817.8215277777,258.10443434298816,-3353.6282999130717,-4329.4085569340305
2460817.822222222,727.0652668563091,-3226.107760739392,-4372.744574059719
2460817.8229166665,1190.27230627001,-3073.072098481345,-4381.4110770501375
2460817.823611111,1644.066695064448,-2895.7307435842736,-4355.340229757399
2460817.824305556,2084.862695513649,-2695.4826836355833,-4294.7356508077455
2460817.825,2509.1748470339317,-2473.9059914858135,-4200.07102430373
2460817.8256944446,2913.6445052850777,-2232.7460950511936,-4072.0868460621537
2460817.826388889,3295.0656276584236,-1973.902829861819,-3911.78529788218
2460817.8270833334,3650.4096528650566,-1699.416321065016,-3720.423242012354
2460817.827777778,3976.8493111882512,-1411.4517480903062,-3499.5033314064576
2460817.828472222,4271.781195071298,-1112.283049045327,-3250.763233457108
2460817.8291666666,4532.846893821892,-804.2756449181966,-2976.1629829832677
2460817.829861111,4757.952497420919,-489.8682711694785,-2677.8704906971284
2460817.8305555554,4945.286263116517,-171.55402457555297,-2358.245254461823
2460817.83125,5093.3342345666715,148.13924335681062,-2019.8203489405528
2460817.831944444,5200.893612755584,466.6690415661204,-1665.2827906752798
2460817.832638889,5267.083684841889,781.4986906881004,-1297.4524136785592
2460817.834027778,5273.4906337009215,1390.0635005016552,-533.720706454598
2460817.8347222223,5213.617455393383,1678.9394198716027,-143.91546399656485
2460817.8354166667,5112.197278210737,1954.43686920308,247.04019048426764
2460817.836111111,4970.027901215626,2214.3533443292854,636.0188174243057
2460817.8368055555,4788.236027999959,2456.6109441352282,1019.9075122267665
2460817.8375,4568.268126043905,2679.2735736527443,1395.6336508152287
2460817.8381944443,4311.878466568382,2880.5628868167023,1760.190267970987
2460817.8388888887,4021.114486414978,3058.872807998081,2110.6608034735023
2460817.839583333,3698.299645768191,3212.7824995618553,2444.242972197019
2460817.840277778,3346.013989927149,3341.06766502457,2758.271527317211
2460817.8409722224,2967.0726435216848,3442.710107630581,3050.239714875521
2460817.841666667,2564.5024822988917,3516.905490006055,3317.819243184847
2460817.842361111,2141.517239157815,3563.0692659287824,3558.8786175800833
2460817.8430555556,1701.4912955332595,3580.840780025491,3771.4997248524483
2460817.84375,1247.9324135973486,3570.0855491424063,3953.992572798989
2460817.8444444444,784.4536466417626,3530.8957568083583,4104.90812085742
2460817.845138889,314.7446596210081,3463.5890037182116,4223.0491551393
2460817.845833333,-157.45733390953706,3368.7053648810097,4307.479182461097
2460817.8465277776,-628.3968137627164,3247.002809722378,4357.5293261052275
2460817.847222222,-1094.3291982566682,3099.451041614644,4372.803218975237
2460817.847916667,-1551.5499167996363,2927.2238144290336,4353.1798912637205
2460817.8486111113,-1996.423147734106,2731.6897820043,4298.814653340654
2460817.8493055557,-2425.4100657387876,2514.401933367955,4210.137973307076
2460817.85,-2835.0964334028467,2277.0856700268323,4087.8523486252006
2460817.8506944445,-3222.219375605942,2021.625580674131,3932.9271715519662
2460817.851388889,-3583.6931678371825,1750.0509713267388,3746.591588139835
2460817.8520833333,-3916.633848491769,1464.520224093998,3530.325360660216
2460817.8527777777,-4218.382473160167,1167.304056539168,3285.847745416362
2460817.853472222,-4486.526802073824,860.7677788092249,3015.1044184656566
2460817.8541666665,-4718.921215667115,547.3526555961654,2720.2524963404285
2460817.854861111,-4913.704649344903,229.55649758282854,2403.643719851329
2460817.855555556,-5069.316338579075,-90.08637078922936,2067.8058974766686
2460817.85625,-5184.509177069648,-409.02560284135336,1715.4227323169441
2460817.8569444446,-5258.3605083811935,-724.7156019143699,1349.3121822530256
2460817.857638889,-5290.2801924704,-1034.6363762862102,972.4035366198658
2460817.8583333334,-5280.015821058353,-1336.3142713331767,587.7134158583353
2460817.859027778,-5227.654990926713,-1627.3423661150896,198.32092481245283
2460817.859722222,-5133.624584784178,-1905.4003194870024,-192.6577898450646
2460817.8604166666,-4998.687053837294,-2168.273454161017,-582.0953128865805
2460817.861111111,-4823.933739677188,-2413.870880535046,-966.8787976874057
2460817.8618055554,-4610.775320013913,-2640.242470057451,-1343.935590342713
2460817.8625,-4360.929501378954,-2845.5945151814603,-1710.2583815529056
2460817.863194444,-4076.406122373186,-3028.3039297978967,-2062.9296307151544
2460817.863888889,-3759.4898628309156,-3186.9308726209183,-2399.1450287716384
2460817.8645833335,-3412.7207787764382,-3320.2297036775967,-2716.235790434826
2460817.865277778,-3038.8729040681924,-3427.1582102439925,-3011.689590192172
2460817.8659722223,-2640.931165028059,-3506.885067541503,-3283.169990570856
2460817.8666666667,-2222.0668666777706,-3558.795520930812,-3528.534232912597
2460817.867361111,-1785.611995097063,-3582.4953015979827,-3745.8492990122204
2460817.8680555555,-1335.032580501198,-3577.812802879299,-3933.406171389734
2460817.86875,-873.9013445350777,-3544.7995597001345,-4089.7322488007817
2460817.8694444443,-405.86984534138736,-3483.7290825915625,-4213.601889670228
2460817.8701388887,65.35969259019784,-3395.094103168913,-4304.045074811004
2460817.870833333,536.0626863792456,-3279.602289923451,-4360.354187732214
2460817.871527778,1002.5204854881139,-3138.1704917920933,-4382.088918908225
2460817.8722222224,1461.0484992128422,-2971.9175643265385,-4369.079300950701
2460817.872916667,1908.0240272850187,-2782.1558284236116,-4321.426880713932
2460817.873611111,2339.913661271024,-2570.3812082335103,-4239.504030512384
2460817.8743055556,2753.300126961169,-2338.2620907095074,-4123.951396226519
2460817.8756944444,3511.6311572970017,-1820.4507755142893,-3795.832324493246
2460817.876388889,3850.552784046509,-1538.8403655845054,-3585.839366935465
2460817.877083333,4158.972802920105,-1245.0185206681606,-3347.3453352410083
2460817.8777777776,4434.427502712543,-941.3072276462219,-3082.2283192924474
2460817.878472222,4674.710193124332,-630.1099048040348,-2792.579963485084
2460817.879166667,4877.889673785469,-313.8928121875465,-2480.689845313586
2460817.8798611113,5042.326737731135,4.834252425534362,-2149.0281004998724
2460817.8805555557,5166.68850344156,323.5378325110723,-1800.2263840373403
2460817.88125,5249.960377862309,639.6811070712348,-1437.0572858396665
2460817.8819444445,5291.455469241329,950.7444233014905,-1062.4123485012472
2460817.882638889,5290.8212914706855,1254.245873341175,-679.2788663627949
2460817.8833333333,5248.043632724324,1547.761711928319,-290.71566934081665
2460817.8840277777,5163.447496032341,1828.9464037021567,100.1718801469102
2460817.884722222,5037.69506077455,2095.5520843984573,490.25742579052326
2460817.8854166665,4871.780658331545,2345.4472267488645,876.4194296695858
2460817.886111111,4667.0227978200055,2576.6343123123656,1255.5669913553256
2460817.886805556,4425.053325353158,2787.2663188460583,1624.665397194473
2460817.8875,4147.8038418849565,2975.6618565198632,1980.7611350735763
2460817.8881944446,3837.4895380427006,3140.3188106813773,2321.0061262354593
2460817.888888889,3496.5906470021123,3279.926366668578,2642.68092967957
2460817.8895833334,3127.831731534732,3393.3753283396577,2943.2167135907207
2460817.890277778,2734.1590461369196,3479.766663187518,3220.2158042746337
2460817.890972222,2318.716231911912,3538.4182339590807,3471.4706500371317
2460817.8916666666,1884.81858819554,3568.869705023391,3694.981079176942
2460817.892361111,1435.9261868297588,3570.8856268866366,3888.969741358169
2460817.8930555554,975.6160660013411,3544.456725028353,4051.895663162829
2460817.89375,507.5537399291179,3489.799429997133,4182.465862978985
2460817.894444444,35.46424439350503,3407.3536966060997,4279.644991548503
2460817.895138889,-436.8970828018519,3297.779165167247,4342.662980250654
2460817.8958333335,-905.7738927059117,3161.9497216633554,4371.020686723221
2460817.896527778,-1367.438019313086,3000.9465118829926,4364.493536073263
2460817.8972222223,-1818.2184024233677,2816.0494670423354,4323.1331563190815
2460817.8979166667,-2254.5295872356905,2608.727392650768,4247.267008798224
2460817.898611111,-2672.8996350151233,2380.626675902846,4137.4960126842625
2460817.8993055555,-3069.9972858878696,2133.5586647752,3994.6901627386187
2460817.9,-3442.658202762465,1869.4857773918643,3819.982140951553
2460817.9006944443,-3787.9101213002614,1590.5064034574063,3614.7589250727387
2460817.9013888887,-4102.996711066612,1298.838675634082,3380.6514090666196
2460817.902083333,-4385.399958861668,996.8031896341167,3119.522054470461
2460817.902777778,-4632.860858591802,686.8047813526002,2833.4506180368476
2460817.9034722224,-4843.398203398129,371.3134747010526,2524.718013100049
2460817.904166667,-5015.325267484378,52.844740242098844,2195.7883924357816
2460817.904861111,-5147.264177495522,-266.0607829312597,1849.2895616365827
2460817.9055555556,-5238.157781532836,-582.8579228730902,1487.9918695384597
2460817.90625,-5287.278851245947,-895.017783989105,1114.785740067725
2460817.9069444444,-5294.2364748052205,-1200.0485231661771,732.6580477739167
2460817.907638889,-5258.979536004034,-1495.5158836462017,344.66755830169495
2460817.908333333,-5181.79721224382,-1779.063273690773,-46.08032454285906
2460817.9090277776,-5063.31646775527,-2048.4311736485092,-436.4592408985448
2460817.909722222,-4904.496562484345,-2301.475670394576,-823.3477227856366
2460817.910416667,-4706.620642169751,-2536.1859239176065,-1203.6549328305168
2460817.9111111113,-4471.284519096139,-2750.7003908250454,-1574.3460253042547
2460817.9118055557,-4200.382790931578,-2943.3216527133136,-1932.4668740162347
2460817.9125,-3896.0924815086555,-3112.5297194609752,-2275.1679238279853
2460817.9131944445,-3560.854414799584,-3256.9937061233322,-2599.726946775686
2460817.913888889,-3197.352555114639,-3375.581809099466,-2903.5705084128185
2460817.9145833333,-2808.4915591440076,-3467.3695348218134,-3184.2939792846846
2460817.9152777777,-2397.3727961680243,-3531.6461585820875,-3439.679952680983
2460817.915972222,-1967.2690810314953,-3567.919416664355,-3667.7149671780985
2460817.917361111,-1063.8966771687697,-3555.595040574648,-4034.7858191275577
2460817.918055556,-597.7903273422706,-3507.1231777215016,-4170.939752724389
2460817.91875,-126.96792332668599,-3430.897024685732,-4273.99953534707
2460817.9194444446,344.8479767855465,-3327.527327402392,-4343.158555038601
2460817.920138889,813.9291939087939,-3197.8363328663618,-4377.875907415282
2460817.9208333334,1276.5701674660515,-3042.851268267026,-4377.880130651633
2460817.921527778,1729.1159513079167,-2863.796433591931,-4343.171074818161
2460817.922222222,2167.989835367745,-2662.0839549319903,-4274.019910160866
2460817.9229166666,2589.7204665337968,-2439.3032398706637,-4170.967273046474
2460817.923611111,2990.968326572017,-2197.209179641635,-4034.8195456182843
2460817.9243055554,3368.551431629533,-1937.7091373548535,-3866.643261073407
2460817.925,3719.470096943477,-1662.8487690864956,-3667.7576270638997
2460817.925694444,4040.930600754857,-1374.796730472624,-3439.7251631406543
2460817.926388889,4330.367569650317,-1075.8283297788776,-3184.3404539907247
2460817.9270833335,4585.46488896898,-768.3082071364325,-2903.617036381017
2460817.927777778,4804.174939137461,-454.67213032584226,-2599.772450534899
2460817.9284722223,4984.735948100295,-137.40801986336507,-2275.211510878081
2460817.9291666667,5125.6872514620845,180.9636654913555,-1932.5078753067376
2460817.929861111,5225.882257217559,497.9100295447758,-1574.3840226065295
2460817.9305555555,5284.498927961018,810.9061597859167,-1203.6897706727232
2460817.93125,5301.047609895766,1117.455676850675,-823.3795078404779
2460817.9319444443,5275.376069637227,1415.1112165295885,-436.4883277327175
2460817.9326388887,5207.671631027307,1701.4946329823993,-46.10729055743669
2460817.933333333,5098.460344502493,1974.3167102314944,344.64194744418023
2460817.934027778,4948.603164047278,2231.3961701517555,732.6328784588886
2460817.9347222224,4759.289150779441,2470.6777725091006,1114.7599943722662
2460817.935416667,4532.025768855948,2690.24931200445,1487.9644699589649
2460817.936111111,4268.626381713945,2888.357337732998,1849.2594109977842
2460817.9368055556,3971.195095152491,3063.4214412042948,2195.7544100251516
2460817.9375,3642.109132247054,3214.046980698959,2524.6791633108223
2460817.9381944444,3283.9989512176458,3339.0361393955045,2833.4059287906425
2460817.938888889,2899.726338484391,3437.3972409553894,3119.4706287974136
2460817.939583333,2492.360728534004,3508.352271509007,3380.5924250994603
2460817.9402777776,2065.1539998780304,3551.3425850582157,3614.6916303147673
2460817.940972222,1621.5140094468522,3566.032788370405,3819.905838618459
2460817.941666667,1164.9771062988673,3552.312823681832,3994.604196201483
2460817.9423611113,699.1798707001207,3510.2982803462064,4137.399746436269
2460817.9430555557,227.8302978541517,3440.328979290197,4247.159812548783
2460817.94375,-245.32136191265545,3342.965880742382,4323.014392514426
2460817.9444444445,-716.5119155908338,3218.986369272539,4364.362554502778
2460817.945138889,-1181.9945067480535,3069.377973060496,4370.876827145656
2460817.9458333333,-1638.0676998952447,2895.3305709747005,4342.505584797149
2460817.9465277777,-2081.104201422556,2698.2271426638267,4279.473427000076
2460817.947222222,-2507.579061110031,2479.6331135911596,4182.2795522796805
2460817.9479166665,-2914.0971912552554,2241.28434869296,4051.6941254393364
2460817.948611111,-3297.4200395132416,1985.0738486014648,3888.7526372869443
2460817.949305556,-3654.4912357091607,1713.0372116947128,3694.7482607994643
2460817.95,-3982.46103475953,1427.3369261263567,3471.2222097500908
2460817.9506944446,-4278.709353287833,1130.2455763078885,3219.9521214578886
2460817.951388889,-4540.867200498217,824.128054995219,2942.938495420975
2460817.9520833334,-4766.836291284841,511.42289341441784,2642.3892416859126
2460817.952777778,-4954.806631537506,194.6228374390142,2320.702413832272
2460817.953472222,-5103.271868070712,-123.74518118752263,1980.4472294231132
2460817.9541666666,-5211.042207883384,-441.14051189871225,1624.3435086220568
2460817.954861111,-5277.254730064574,-755.0295088036406,1255.2396887288817
2460817.9555555554,-5301.380937249978,-1062.9063107514564,876.0896051306879
2460817.95625,-5283.231427400419,-1362.3134721908234,489.92825061777785
2460817.956944444,-5222.957602417917,-1650.8622319469575,99.84674872707545
2460817.957638889,-5121.050372535278,-1926.252203318655,-291.0332010286155
2460817.959027778,-4795.9681461538,-2428.908558476561,-1062.7036846959293
2460817.9597222223,-4575.419166133172,-2652.181091581665,-1437.3300197255637
2460817.9604166667,-4318.465864585467,-2854.3393161470694,-1800.476935986996
2460817.961111111,-4027.174801691906,-3033.786010595232,-2149.2530180022904
2460817.9618055555,-3703.884401528583,-3189.107670897857,-2480.885837733006
2460817.9625,-3351.18506807508,-3319.085221252148,-2792.7439264968666
2460817.9631944443,-2971.897414675287,-3422.702998657966,-3082.357347242666
2460817.9638888887,-2569.0488542629632,-3499.1559815315914,-3347.436724062699
2460817.964583333,-2145.848807658451,-3547.855252918658,-3585.890607549569
2460817.965277778,-1705.6627737545923,-3568.4317124902664,-3795.841090371958
2460817.9659722224,-1251.9855027052479,-3560.738066374792,-3975.6376077417963
2460817.966666667,-788.4134930024692,-3524.849137976677,-4123.868884197464
2460817.967361111,-318.61702057853086,-3461.0605511569397,-4239.373004329504
2460817.9680555556,153.6881145928125,-3369.885841914529,-4321.245600987833
2460817.96875,624.7689546439984,-3252.052055442435,-4368.846162322653
2460817.9694444444,1090.9037065358975,-3108.4938844902204,-4381.802463651439
2460817.970138889,1548.4098797798742,-2940.346401481841,-4360.013131841302
2460817.970833333,1993.6721080244888,-2748.9364312773787,-4303.648347090298
2460817.9715277776,2423.169517896183,-2535.7726105371407,-4213.1486833137
2460817.972222222,2833.502519607921,-2302.5341721843038,-4089.2220833009806
2460817.972916667,3221.418870636946,-2051.0585003766187,-3932.8389636748902
2460817.9736111113,3583.8388749437286,-1783.3274934259812,-3745.225439170962
2460817.9743055557,3917.8795469621105,-1501.4527881241113,-3527.854662207353
2460817.975,4220.8775706045,-1207.6599001450465,-3282.4362758918433
2460817.9756944445,4490.410860981935,-904.2713537714947,-3010.903993052908
2460817.976388889,4724.3185333722495,-593.6888830735895,-2715.4013242661526
2460817.9770833333,4920.719069112928,-278.3748104351584,-2398.2655021740775
2460817.9777777777,5078.026468859773,39.16727410623048,-2062.0096724079485
2460817.978472222,5194.964187872994,356.4123902788596,-1709.3034474865428
2460817.9791666665,5270.57665792951,670.8344403469762,-1342.9519484276216
2460817.979861111,5304.23821707325,979.9266953147685,-965.8734916917196
2460817.980555556,5295.659295070148,1281.2223001008301,-581.0761059438418
2460817.98125,5244.88973341488,1572.3145932872508,-191.63308834819807
2460817.9819444446,5152.319155907229,1850.877026949984,199.3421619040815
2460817.982638889,5018.674347646654,2114.6824759791252,588.7217829360936
2460817.9833333334,4845.01364406084,2361.621727446816,973.3892958989134
2460817.984027778,4632.718378208794,2589.720950429246,1350.2653837121047
2460817.984722222,4383.48147592393,2797.157965885922,1716.333336489977
2460817.9854166666,4099.293333782721,2982.2771497414346,2068.6638953884126
2460817.986111111,3782.425148574396,3143.602830881093,2404.439248474635
2460817.9868055554,3435.409899985289,3279.8510686149425,2720.975947098966
2460817.9875,3061.021212174262,3389.9397219369703,3015.7465362238872
2460817.988194444,2662.2503399457987,3472.9967492125274,3286.3997169951062
2460817.988888889,2242.28152684267,3528.366705001184,3530.7788947361782
2460817.9895833335,1804.4659997977064,3555.6154203733763,3746.938983439496
2460817.990277778,1352.2948424216388,3554.53287797317,3933.1613790312263
2460817.9909722223,889.3709979504891,3525.134306123895,4087.967026961061
2460817.9916666667,419.3806277946125,3467.6595313301086,4210.1275396138235
2460817.992361111,-53.93595903802791,3382.5706360665085,4298.674333473549
2460817.9930555555,-526.8136030269233,3270.547974779237,4352.905769219218
2460817.99375,-995.4916360795202,3132.4846024607755,4372.392288652688
2460817.9944444443,-1456.2430937278937,2969.4791704568584,4356.979545716228
2460817.9951388887,-1905.4036309035362,2782.8273439607556,4306.789531780652
2460817.995833333,-2339.3999855414604,2574.011792072687,4222.219695189449
2460817.996527778,-2754.7778249258095,2344.690804053162,4103.940054412289
2460817.9972222224,-3148.2288151006956,2096.6855831812472,3952.8883033961833
2460817.997916667,-3516.616736368819,1831.9662782014036,3770.262911274435
2460817.998611111,-3857.002468542406,1552.6368139868782,3557.5142209946166
2460817.9993055556,-4166.667649856156,1260.9185985052457,3316.333563005557
2460818.0006944444,-4684.197780132991,649.6840345592542,2756.56761521378
2460818.001388889,-4887.920122028585,335.03738471979176,2442.4448163704665
2460818.002083333,-5052.6714482690595,17.702552639359176,2108.780068609838
2460818.0027777776,-5177.131349138152,-299.78835587982263,1758.2398552508776
2460818.003472222,-5260.302789714126,-614.9010404928978,1393.6276097448829
2460818.004166667,-5301.520799293575,-925.1197540908485,1017.8609267063423
2460818.0048611113,-5300.458319336584,-1227.9679877772955,633.947674040647
2460818.0055555557,-5257.129113840323,-1521.0288895850222,244.96122570906158
2460818.00625,-5171.887682594656,-1801.9651966917172,-145.9849293162717
2460818.0069444445,-5045.426163455897,-2068.5384732267116,-535.7629433202005
2460818.007638889,-4878.768253420839,-2318.627450351515,-921.2564607685111
2460818.0083333333,-4673.260224603401,-2550.245277478466,-1299.386289685041
2460818.0090277777,-4430.55915156313,-2761.5555160517983,-1667.135631129972
2460818.009722222,-4152.618508153863,-2950.8867244313114,-2021.5746087322145
2460818.0104166665,-3841.671322174989,-3116.745512235831,-2359.883865269122
2460818.011111111,-3500.2111061332016,-3257.8279658512893,-2679.3770102358526
2460818.011805556,-3130.970799866533,-3373.029376572904,-2977.5217325751682
2460818.0125,-2736.8999737023914,-3461.4522285805424,-3251.959419898522
2460818.0131944446,-2321.140545280865,-3522.4124290294435,-3500.523155468172
2460818.013888889,-1887.0012612419807,-3555.443784620589,-3721.2539931642045
2460818.0145833334,-1437.9311874238251,-3560.3007477954066,-3912.415437884391
2460818.015277778,-977.492431502788,-3536.9594702384748,-4072.5060858119537
2460818.015972222,-509.3323186096974,-3485.6172109318013,-4200.2703929582485
2460818.0166666666,-37.1552072071012,-3406.690152949921,-4294.707563349102
2460818.017361111,435.3058731409102,-3300.809685311325,-4355.078553590303
2460818.0180555554,904.3176035188494,-3168.8172059670505,-4380.911199974949
2460818.01875,1366.1746343538603,-3011.7574976861806,-4372.003475467046
2460818.019444444,1817.2275773081117,-2830.8707274355043,-4328.424881866679
2460818.020138889,2253.9106040589013,-2627.583112893004,-4250.515980627831
2460818.0208333335,2672.768517455629,-2403.496298416251,-4138.886060516511
2460818.021527778,3070.4831605437203,-2160.3754798121495,-3994.4089363059447
2460818.0222222223,3443.8990164223687,-1900.1363200719456,-3818.2168709891835
2460818.0229166667,3790.047843560959,-1624.830700946394,-3611.692613991406
2460818.023611111,4106.172175910113,-1336.6313636535103,-3376.459552392395
2460818.0243055555,4389.747503719437,-1037.8155030950243,-3114.369981005828
2460818.025,4638.502938391193,-730.7473947859593,-2827.4915111822966
2460818.0256944443,4850.440156013201,-417.8601506285497,-2518.091656565983
2460818.0263888887,5023.850410973871,-101.63671621412284,-2188.620654129907
2460818.027083333,5157.329408011554,215.40975214352088,-1841.692610271824
2460818.027777778,5249.78983394601,530.7559793052416,-1480.0650839567852
2460818.0284722224,5300.471361458575,841.8889561169766,-1106.6172547957262
2460818.029166667,5308.947962465125,1146.32643182234,-724.3268460277184
2460818.029861111,5275.132395286584,1441.6373076692355,-336.2460098268215
2460818.0305555556,5199.277767376237,1725.4617261193303,54.52360350544143
2460818.03125,5081.976114343108,1995.530639287425,444.85634152522954
2460818.0319444444,4924.153978927763,2249.6846495020777,831.6283542118498
2460818.032638889,4727.065020952856,2485.8919144104407,1211.743430608682
2460818.033333333,4492.279730933013,2702.2649313604948,1582.1586021774965
2460818.0340277776,4221.672366032353,2897.076025872258,1939.9092412826649
2460818.034722222,3917.4052635684943,3068.7713958219406,2282.133401966353
2460818.035416667,3581.9107220752203,3215.9835854097105,2606.0951640705985
2460818.0361111113,3217.87066926698,3337.5422893447367,2909.20676290473
2460818.0368055557,2828.1943499457575,3432.483417473781,3189.0493186107046
2460818.0375,2415.9942899917173,3500.0563718825224,3443.3919975526246
2460818.0381944445,1984.5607869321398,3539.729517644832,3670.209477416569
2460818.038888889,1537.335182576993,3551.1938469147194,3867.697609467207
2460818.0395833333,1077.882167611965,3534.3648553634944,4034.2871985724564
2460818.0402777777,609.8613480400538,3489.3826645419535,4168.655848769851
2460818.040972222,136.99830066172777,3416.6104334791175,4269.737836066751
2460818.042361111,-808.1979638838006,3190.242571694707,4369.107572840432
2460818.043055556,-1273.0138745433615,3038.4512217120973,4366.608152907798
2460818.04375,-1727.695796580189,2862.4640737788236,4329.2534727588045
2460818.0444444446,-2168.626860013288,2663.6793972361056,4257.339310569325
2460818.045138889,-2592.2980876434444,2443.6759628492423,4151.435335601691
2460818.0458333334,-2995.3358306944774,2204.200943363473,4012.3809559300057
2460818.046527778,-3374.5283210449215,1947.1565254224292,3841.27915944678
2460818.047222222,-3726.851167183244,1674.585290811912,3639.488350577437
2460818.0479166666,-4049.4916012455465,1388.6544389180578,3408.6121948567934
2460818.048611111,-4339.871281988029,1091.6389296240986,3150.4874921058295
2460818.0493055554,-4595.667443076983,785.9036461841628,2867.170118800774
2460818.05,-4814.832179567961,473.88468709409636,2560.9190941810693
2460818.050694444,-4995.609654999018,158.06992527292184,2234.178857979286
2460818.051388889,-5136.551029121129,-159.0210215800811,1889.559862303184
2460818.0520833335,-5236.526907857725,-474.8572327649542,1529.8176226996466
2460818.052777778,-5294.737146131836,-786.9171584179713,1157.8303897020041
2460818.0534722223,-5310.717855269358,-1092.709323524011,776.5756383200048
2460818.0541666667,-5284.3455024290115,-1389.7928528670025,389.10559663977824
2460818.054861111,-5215.838028159369,-1675.7976051815876,-1.4779466551088292
2460818.0555555555,-5105.752949174421,-1948.443704629004,-392.0492994359947
2460818.05625,-4954.982459966283,-2205.560258865727,-779.4847143030748
2460818.0569444443,-4764.745590971384,-2445.1030721598177,-1160.6881606034153
2460818.0576388887,-4536.577524407626,-2665.171173699357,-1532.6167502984733
2460818.058333333,-4272.3162100623795,-2864.022002317427,-1892.3055575110454
2460818.059027778,-3974.0864593767383,-3040.0851133159426,-2236.891587712237
2460818.0597222224,-3644.2817247913563,-3191.974300169019,-2563.636674945124
2460818.060416667,-3285.543792854665,-3318.4980509095917,-2869.949110743505
2460818.061111111,-2900.7406382453005,-3418.6682844458087,-3153.4038329304753
2460818.0618055556,-2492.9426896740006,-3491.7073400681497,-3411.7610364095726
2460818.0625,-2065.397760196427,-3537.053215468127,-3642.983095546158
2460818.0631944444,-1621.5048880864704,-3554.3630686824577,-3845.249716085623
2460818.063888889,-1164.7873227757082,-3543.5150154384437,-4016.9712600684197
2460818.064583333,-698.8648766713587,-3504.6082653896215,-4156.800208475429
2460818.0652777776,-227.42584231446307,-3437.961648523427,-4263.640745357341
2460818.065972222,245.80134034006858,-3344.110586641893,-4336.656458159773
2460818.066666667,717.0765013116861,-3223.802565353455,-4375.276157858584
2460818.0673611113,1182.6760904449548,-3077.9911602047696,-4379.19782562524
2460818.0680555557,1638.9213205568594,-2907.8286666597714,-4348.390693029806
2460818.06875,2082.205968625712,-2714.6573803526135,-4283.095460054833
2460818.0694444445,2509.023708340354,-2499.9995677808206,-4183.822650499643
2460818.070138889,2915.99483229864,-2265.5461701591767,-4051.349101261729
2460818.0708333333,3299.8922296531964,-2013.1442772018972,-3886.7125773023026
2460818.0715277777,3657.6664614840015,-1744.7834160468733,-3691.2045052220387
2460818.072222222,3986.469771558087,-1462.580702904237,-3466.3608196102796
2460818.0729166665,4283.678850909187,-1168.7649179716673,-3213.950925218728
2460818.073611111,4546.916166194256,-865.6595740033492,-2935.964787466334
2460818.074305556,4774.069646148877,-555.66506933585,-2634.598183793985
2460818.075,4963.310519299282,-241.24002943849354,-2312.2361652359514
2460818.0756944446,5113.1090896276855,75.11803340710284,-1971.4348077649588
2460818.076388889,5222.248247400167,390.8925998199659,-1614.9013538784068
2460818.0770833334,5289.83451953078,703.5683939608192,-1245.472880900027
2460818.077777778,5315.306486422858,1010.6518211705994,-866.0936612368328
2460818.078472222,5298.440419472417,1309.691400664258,-479.7914008658009
2460818.0791666666,5239.353023894432,1598.2979809220644,-89.65258032394482
2460818.079861111,5138.501212473804,1874.1645288872787,301.20286564500856
2460818.0805555554,4996.678876873276,2135.0852800755147,689.6472721806746
2460818.08125,4815.010668794292,2378.9740422548534,1072.5711032791553
2460818.081944444,4594.942847645307,2603.8814584064867,1446.9086754261068
2460818.082638889,4338.231296063723,2808.011048416035,1809.6634749424936
2460818.084027778,3723.35808435079,3147.601668183556,2488.931546942657
2460818.0847222223,3370.1118728876627,3280.358388092365,2800.0147200563047
2460818.0854166667,2990.011766531993,3386.9499949232404,3088.698793040199
2460818.086111111,2586.0946234764137,3466.532517726198,3352.6814201494476
2460818.0868055555,2161.5856332608237,3518.4783026441733,3589.8595510170185
2460818.0875,1719.8720263723965,3542.3804622741072,3798.3457689977163
2460818.0881944443,1264.4757161153107,3538.055533125389,3976.4827735879676
2460818.0888888887,799.0251118921235,3505.5443688322657,4122.855944658245
2460818.089583333,327.22632972027424,3445.1113080138734,4236.303946360178
2460818.090277778,-147.16598456730074,3357.241664210883,4315.92734403597
2460818.0909722224,-620.3780283560462,3242.637589110974,4361.0952224017665
2460818.091666667,-1088.6462254248247,3102.212362499458,4371.449798288753
2460818.092361111,-1548.246449055244,2937.0831620407016,4346.909027212312
2460818.0930555556,-1995.5229227228087,2748.5623642280348,4287.6672038321485
2460818.09375,-2426.9166365205965,2538.1474275437095,4194.193555972881
2460818.0944444444,-2838.9931187440325,2307.509408227662,4067.228831336195
2460818.095138889,-3228.4693946318052,2058.4801621490906,3907.779876785641
2460818.095833333,-3592.2399611650926,1793.0382879790131,3717.11221093576
2460818.0965277776,-3927.4015870867784,1513.293880367158,3496.7406000590204
2460818.097222222,-4231.276750393636,1221.4721639653524,3248.4176515343993
2460818.097916667,-4501.4355013054155,919.8961032160794,2974.1204602534904
2460818.0986111113,-4735.715544686194,610.9680904124987,2676.0353559172936
2460818.0993055557,-4932.240326536188,297.1508380554208,2356.540825742969
2460818.1,-5089.434916382362,-19.052383252715188,2018.1887097672943
2460818.1006944445,-5206.039483537839,-335.11799509803524,1663.6838004980768
2460818.101388889,-5281.120188694544,-648.522676636186,1295.8619969627116
2460818.1020833333,-5314.077329759372,-956.764045514458,917.6672037686561
2460818.1027777777,-5304.6506168695005,-1257.381251902685,532.1271838041017
2460818.103472222,-5252.9214859278,-1547.9752743753982,142.32859796851588
2460818.1041666665,-5159.312401376409,-1826.2287025381552,-248.60851345761654
2460818.104861111,-5024.583144363227,-2089.9247963010826,-637.5565415787298
2460818.105555556,-4849.824125544644,-2336.9656249249547,-1021.406145214159
2460818.10625,-4636.446808407925,-2565.389095983051,-1397.0918364846198
2460818.1069444446,-4386.171370080121,-2773.384709116998,-1761.617054172766
2460818.107638889,-4101.011763724342,-2959.3078908165335,-2112.078475404274
2460818.1083333334,-3783.258378474041,-3121.692791494875,-2445.689334960948
2460818.109027778,-3435.4585218537713,-3259.2634515340796,-2759.801541913939
2460818.109722222,-3060.39496126188,-3370.943274314653,-3051.926418179475
2460818.1104166666,-2661.062776492635,-3455.86276665309,-3319.7539058280818
2460818.111111111,-2240.6447763135757,-3513.365533066865,-3561.1701226253335
2460818.1118055554,-1802.4857288555963,-3543.012531338216,-3774.2731735633756
2460818.1125,-1350.0656429997923,-3544.5846145925493,-3957.38715408525
2460818.113194444,-886.972331387951,-3518.083398083887,-4109.074300254227
2460818.113888889,-416.8734560839707,-3463.730498848372,-4228.145266128659
2460818.1145833335,56.5117444472473,-3381.965201313928,-4313.667516225837
2460818.115277778,529.440882137322,-3273.4406034688222,-4364.971836732082
2460818.1159722223,998.1768376510186,-3139.0182977329805,-4381.656969774292
2460818.1166666667,1459.0160289193352,-2979.761637096917,-4363.592378909222
2460818.117361111,1908.3163940588126,-2796.9276331160186,-4310.919151027474
2460818.1180555555,2342.5249571945583,-2591.957528226693,-4224.049036153746
2460818.11875,2758.2048429794413,-2366.4660826894014,-4103.6616225472935
2460818.1194444443,3152.0616022719078,-2122.229614693191,-3950.6996407192255
2460818.1201388887,3520.968701335205,-1861.172833660885,-3766.3623877583955
2460818.120833333,3861.9920105074007,-1585.354514641316,-3552.0972667982855
2460818.121527778,4172.413122837259,-1296.9520647784068,-3309.5894384297976
2460818.1222222224,4449.751309720493,-998.2450512918421,-3040.749595254797
2460818.122916667,4691.783916431262,-691.5977705425154,-2747.699882452601
2460818.123611111,4896.564989235821,-379.4409566947399,-2432.758007296978
2460818.1243055556,5062.441921649468,-64.25274880329714,-2098.4196051676927
2460818.1256944444,5272.424024737904,565.1865262096005,-1382.3081806849907
2460818.126388889,5314.80870095371,874.4230642083836,-1006.2350438405978
2460818.127083333,5314.864510903623,1176.7027181092046,-622.1195922071449
2460818.1277777776,5272.57207035708,1469.6110450223357,-233.02978852315167
2460818.128472222,5188.252999926226,1750.806967774498,157.9235962009647
2460818.129166667,5062.567887660897,2018.0421955478314,547.6125914934148
2460818.1298611113,4896.511247558282,2269.179887396709,932.9178714919564
2460818.1305555557,4691.40351405104,2502.2123574440066,1310.754561871345
2460818.13125,4448.880156655105,2715.2776361339093,1678.0977393938815
2460818.1319444445,4170.878040677323,2906.6747199565934,2032.0073599517818
2460818.132638889,3859.619199383867,3074.8773632765783,2369.652361960208
2460818.1333333333,3517.592214476126,3218.546292532036,2688.3337129832044
2460818.1340277777,3147.531426468767,3336.5397495181555,2985.506191004204
2460818.134722222,2752.3942166422,3427.9222962377667,3258.7987163728008
2460818.1354166665,2335.3366135144015,3491.971840216014,3506.0330795715263
2460818.136111111,1899.6874769435067,3528.184863633318,3725.2409411387443
2460818.136805556,1448.9215168186915,3536.279859132101,3914.6790036945463
2460818.1375,986.6313861761521,3516.198993956635,4072.8422871633247
2460818.1381944446,516.4990843822799,3468.1080360830365,4198.475455709764
2460818.138888889,42.26688705131123,3392.3945862884852,4290.582165989227
2460818.1395833334,-432.2919957369644,3289.6646654918104,4348.432419538122
2460818.140277778,-903.4028458500658,3160.737709188357,4371.567911282329
2460818.140972222,-1367.318770372399,3006.6400221208633,4359.80537157857
2460818.1416666666,-1820.3497812263897,2828.596743149607,4313.237901936754
2460818.142361111,-2258.8914518507772,2628.022372950017,4232.2343042755365
2460818.1430555554,-2679.452998848888,2406.5099114048726,4117.436402830351
2460818.14375,-3078.684615749455,2165.8186588540493,3969.7543586532834
2460818.144444444,-3453.403894741277,1907.8607323320525,3790.359976129081
2460818.145138889,-3800.6211490916307,1634.686360708107,3580.678008027146
2460818.1458333335,-4117.563448592218,1348.4680269894632,3342.375471177388
2460818.146527778,-4401.697162849629,1051.483543450206,3077.3490003723728
2460818.1472222223,-4650.748805180407,746.0981569170459,2787.7102825687753
2460818.1479166667,-4862.72396318801,434.74580045120626,2475.7696353518004
2460818.148611111,-5035.9241019687115,119.90962907838374,2144.017821258594
2460818.1493055555,-5168.961037743681,-195.8980090136958,1795.1062121483753
2460818.15,-5260.768890243566,-510.1559920250274,1431.8254506261294
2460818.1506944443,-5310.613345491655,-820.3550461707493,1057.0827837609984
2460818.1513888887,-5318.098089601725,-1124.0183697964028,673.8782695955385
2460818.152083333,-5283.168307914843,-1418.7220495370088,285.28008386760933
2460818.152777778,-5206.1111844081115,-1702.1150548748271,-105.60082577050126
2460818.1534722224,-5087.553378999284,-1971.9386014320783,-495.63647920732575
2460818.154166667,-4928.455505997558,-2226.0446760128452,-881.7077237232501
2460818.154861111,-4730.103681008065,-2462.413533732127,-1260.7299456803041
2460818.1555555556,-4494.098248986924,-2679.1699895759266,-1629.6783627586137
2460818.15625,-4222.339841751979,-2874.598354308927,-1985.6126462815578
2460818.1569444444,-3917.012953712776,-3047.1558817096015,-2325.7006286420315
2460818.157638889,-3580.567243844338,-3195.484628866416,-2647.240887140359
2460818.158333333,-3215.6968044548084,-3318.421649558501,-2947.6840057371387
2460818.1590277776,-2825.3176369716284,-3415.007476176131,-3224.6523612709166
2460818.159722222,-2412.5435933328604,-3484.492863562919,-3475.9582962497366
2460818.160416667,-1980.6610319156064,-3526.343795233899,-3699.6205787484228
2460818.1611111113,-1533.1024303749875,-3540.2447696818344,-3893.879074786808
2460818.1618055557,-1073.4191907121094,-3526.1003992997325,-4057.2075806439593
2460818.1625,-605.2538474885274,-3484.0353663994506,-4188.324787850203
2460818.1631944445,-132.31188066545425,-3414.392786985211,-4286.203365661383
2460818.163888889,341.6666935341254,-3317.73103566951,-4350.077160719219
2460818.1645833333,812.9357836951905,-3194.819086261222,-4379.446516628958
2460818.1652777777,1277.7715950128368,-3046.6304184895084,-4374.0817224585835
2460818.165972222,1732.5007683639762,-2874.3355392690496,-4334.024595584722
2460818.167361111,2597.364115569445,-2463.0400754200973,-4151.354714028657
2460818.168055556,3000.651131010108,-2227.279770574062,-4010.1713974330833
2460818.16875,3380.1897144646573,-1973.8698122043404,-3837.144724551441
2460818.1694444446,3732.9633327831184,-1704.808050184057,-3633.632601086319
2460818.170138889,4056.162246771515,-1422.2176910814546,-3401.234707271393
2460818.1708333334,4347.206064968627,-1128.3312970613679,-3141.780954305543
2460818.171527778,4603.764812252966,-825.4737898571912,-2857.318077616389
2460818.172222222,4823.778311812142,-516.0445475582414,-2550.0944000966424
2460818.1729166666,5005.473667211247,-202.49870518509337,-2222.5428238417744
2460818.173611111,5147.3806325283695,112.67220963869562,-1877.2621356621898
2460818.1743055554,5248.344667582421,426.96015773746757,-1516.9967369488766
2460818.175,5307.537487379467,737.8608175315026,-1144.6149393524938
2460818.175694444,5324.464936167067,1042.8939745682078,-763.086000315726
2460818.176388889,5298.972046625345,1339.623875055274,-375.456095228508
2460818.1770833335,5231.245177486992,1625.679335355249,15.17654960791585
2460818.177777778,5121.811163586929,1898.7733929328094,405.68711504124224
2460818.1784722223,4971.533455276387,2156.7222905390577,792.9499813681205
2460818.1791666667,4781.605269598871,2397.463587219363,1173.8645826384795
2460818.179861111,4553.539820422619,2619.073204775133,1545.3810522743327
2460818.1805555555,4289.157737964215,2819.7812339810425,1904.5253921412534
2460818.18125,3990.5718289030333,2997.986345266433,2248.4239069474615
2460818.1819444443,3660.1693617446613,3152.2686740224167,2574.3266648087433
2460818.1826388887,3300.5920906893107,3281.401075891912,2879.6297654244045
2460818.183333333,2914.714254870907,3384.358673574763,3161.896221149951
2460818.184027778,2505.6187973252263,3460.3266452306925,3418.875289646141
2460818.1847222224,2076.572065689471,3508.706225566325,3648.520116695513
2460818.185416667,1630.9972409599627,3529.1189170487623,3849.003587770823
2460818.186111111,1172.4467497483201,3521.408923458186,4018.7323025822716
2460818.1868055556,704.5738928668994,3485.643835449166,4156.358618389762
2460818.1875,231.10391619761208,3422.113607542089,4260.790723468198
2460818.1881944444,-244.19527156117272,3331.3278730384304,4331.200719886539
2460818.188888889,-717.542536683008,3214.0116478294713,4367.030703499843
2460818.189583333,-1185.172938840703,3071.099474291529,4367.99683833485
2460818.1902777776,-1643.366957584589,2903.72805694515,4334.091424047067
2460818.190972222,-2088.4793669787364,2713.2274390644834,4265.582956755907
2460818.191666667,-2516.967593627343,2501.110770751724,4163.014183121095
2460818.1923611113,-2925.4194012714192,2269.062715487458,4027.1981459390386
2460818.1930555557,-3310.5797254546105,2018.9265505354356,3859.21222233483
2460818.19375,-3669.3764875198103,1752.690015219393,3660.390156119969
2460818.1944444445,-3998.9451938930215,1472.4699760230462,3432.312095907921
2460818.195138889,-4296.6521254965855,1180.4959840171816,3176.7926587925517
2460818.1958333333,-4560.115908019666,879.092817691524,2895.8670566492488
2460818.1965277777,-4787.227250974687,570.6621189930305,2591.7753402868216
2460818.197222222,-4976.166639873514,257.663251654409,2266.944842829401
2460818.1979166665,-5125.419773437059,-57.40647177954334,1923.9709291639504
2460818.198611111,-5233.790550427658,-372.03203271264846,1565.5961827467975
2460818.199305556,-5300.411424724079,-683.7012317478464,1194.6881994897642
2460818.2,-5324.750979011791,-989.9253032996982,814.2161782140938
2460818.2006944446,-5306.618597216675,-1288.259413801741,427.2265246917486
2460818.201388889,-5246.166153760023,-1576.3228297161763,36.817711027074374
2460818.2020833334,-5143.886680987875,-1851.8185428535232,-353.8853529280796
2460818.202777778,-5000.610020094558,-2112.552146398204,-741.757170031146
2460818.203472222,-4817.4955059812155,-2356.4497636334477,-1123.6974555969655
2460818.2041666666,-4596.0217818912715,-2581.5748460882655,-1496.6566149301982
2460818.204861111,-4337.973879226218,-2786.143680408669,-1857.6606403678686
2460818.2055555554,-4045.4277356545426,-2968.5394639170077,-2203.8351809468872
2460818.20625,-3720.7323541553465,-3127.324836017166,-2532.428560703066
2460818.206944444,-3366.489831499672,-3261.252778152941,-2840.8335437952633
2460818.207638889,-2985.5334967391736,-3369.2758243100366,-3126.607677088094
2460818.209027778,-2155.826499551893,-3504.458309942598,-3621.428463948986
2460818.2097222223,-1713.6805039632952,-3530.5792962166215,-3826.5746156066275
2460818.2104166667,-1257.977091279242,-3528.7248407696584,-4001.317752384676
2460818.211111111,-792.3292422173633,-3498.9231049656973,-4144.28624609214
2460818.2118055555,-320.42417947154144,-3441.4211419877656,-4254.359377456669
2460818.2125,154.00499252748128,-3356.682405141845,-4330.675220526117
2460818.2131944443,627.2077703568823,-3245.3827522548886,-4372.6366463747145
2460818.2138888887,1095.4447003337827,-3108.4049979801066,-4379.9154517908655
2460818.214583333,1555.0156520056407,-2946.8320625550405,-4352.454620382224
2460818.215277778,2002.2877850713123,-2761.9387601167496,-4290.468720297947
2460818.2159722224,2433.7230703832797,-2555.1822696634085,-4194.442439409165
2460818.216666667,2845.9052385146015,-2328.191324268852,-4065.1272539951356
2460818.217361111,3235.5660121788374,-2082.7541563741015,-3903.5362229568104
2460818.2180555556,3599.610465896945,-1820.8052424375232,-3710.936901450258
2460818.21875,3935.141355032708,-1544.4108894634542,-3488.8423664631664
2460818.2194444444,4239.482231666341,-1255.7537204347198,-3239.000356004859
2460818.220138889,4510.199153350063,-957.1161290041396,-2963.3805365065086
2460818.220833333,4745.120786719562,-650.8627825795999,-2664.159923101284
2460818.2215277776,4942.3566897687515,-339.4222806503472,-2343.70650619033
2460818.222222222,5100.31356249239,-25.26808882348663,-2004.5611577708753
2460818.222916667,5217.709259146545,289.1011131462222,-1649.417915403766
2460818.2236111113,5293.584361609657,601.1815029057705,-1281.102780115027
2460818.2243055557,5327.311137776803,908.4844306594154,-902.5511861973479
2460818.225,5318.599731909986,1208.5567848218989,-516.7843314472061
2460818.2256944445,5267.501466232984,1499.0012013579546,-126.88458614809136
2460818.226388889,5174.409172474349,1777.495906337671,264.0297812535065
2460818.2270833333,5040.0545125693225,2041.8139824559992,652.830309960933
2460818.2277777777,4865.502293909027,2289.841847923409,1036.4042116012781
2460818.228472222,4652.141828812947,2519.596753108305,1411.6801260018728
2460818.2291666665,4401.6754334480775,2729.243110535729,1775.6534952869158
2460818.229861111,4116.104199918309,2917.1074970083637,2125.4112980699465
2460818.230555556,3797.7112183112945,3081.69218381781,2458.1558904918156
2460818.23125,3449.0424467278417,3221.68708445141,2771.2277349850565
2460818.2319444446,3072.8854632944544,3335.9800270404385,3062.126806271328
2460818.232638889,2672.2463373192763,3423.665293212305,3328.532506629649
2460818.2333333334,2250.3248806888146,3484.0503835387963,3568.3219369251287
2460818.234027778,1810.4885281614263,3516.6609983945395,3779.5864113883154
2460818.234722222,1356.2451030190396,3521.2442391936747,3960.646122094769
2460818.2354166666,891.214706238636,3497.7700534599235,4110.0628901898135
2460818.236111111,419.10096048413374,3446.430958520811,4226.650958487564
2460818.2368055554,-56.33817963285912,3367.6400873906073,4309.485799378298
2460818.2375,-531.31984939022,3262.0276056919915,4357.910922824468
2460818.238194444,-1002.0657466469886,3130.435550076178,4371.542679339593
2460818.238888889,-1464.8314810677055,2973.9111389146415,4350.273055927033
2460818.2395833335,-1915.9356354651932,2793.698604834412,4294.2704651277845
2460818.240277778,-2351.788376908755,2591.229598137096,4203.9785272278905
2460818.2409722223,-2768.919459455132,2368.1122078234757,4080.1128441046167
2460818.2416666667,-3164.005444488147,2126.118653659974,3923.6557654407416
2460818.242361111,-3533.895973109779,1867.171699379757,3735.849146953763
2460818.2430555555,-3875.638898125486,1593.3298523936207,3518.1851094740696
2460818.24375,-4186.50408398676,1306.7714204042486,3272.3948146615007
2460818.2444444443,-4464.005670212234,1009.7775093034603,3000.435286406081
2460818.2451388887,-4705.922582093253,704.714067733258,2704.4743297037567
2460818.245833333,-4910.317079241667,394.0130926856849,2386.873613349831
2460818.246527778,-5075.551124476674,80.15314033515577,2050.1700181718106
2460818.2472222224,-5200.300374370792,-234.3607055328045,1697.0553705027164
2460818.247916667,-5283.565601565191,-547.0172274009993,1330.3547195305996
2460818.248611111,-5324.681388141876,-855.3196438355545,953.0033363851244
2460818.2493055556,-5323.321955574824,-1156.8061495863944,568.0226473481111
2460818.2506944444,-5193.586724207278,-1729.7804461985156,-212.46016021535823
2460818.251388889,-5066.26831208512,-1996.6997531192767,-601.7154177575113
2460818.252083333,-4898.580116027222,-2247.703694198841,-986.1579153975593
2460818.2527777776,-4691.877399735894,-2480.797736969648,-1362.7166422308612
2460818.253472222,-4447.827497314493,-2694.133309945316,-1728.387242377138
2460818.254166667,-4168.395303587777,-2886.02247862167,-2080.256412424202
2460818.2548611113,-3855.8263203693386,-3054.95112761578,-2415.5253282901535
2460818.2555555557,-3512.6274810614836,-3199.5905486261336,-2731.5318867218475
2460818.25625,-3141.545986472505,-3318.8073670857916,-3025.7715847256345
2460818.2569444445,-2745.5464065423466,-3411.6717604980827,-3295.916877429037
2460818.257638889,-2327.7862977150676,-3477.4639511290875,-3539.8348946911983
2460818.2583333333,-1891.5905855888927,-3515.678974724038,-3755.603421233545
2460818.2590277777,-1440.42495713058,-3526.029745037766,-3941.5250706118513
2460818.259722222,-977.8684862292445,-3508.44844923059,-4096.139611089625
2460818.2604166665,-507.58570511661105,-3463.0863178617533,-4218.234417353597
2460818.261111111,-33.29831781384206,-3390.3118202865667,-4306.853037730942
2460818.261805556,441.2432776401805,-3290.7073372926125,-4361.301879473109
2460818.2625,912.2884914881902,-3165.064363190128,-4381.155015381758
2460818.2631944446,1376.1149256883828,-3014.3772868128044,-4366.257120477148
2460818.263888889,1829.0565059795272,-2839.83579515283,-4316.724544159283
2460818.2645833334,2267.531222602698,-2642.8159429109055,-4232.944519683053
2460818.265277778,2688.0683534700247,-2424.8699240230953,-4115.572508580104
2460818.265972222,3087.335026338738,-2187.7145837534586,-3965.5276740852028
2460818.2666666666,3462.1619746385586,-1933.2187088181927,-3783.9864753457427
2460818.267361111,3809.5683257271353,-1663.3891389194573,-3572.3743756981503
2460818.2680555554,4126.785248325332,-1380.355750071549,-3332.355662812955
2460818.26875,4411.278269464295,-1086.3553735741561,-3065.821389765958
2460818.269444444,4660.768063490891,-783.7147255650912,-2774.8754576741167
2460818.270138889,4873.249501887303,-474.83244316423327,-2461.8188826551113
2460818.2708333335,5047.0087512215105,-162.16034075213045,-2129.1323121271876
2460818.271527778,5180.6382088183545,151.8159814916618,-1779.4568804197859
2460818.2722222223,5273.049072215618,464.59702186406395,-1415.573525438674
2460818.2729166667,5323.481356209722,773.6895832574318,-1040.380915445223
2460818.273611111,5331.51119352401,1076.6271125466722,-656.8721658470129
2460818.2743055555,5297.055285792337,1370.9899720529393,-268.1105534948816
2460818.275,5220.3724074792735,1654.4254362472393,122.79554340282502
2460818.2756944443,5102.061905936776,1924.6671994234002,512.718226929058
2460818.2763888887,4943.059185387307,2179.554185665549,898.5359202211233
2460818.277083333,4744.6282069525605,2417.0484599037777,1277.159197590497
2460818.277777778,4508.351083941606,2635.2520487532165,1645.5563289235808
2460818.2784722224,4236.114890444164,2832.4225030929456,2000.7782779794863
2460818.279166667,3930.095846635267,3006.9870482854612,2339.982894486089
2460818.279861111,3592.7410681243764,3157.555201457508,2660.458073305156
2460818.2805555556,3226.748104526839,3282.929752277563,2959.64366100069
2460818.28125,2835.042500471504,3382.116038089141,3235.1519308799516
2460818.2819444444,2420.753635055139,3454.3294641205425,3484.7864642437385
2460818.282638889,1987.1890901772772,3499.0012477674104,3706.5593139738544
2460818.283333333,1537.8078067088288,3515.7823840242236,3898.7063467413936
2460818.2840277776,1076.1922690602028,3504.5458492806233,4059.7006932580375
2460818.284722222,606.0199553294034,3465.3870727798726,4188.264253194652
2460818.285416667,131.03427344115275,3398.6227161984466,4283.377222486119
2460818.2861111113,-344.98481674100503,3304.7878072629774,4344.285625845304
2460818.2868055557,-818.2503027614442,3184.631276604447,4370.506844568915
2460818.2875,-1284.997560924805,3039.1099490302545,4361.833137302575
2460818.2881944445,-1741.5135803582439,2869.3810365480317,4318.333154103323
2460818.288888889,-2184.1657992675996,2676.79318300369,4240.351442920116
2460818.2895833333,-2609.4303946596,2462.876107806676,4128.505948798531
2460818.2902777777,-3013.9198637427585,2229.328895697939,3983.683504073965
2460818.290972222,-3394.40972118688,1978.006985825064,3807.033310424349
2460818.292361111,-4071.4602902471647,1430.155901308318,3364.1052116728847
2460818.293055556,-4362.611337997241,1137.9852877657925,3101.350934831197
2460818.29375,-4618.9876170004,836.7230417928807,2813.789283806757
2460818.2944444446,-4838.536036138168,528.7703205092585,2503.714143093175
2460818.295138889,-5019.497340313977,216.58329488799137,2173.6015448014696
2460818.2958333334,-5160.421074015903,-97.34663930531698,1826.0899668473126
2460818.296527778,-5260.178044733242,-410.5130925361775,1463.959112759833
2460818.297222222,-5317.970111966174,-720.4151666973198,1090.1073489207483
2460818.2979166666,-5333.337158562824,-1024.5780017317331,707.5279930427678
2460818.298611111,-5306.161130963339,-1320.5731720968372,319.28468279000407
2460818.2993055554,-5236.667077329363,-1606.0387211326843,-71.51393030287946
2460818.3,-5125.421154588312,-1878.6986237224357,-461.7399038507899
2460818.300694444,-4973.325620160141,-2136.381470193723,-848.2718733428213
2460818.301388889,-4781.610870615547,-2377.038176395553,-1228.020793220266
2460818.3020833335,-4551.824631388885,-2598.758543926865,-1597.9552853921487
2460818.302777778,-4285.818443972715,-2799.7865108070732,-1955.1263349828557
2460818.3034722223,-3985.7316310799365,-2978.533959718359,-2296.69109427909
2460818.3041666667,-3653.9729483694036,-3133.5929763668373,-2619.9355773921925
2460818.304861111,-3293.2001560735102,-3263.746475682429,-2922.2960507441853
2460818.3055555555,-2906.2977543002603,-3367.9771427453193,-3201.378957620625
2460818.30625,-2496.353136862523,-3445.474658243324,-3454.979240137367
2460818.3069444443,-2066.631412281507,-3495.6412031298255,-3681.0969562040873
2460818.3076388887,-1620.5491407800894,-3518.0952545552636,-3877.952111550308
2460818.308333333,-1161.6472171000362,-3512.6737025784655,-4043.997656718218
2460818.309027778,-693.5631180163163,-3479.432327435136,-4177.930616659955
2460818.3097222224,-220.00271394307205,-3418.6446850644556,-4278.701338497341
2460818.310416667,255.28817293517304,-3330.7994523204,-4345.520854542537
2460818.311111111,728.5523016595887,-3216.596283258493,-4377.866365443292
2460818.3118055556,1196.0494851692577,-3076.9402259592352,-4375.484850057949
2460818.3125,1654.0848615815355,-2912.9347464138204,-4338.394808763776
2460818.3131944444,2099.0368333117385,-2725.873400700886,-4266.886143841448
2460818.313888889,2527.384539007094,-2517.230194535457,-4161.518175993325
2460818.314583333,2935.7347235683437,-2288.648666158004,-4023.1157919597813
2460818.3152777776,3320.847860347106,-2041.9297301354034,-3852.7637158781836
2460818.315972222,3679.663371104796,-1779.0183217462948,-3651.798896486415
2460818.316666667,4009.3237744595026,-1501.9888886402307,-3421.8010057706183
2460818.3173611113,4307.197577917812,-1213.0297880987189,-3164.5810539249424
2460818.3180555557,4570.9007194697815,-914.4266587551258,-2882.168135916045
2460818.31875,4798.316350316179,-608.5448548827652,-2576.794344596484
2460818.3194444445,4987.6127461255755,-297.81104895378957,-2250.87790667989
2460818.320138889,5137.259134678789,15.305874117816566,-1907.004621110667
2460818.3208333333,5246.039230352804,328.3144825792861,-1547.907712604887
2460818.3215277777,5313.062283081637,638.7208611255962,-1176.4462372331009
2460818.322222222,5337.77146729058,944.0488889154974,-795.5822101313095
2460818.3229166665,5319.949464968409,1241.8605364962254,-408.3566524788336
2460818.323611111,5259.72113077572,1529.77597644964,-17.86477924242419
2460818.324305556,5157.553166928654,1805.4932939523871,372.769425110706
2460818.325,5014.250777155826,2066.8075915354357,760.4189906909919
2460818.3256944446,4830.951317066879,2311.629275292076,1141.9798269557493
2460818.326388889,4609.114999184082,2538.001335375057,1514.3964063947265
2460818.3270833334,4350.512760948433,2744.1154353110037,1874.6869886233542
2460818.327777778,4057.2114371551265,2928.326657111688,2219.968135185773
2460818.328472222,3731.5564211136843,3089.1667628088303,2547.478266446167
2460818.3291666666,3376.152020701537,3225.3558657861668,2854.6000453469373
2460818.329861111,2993.839747971629,3335.8124253952724,3138.88138613966
2460818.3305555554,2587.6747797046964,3419.6615120348156,3398.0549296678096
2460818.33125,2160.900855359951,3476.2413058702614,3630.055836472548
2460818.331944444,1716.9238561039542,3505.1078228719325,3833.037796742841
2460818.332638889,1259.2843229084947,3506.0378749667734,4005.3871679770587
2460818.334027778,317.6826589090793,3424.3054261032567,4252.968202168743
2460818.3347222223,-158.78266951938073,3342.3030261199247,4326.235944227407
2460818.3354166667,-633.9757242516102,3233.6784562158164,4364.957755995926
2460818.336111111,-1104.1162574701577,3099.297381811531,4368.826844597552
2460818.3368055555,-1565.4642447647293,2940.228926487293,4337.8125147921355
2460818.3375,-2014.348918221412,2757.7373641254244,4272.160396733642
2460818.3381944443,-2447.1973211204854,2553.2723892828444,4172.3906661251995
2460818.3388888887,-2860.562216022421,2328.4580143983644,4039.2942558430764
2460818.339583333,-3251.149179782894,2085.0801424285137,3873.9270585719014
2460818.340277778,-3615.8427060447193,1825.072870080952,3677.6021235116577
2460818.3409722224,-3951.7311282553105,1550.5035833552508,3451.8798558839867
2460818.341666667,-4256.130162606544,1263.556920083448,3198.556239752176
2460818.342361111,-4526.604864317798,966.5176860023835,2919.649117978315
2460818.3430555556,-4760.989780171098,661.752831364723,2617.3825858724604
2460818.34375,-4957.407084304624,351.692608362033,2294.169574084285
2460818.3444444444,-5114.282483820186,38.81105281212396,1952.5927261535498
2460818.345138889,-5230.35869372744,-274.3940490078845,1595.3837035678478
2460818.345833333,-5304.706298586193,-585.4215285719698,1225.4010821500563
2460818.3465277776,-5336.73184545243,-891.7873510871555,845.6070232695563
2460818.347222222,-5326.183039928946,-1191.0450664367172,459.0429459627638
2460818.347916667,-5273.150960202635,-1480.8059920457947,68.80442935692149
2460818.3486111113,-5178.069242270109,-1758.75891031626,-321.98439293941686
2460818.3493055557,-5041.710235295835,-2022.6890755358204,-710.1966837044424
2460818.35,-4865.178172032356,-2270.4963280733327,-1092.7287222133364
2460818.3506944445,-4649.899442601811,-2500.212133443299,-1466.5254267246703
2460818.351388889,-4397.610103529655,-2710.0153780956007,-1828.605314431
2460818.3520833333,-4110.340787188114,-2898.2467813674825,-2176.0846566013347
2460818.3527777777,-3790.399217224144,-3063.4218001746763,-2506.2005933095065
2460818.353472222,-3440.3505454304654,-3204.2419414917267,-2816.3330173581026
2460818.3541666665,-3062.995760557911,-3319.604411250063,-3104.025041196442
2460818.354861111,-2661.3484121802703,-3408.6100651787788,-3367.00191048126
2460818.355555556,-2238.609907230774,-3470.569643597697,-3603.1882437158374
2460818.35625,-1798.1436266566395,-3505.0082965205534,-3810.723512590344
2460818.3569444446,-1343.4480967759707,-3511.6684217870124,-3987.975703709978
2460818.357638889,-878.1294441162462,-3490.510851012737,-4133.553120475038
2460818.3583333334,-405.8733368877771,-3441.7144285652066,-4246.314307176237
2460818.359027778,69.58339923300669,-3365.6740326786094,-4325.376088527378
2460818.359722222,544.4813185448143,-3262.997089752093,-4370.119726272594
2460818.3604166666,1015.0668908506564,-3134.4986319097884,-4380.195199850252
2460818.361111111,1477.6208931803458,-2981.1949443438602,-4355.523618446418
2460818.3618055554,1928.4865224721837,-2804.295844857647,-4296.297768854397
2460818.3625,2364.097093526071,-2605.1956357030053,-4202.9808001935735
2460818.363194444,2781.0031922022495,-2385.4627624873474,-4076.303041595036
2460818.363888889,3175.899137825653,-2146.8282178307054,-3917.2569465528513
2460818.3645833335,3545.648607629498,-1891.172725807388,-3727.090155038723
2460818.365277778,3887.3092557249543,-1620.5127518941838,-3507.2966681210833
2460818.3659722223,4198.15614928816,-1336.985390082637,-3259.6061353012274
2460818.3666666667,4475.703828570762,-1042.8321927760178,-2985.971267050254
2460818.367361111,4717.72678991886,-740.3820205242654,-2688.553397358956
2460818.3680555555,4922.278176404234,-432.03301236827,-2369.7062465422623
2460818.36875,5087.706463421357,-120.23379271490857,-2031.957955360521
2460818.3694444443,5212.669928238928,192.5359481640906,-1677.991489553182
2460818.3701388887,5296.148702611811,503.78534254517217,-1310.623543849572
2460818.370833333,5337.454225857402,811.0325274722026,-932.7821038804868
2460818.371527778,5336.235940808049,1111.8249301613143,-547.4828533856436
2460818.3722222224,5292.485106833563,1403.7594543383025,-157.80464049212154
2460818.372916667,5206.53564177944,1684.5023574382567,233.13575949584302
2460818.373611111,5079.06194620116,1951.8086085192913,622.20933218692
2460818.3743055556,4911.07370845569,2203.5405168159127,1006.3006940209389
2460818.3756944444,4459.2168899597755,2652.372337366036,1747.2977352244868
2460818.376388889,4178.956287950962,2845.8871477631756,2098.270775433168
2460818.377083333,3865.366886704777,3016.686602607851,2432.445053910336
2460818.3777777776,3520.956698600603,3163.410600401077,2747.1490227128133
2460818.378472222,3148.4798381138653,3284.8928988927887,3039.8690491115804
2460818.379166667,2750.913646666969,3380.170109806739,3308.269458637511
2460818.3798611113,2331.4341488428126,3448.488945248945,3550.2109466538423
2460818.3805555557,1893.3900982442635,3489.311696860049,3763.7672372791376
2460818.38125,1440.2758592108837,3502.3199504180147,3947.239900975021
2460818.3819444445,975.7033726431794,3487.4165530021014,4099.17126027903
2460818.382638889,503.3734342722589,3444.725864492118,4218.355339746108
2460818.3833333333,27.04650078260348,3374.5923333930496,4303.846831898239
2460818.3840277777,-449.4867765361008,3277.5774422441586,4354.9680638649415
2460818.384722222,-922.43509952419,3154.4550716891004,4371.31395764428
2460818.3854166665,-1388.035987405853,3006.2053298666547,4352.754983502391
2460818.386111111,-1842.584980242444,2834.006896925488,4299.438105363577
2460818.386805556,-2282.4644308335246,2639.2279281186306,4211.785718480762
2460818.3875,-2704.1717116642403,2423.4155650665607,4090.4925789574795
2460818.3881944446,-3104.3466784301945,2188.284100094593,3936.5207239896563
2460818.388888889,-3479.7982125796752,1935.7018456411279,3751.0923836593793
2460818.3895833334,-3827.529655085615,1667.6767692483652,3535.680892310247
2460818.390277778,-4144.762941568658,1386.3409589969779,3291.9996125597636
2460818.390972222,-4428.961226376773,1093.9340056697154,3021.988904509093
2460818.3916666666,-4677.849788742662,792.7853944461465,2727.8011835631332
2460818.392361111,-4889.43500114675,485.29602310242933,2411.784136921803
2460818.3930555554,-5062.021143190105,173.91898478983813,2076.4621974428032
2460818.39375,-5194.2248609467415,-138.86023949292394,1724.516389063595
2460818.394444444,-5284.987074641406,-450.54399829133337,1358.7627044168923
2460818.395138889,-5333.582171178732,-758.642916086051,982.1291882341563
2460818.3958333335,-5339.62434119091,-1060.696364520456,597.6319382736314
2460818.396527778,-5303.070958966059,-1354.2927535862746,208.35025041826404
2460818.3972222223,-5224.222942242025,-1637.0894278024361,-182.59883867160644
2460818.3979166667,-5103.722074976859,-1906.8319560956309,-572.0863460114745
2460818.398611111,-4942.545319072221,-2161.372616907713,-956.9972094074495
2460818.3993055555,-4741.996188248219,-2398.6878824974397,-1334.2559487092324
2460818.4,-4503.693299478754,-2616.894730899244,-1700.851858501127
2460818.4006944443,-4229.556256860545,-2814.2656325093985,-2053.8634786083235
2460818.4013888887,-3921.789055278199,-2989.2420836313086,-2390.482109114683
2460818.402083333,-3582.8612216774545,-3140.446583042171,-2708.0341555638324
2460818.402777778,-3215.4869274666034,-3266.6929777652535,-3004.002122611844
2460818.4034722224,-2822.6023223624434,-3366.995127444192,-3276.044097870226
2460818.404166667,-2407.341339271441,-3440.5738638150506,-3522.011602682903
2460818.404861111,-1973.0102260758217,-3486.862241016703,-3739.965709129385
2460818.4055555556,-1523.0610404083668,-3505.509094112042,-3928.1913578210874
2460818.40625,-1061.0643407898203,-3496.380934904211,-4085.2098274909677
2460818.4069444444,-590.6812883300695,-3459.5622265206175,-4209.7893307259965
2460818.407638889,-115.63534643008141,-3395.35408371542,-4300.9537274256445
2460818.408333333,360.31623445705793,-3304.2714490908256,-4357.989352219705
2460818.4090277776,833.410993086242,-3187.0387951410266,-4380.449964004976
2460818.409722222,1299.9097470022357,-3044.584398876425,-4368.159824048313
2460818.410416667,1756.1248550196976,-2878.0332330775714,-4321.214908194961
2460818.4111111113,2198.448119062432,-2688.6985144336973,-4239.982256173335
2460818.4118055557,2623.37819669851,-2478.071943173145,-4125.097455288858
2460818.4125,3027.5473794413024,-2247.81267146588,-3977.4602530762054
2460818.4131944445,3407.7475923725574,-1999.73503596847,-3798.228291082048
2460818.413888889,3760.9554568378794,-1735.7950934841563,-3588.808951551999
2460818.4145833333,4084.356238073041,-1458.0760102660558,-3350.8493165037435
2460818.4152777777,4375.366494433905,-1168.7723610059238,-3086.2242441793237
2460818.415972222,4631.655224014933,-870.1734134817219,-2797.0225861953772
2460818.417361111,5032.120991970629,-254.6134908296514,-2154.2195023158533
2460818.418055556,5173.0633174961495,57.45821371101609,-1805.716609623937
2460818.41875,5272.843090061854,369.0855039461735,-1442.7945880255588
2460818.4194444446,5330.64140053989,677.7845456215376,-1068.344555973603
2460818.420138889,5345.975406973899,981.0920313297407,-685.3538610397783
2460818.4208333334,5318.703279927323,1276.5854067936657,-296.88185181332085
2460818.421527778,5249.026201814476,1561.9028750792309,93.96513858483887
2460818.422222222,5137.487357868204,1834.7629712141334,484.0593531193023
2460818.4229166666,4984.967900248008,2092.983494011079,870.2774483458007
2460818.423611111,4792.67991053716,2334.4995957644123,1249.5263435076286
2460818.4243055554,4562.156435185862,2557.3808332353146,1618.7688015032231
2460818.425,4295.23870651235,2759.84701061168,1975.0484829508132
2460818.425694444,3994.0607056253825,2940.282657490722,2315.5142142575487
2460818.426388889,3661.03125470618,3097.250013494518,2637.4432356401057
2460818.4270833335,3298.8138572787325,3229.5004139990574,2938.263212756523
2460818.427777778,2910.3045194974493,3335.9840010928006,3215.572828199795
2460818.4284722223,2498.607806641698,3415.857705570007,3467.160789211055
2460818.4291666667,2067.011385045223,3468.4914738019825,3691.0231254818714
2460818.429861111,1618.9593081935343,3493.4727315476384,3885.3786715033348
2460818.4305555555,1158.0242918464364,3490.6090973442115,4048.682659743088
2460818.43125,687.8792096441298,3459.9293710575425,4179.638372867555
2460818.4319444443,212.26803912678923,3401.68283373422,4277.206817795195
2460818.4326388887,-265.02354364275226,3316.336902218552,4340.61440563619
2460818.433333333,-740.1977268348224,3204.573184713145,4369.358626821762
2460818.434027778,-1209.4741014833455,3067.2819859084098,4363.211718489882
2460818.4347222224,-1669.1190151413166,2905.5553070051965,4322.222324375026
2460818.435416667,-2115.474567732305,2720.6783888588247,4246.715146657189
2460818.436111111,-2544.9870956148097,2514.1198414991845,4137.288589434156
2460818.4368055556,-2954.2349729928246,2287.520407957128,3994.810393139673
2460818.4375,-3339.955562746678,2042.680409971355,3820.411259705265
2460818.4381944444,-3699.071132961095,1781.5459313233457,3615.476473020917
2460818.438888889,-4028.7135479674366,1506.1938020515227,3381.635526334805
2460818.439583333,-4326.247530401671,1218.8154598514755,3120.749780832048
2460818.4402777776,-4589.292284725351,921.6997775973089,2834.8981940666486
2460818.440972222,-4815.741262082765,617.2149683304524,2526.361182314149
2460818.441666667,-5003.779855268106,307.78968848058815,2197.602696691314
2460818.4423611113,-5151.900807377828,-4.106508695707,1851.2506313947526
2460818.4430555557,-5258.917140257565,-315.9832091299773,1490.0757015284069
2460818.44375,-5323.972423839918,-625.3494808181571,1116.9689619924854
2460818.4444444445,-5346.548236105064,-929.7343291408117,734.9181643411475
2460818.445138889,-5326.468696401587,-1226.7070569652742,346.983177188614
2460818.4458333333,-5263.90199476032,-1513.897321400447,-43.729289550611746
2460818.4465277777,-5159.358881907452,-1789.01467258679,-434.0913930812015
2460818.447222222,-5013.68813007047,-2049.8673705743877,-820.9800328650781
2460818.4479166665,-4828.069020659185,-2294.380281939122,-1201.3026172256702
2460818.448611111,-4604.000957278283,-2520.611677698817,-1572.0224564360094
2460818.449305556,-4343.290347477543,-2726.7687674688486,-1930.1835180946657
2460818.45,-4048.03492567322,-2911.2218367871715,-2272.9343109349816
2460818.4506944446,-3720.605727385589,-3072.516870371943,-2597.550669647347
2460818.451388889,-3363.6269434430383,-3209.3865771248197,-2901.457248762818
2460818.4520833334,-2979.9538943710795,-3320.7597586371294,-3182.2475625806264
2460818.452777778,-2572.6493836266673,-3405.7689837039484,-3437.7024280880737
2460818.453472222,-2144.958676529944,-3463.756560181693,-3665.806709155181
2460818.4541666666,-1700.2833527652876,-3494.2788115406656,-3864.7642807719185
2460818.454861111,-1242.1542664635626,-3497.1086827739655,-4033.0111596737133
2460818.4555555554,-774.2038347271757,-3472.236712242535,-4169.226768196867
2460818.45625,-300.1378532701911,-3419.8704140927516,-4272.343316967392
2460818.456944444,176.29297439991512,-3340.4321197636405,-4341.553301798972
2460818.457638889,651.3216302578527,-3234.5553279344654,-4376.315119556714
2460818.459027778,1582.1939837310194,-2947.044120380448,-4341.6779278567665
2460818.4597222223,2030.6781418305695,-2767.6797369728633,-4272.549556799342
2460818.4604166667,2463.096779751928,-2566.399894044086,-4169.512451601612
2460818.461111111,2876.024299352772,-2344.7901165483368,-4033.373316938385
2460818.4618055555,3266.1848930501224,-2104.5963065598894,-3865.1992075918147
2460818.4625,3630.478019911904,-1847.7118135710384,-3666.310044405103
2460818.4631944443,3966.002836468767,-1576.1633346281271,-3438.2692418871175
2460818.4638888887,4270.081401520427,-1292.0956964849272,-3182.8724494716816
2460818.464583333,4540.28045593523,-997.7555882924306,-2902.1344232256097
2460818.465277778,4774.431571360656,-695.4743270767277,-2598.2740603572042
2460818.4659722224,4970.649454357834,-387.6497562316306,-2273.6976497322007
2460818.466666667,5127.34818873151,-76.72740022960427,-1930.9804201611114
2460818.467361111,5243.255207380802,234.81898427442502,-1572.8464933164003
2460818.4680555556,5317.422796387838,544.5073023718955,-1202.147375982074
2460818.46875,5349.236951265983,849.8672758187707,-821.8391651004499
2460818.4694444444,5338.423437094077,1148.4606724073267,-434.95865352647223
2460818.470138889,5285.050933458382,1437.9014005312492,-44.59856373273241
2460818.470833333,5189.531186329346,1715.8752628819957,346.11785293339796
2460818.4715277776,5052.616131454917,1980.1591548132799,734.0625880962012
2460818.472222222,4875.391998321496,2228.639504442644,1116.1287550019476
2460818.472916667,4659.270450249439,2459.329755714978,1489.2562983669536
2460818.4736111113,4405.976860455313,2670.386713529124,1850.4572668200237
2460818.4743055557,4117.535862979769,2860.1255901027125,2196.840390880768
2460818.475,3796.2543577881743,3027.033610657892,2525.6347189663325
2460818.4756944445,3444.702174783871,3169.7820662841013,2834.2120927391584
2460818.476388889,3065.690627501614,3287.236724752473,3120.1082630358414
2460818.4770833333,2662.2492016029373,3378.466537275064,3381.042477324268
2460818.4777777777,2237.6006351668093,3442.7506031660214,3614.935396269156
2460818.478472222,1795.1346395612347,3479.5833790476768,3819.9252318156014
2460818.4791666665,1338.3805168223182,3488.678135331042,3994.382017721887
2460818.479861111,870.9789127894587,3469.9686812058044,4136.919953625899
2460818.480555556,396.6529276100062,3423.6093900866804,4246.4077842567995
2460818.48125,-80.82119747074937,3349.973565487839,4321.977187093819
2460818.4819444446,-557.6436266685446,3249.650192104738,4363.029158424702
2460818.482638889,-1030.020522773946,3123.4391189336297,4369.23839181093
2460818.4833333334,-1494.193515577451,2972.3447213538448,4340.555648620064
2460818.484027778,-1946.468883634776,2797.5680868638533,4277.208120573598
2460818.484722222,-2383.246282811568,2600.497770312333,4179.697783876668
2460818.4854166666,-2801.046860207061,2382.699163068474,4048.7977443038453
2460818.486111111,-3196.5405845488244,2145.902522640215,3885.546572420218
2460818.4868055554,-3566.5726129256864,1891.989715406118,3691.240631963749
2460818.4875,-3908.188507928692,1622.9797303280818,3467.4244091466
2460818.488194444,-4218.658103174761,1341.0130352695528,3215.8788628085986
2460818.488888889,-4495.497809025179,1048.3348598657615,2938.607829402748
2460818.4895833335,-4736.491144558542,747.2775036170235,2637.822534104177
2460818.490277778,-4939.70727505464,440.2417905450565,2315.924286514639
2460818.4909722223,-5103.517342528562,129.6778071872082,1975.4854626080048
2460818.4916666667,-5226.60838568334,-181.93492004538382,1619.2289027153818
2460818.492361111,-5307.994661462803,-492.10763098528497,1250.0058882346932
2460818.4930555555,-5347.026207945019,-798.3627339806869,870.7728825476859
2460818.49375,-5343.394517189688,-1098.2541997578192,484.5672538508272
2460818.4944444443,-5297.1352255507145,-1389.3877405516744,94.48221339731238
2460818.4951388887,-5208.6277692557815,-1669.440560216811,-296.3587731298215
2460818.495833333,-5078.591999144414,-1936.1804664176402,-684.8278341964389
2460818.496527778,-4908.081792391947,-2187.484146759977,-1067.8185324494655
2460818.4972222224,-4698.475745551255,-2421.3544185224605,-1442.2714212378382
2460818.497916667,-4451.465074514618,-2635.936284472616,-1805.1990572410734
2460818.498611111,-4169.0388857800535,-2829.531646681561,-2153.710219817439
2460818.4993055556,-3853.467013124083,-3000.6125569546107,-2485.0331111437
2460818.5006944444,-3133.2509771844952,-3270.038474262041,-3085.7544361094833
2460818.501388889,-2734.3661477429287,-3366.275327923075,-3350.3969887552907
2460818.502083333,-2313.806697441838,-3435.7964916358796,-3588.3758875682015
2460818.5027777776,-1874.9198148750143,-3478.0669470625066,-3797.8159814751366
2460818.503472222,-1421.1925965003536,-3492.7669468542367,-3977.069851992934
2460818.504166667,-956.2245543246272,-3479.793684812704,-4124.729739303987
2460818.5048611113,-483.69957186152345,-3439.261362660289,-4239.637591809643
2460818.5055555557,-7.357506093831856,-3371.4996998057322,-4320.893228858084
2460818.50625,469.0343981952921,-3277.0509348987434,-4367.860620817793
2460818.5069444445,941.7101217119582,-3156.665366936643,-4380.172291761265
2460818.507638889,1406.9333673328185,-3011.295481128597,-4357.731852310858
2460818.5083333333,1861.0258050802693,-2842.088700340753,-4300.714667668319
2460818.5090277777,2300.39493085998,-2650.3787997485065,-4209.566661722702
2460818.509722222,2721.561403371669,-2437.676019863637,-4085.001254361439
2460818.5104166665,3121.1857212948603,-2205.6559102728393,-3927.994424460346
2460818.511111111,3496.094085019962,-1956.1469416306102,-3739.777891337334
2460818.511805556,3843.303282501806,-1691.1169247235698,-3521.8304074898774
2460818.5125,4160.044416745053,-1412.6582883477388,-3275.8671644674905
2460818.5131944446,4443.785287908878,-1122.9722732572645,-3003.8273195783786
2460818.513888889,4692.251221046533,-824.3521212204981,-2707.859671792259
2460818.5145833334,4903.444127588166,-519.1653531491985,-2390.3065338310876
2460818.515277778,5075.659587379747,-209.8352455474863,-2053.685867049174
2460818.515972222,5207.501733742835,101.17835665471951,-1700.6717815030415
2460818.5166666666,5297.895741007408,411.39874174565136,-1334.0735240234849
2460818.517361111,5346.097726180772,718.3523729943931,-956.8131137942793
2460818.5180555554,5351.701903576572,1019.5890841088384,-571.9018099085667
2460818.51875,5314.644861432324,1312.7022282372784,-182.41562337522572
2460818.519444444,5235.206866685815,1595.3485725511855,208.52989109152855
2460818.520138889,5114.010145906859,1865.2677268958776,597.805309175881
2460818.5208333335,4952.014134981479,2120.3008983348473,982.2932113907711
2460818.521527778,4750.5077356649335,2358.4087709316864,1358.9139859758118
2460818.5222222223,4511.098663138737,2577.6883221928883,1724.6512876758165
2460818.5229166667,4235.70000807928,2776.388408608247,2076.5768927395216
2460818.523611111,3926.514180730939,2952.923967978685,2411.874694370313
2460818.5243055555,3586.0144298317437,3105.8887178988093,2727.8636143329622
2460818.525,3216.924160836118,3234.066249570688,3022.0192205443873
2460818.5256944443,2822.1942947978287,3336.4394449716197,3291.9938714699038
2460818.5263888887,2404.9789159367247,3412.198171381251,3535.6352392217696
2460818.527083333,1968.60946870536,3460.7452277909847,3751.0030853234703
2460818.527777778,1516.5677518757816,3481.700541645031,3936.3841988746176
2460818.5284722224,1052.4579564960382,3474.9036290691806,4090.3054264187285
2460818.529166667,579.9779782533819,3440.4143460893342,4211.544747481089
2460818.529861111,102.89022392788247,3378.5119677257485,4299.1403660501055
2460818.5305555556,-375.00789040395404,3289.6926373764964,4352.397803460645
2460818.53125,-849.9135589391041,3174.6652317359926,4370.894984500752
2460818.5319444444,-1318.0481462994956,3034.3456879342207,4354.485315112961
2460818.532638889,-1775.686524622764,2869.8498375890945,4303.298752144162
2460818.533333333,-2219.186023111972,2682.4847920928455,4217.740864622388
2460818.5340277776,-2645.014826707446,2473.73892321819,4098.489885896571
2460818.534722222,-3049.7796566324323,2245.2704844006553,3946.4917560345766
2460818.535416667,-3430.252559042743,1998.8949209416458,3762.953155204226
2460818.5361111113,-3783.396615423911,1736.5709250947446,3549.3325343166844
2460818.5368055557,-4106.390378850148,1460.3853012928655,3307.3291580370546
2460818.5375,-4396.650830718352,1172.5367187654751,3038.8701877104554
2460818.5381944445,-4651.85464310062,875.3184452153339,2746.095849993706
2460818.538888889,-4869.957527321552,571.1001742717572,2431.3427603805576
2460818.5395833333,-5049.211454563297,262.30907417681067,2097.125492005072
2460818.5402777777,-5188.179537137009,-48.58979058699897,1746.1165126423205
2460818.540972222,-5285.748377082853,-359.11349737102626,1381.1246394030609
2460818.542361111,-5353.907202619582,-969.1364197569324,620.971028994985
2460818.543055556,-5323.960290270425,-1263.7635108291045,231.89776436993415
2460818.54375,-5251.544997175794,-1548.311382678305,-159.0317013337964
2460818.5444444446,-5137.251705342602,-1820.5109731411649,-548.6879545428494
2460818.545138889,-4982.0078997295195,-2078.194247642651,-933.9539494278944
2460818.5458333334,-4787.069954980065,-2319.3118697910577,-1311.7506968333767
2460818.546527778,-4554.012075876362,-2541.9497468147206,-1679.0624982122888
2460818.547222222,-4284.7125383862385,-2744.344297389605,-2032.961476469552
2460818.5479166666,-3981.337420931333,-2924.8963035573383,-2370.631158676256
2460818.548611111,-3646.322035639309,-3082.1832441820425,-2689.3889042614283
2460818.5493055554,-3282.350293544256,-3214.970028256724,-2986.7069904452514
2460818.55,-2892.332253465588,-3322.218072791613,-3260.2321950507367
2460818.550694444,-2479.380102714345,-3403.0926976274354,-3507.803752865923
2460818.551388889,-2046.7828243990582,-3456.9688280296323,-3727.4695834438126
2460818.5520833335,-1597.9797936182797,-3483.435017313636,-3917.500720382478
2460818.552777778,-1136.5335313263336,-3482.295816019285,-4076.403895612021
2460818.5534722223,-666.1018320003215,-3453.572524556708,-4202.932250470436
2460818.5541666667,-190.40946366933326,-3397.50237400752,-4296.09416188069
2460818.554861111,286.78038616482377,-3314.536182355817,-4355.160184325629
2460818.5555555555,761.6947506260492,-3205.334534051702,-4379.668111234436
2460818.55625,1230.5794640635913,-3070.7625284488054,-4369.42616425624
2460818.5569444443,1689.7275454422083,-2911.88313839228,-4324.514316034078
2460818.5576388887,2135.5072460156202,-2729.9492182421964,-4245.283749063544
2460818.558333333,2564.3896324933653,-2526.394194741977,-4132.354448794451
2460818.559027778,2972.975563051308,-2302.82147513294,-3986.610925383412
2460818.5597222224,3358.0219104816065,-2060.992606012476,-3809.1960561451347
2460818.560416667,3716.466872623656,-1802.814220718156,-3601.50304136054
2460818.561111111,4045.454196493081,-1530.3238200786109,-3365.1654705718406
2460818.5618055556,4342.356127785199,-1245.674442378093,-3102.0455058403168
2460818.5625,4604.794884430905,-951.1182927849961,-2814.2202028900483
2460818.5631944444,4830.662445825844,-648.98941614843,-2503.966006632664
2460818.563888889,5018.138438240712,-341.6855215092054,-2173.741485612807
2460818.564583333,5165.7059034577305,-31.64908065188788,-1826.168390528069
2460818.5652777776,5272.164740514109,278.6521524680202,-1464.0111547174538
2460818.565972222,5336.6426267580255,586.7450369421397,-1090.1549829330036
2460818.566666667,5358.603246198857,890.1711739633878,-707.5827031803273
2460818.5673611113,5337.851681265366,1186.5070740338483,-319.3505850718146
2460818.5680555557,5274.5368600296515,1473.3841544747047,71.43664403699655
2460818.56875,5169.150990746057,1748.5083622094367,461.6513439979636
2460818.5694444445,5022.525959406345,2009.6792063620953,848.1687983936906
2460818.570138889,4835.826711322405,2254.8080000715267,1227.8930766864837
2460818.5708333333,4610.5416846031,2481.935115843994,1597.7826461157272
2460818.5715277777,4348.470404461997,2689.246079850784,1954.875470243764
2460818.572222222,4051.7083897923117,2875.0863459931566,2296.3133359353465
2460818.5729166665,3722.629557828558,3037.97461609462,2619.365171223019
2460818.573611111,3363.8663381815477,3176.614598872191,2921.4491412742905
2460818.574305556,2978.287733771477,3289.905123234683,3200.153329895399
2460818.575,2568.975575802214,3376.9485500845412,3453.25484749288
2460818.5756944446,2139.1992277141453,3437.057449644739,3678.7372332394507
2460818.576388889,1692.38899117182,3469.759533230124,3874.8060483239565
2460818.5770833334,1232.108464405205,3474.8008463629335,4039.9025816619355
2460818.577777778,762.0260868432338,3452.147245747334,4172.715615662622
2460818.578472222,285.88609424192765,3401.984192672353,4272.191216422075
2460818.5791666666,-192.52090906646345,3324.714902836961,4337.540528719772
2460818.579861111,-669.3875670561035,3220.956896556266,4368.245565992674
2460818.5805555554,-1140.9193999645588,3091.536994284619,4364.062992232161
2460818.58125,-1603.3642699964719,2937.4848031122388,4325.0258952451695
2460818.581944444,-2053.0415263850873,2760.024736612716,4251.443551473849
2460818.582638889,-2486.370660386399,2560.566613046205,4143.899181911282
2460818.584027778,-3290.3304410061864,2102.156471223261,3830.599437726291
2460818.5847222223,-3654.548518525872,1846.8474720179554,3627.3318957066817
2460818.5854166667,-3989.644484996455,1576.7984457792459,3395.059458533754
2460818.586111111,-4292.939331678048,1294.1587027509208,3135.631169205738
2460818.5868055555,-4562.006059278971,1001.179470914639,2851.114557929148
2460818.5875,-4794.6898049068695,700.1961169482718,2543.7796009950657
2460818.5881944443,-4989.125919739735,393.6095311844155,2216.080889112095
2460818.5888888887,-5143.755781204354,83.86682206687104,1870.6381198139138
2460818.589583333,-5257.340142294191,-226.55852412161502,1510.2150485181933
2460818.590277778,-5328.969833303088,-535.1868358986563,1137.6970714527984
2460818.5909722224,-5358.07366272173,-839.5526102307145,756.0676359718907
2460818.591666667,-5344.423395616158,-1137.2248267599084,368.38369610534664
2460818.592361111,-5288.135725525183,-1425.8270056857784,-22.249534965519487
2460818.5930555556,-5189.671200348896,-1703.0568064902939,-412.7042869715246
2460818.59375,-5049.830106366991,-1966.7049538498459,-799.8561119736461
2460818.5944444444,-4869.745361654401,-2214.6732953227247,-1180.6096713685558
2460818.595138889,-4650.872512584201,-2444.991808886323,-1551.9241635240753
2460818.595833333,-4394.976971358871,-2655.8343930546403,-1910.8381286593258
2460818.5965277776,-4104.118665908479,-2845.5333002304656,-2254.4933918376732
2460818.597222222,-3780.6343070171274,-3012.592094589919,-2580.157919734668
2460818.597916667,-3427.117498467626,-3155.6970448818042,-2885.247396892082
2460818.5986111113,-3046.3969338536785,-3273.7268870808575,-3167.3453524502424
2460818.5993055557,-2641.512932183856,-3365.760917735665,-3424.2216987907223
2460818.6,-2215.6925621563346,-3431.0854027689916,-3653.8495751852824
2460818.6006944445,-1772.3236042753872,-3469.1983049489695,-3854.420413838515
2460818.601388889,-1314.9275841381743,-3479.812351132085,-4024.3571745574795
2460818.6020833333,-847.1321016020476,-3462.8564720237105,-4162.325712679343
2460818.6027777777,-372.6426523214448,-3418.475656185318,-4267.244266569377
2460818.603472222,104.78586594313612,-3347.029263921509,-4338.291057810116
2460818.6041666665,581.377798807148,-3249.087848450864,-4374.910009652189
2460818.604861111,1053.3653783016043,-3125.428529885036,-4376.814590126957
2460818.605555556,1517.017219836014,-2977.0289650649484,-4343.989786619226
2460818.60625,1968.666540909405,-2805.0599512279055,-4276.692215909231
2460818.6069444446,2404.7389631683386,-2610.876700170232,-4175.448369651207
2460818.607638889,2821.779767385163,-2396.0088136998434,-4041.050990185666
2460818.6083333334,3216.480450397799,-2162.148995697491,-3874.5535702309407
2460818.609027778,3585.704434439325,-1911.1405338023142,-3677.2629674658733
2460818.609722222,3926.5117570514735,-1644.9635930302852,-3450.7301294935664
2460818.6104166666,4236.182556938323,-1365.7203735271037,-3196.7389333060164
2460818.611111111,4512.239163867512,-1075.6191920945378,-2917.2931508553397
2460818.6118055554,4752.466578828941,-776.957570943508,-2614.6015759980814
2460818.6125,4954.931133026559,-472.10442800855236,-2291.061363372293
2460818.613194444,5117.997107011967,-163.48148681100017,-1949.2396581400012
2460818.613888889,5240.341096786222,146.45595529250835,-1591.853624561006
2460818.6145833335,5320.963927906752,455.238746551561,-1221.7490057445395
2460818.615277778,5359.199933966107,760.4039086805213,-841.8773847727178
2460818.6159722223,5354.723446013409,1059.514787224231,-455.27233604358196
2460818.6166666667,5307.552369342689,1350.1811189489351,-65.02469078520946
2460818.617361111,5218.04876508627,1630.078808041425,325.7428421123726
2460818.6180555555,5086.916395364007,1896.9692026561613,713.9014446731635
2460818.61875,4915.195236358237,2148.717662643043,1096.3420762796957
2460818.6194444443,4704.2530097188155,2383.3112213495183,1470.00120633928
2460818.6201388887,4455.773826866277,2598.875158008508,1831.8861239409935
2460818.620833333,4171.7440822844865,2793.688315420059,2179.099564360785
2460818.621527778,3854.435769227175,2966.1970194473733,2508.8634074147844
2460818.6222222224,3506.387421993959,3115.0274818161033,2818.541224069685
2460818.622916667,3130.3829124228505,3238.9965936433637,3105.659472974708
2460818.623611111,2729.4283438794173,3337.1210429554253,3367.927176421889
2460818.6243055556,2306.7272991012865,3408.6247130918937,3603.253931373399
2460818.6256944444,1409.7294817780344,3469.7334545759027,3985.821409508035
2460818.626388889,942.5864764593114,3458.864545384452,4130.020945157856
2460818.627083333,467.9474721941219,3420.4296057350457,4241.220088735174
2460818.6277777776,-10.408071602808198,3354.7389665605538,4318.536782850429
2460818.628472222,-488.672623570233,3262.318537866342,4361.3580674979385
2460818.629166667,-963.0402440479828,3143.905476765688,4369.344561825147
2460818.6298611113,-1429.736158742612,3000.4423291696817,4342.432937939566
2460818.6305555557,-1885.0460689886293,2833.0696897095827,4280.8363857656495
2460818.63125,-2325.3450409354155,2643.117421259065,4185.043068935862
2460818.6319444445,-2747.125805132358,2432.0944778946196,4055.812570969412
2460818.632638889,-3147.026300488285,2201.6773744435714,3894.1703307776315
2460818.6333333333,-3521.8562814368333,1953.6973525762437,3701.400070112967
2460818.6340277777,-3868.6227997431747,1690.1263000460333,3479.0342217445314
2460818.634722222,-4184.55436375971,1413.0614880084188,3228.8423752043554
2460818.6354166665,-4467.123562072576,1124.7092086924674,2952.8177743226342
2460818.636111111,-4714.0679358404295,827.3674095127478,2653.1619181494693
2460818.636805556,-4923.408879261215,523.4074399970999,2332.2673418413588
2460818.6375,-5093.468355185861,215.25504111018898,1992.6986741004835
2460818.6381944446,-5222.8832139179385,-94.62926348280448,1637.1721069906948
2460818.638888889,-5310.6169292872,-403.77020766866247,1268.5334319406752
2460818.6395833334,-5355.9685843453535,-709.6980653250477,889.7348312184052
2460818.640277778,-5358.578972179102,-1009.9689749035952,503.8106389957409
2460818.640972222,-5318.433713996033,-1302.185101070366,113.8523047159224
2460818.6416666666,-5235.86333773946,-1584.014417039598,-277.0171804338952
2460818.642361111,-5111.540304646385,-1853.2099059011616,-665.6691373986184
2460818.6430555554,-4946.473018891966,-2107.6279702467627,-1048.9950494486295
2460818.64375,-4741.996896968493,-2345.2458694187007,-1423.932149372515
2460818.644444444,-4499.762621076865,-2564.1780054308506,-1787.4884704484377
2460818.645138889,-4221.721734615628,-2762.6909112968706,-2136.767118503129
2460818.6458333335,-3910.109773114687,-2939.21681329614,-2468.9895331375583
2460818.646527778,-3567.42715102506,-3092.365665639944,-2781.5175315481397
2460818.6472222223,-3196.4180422729864,-3220.935583646867,-3071.8739578887094
2460818.6479166667,-2800.047500415696,-3323.9216275070357,-3337.761791831958
2460818.648611111,-2381.4770768272024,-3400.5229093946646,-3577.0815924952117
2460818.6493055555,-1944.039179951962,-3450.148022592711,-3787.9471926620035
2460818.65,-1491.210422896344,-3472.418805148449,-3968.699575045248
2460818.6506944443,-1026.5841764838394,-3467.1724676392655,-4117.918894906217
2460818.6513888887,-553.8425460861159,-3434.4621216715936,-4234.434622489606
2460818.652083333,-76.72796157730569,-3374.555754134649,-4317.333799724124
2460818.652777778,400.9854515024434,-3287.9336926639626,-4365.96741363649
2460818.6534722224,875.5205517287459,-3175.2846087566086,-4379.954890460143
2460818.654166667,1343.125773767527,-3037.5001013810597,-4359.186719549086
2460818.654861111,1800.103493008501,-2875.6679005671817,-4303.825211493097
2460818.6555555556,2242.8380285370517,-2691.0637269461836,-4214.303391831939
2460818.65625,2667.8231502035915,-2485.1418398454143,-4091.322027215204
2460818.6569444444,3071.6889470782635,-2259.5243064090205,-3935.8447776393605
2460818.657638889,3451.2279074223948,-2015.9890246749965,-3749.0914664958577
2460818.658333333,3803.4200464041965,-1756.4565381437262,-3532.529461488208
2460818.6590277776,4125.456900621558,-1482.9756895325543,-3287.863167027176
2460818.659722222,4414.764198770639,-1197.708170514937,-3017.0216375396835
2460818.660416667,4669.023003178572,-902.9120399952506,-2722.1443369814892
2460818.6611111113,4886.189108496207,-600.9243004479324,-2405.5650893790475
2460818.6618055557,5064.510478536703,-294.14264313091553,-2069.7942913222737
2460818.6625,5202.542508250732,14.993512087003428,-1717.4994789225173
2460818.6631944445,5299.160900778225,324.02252725267914,-1351.4843806806023
2460818.663888889,5353.571973306741,630.4804447602669,-974.6666052752587
2460818.6645833333,5365.32022326501,931.9210853893072,-590.0541524176623
2460818.6652777777,5334.29302041797,1225.9361479260467,-200.7209586218676
2460818.665972222,5260.722326710164,1510.1751060168526,190.21829025941724
2460818.667361111,4988.590373910788,2040.3277478025213,964.4066709261414
2460818.668055556,4792.1890337752175,2282.001275162128,1341.4544688123974
2460818.66875,4557.546390054662,2505.453438878371,1707.7569622249714
2460818.6694444446,4286.537647554773,2708.8994077651764,2060.3808932223055
2460818.670138889,3981.330444620511,2890.715846550007,2396.5040516347603
2460818.6708333334,3644.3666519447597,3049.4539416851662,2713.438247091369
2460818.671527778,3278.341936906063,3183.850857208828,3008.650996797256
2460818.672222222,2886.183331025492,3292.8395440559675,3279.7857491103928
2460818.6729166666,2471.0250544169926,3375.556849798511,3524.680487990527
2460818.673611111,2036.182850501462,3431.3499017301765,3741.3845972025115
2460818.6743055554,1585.1270822966267,3459.7807557044907,3928.173889309903
2460818.675,1121.454838182574,3460.629320066772,4083.563727903567
2460818.675694444,648.8612789232951,3433.8945788178244,4206.320196461008
2460818.676388889,171.1104433048668,3379.794147332248,4295.469284330028
2460818.6770833335,-307.99428409246684,3298.7621999597854,4350.304073045549
2460818.677777778,-784.6398510504571,3191.44581281708,4370.389915394117
2460818.6784722223,-1255.0331892968186,3058.699764979982,4355.567606024127
2460818.6791666667,-1715.4306691016934,2901.5798411718156,4305.954542856665
2460818.679861111,-2162.167192465387,2721.334678454135,4221.943879580263
2460818.6805555555,-2591.684764201298,2519.3961976427872,4104.201668211412
2460818.68125,-3000.5603697276742,2297.368663466178,3953.66199125675
2460818.6819444443,-3385.532986468841,2057.016419149045,3771.520084417885
2460818.6826388887,-3743.5295448257816,1800.2503467817671,3559.2234545073793
2460818.683333333,-4071.6896371923867,1529.1131185825095,3318.4610093613323
2460818.684027778,-4367.388774857646,1245.7633090885247,3051.1502237094724
2460818.6847222224,-4628.259970656749,952.4584629283138,2759.422389848043
2460818.685416667,-4852.213433223587,651.5372211884387,2445.6060159159592
2460818.686111111,-5037.454150105641,345.40063599261424,2112.208466467527
2460818.6868055556,-5182.497149624491,36.49281818241292,1761.8959643026967
2460818.6875,-5286.180244700427,-272.7189188943762,1397.4721004933565
2460818.6881944444,-5347.67408137636,-579.7642359230994,1021.8550325788025
2460818.688888889,-5366.489345822325,-882.1900708596595,638.0535740582787
2460818.689583333,-5342.481017059865,-1177.5808637914397,249.14240391769016
2460818.6902777776,-5275.849593135938,-1463.5784914468059,-141.76335304202053
2460818.690972222,-5167.139261787376,-1737.9017043999054,-531.5339167266086
2460818.691666667,-5017.233033144725,-1998.3648570252237,-917.0507357181483
2460818.6923611113,-4827.344896039728,-2242.895740682152,-1295.2321991434783
2460818.6930555557,-4599.009105994813,-2469.5523368035865,-1663.0589034594557
2460818.69375,-4334.066748571933,-2676.5383351551095,-2017.598226081676
2460818.6944444445,-4034.6497643316766,-2862.217275741788,-2356.0279605175874
2460818.695138889,-3703.1626407997383,-3025.1252086409954,-2675.6588072142513
2460818.6958333333,-3342.2620080600955,-3163.98178284587,-2973.9555254724087
2460818.6965277777,-2954.834380571448,-3277.699707883685,-3248.556591832178
2460818.697222222,-2543.972299454196,-3365.3925528094055,-3497.292233372803
2460818.6979166665,-2112.949125287924,-3426.380871421457,-3718.200737231771
2460818.698611111,-1665.1927250579847,-3460.1966608686494,-3909.542963720181
2460818.699305556,-1204.2582868252628,-3466.5861761380547,-4069.8150139338563
2460818.7,-733.8004765720394,-3445.5111349210392,-4197.759025040575
2460818.7006944446,-257.54513275883653,-3397.1483538064044,-4292.372081437524
2460818.701388889,220.73931349033577,-3321.887861157916,-4352.913238535659
2460818.7020833334,697.2705379101927,-3220.329531933169,-4378.9086669860135
2460818.702777778,1168.2809864805504,-3093.278288211804,-4370.154922915924
2460818.703472222,1630.0463646075057,-2941.7379057534245,-4326.720351073635
2460818.7041666666,2078.913818788018,-2766.9034624491874,-4248.944623402861
2460818.704861111,2511.329674433882,-2570.1524621783024,-4137.436411300747
2460818.7055555554,2923.8665901183545,-2353.034666168138,-3993.0691866428565
2460818.70625,3313.2499852753594,-2117.2606615746085,-3816.975142387361
2460818.706944444,3676.383576148726,-1864.6892049845392,-3610.537226544947
2460818.707638889,4010.373848621679,-1597.3133824774773,-3375.379286512581
2460818.709027778,4580.502116350332,-1026.701732764615,-2826.530910899037
2460818.7097222223,4812.068461757239,-727.983734186534,-2517.17771584733
2460818.7104166667,5005.386517951249,-423.46210799172275,-2187.746348074024
2460818.711111111,5158.89270163933,-115.55706056381071,-1840.8524568656592
2460818.7118055555,5271.339458784964,193.28073855955716,-1479.255294796125
2460818.7125,5341.806571170459,500.58989309668993,-1105.8358544025468
2460818.7131944443,5369.709778164035,803.9182929010925,-723.5737620715173
2460818.7138888887,5354.806567655775,1100.8432123849507,-335.52312918096914
2460818.714583333,5297.199022970575,1388.991291268897,55.21241306032244
2460818.715277778,5197.333652962,1666.0581865363652,445.5052454613296
2460818.7159722224,5055.9981765155035,1929.8276870720845,832.2295988880694
2460818.716666667,4874.315277429136,2178.1900864113773,1212.28742850521
2460818.717361111,4653.733393262279,2409.159616778116,1582.6340486214865
2460818.7180555556,4396.014642814596,2620.8907678905102,1940.3032650677997
2460818.71875,4103.220040515309,2811.6933278121014,2282.4317453489593
2460818.7194444444,3777.692179052524,2980.046009692328,2606.2823899240184
2460818.720138889,3422.035591094643,3124.6085514799483,2909.2664880668567
2460818.720833333,3039.0950247232017,3244.232200955785,3188.964466384462
2460818.7215277776,2631.9318779726805,3337.968525765939,3443.145069799343
2460818.722222222,2203.799047914619,3405.076510492293,3669.7828405158402
2460818.722916667,1758.1144476221152,3445.027925553621,3867.0737908395645
2460818.7236111113,1298.4334416799716,3457.5109709007597,4033.449190481876
2460818.7243055557,828.420433366016,3442.432213260226,4167.587415586616
2460818.725,351.81983238383606,3399.9168458690156,4268.423821735041
2460818.7256944445,-127.57339299840817,3330.3073077868407,4335.158622289813
2460818.726388889,-605.9433803179619,3234.160304152327,4367.262760785842
2460818.7270833333,-1079.4830795580795,3112.242269308479,4364.481775031796
2460818.7277777777,-1544.4238222625927,2965.5233168750715,4326.837651495041
2460818.728472222,-1997.0645977379584,2795.1697165784335,4254.6286708393
2460818.7291666665,-2433.8008656009224,2602.5349403878895,4148.427243765707
2460818.729861111,-2851.152743835255,2389.1493178901546,4009.0757359404424
2460818.730555556,-3245.7923951375346,2156.708346704093,3837.6802828690847
2460818.73125,-3614.5704340729035,1907.0597052490186,3635.602597436665
2460818.7319444446,-3954.5411591984084,1642.1890265386155,3404.449781644629
2460818.732638889,-4262.986407142563,1364.204501582008,3146.0621648432652
2460818.7333333334,-4537.43781565533,1075.320395397325,2862.4992065478905
2460818.734027778,-4775.697275845901,777.8395761371959,2556.0235227956614
2460818.734722222,-4975.85535287342,474.135176754019,2229.0831195989963
2460818.7354166666,-5136.3074610444455,166.63152542281875,1884.2919413244392
2460818.736111111,-5255.767587483835,-142.21549568411947,1524.4088749296093
2460818.7368055554,-5333.279380738651,-449.93848967573365,1152.3153764178162
2460818.7375,-5368.224445313979,-754.0787927352549,770.9919143884822
2460818.738194444,-5360.327715586159,-1052.206726519904,383.4934544957677
2460818.738888889,-5309.659822420288,-1341.9416487001279,-7.075775380313265
2460818.7395833335,-5216.636406527585,-1620.9715913829825,-397.58798159704037
2460818.740277778,-5082.0143796016355,-1887.0722756925516,-784.9176882504461
2460818.7409722223,-4906.885178354632,-2138.1253091283106,-1165.9675425979995
2460818.7416666667,-4692.665103138656,-2372.135376020868,-1537.693766937647
2460818.742361111,-4441.082872793772,-2587.2462565730366,-1897.131000857564
2460818.7430555555,-4154.1645667910225,-2781.7555273763573,-2241.416287205063
2460818.74375,-3834.2161537863085,-2954.1278244655655,-2567.811982122769
2460818.7444444443,-3483.803833074384,-3103.0065724678707,-2873.727389403237
2460818.7451388887,-3105.7324304324525,-3227.2241116658056,-3156.7389508820606
2460818.745833333,-2703.0220983653558,-3325.810179668572,-3414.608853903624
2460818.746527778,-2278.8835742944766,-3397.9987269455037,-3645.301945024467
2460818.7472222224,-1836.692240736804,-3443.233066915735,-3847.000870150129
2460818.747916667,-1379.9612299023981,-3461.169376324907,-4018.119381677293
2460818.748611111,-912.3137859599507,-3451.6785767390293,-4157.313782613614
2460818.7493055556,-437.4550990158401,-3414.8466345018974,-4263.492486300984
2460818.7506944444,518.8367814772487,-3260.5694929301408,-4373.7411690178
2460818.751388889,992.7072297862827,-3144.352890956397,-4376.948184314317
2460818.752083333,1458.7207384509506,-3003.2425733735317,-4345.419534610871
2460818.7527777776,1913.1913963825198,-2838.351946154587,-4279.401732957106
2460818.753472222,2352.522145122549,-2650.9804680268735,-4179.4113220584295
2460818.754166667,2773.2321974158963,-2442.6040470803982,-4046.2313193392315
2460818.7548611113,3171.9837843328874,-2214.864161397612,-3880.905784964681
2460818.7555555557,3545.60807562959,-1969.5557365106197,-3684.732504500204
2460818.75625,3891.1301016860543,-1708.6138201577485,-3459.253782608216
2460818.7569444445,4205.79249918018,-1434.0990984572043,-3206.245347145249
2460818.757638889,4487.077875995923,-1148.182318441789,-2927.703381704061
2460818.7583333333,4732.729592013701,-853.1276891136862,-2625.829714787366
2460818.7590277777,4940.77073728264,-551.2753556322224,-2303.0152184095086
2460818.759722222,5109.521088093083,-245.02306076797092,-1961.8214942117172
2460818.7604166665,5237.611826714573,63.192873045964866,-1604.9609519958328
2460818.761111111,5323.997821098362,370.917086850894,-1235.2754160832471
2460818.761805556,5367.967280344705,675.6950843895565,-855.7134204293458
2460818.7625,5369.148625026389,975.0932926073621,-469.30639398157473
2460818.7631944446,5327.514448711994,1266.7190917284397,-79.14394553552843
2460818.763888889,5243.382480607478,1548.240602711278,311.6515056540925
2460818.7645833334,5117.413505189388,1817.4060210434584,699.9504941616125
2460818.765277778,4950.606238259324,2072.06229297932,1082.642403580244
2460818.765972222,4744.2892051194785,2310.172933199008,1456.661217433074
2460818.7666666666,4500.109712121718,2529.8347980374415,1819.0108554663732
2460818.767361111,4220.020043278473,2729.29364759437,2166.7898364790917
2460818.7680555554,3906.2610532598687,2906.9583488579374,2497.2150201309914
2460818.76875,3561.3433573569873,3061.4135986203883,2807.644204911041
2460818.769444444,3188.0263434182903,3191.431069326579,3095.597382838346
2460818.770138889,2789.2952515014376,3295.978905407447,3358.776476295744
2460818.7708333335,2368.3365712786563,3374.2295250159023,3595.0834164135135
2460818.771527778,1928.5120134794608,3425.5657026997947,3802.6364473449376
2460818.7722222223,1473.3313042994143,3449.5849293612523,3979.784570384837
2460818.7729166667,1006.4240490109894,3446.1020614380923,4125.120063399748
2460818.773611111,531.5108872097647,3415.15028494493,4237.489036850917
2460818.7743055555,52.37415934777684,3356.9804275349256,4315.999998765986
2460818.775,-427.17171753197914,3272.0586582883034,4360.030416762222
2460818.7756944443,-903.3099841931694,3161.062615933779,4369.2312722159495
2460818.7763888887,-1372.2512006585648,3024.876008835589,4343.529604302516
2460818.777083333,-1830.2626784246556,2864.581726103938,4283.129044943773
2460818.777777778,-2273.697509769102,2681.4535024629367,4188.5083441439165
2460818.7784722224,-2699.023037127352,2476.9461753490764,4060.4178849136297
2460818.779166667,-3102.8485901383992,2252.684576328278,3899.8741865448264
2460818.779861111,-3481.9523075586253,2010.4511054214636,3708.1524000008903
2460818.7805555556,-3833.306862663775,1752.1720376062847,3486.7768006124415
2460818.78125,-4154.1038828277115,1479.9026299890747,3237.509299421759
2460818.7819444444,-4441.7768592117145,1195.8111029857953,2962.3360028542115
2460818.782638889,-4694.022325482909,902.1615901410009,2663.4518729426236
2460818.783333333,-4908.819083936354,601.2961687501115,2343.243563312616
2460818.7840277776,-5084.445262530298,295.6160994343601,2004.2705288813584
2460818.784722222,-5219.492990906065,-12.437572468656441,1649.2445409367942
2460818.785416667,-5312.880504530306,-320.4038883546538,1281.0077622989852
2460818.7861111113,-5363.8615060807515,-625.8221342841659,902.5095707946515
2460818.7868055557,-5372.031645729094,-926.2520871984659,516.7823448350665
2460818.7875,-5337.332018445662,-1219.2941471900683,126.91644147164348
2460818.7881944445,-5260.049616741769,-1502.6091383014668,-263.96537032470775
2460818.788888889,-5140.814722417338,-1773.9375771284888,-652.733765999066
2460818.7895833333,-4980.595267538889,-2031.1181981490765,-1036.278728077423
2460818.7902777777,-4780.688238266746,-2272.1055516511537,-1411.5351529247976
2460818.790972222,-4542.708240312252,-2494.986495866369,-1775.5079322648926
2460818.792361111,-3960.4886711397817,-2879.5281433152227,-2458.1169425837784
2460818.793055556,-3620.9271249067087,-3038.154159088744,-2771.326480662393
2460818.79375,-3252.6088598863926,-3172.6275213849935,-3062.441785304649
2460818.7944444446,-2858.4783778992396,-3281.895945527898,-3329.1593383707423
2460818.795138889,-2441.680324956794,-3365.1083169717763,-3569.372697582669
2460818.7958333334,-2005.533955234203,-3421.6205291499746,-3781.1882551103304
2460818.796527778,-1553.5065554068435,-3450.9996675920083,-3962.939177028927
2460818.797222222,-1089.1860441479744,-3453.0265678462747,-4113.197490015494
2460818.7979166666,-616.2529680424246,-3427.696780427948,-4230.784287444963
2460818.798611111,-138.4520784667541,-3375.2199847607303,-4314.778050443644
2460818.7993055554,340.4363300311885,-3296.017895544019,-4364.52108296428
2460818.8,816.6251613954114,-3190.7207056337393,-4379.624067974645
2460818.800694444,1286.3491950284388,-3060.1621064139845,-4359.968752214391
2460818.801388889,1745.893558473476,-2905.3729234529997,-4305.708764364924
2460818.8020833335,2191.621860945634,-2727.573401744198,-4217.26856824982
2460818.802777778,2620.0038527245533,-2528.1641716308977,-4095.3405482589483
2460818.8034722223,3027.6424699072963,-2308.715924818465,-3940.8802200461637
2460818.8041666667,3411.300111933268,-2070.9578319714574,-3755.0995583218273
2460818.804861111,3767.9239858878186,-1816.7647388174262,-3539.458436366281
2460818.8055555555,4094.6703425304077,-1548.1431822866775,-3295.6541751820178
2460818.80625,4388.927409446216,-1267.2162816704995,-3025.609211741708
2460818.8069444443,4648.336813288279,-976.207576221083,-2731.4569132349
2460818.8076388887,4870.813280231526,-677.4238922334896,-2415.5255788223326
2460818.808333333,5054.562392096526,-373.23734790556506,-2080.320699803897
2460818.809027778,5198.0961821426745,-66.06662046254763,-1728.505572478486
2460818.8097222224,5300.246361424805,241.64237892287267,-1362.8803875567537
2460818.810416667,5360.174981737402,547.4362550754248,-986.3599530425422
2460818.811111111,5377.382366907663,848.8741226220031,-601.9502331895235
2460818.8118055556,5351.712173131728,1143.5476510411825,-212.72391012056164
2460818.8125,5283.353474959193,1429.1009490895033,178.20478935235516
2460818.8131944444,5172.839816673546,1703.2500854771615,567.7057570378782
2460818.813888889,5021.045212027147,1963.8020331594716,952.6588863993911
2460818.814583333,4829.177121188949,2208.6728367952146,1329.9799061845156
2460818.8152777776,4598.766479958283,2435.904810769246,1696.6458910251863
2460818.815972222,4331.65489967023,2643.6825929509305,2049.720184452549
2460818.816666667,4029.9791939996726,2830.347900329245,2386.3764847049556
2460818.8173611113,3696.153423805496,2994.4128540593465,2703.9218600383188
2460818.8180555557,3332.848679393162,3134.5717667388703,2999.818483815277
2460818.81875,2942.970834688438,3249.711312526374,3271.703910675964
2460818.8194444445,2529.6365277987284,3338.9190221004524,3517.4097365010903
2460818.820138889,2096.147617671218,3401.490072037208,3734.9785222277874
2460818.8208333333,1645.9643750194698,3436.9323555300175,3922.6788817077763
2460818.8215277777,1182.6776471546868,3444.969841773187,4079.0186664795106
2460818.822222222,709.9802364937046,3425.544243150059,4202.756196066492
2460818.8229166665,231.63770614277993,3378.8150208871134,4292.909506096189
2460818.823611111,-248.5411766112426,3305.1577658201736,4348.7635954535235
2460818.824305556,-726.7341750631248,3205.160994305021,4369.87566678473
2460818.825,-1199.1353144074913,3079.621400540214,4356.078356998362
2460818.8256944446,-1661.9844410080934,2929.5376063860176,4307.480958203147
2460818.826388889,-2111.596447712025,2756.1024478349927,4224.46862893391
2460818.8270833334,-2544.3899970399953,2560.693838805948,4107.699595267556
2460818.827777778,-2956.91558034945,2344.8642503837536,3958.1003398981406
2460818.828472222,-3345.882728952299,2110.328852581527,3776.858781748022
2460818.8291666666,-3708.186199358751,1858.9523649793923,3565.415449755907
2460818.829861111,-4040.9309296374995,1592.7346780437497,3325.4526667344658
2460818.8305555554,-4341.455563360231,1313.7953138550884,3058.8817683512975
2460818.83125,-4607.354321001321,1024.3568151956529,2767.828403687987
2460818.831944444,-4836.49700035443,726.7271649328943,2454.6159816511627
2460818.832638889,-5027.046884209742,423.2813587750371,2121.7473543102487
2460818.834027778,-5286.579912119774,-191.33899273770223,1407.828860649227
2460818.8347222223,-5353.484731431597,-497.60318419886096,1032.4949810285261
2460818.8354166667,-5377.658082031488,-799.9030676704213,648.8902064655421
2460818.836111111,-5358.912018849391,-1095.8236213414182,260.0881140196552
2460818.8368055555,-5297.404953543216,-1383.0019661247375,-130.79654334077685
2460818.8375,-5193.64017796414,-1659.1468468509254,-520.6336254366277
2460818.8381944443,-5048.461337368126,-1922.0574574575749,-906.303500179979
2460818.8388888887,-4863.04491262634,-2169.6414115967086,-1284.7227692179006
2460818.839583333,-4638.889813629723,-2399.9316799917488,-1652.8695599102325
2460818.840277778,-4377.804227379393,-2611.1023315890307,-2007.8081269076256
2460818.8409722224,-4081.8899009046327,-2801.4829384424593,-2346.7125244599188
2460818.841666667,-3753.52406547825,-2969.571531369565,-2666.889137189205
2460818.842361111,-3395.339234476449,-3114.0460159157155,-2965.797877813979
2460818.8430555556,-3010.2011192056098,-3233.773986618618,-3241.071893296825
2460818.84375,-2601.184913065432,-3327.8209016271485,-3490.535650131896
2460818.8444444444,-2171.550197382539,-3395.4566010078242,-3712.221296296701
2460818.845138889,-1724.7147124583412,-3436.160172864376,-3904.383227687875
2460818.845833333,-1264.2272250308108,-3449.6231864570173,-4065.5108106329108
2460818.8465277776,-793.7397111489576,-3435.751322804973,-4194.339230997776
2460818.847222222,-316.9790517672211,-3394.6644415020487,-4289.858458292933
2460818.847916667,162.28157341805243,-3326.6951265413904,-4351.320322497831
2460818.8486111113,640.2514365986203,-3232.385753975557,-4378.243710388051
2460818.8493055557,1113.151000379553,-3112.4841229715303,-4370.41788681035
2460818.85,1577.240502783149,-2967.937689468423,-4327.903947948776
2460818.8506944445,2028.8482577004852,-2799.886436256697,-4251.034409697719
2460818.851388889,2464.3985337119425,-2609.6544110272266,-4140.410929192391
2460818.8520833333,2880.4388716708663,-2398.7399621463414,-3996.9001542142355
2460818.8527777777,3273.666694637661,-2168.80470138113,-3821.627692243896
2460818.853472222,3640.955048103678,-1921.66122773829,-3615.9701924422375
2460818.8541666665,3979.377299169208,-1659.259650754904,-3381.545536514618
2460818.854861111,4286.230604619029,-1383.672963476934,-3120.201144282779
2460818.855555556,4559.057945583882,-1097.0813285668478,-2834.0004134944215
2460818.85625,4795.668517167456,-801.7553560769069,-2525.207330513798
2460818.8569444446,4994.15625349931,-500.0384711546035,-2196.269312091774
2460818.857638889,5152.9162688966135,-194.32848929367282,-1849.7983639017605
2460818.8583333334,5270.659001118099,112.94146126460635,-1488.550671909007
2460818.859027778,5346.421858419438,419.3225156555735,-1115.4047666841152
2460818.859722222,5379.578188574106,722.3699651357342,-733.3384415157226
2460818.8604166666,5369.843421530392,1019.6632814054914,-345.404619473024
2460818.861111111,5317.278267491503,1308.8260679509845,45.293601079321206
2460818.8618055554,5222.288894357483,1587.5457289436174,435.6284738529958
2460818.8625,5085.624051301546,1853.5926489330643,822.4734466390138
2460818.863194444,4908.369151342324,2104.8386754526323,1202.7290440489264
2460818.863888889,4691.937370864069,2339.274710506315,1573.3485210294682
2460818.8645833335,4438.057869351513,2555.0272280596196,1931.3630174115044
2460818.865277778,4148.761273366014,2750.373554993408,2273.905957208262
2460818.8659722223,3826.362603792152,2923.7557754154486,2598.2364542857445
2460818.8666666667,3473.441854435213,3073.793142176425,2901.7615077721666
2460818.867361111,3092.8224557244716,3199.292903453653,3182.0567935554404
2460818.8680555555,2687.547868845433,3299.2594800806114,3436.8858906142473
2460818.86875,2260.856562765087,3372.9019524486293,3664.217808826839
2460818.8694444443,1816.1556299500567,3419.6398368407254,3862.242711418754
2460818.8701388887,1356.9932886645536,3439.107150895347,4029.385753753448
2460818.870833333,887.0305111150876,3431.154782834399,4164.318982690258
2460818.871527778,410.0119998815996,3395.8511907310544,4265.97126148017
2460818.8722222224,-70.26327564077206,3333.481465530263,4333.536198531914
2460818.872916667,-549.9717887604648,3244.544796350959,4366.478070359903
2460818.873611111,-1025.2952290217843,3129.750378299304,4364.535735070938
2460818.8743055556,-1492.4501678316246,2990.011803098958,4327.724535903334
2460818.8756944444,-2387.471155581373,2640.334567874666,4150.93669601382
2460818.876388889,-2808.206936326133,2433.1741325025146,4012.3621578930415
2460818.877083333,-3206.569606380591,2206.604777738331,3841.7126937350154
2460818.8777777776,-3579.379749548584,1962.4275907894887,3640.3442646349604
2460818.878472222,-3923.6591829750146,1702.584780277419,3409.8585358424525
2460818.879166667,-4236.6550635781405,1429.144630006265,3152.090757119295
2460818.8798611113,-4515.862421005873,1144.2853423656313,2869.0957069584556
2460818.8805555557,-4759.044898925036,850.2778666888112,2563.1317577317886
2460818.88125,-4964.253482073582,549.4678277832079,2236.643143721029
2460818.8819444445,-5129.842989899598,244.2566913933741,1892.240543368674
2460818.882638889,-5254.486132864541,-62.917682685442166,1532.6801101047142
2460818.8833333333,-5337.184940946136,-369.600924371623,1160.8411224425872
2460818.8840277777,-5377.279403765193,-673.3422883401834,779.7024462817769
2460818.884722222,-5374.453192192913,-971.7148399398727,392.3180306978258
2460818.8854166665,-5328.736370033279,-1262.3354846986447,1.7916790718621478
2460818.886111111,-5240.505046953995,-1542.8846305504812,-388.7486451726899
2460818.886805556,-5110.477968654566,-1811.125276419737,-776.1767112245702
2460818.8875,-4939.710086866453,-2064.9213253287776,-1157.3938366352083
2460818.8881944446,-4729.583196294343,-2302.254936507304,-1529.3543583042838
2460818.888888889,-4481.793767990714,-2521.242746483913,-1889.0904977924254
2460818.8895833334,-4198.338145984147,-2720.1508111995495,-2233.7363769339154
2460818.890277778,-3881.4953070135184,-2897.4081442021493,-2560.5509591330415
2460818.890972222,-3533.8074040765787,-3051.6187541727495,-2866.9397215963704
2460818.8916666666,-3158.0583373866643,-3181.572106803482,-3150.4748847729225
2460818.892361111,-2757.250601511305,-3286.2519648200237,-3408.9140609188416
2460818.8930555554,-2334.5806612936344,-3364.8435816979086,-3640.217210851843
2460818.89375,-1893.4131006451667,-3416.7392457802184,-3842.561828251769
2460818.894444444,-1437.2537876922522,-3441.542186606172,-4014.3562910399623
2460818.895138889,-969.722274033161,-3439.068871249979,-4154.251348420531
2460818.8958333335,-494.52363355201237,-3409.349725465756,-4261.149725483958
2460818.896527778,-15.4199319096723,-3352.6283203081657,-4334.213839672017
2460818.8972222223,463.7985066943611,-3269.359066874092,-4372.871633740197
2460818.8979166667,939.3418767616961,-3160.2034610786473,-4376.820531443893
2460818.898611111,1407.4495718770197,-3026.024917158545,-4346.029523429369
2460818.8993055555,1864.418631077177,-2867.8822248495258,-4280.739386933059
2460818.9,2306.6318121462286,-2687.021663560245,-4181.4610399719095
2460818.9006944443,2730.585162678299,-2484.8678002772317,-4048.972024961672
2460818.9013888887,3132.914936571092,-2263.013002326037,-3884.3111151295925
2460818.902083333,3510.4237053769066,-2023.205694044549,-3688.7710348883925
2460818.902777778,3860.1054905644432,-1767.3373961401385,-3463.8892908912426
2460818.9034722224,4179.1697398961405,-1497.4285883867478,-3211.4371123070787
2460818.904166667,4465.063941428367,-1215.6134582594939,-2933.4065186116036
2460818.904861111,4715.494671587859,-924.1236041875216,-2631.9955424343484
2460818.9055555556,4928.446857537515,-625.2707845554701,-2309.591659617835
2460818.90625,5102.201032001348,-321.42882416420576,-1968.7535051094894
2460818.9069444444,5235.348365635792,-15.014806435730424,-1612.1909772048728
2460818.907638889,5326.803269687269,291.5302970446775,-1242.7438653491197
2460818.908333333,5375.813381172438,595.7613900103031,-863.3591660227149
2460818.9090277776,5381.966768782237,895.2492228539173,-477.0672791251483
2460818.909722222,5345.196229627124,1187.6003748050834,-86.95730211293045
2460818.910416667,5265.780584993974,1470.4770382368415,303.8483343972225
2460818.9111111113,5144.342926129812,1741.6163980789484,692.2196352167891
2460818.9118055557,4981.845806305011,1998.849396788381,1075.044942141441
2460818.9125,4779.583420767904,2240.1186868395453,1449.2566983787895
2460818.9131944445,4539.170862687744,2463.495581536357,1811.8568029606845
2460818.913888889,4262.530584120653,2667.195835319456,2159.941295993486
2460818.9145833333,3951.8762296942687,2849.5941037176763,2490.7241281399833
2460818.9152777777,3609.6940415343397,3009.2369577534337,2801.5597900619787
2460818.915972222,3238.722061745748,3144.8543511940884,3089.9645994483326
2460818.917361111,2422.4816227768843,3339.906892278877,3590.473055858536
2460818.918055556,1983.7351081228385,3397.799092204834,3798.588040317072
2460818.91875,1529.1896356600505,3428.591178364305,3976.325674930724
2460818.9194444446,1062.4704351018931,3432.0439773964144,4122.273312801772
2460818.920138889,587.2973335768684,3408.1354233324046,4235.272010194192
2460818.9208333334,107.45541317698931,3357.0603035462445,4314.425132116625
2460818.921527778,-373.234646936392,3279.228395058481,4359.104953880152
2460818.922222222,-850.9463622468252,3175.261029906323,4368.957254240749
2460818.9229166666,-1321.8771894111635,3045.9861294333145,4343.903898010998
2460818.923611111,-1782.2780626564763,2892.4317461889436,4284.143408643859
2460818.9243055554,-2228.4825542348854,2715.8181518772853,4190.149530483155
2460818.925,-2656.9354942779037,2517.548509383757,4062.6677799549375
2460818.925694444,-3064.2208801396255,2299.19816819348,3902.709984861264
2460818.926388889,-3447.0888954655006,2062.5026269154323,3711.5468136002196
2460818.9270833335,-3802.4818469889287,1809.3442149703205,3490.698303332142
2460818.927777778,-4127.558822956251,1541.7375509714957,3241.922402227042
2460818.9284722223,-4419.718854007331,1261.8138566832376,2967.2015620177867
2460818.9291666667,-4676.622365274106,971.8042105902018,2668.72742665048
2460818.929861111,-4896.2106899710625,674.021854250808,2348.883695498739
2460818.9305555555,-5076.723427935793,370.8436754915275,2010.2272581593247
2460818.93125,-5216.713435921322,64.69101619162652,1655.4677298872225
2460818.9319444443,-5315.059253877594,-241.99002974631318,1287.4455453053845
2460818.9326388887,-5370.9747950801275,-546.7486465693037,909.1087959862008
2460818.933333333,-5384.016157876226,-847.1494606211767,523.4890228498409
2460818.934027778,-5354.085452599961,-1140.7926302056198,133.6762023363271
2460818.9347222224,-5281.431579911913,-1425.3336545263637,-257.2068234012907
2460818.935416667,-5166.647939706964,-1698.5026918505198,-646.0302054788252
2460818.936111111,-5010.66709682263,-1958.1231823459884,-1029.6829624906889
2460818.9368055556,-4814.752474824762,-2202.1295847846636,-1405.0986002765387
2460818.9375,-4580.487193013157,-2428.584049823144,-1769.2802118369946
2460818.9381944444,-4309.760200779369,-2635.6918739076677,-2119.3248076840923
2460818.938888889,-4004.749896764278,-2821.81560070657,-2452.4466462928654
2460818.939583333,-3667.9054502797107,-2985.4876602783797,-2765.9993552149526
2460818.9402777776,-3301.926057057404,-3125.4214657307402,-3057.4966671578486
2460818.940972222,-2909.7383809127646,-3240.5209079417314,-3324.631616364722
2460818.941666667,-2494.4724295189308,-3329.88821745991,-3565.2940787439284
2460818.9423611113,-2059.436116814395,-3392.830180782366,-3777.5865615759567
2460818.9430555557,-1608.0887511774583,-3428.862718533902,-3959.8381793889494
2460818.94375,-1144.013678655483,-3437.713846467258,-4110.616773368146
2460818.9444444445,-670.890293387487,-3419.3250513362295,-4228.739151751462
2460818.945138889,-192.46560582458991,-3373.8511200125117,-4313.279443737989
2460818.9458333333,287.47444876330655,-3301.658463488692,-4363.575566458621
2460818.9465277777,765.1338087535327,-3203.321977034208,-4379.233813158196
2460818.947222222,1236.7350390778472,-3079.6204758924873,-4360.131568393713
2460818.9479166665,1698.5478992635972,-2931.53074317187,-4306.418156344644
2460818.948611111,2146.9175966969265,-2760.2202209192683,-4218.513823588731
2460818.949305556,2578.292584585368,-2567.0383745144245,-4097.106853166396
2460818.95,2989.2517636912953,-2353.5067584674293,-3943.1488037692043
2460818.9506944446,3376.5309371673707,-2121.307812330483,-3757.847865680636
2460818.951388889,3737.048353179389,-1872.2724202113395,-3542.6603269508646
2460818.9520833334,4067.9291558428695,-1608.366275037389,-3299.280149189561
2460818.952777778,4366.528551290218,-1331.6750992638388,-3029.6266622780313
2460818.953472222,4630.4534833333655,-1044.388786978358,-2735.830401252381
2460818.9541666666,4857.582599184629,-748.7845538440113,-2420.2171327777414
2460818.954861111,5046.084289132176,-447.2091927353022,-2085.2901349056688
2460818.9555555554,5194.432576768868,-142.0605613508722,-1733.7108288726963
2460818.95625,5301.4206506028,164.2315574331089,-1368.2778849171737
2460818.956944444,5366.171840460186,469.2250582697326,-991.9049583258555
2460818.957638889,5388.147867303037,770.4854025664516,-607.5972353402661
2460818.959027778,5303.342573455308,1352.2260578813964,172.49152003776732
2460818.9597222223,5197.21012530565,1628.054158392604,562.0278561403161
2460818.9604166667,5049.595926565684,1890.8832404294255,947.0611513954914
2460818.961111111,4861.674136255914,2138.610896236733,1324.5060226547446
2460818.9618055555,4634.944330001589,2369.2563216953085,1691.3380800940047
2460818.9625,4371.218956561077,2580.9765684741697,2044.618869474996
2460818.9631944443,4072.6081008744163,2772.0815349358386,2381.5199781729807
2460818.9638888887,3741.5017424384337,2941.047561746982,2699.3460731963496
2460818.964583333,3380.5497243722984,3086.5295226703865,2995.5566630858725
2460818.965277778,2992.6396714826656,3207.3713249478496,3267.786399673332
2460818.9659722224,2580.873102398403,3302.6147611340157,3513.8637693052533
2460818.966666667,2148.5399973312974,3371.506673735876,3731.8280437332173
2460818.967361111,1699.092064605172,3413.5044202178333,3919.9444006773956
2460818.9680555556,1236.1149617135306,3428.279638359562,4076.7171369254593
2460818.96875,763.299697974356,3415.720330340642,4200.900929696618
2460818.9694444444,284.41344314995075,3375.9312919650392,4291.510113718781
2460818.970138889,-196.73005692339055,3309.232920865755,4347.825958397002
2460818.970833333,-676.3002623112228,3216.158441287653,4369.401936241422
2460818.9715277776,-1150.4796422089214,3097.449584455414,4356.066981261337
2460818.972222222,-1615.4933305029997,2954.0507627209045,4307.926737094506
2460818.972916667,-2067.638467103441,2787.1017754071745,4225.362794783742
2460818.9736111113,-2503.313062907624,2597.929082693129,4109.029919141221
2460818.9743055557,-2919.0442154577804,2388.03568714979,3959.8512634666645
2460818.975,-3311.515502480152,2159.089663288012,3779.0115732830527
2460818.9756944445,-3677.593367872594,1912.911381143979,3567.948383394079
2460818.976388889,-4014.3522973325335,1651.4594828156235,3328.3412243436323
2460818.9770833333,-4319.0985801037805,1376.815677361227,3062.0988629200783
2460818.9777777777,-4589.392435722049,1091.1684394480303,2771.344622528677
2460818.978472222,-4823.068285478823,796.795710489476,2458.399847313559
2460818.9791666665,-5018.252943412949,496.046724370661,2125.765603263782
2460818.979861111,-5173.381513366604,191.3230939494329,1776.1027316483523
2460818.980555556,-5287.210786387529,-114.940679039037,1412.2104069618963
2460818.98125,-5358.82996005008,-420.2971010905658,1037.0033687287655
2460818.9819444446,-5387.668521846921,-722.3057921353668,653.488040545535
2460818.982638889,-5373.5011803853595,-1018.5536058287502,264.737754170424
2460818.9833333334,-5316.449762376432,-1306.6745485841961,-126.13266342464775
2460818.984027778,-5216.9820398194815,-1584.369294942949,-515.9926867621803
2460818.984722222,-5075.907497217967,-1849.4240859226181,-901.7219916251203
2460818.9854166666,-4894.37009362952,-2099.7288198507003,-1280.2361936650686
2460818.986111111,-4673.838119381769,-2333.294149842335,-1648.5121543323066
2460818.9868055554,-4416.091288986392,-2548.267423692465,-2003.6125981960747
2460818.9875,-4123.205246501205,-2742.9473249561693,-2342.7098050852305
2460818.988194444,-3797.5336899642107,-2915.7970969289777,-2663.1081610153274
2460818.988888889,-3441.6883451979757,-3065.456256772793,-2962.2653778187696
2460818.9895833335,-3058.5170303404257,-3190.750734666665,-3237.8122238583455
2460818.990277778,-2651.080065291961,-3290.7013943056563,-3487.570632302243
2460818.9909722223,-2222.625275841981,-3364.530916281381,-3709.5700876266046
2460818.9916666667,-1776.5618365437024,-3411.6690442364447,-3902.0622168718096
2460818.992361111,-1316.4331866597497,-3431.7562093031756,-4063.533535750388
2460818.9930555555,-845.8892352385079,-3424.645560839148,-4192.7163217949
2460818.99375,-368.65805748513657,-3390.4034390659467,-4288.597601141508
2460818.9944444443,111.48273650282462,-3329.308329924074,-4350.4262482280465
2460818.9951388887,590.7347978168781,-3241.8483426337607,-4377.718203509529
2460818.995833333,1065.3078409730554,-3128.7172504177834,-4370.2598155495325
2460818.996527778,1531.4483204270489,-2990.809129590564,-4328.109314817249
2460818.9972222224,1985.4678351373525,-2829.211631818756,-4251.596421596074
2460818.997916667,2423.7711360833882,-2645.1979167771733,-4141.320086534629
2460818.998611111,2842.8835900144004,-2440.2172743961796,-3998.1443583506734
2460818.9993055556,3239.4779533999695,-2215.884464252753,-3823.1923711281024
2460819.0006944444,3952.6949083168724,-1716.37603301608,-3383.6982852884666
2460819.001388889,4263.62797489261,-1445.1440321652888,-3122.6173209332355
2460819.002083333,4540.709859168697,-1162.4174029745966,-2836.657141906358
2460819.0027777776,4781.715737085304,-870.4360398025985,-2528.0801324830186
2460819.003472222,4984.704389424453,-571.5167545521174,-2199.332323451954
2460819.004166667,5148.034921127411,-268.0350803715185,-1853.0245610943782
2460819.0048611113,5270.381192812794,37.59361055819735,-1491.912107312585
2460819.0055555557,5350.743763848736,342.9335227468933,-1118.872811987259
2460819.00625,5388.459163635722,645.5482116319704,-736.8840330031373
2460819.0069444445,5383.206337404623,943.0205258905638,-348.998507911963
2460819.007638889,5335.010147456343,1232.9725229405708,41.68060313356084
2460819.0083333333,5244.241849072502,1513.0851429302434,432.0252468790444
2460819.0090277777,5111.6165051202815,1781.117438543519,818.9083253340265
2460819.009722222,4938.187348824992,2034.9251506499877,1199.2295867776909
2460819.0104166665,4725.337149548451,2272.4784354471285,1569.9412901728679
2460819.011111111,4474.76668215609,2491.8785582152564,1928.0733725477141
2460819.011805556,4188.480442045601,2691.3733887560293,2270.7578624322773
2460819.0125,3868.769779543592,2869.3715577902317,2595.2523043521496
2460819.0131944446,3518.1936662742733,3024.4551504248498,2898.9619696238674
2460819.013888889,3139.557319528624,3155.3908460968264,3179.460667850413
2460819.0145833334,2735.888931985421,3261.139434298838,3434.509993105711
2460819.015277778,2310.4147594994924,3340.863661479381,3662.0768712584054
2460819.015972222,1866.5328198785623,3393.9343860420786,3860.349303084717
2460819.0166666666,1407.7854558060826,3419.935036647401,4027.750221931464
2460819.017361111,937.8309937691328,3418.6643862886367,4162.949413804364
2460819.0180555554,460.41472886530397,3390.137664038924,4264.87346108389
2460819.01875,-20.660554190450437,3334.5860359975363,4332.713689669559
2460819.019444444,-501.56433107781214,3252.454491037147,4365.932110042838
2460819.020138889,-978.468173160133,3144.3981692752245,4364.265347911242
2460819.0208333335,-1447.575498879325,3011.277170777232,4327.726564339846
2460819.021527778,-1905.1510723283818,2854.1498819504013,4256.605365112141
2460819.0222222223,-2347.5500833370197,2674.264857014056,4151.4656996839
2460819.0229166667,-2771.246650415378,2473.0512881692202,4013.141747012981
2460819.023611111,-3172.861558987567,2252.1081087566786,3842.731790845524
2460819.0243055555,-3549.189065724287,2013.1917681226969,3641.590085131432
2460819.025,-3897.222565569518,1758.2027337003196,3411.3167222409206
2460819.0256944443,-4214.178919446322,1489.1707819103176,3153.745525296561
2460819.0263888887,-4497.521227256386,1208.2391545597889,2870.930002044272
2460819.027083333,-4744.979823253881,917.647674928169,2565.1274187576437
2460819.027777778,-4954.57126967305,619.7149364027874,2238.7810770608353
2460819.0284722224,-5124.615130741505,316.81969310177686,1894.5009003094146
2460819.029166667,-5253.7483158188525,11.381606396706882,1535.0424701728307
2460819.029861111,-5340.936802638449,-294.1584844743381,1163.2846791457814
2460819.0305555556,-5385.484575699127,-597.3585833724763,782.206192645859
2460819.03125,-5387.039646250552,-895.7956488391115,394.860944818283
2460819.0319444444,-5345.597060286745,-1187.0855940045333,4.352905258220295
2460819.032638889,-5261.498841514882,-1468.9029617030126,-386.18962066380925
2460819.033333333,-5135.430863127319,-1739.000068107928,-773.6398901806007
2460819.0340277776,-4968.416687085769,-1995.225415312108,-1154.898548912608
2460819.034722222,-4761.808455353196,-2235.5411832889317,-1526.9191125448415
2460819.035416667,-4517.274961133171,-2458.0396290726108,-1886.7328427396408
2460819.0361111113,-4236.787062737489,-2660.9582451846322,-2231.4727768379744
2460819.0368055557,-3922.6006395826003,-2842.693547007574,-2558.3966829494557
2460819.0375,-3577.23731006332,-3001.8133896609597,-2864.908745996153
2460819.0381944445,-3203.4631528752802,-3137.0677366445116,-3148.579812037426
2460819.038888889,-2804.26567880114,-3247.397830408992,-3407.1660528291654
2460819.0395833333,-2382.8293084420725,-3331.9437355360938,-3638.6259369287927
2460819.0402777777,-1942.50959929484,-3390.0502487958283,-3841.135428080344
2460819.040972222,-1486.8064619157728,-3421.2711849059715,-4013.1013519798703
2460819.042361111,-543.8053023026371,-3402.3312158846584,-4260.251229643919
2460819.043055556,-63.97800416190436,-3352.339392321578,-4333.497227911832
2460819.04375,416.34859055460714,-3275.7978386484556,-4372.337321776528
2460819.0444444446,893.3752897926694,-3173.3149536541555,-4376.467462142287
2460819.045138889,1363.3291845447216,-3045.7015203006727,-4345.855216749118
2460819.0458333334,1822.492188920497,-2893.964560162371,-4280.739999677382
2460819.046527778,2267.229232413857,-2719.299837808603,-4181.631434753217
2460819.047222222,2694.0159653051646,-2523.08304210693,-4049.3058476659226
2460819.0479166666,3099.465828604016,-2306.8596725744774,-3884.8008801886212
2460819.048611111,3480.3563345533116,-2072.3336592977435,-3689.408218792994
2460819.0493055554,3833.6543908251583,-1821.3547484269998,-3464.664430879112
2460819.05,4156.5404789059485,-1555.9046982769316,-3212.33991250036
2460819.050694444,4446.431490693824,-1278.0823393317137,-2934.42596075465
2460819.051388889,4701.002013057777,-990.0875667840351,-2633.120000286306
2460819.0520833335,4918.203838358583,-694.2043556610084,-2310.8090182971164
2460819.052777778,5096.283482492418,-392.78290173224974,-1970.0512810042226
2460819.0534722223,5233.797488145997,-88.22101933753916,-1613.556439981298
2460819.0541666667,5329.625307184519,217.05505846094294,-1244.1641601893273
2460819.054861111,5382.979571215361,520.6103106590373,-864.8214335716677
2460819.0555555555,5393.41358488337,820.0208049418288,-478.55877309118785
2460819.05625,5360.82591004994,1112.893625608303,-88.46550379914487
2460819.0569444443,5285.461945561018,1396.8866476961484,302.33560856561536
2460819.0576388887,5167.912450848092,1669.7279459457752,690.714130583038
2460819.058333333,5009.109005857686,1929.2346347996656,1073.5578721594513
2460819.059027778,4810.316447060536,2173.3309355281763,1447.798658325436
2460819.0597222224,4573.1223644429465,2400.0652830127237,1810.4376929029734
2460819.060416667,4299.423785643667,2607.626300996451,2158.57025428497
2460819.061111111,3991.4112129471155,2794.357492978187,2489.4094758233823
2460819.0618055556,3651.5502121800164,2958.7705197031246,2800.3089844381743
2460819.0625,3282.560773124821,3099.5569616417692,3088.7842006224582
2460819.0631944444,2887.394686166482,3215.598485526617,3352.5321226579263
2460819.063888889,2469.2111837907837,3305.975362647849,3589.4494540388173
2460819.064583333,2031.3511026958327,3369.973306919218,3797.648957718372
2460819.0652777776,1577.3098162509518,3407.0886217769335,3975.4739502733737
2460819.065972222,1110.709180794317,3417.03166099141,4121.510872171009
2460819.066666667,635.2687278361162,3399.728622091825,4234.599891787208
2460819.0673611113,154.7763115768474,3355.321700273023,4313.843519656851
2460819.0680555557,-326.9415801248137,3284.167636147292,4358.613217270623
2460819.06875,-806.0496711168419,3186.8346937464175,4368.553996819047
2460819.0694444445,-1278.733717457366,3064.098106451835,4343.58700967104
2460819.070138889,-1741.2301385571434,2916.9340273799,4283.910124500124
2460819.0708333333,-2189.8552967452615,2746.5120187548982,4189.996493809189
2460819.0715277777,-2621.0342495299474,2554.1861192362844,4062.591109282147
2460819.072222222,-3031.328815344268,2341.484522908764,3902.705344073225
2460819.0729166665,-3417.4647650215584,2110.097913485144,3711.6094847456325
2460819.073611111,-3776.357950713818,1861.8665012063013,3490.8232606235447
2460819.074305556,-4105.1391701719385,1598.76582032374,3242.104388174346
2460819.075,-4401.177554196473,1322.8913575126257,2967.4351617601155
2460819.0756944446,-4662.102253924863,1036.4421002740228,2669.0071437340403
2460819.076388889,-4885.82220714782,741.7031073716489,2349.20402497201
2460819.0770833334,-5070.543758789519,441.02722714588293,2010.5827571568454
2460819.077777778,-5214.7859217632495,136.81610807414637,1655.8530856999462
2460819.078472222,-5317.393081315633,-168.49933766784716,1287.8556384698204
2460819.0791666666,-5377.544966317802,-472.47883545329955,909.5387591366374
2460819.079861111,-5394.763743803846,-772.6928239367353,523.9342937009772
2460819.0805555554,-5368.918126777965,-1066.74249753811,134.1325707273534
2460819.08125,-5300.224428604825,-1352.2796112458527,-256.7431764981247
2460819.081944444,-5189.244540260134,-1627.0258352657793,-645.5626752783729
2460819.082638889,-5036.880854163266,-1888.7914568167685,-1029.2144951276123
2460819.084027778,-4613.262922826786,-2365.171244430184,-1768.8168374606205
2460819.0847222223,-4345.42920475092,-2576.004501391284,-2118.866513405658
2460819.0854166667,-4043.0229002463743,-2766.3253185160206,-2451.994493269494
2460819.086111111,-3708.4730159528235,-2934.6321937026696,-2765.553949395826
2460819.0868055555,-3344.461118795526,-3079.601197586416,-3057.058179383444
2460819.0875,-2953.8989025227393,-3200.095782362428,-3324.199810166337
2460819.0881944443,-2539.904167909587,-3295.1749775142825,-3564.868342937631
2460819.0888888887,-2105.775465422146,-3364.0999581079554,-3777.165948245622
2460819.089583333,-1654.965640271036,-3406.3389891844395,-3959.421446739284
2460819.090277778,-1191.0545102305841,-3421.570763833274,-4110.202432457482
2460819.0909722224,-717.7208905683054,-3409.686164305818,-4228.325515895009
2460819.091666667,-238.71415322281666,-3370.7884822204264,-4312.864680895669
2460819.092361111,242.17449472687045,-3305.1921364540376,-4363.1577536481145
2460819.0930555556,721.1408580841999,-3213.4199282275363,-4378.810991844431
2460819.09375,1194.3965737259414,-3096.198871088722,-4359.701800544895
2460819.0944444444,1658.197768525021,-2954.454629396555,-4305.97958060399
2460819.095138889,2108.873418147141,-2789.3045956113506,-4218.064710601902
2460819.095833333,2542.8532683815847,-2602.049634564652,-4096.645659792959
2460819.0965277776,2956.695179545747,-2394.164519999617,-3942.674225312145
2460819.097222222,3347.1117400240505,-2167.287090962788,-3757.3588856790966
2460819.097916667,3710.9959853252385,-1923.2061583094442,-3542.156263447286
2460819.0986111113,4045.4460401754586,-1663.8482012822194,-3298.760697348768
2460819.0993055557,4347.788492482109,-1391.2629014749532,-3029.0919317631565
2460819.1,4615.600288503305,-1107.6075796482496,-2735.280949899083
2460819.1006944445,4846.728935159613,-815.1306129631131,-2419.6539923735418
2460819.101388889,5039.310784099185,-516.1539344604462,-2084.714831669548
2460819.1020833333,5191.78717766804,-213.05473362223546,-1733.1253970215928
2460819.1027777777,5302.918244053296,91.75350307491941,-1367.6848725889265
2460819.103472222,5371.794142609273,395.84045080045615,-991.3074241838992
2460819.1041666665,5397.843584451837,696.7787252244204,-606.9987401240079
2460819.104861111,5380.839484491558,992.1637939338467,-217.83159156555902
2460819.105555556,5320.901634686505,1279.6338143049184,173.0793491377311
2460819.10625,5218.496331872765,1556.889190568839,562.6031800435259
2460819.1069444446,5074.43293669342,1821.7116432614948,947.6186678369945
2460819.107638889,4889.857386888833,2071.9825854996543,1325.0400978872576
2460819.1083333334,4666.242733381241,2305.7006139745877,1691.8428061410423
2460819.109027778,4405.376812609656,2520.997934688109,2045.0881258343609
2460819.109722222,4109.347207329993,2716.1555648201293,2381.9474986594983
2460819.1104166666,3780.5236828116217,2889.6171732678467,2699.7255175613814
2460819.111111111,3421.5383129856414,3040.001446859811,2995.881692162225
2460819.1118055554,3035.2635330083876,3166.1128938220295,3268.0507535656748
2460819.1125,2624.788365944714,3266.9510219843764,3514.0613458627213
2460819.113194444,2193.3930764053157,3341.7178520724433,3731.952980183932
2460819.113888889,1744.522508466176,3389.823746472501,3919.991152315214
2460819.1145833335,1281.758345249742,3410.8915542814584,4076.6805574993637
2460819.115277778,808.7905353073214,3404.7590843415433,4200.7763485652695
2460819.1159722223,329.3880977709419,3371.4799317573384,4291.293411199916
2460819.1166666667,-152.63048415290496,3311.3226882247664,4347.513637527641
2460819.117361111,-633.4270907294751,3224.7685712615607,4368.991190857637
2460819.1180555555,-1109.173833683729,3112.507509069241,4355.555759465206
2460819.11875,-1576.0827994779506,2975.4327161319156,4307.313799369555
2460819.1194444443,-2030.435493591564,2814.63379678599,4224.647766097341
2460819.1201388887,-2468.611830924889,2631.388409226548,4108.213334387859
2460819.120833333,-2887.118493413996,2427.1525284922523,3958.9346057871116
2460819.121527778,-3282.616486591598,2203.5493442440015,3777.9973033929828
2460819.1222222224,-3651.94769977961,1962.3568413123623,3566.839961325011
2460819.122916667,-3992.160277711922,1705.4941136334078,3327.1431210132478
2460819.123611111,-4300.532590636678,1435.0064782336108,3060.8165618374137
2460819.1243055556,-4574.5955839098415,1153.049470056631,2769.9846108334987
2460819.1256944444,-5011.301237279534,563.7974934575591,2124.2735363485226
2460819.126388889,-5170.442657914749,261.2070466856459,1774.5581833082492
2460819.127083333,-5288.302090282347,-43.48174607381465,1410.6235666315533
2460819.1277777776,-5363.936390456117,-347.8336172211531,1035.3852173554797
2460819.128472222,-5396.742877515783,-649.4158165728652,651.8502735803293
2460819.129166667,-5386.464529730533,-945.8181678050754,263.09269573999734
2460819.1298611113,-5333.1921430811435,-1234.6729665055716,-127.77215692790566
2460819.1305555557,-5237.36341346394,-1513.6745137498465,-517.6133300848255
2460819.13125,-5099.758949333056,-1780.598076025612,-903.3101831267386
2460819.1319444445,-4921.49526771736,-2033.3180759437919,-1281.778133089753
2460819.132638889,-4704.014870913956,-2269.825329098975,-1649.993965465263
2460819.1333333333,-4449.07354324477,-2488.2431603185332,-2005.0204551680251
2460819.1340277777,-4158.725042632878,-2686.8422554491726,-2344.030060704135
2460819.134722222,-3835.303392035233,-2864.05412786969,-2664.3274758927837
2460819.1354166665,-3481.4029990145186,-3018.4831041763036,-2963.370849725028
2460819.136111111,-3099.8568477065814,-3148.916759004445,-3238.7915136127413
2460819.136805556,-2693.7130109727887,-3254.3347549018026,-3488.4120881011722
2460819.1375,-2266.2097377673513,-3333.9160626608555,-3710.2628646911216
2460819.1381944446,-1820.7493566057467,-3387.0445602751765,-3902.596392277055
2460819.138888889,-1360.871232027184,-3413.3130222869468,-4063.9002169679043
2460819.1395833334,-890.2239873477007,-3412.525525085957,-4192.907749023856
2460819.140277778,-412.5372002485406,-3384.6983006089786,-4288.607241928611
2460819.140972222,68.40725199899585,-3330.0590764458866,-4350.248884449225
2460819.1416666666,548.8040275467739,-3249.044940883069,-4377.350009280694
2460819.142361111,1024.853185041981,-3142.2987704614047,-4369.698426218671
2460819.1430555554,1492.7889358050008,-3010.6642547577794,-4327.353885979198
2460819.14375,1948.9081479108263,-2855.179549175633,-4250.647677625751
2460819.144444444,2389.5984656378732,-2677.069583558537,-4140.180358082724
2460819.145138889,2811.3659048862296,-2477.737052104775,-3996.8176081607785
2460819.1458333335,3210.8617760583024,-2258.7521100896356,-3821.684206898901
2460819.146527778,3584.908770866616,-2021.8408075886127,-3616.156117986694
2460819.1472222223,3930.526043152722,-1768.872292451623,-3381.8506830949586
2460819.1479166667,4244.9530897190125,-1501.8448286629962,-3120.614928696665
2460819.148611111,4525.672227417271,-1222.8706881674098,-2834.51200624137
2460819.1493055555,4770.429454608472,-934.159987052633,-2525.805800477422
2460819.15,4977.25347157783,-638.0035610338477,-2196.9437687745667
2460819.1506944443,5144.472640303342,-336.7549887265841,-1850.5380939394308
2460819.1513888887,5270.7296631668505,-32.81189872935044,-1489.3452688908521
2460819.152083333,5354.993778596128,271.4032904666423,-1116.2442536753804
2460819.152777778,5396.570287554168,573.4630231762743,-734.2133828661161
2460819.1534722224,5395.107255917262,870.9544681107897,-346.30622170665265
2460819.154166667,5350.599269572628,1161.4993884404728,44.37340042823228
2460819.154861111,5263.388159821221,1442.7738142466937,434.69693237568237
2460819.1555555556,5134.160660497426,1712.5273078505313,821.5369561559703
2460819.15625,4963.943002813587,1968.601618453809,1201.7930870133814
2460819.1569444444,4754.092502360562,2208.948524781343,1572.4176405885507
2460819.157638889,4506.286234683785,2431.6466847346724,1930.4408040794835
2460819.158333333,4222.506939025226,2634.9173233405368,2272.995052137059
2460819.1590277776,3905.0263276861533,2817.138612477971,2597.338566500667
2460819.159722222,3556.3860035260273,2976.858622915385,2900.877446462734
2460819.160416667,3179.376218429523,3112.8067485215815,3181.1865139664214
2460819.1611111113,2777.0127135805037,3223.9035326055055,3436.0285541040603
2460819.1618055557,2352.511899209589,3309.268845979476,3663.371852917789
2460819.1625,1909.2646228519689,3368.228392247916,3861.4059307877246
2460819.1631944445,1450.8087771783887,3400.318531734059,4028.555390322436
2460819.163888889,980.8009857265021,3405.289432384754,4163.4918236701715
2460819.1645833333,502.9875930395662,3383.1065676981584,4265.143743157521
2460819.1652777777,21.17516763409618,3333.95058993667,4332.704515204139
2460819.165972222,-460.79928359306047,3258.2156116538586,4365.638286643739
2460819.167361111,-1409.9133416323302,3029.6312335525854,4326.856799365473
2460819.168055556,-1869.4952852443569,2878.6003154962477,4255.448919722507
2460819.16875,-2314.1827188002503,2704.613344934786,4150.026571940685
2460819.1694444446,-2740.431022683942,2509.052713558931,4011.4263094354174
2460819.170138889,-3144.8401704421217,2293.4725046790104,3840.7487841971706
2460819.1708333334,-3524.1816944060674,2059.5866237938653,3639.350593991407
2460819.171527778,-3875.4245356933857,1809.255637899998,3408.8341297343813
2460819.172222222,-4195.759565419176,1544.4723873276473,3151.03544799492
2460819.1729166666,-4482.622566157356,1267.3464411077036,2868.0102040210413
2460819.173611111,-4733.715447317594,980.0874881135974,2562.0177046530234
2460819.1743055554,-4947.02546847391,684.9877744147043,2235.503164791702
2460819.175,-5120.84225200421,384.4037124133989,1891.0782732032271
2460819.175694444,-5253.7723703144175,80.73681502014243,1531.5002108563774
2460819.176388889,-5344.751318616985,-223.5858830335923,1159.6492836136479
2460819.1770833335,-5393.052703207842,-526.1317292519519,778.505369281564
2460819.177777778,-5398.294511673227,-824.4824896041135,391.1233961995047
2460819.1784722223,-5360.442367066812,-1116.2543091233956,0.6080989669794219
2460819.1791666667,-5279.809712026592,-1399.1173897754513,-389.91169234026114
2460819.179861111,-5157.054913049436,-1670.815177236824,-777.3089597005138
2460819.1805555555,-4993.175322188696,-1929.1828546396853,-1158.4843273774734
2460819.18125,-4789.498378444294,-2172.1649547082034,-1530.391546003007
2460819.1819444443,-4547.669873558881,-2397.8319171459602,-1890.0623701315617
2460819.1826388887,-4269.639546130575,-2604.395437693971,-2234.6305835204375
2460819.183333333,-3957.644198531884,-2790.22248037854,-2561.354950524557
2460819.184027778,-3614.1885587168736,-2953.847847101214,-2867.64089376323
2460819.1847222224,-3242.02412484828,-3093.9852261552064,-3151.060729502395
2460819.185416667,-2844.1262423243684,-3209.5366649115185,-3409.3723198433304
2460819.186111111,-2423.6696632312887,-3299.6004360586944,-3640.5360322662864
2460819.1868055556,-1984.002838881237,-3363.477285954156,-3842.7299222001857
2460819.1875,-1528.6211794553183,-3400.6750730631347,-4014.363084484346
2460819.1881944444,-1061.1395050653173,-3410.911816070997,-4154.087137838827
2460819.188888889,-585.2638977998056,-3394.1171815248363,-4260.805824299502
2460819.189583333,-104.76313822643469,-3350.4324469434814,-4333.682720959527
2460819.1902777776,376.56009624684594,-3280.208977219347,-4372.147065738134
2460819.190972222,854.8981225608187,-3184.005251154786,-4375.897705522959
2460819.191666667,1326.467075487949,-3062.582474775116,-4344.905172401036
2460819.1923611113,1787.5355414432804,-2916.8988105045146,-4279.411893212776
2460819.1930555557,2234.452852931035,-2748.1022526424154,-4179.930531706802
2460819.19375,2663.6769138424293,-2557.5221731283955,-4047.2404593023457
2460819.1944444445,3071.8014069705396,-2346.659562972944,-3882.382347015117
2460819.195138889,3455.5822280847965,-2117.175995654504,-3686.650870355914
2460819.1958333333,3811.9629754183775,-1870.8813444240188,-3461.58552228385
2460819.1965277777,4138.099309556866,-1609.720293483812,-3208.959536277327
2460819.197222222,4431.381983344294,-1335.7576955748414,-2930.7669342055146
2460819.1979166665,4689.458332162615,-1051.162840859203,-2629.2077277654516
2460819.198611111,4910.2520014021875,-758.1927233346878,-2306.671326902177
2460819.199305556,5091.980686813748,-459.17441080921697,-1965.7182345485694
2460819.2,5233.171671459518,-156.48663759348352,-1609.0601266147821
2460819.2006944446,5332.674944062783,147.459228984489,-1239.5384582289178
2460819.201388889,5389.673709281135,450.2386874380526,-860.1017567999471
2460819.2020833334,5403.692121741317,749.4338838644787,-473.7817963228705
2460819.202777778,5374.600108957165,1042.6534819898259,-83.6688718098305
2460819.203472222,5302.615186141423,1327.552417317227,307.1135848100517
2460819.2041666666,5188.30120814109,1601.8513278288588,695.4347905211803
2460819.204861111,5032.564049401531,1863.3554524347162,1078.1825282022435
2460819.2055555554,4836.644249407952,2109.972796558479,1452.2889224012606
2460819.20625,4602.106705632524,2339.7313758750565,1814.7558046192596
2460819.206944444,4330.827539481243,2550.7953637375167,2162.6794058525848
2460819.207638889,4024.9782994926286,2741.479988281859,2493.2741301538485
2460819.209027778,3319.6210994151947,3055.8069451199112,3092.0598685595332
2460819.2097222223,2925.7580119785894,3176.9491367570026,3355.467338748694
2460819.2104166667,2508.5678144134818,3272.73097749848,3592.016724408974
2460819.211111111,2071.3839909223357,3342.3948881845035,3799.82345997188
2460819.2118055555,1617.6971137113612,3385.391854938842,3977.233758688769
2460819.2125,1151.126818903177,3401.3852545892737,4122.837160970038
2460819.2131944443,675.3930069135073,3390.253022675504,4235.4771155390445
2460819.2138888887,194.28648163511758,3352.088189159788,4314.259568823471
2460819.214583333,-288.36076995222004,3287.1978126303916,4358.559549139933
2460819.215277778,-768.7054704091779,3196.100347058696,4368.025740473895
2460819.2159722224,-1242.9229422307735,3079.521475626429,4342.58304469822
2460819.216666667,-1707.2368243684225,2938.388446547743,4282.433132224218
2460819.217361111,-2157.948452980755,2773.8229439454,4188.052981028372
2460819.2180555556,-2591.465737178183,2587.1325279598086,4060.191403257665
2460819.21875,-3004.3313612629604,2379.800677900695,3899.863558151189
2460819.2194444444,-3393.2501283417178,2153.4754789926683,3708.343454299556
2460819.220138889,-3755.1152574416233,1909.956996906737,3487.154448377123
2460819.220833333,-4087.0334291330887,1651.1833961331115,3238.0577586295326
2460819.2215277776,-4386.348366514059,1379.2158700134928,2963.039024970253
2460819.222222222,-4650.662728362,1096.2224673781116,2664.2929676673466
2460819.222916667,-4877.858089603536,804.4609171599701,2344.206218092183
2460819.2236111113,-5066.112784727225,506.2605722811888,2005.3384215415367
2460819.2243055557,-5213.917397271585,204.00361561679603,1650.4017425289537
2460819.225,-5320.087697149895,-99.8943146277942,1282.2389270055755
2460819.2256944445,-5383.774846202762,-403.00389858692137,903.8001124969014
2460819.226388889,-5404.472726843982,-702.9021195000497,518.1185945084744
2460819.2270833333,-5382.022281367046,-997.1922548260193,128.28578791635235
2460819.2277777777,-5316.612792662146,-1283.5236658218241,-262.57436268971765
2460819.228472222,-5208.780080994694,-1559.611178118465,-651.3312588493728
2460819.2291666665,-5059.401637549758,-1823.2538481962283,-1034.8735364571185
2460819.229861111,-4869.688761751986,-2072.3529216953243,-1410.1346946949066
2460819.230555556,-4641.175813146903,-2304.928804173706,-1774.1182014272597
2460819.23125,-4375.7067287127575,-2519.136883717174,-2123.9218245035413
2460819.2319444446,-4075.4189890473344,-2713.2820683109426,-2456.760960145405
2460819.232638889,-3742.7252500372247,-2885.831921051621,-2769.990746872989
2460819.2333333334,-3380.292867934418,-3035.428308671778,-3061.126792446837
2460819.234027778,-2991.0215702948994,-3160.897495749514,-3327.8643567921954
2460819.234722222,-2578.0195198458673,-3261.258647985907,-3568.095875809429
2460819.2354166666,-2144.578020819944,-3335.7307256354657,-3779.9267336531157
2460819.236111111,-1694.145112327543,-3383.7377668424556,-3961.68921710493
2460819.2368055554,-1230.2982733235187,-3404.912577203864,-4111.954613028833
2460819.2375,-756.7164553360188,-3399.09885108817,-4229.543424614194
2460819.238194444,-277.1516337274024,-3366.3517583472335,-4313.53369983737
2460819.238888889,204.59994179698424,-3306.93703284033,-4363.2674721820695
2460819.2395833335,684.7266374666485,-3221.3286002281798,-4378.355320675314
2460819.240277778,1159.4303203620286,-3110.2047798119656,-4358.679056458062
2460819.2409722223,1624.955093479224,-2974.443093210182,-4304.3925408423465
2460819.2416666667,2077.6157499595543,-2815.113707612759,-4215.920636561519
2460819.242361111,2513.8258054962744,-2633.471540056949,-4093.956289345551
2460819.2430555555,2930.1249700645267,-2430.9470456375534,-3939.4557327078815
2460819.24375,3323.2059026071943,-2209.135715798376,-3753.6318083261554
2460819.2444444443,3689.9400842874,-1969.7863153370843,-3537.9453955785457
2460819.2451388887,4027.4026313908967,-1714.7878929514025,-3294.0949482487135
2460819.245833333,4332.895847958255,-1446.155614955226,-3024.0041505404465
2460819.246527778,4603.971315533455,-1166.0154786699038,-2729.8077132544863
2460819.2472222224,4838.450294234572,-876.5879888244805,-2413.8353603468922
2460819.247916667,5034.442218986288,-580.1708867349047,-2078.594067494953
2460819.248611111,5190.361061250842,-279.12105579396575,-1726.7486551107775
2460819.2493055556,5304.939345926699,24.164264670593596,-1361.100854691704
2460819.2506944444,5406.663199797924,627.7668866486201,-600.1545855280809
2460819.251388889,5392.95604442737,923.2633659613833,-210.93771432266908
2460819.252083333,5336.211650944729,1211.3933329347456,179.96800927177648
2460819.2527777776,5236.870895924475,1489.8517258098689,569.4312120188974
2460819.253472222,5095.718801001682,1756.4104328164838,954.3306501842617
2460819.254166667,4913.878243573926,2008.9367482289624,1331.5810625365043
2460819.2548611113,4692.80067834315,2245.410981879409,1698.1587023121383
2460819.2555555557,4434.253982208443,2463.943038615855,2051.1262781374876
2460819.25625,4140.307572765766,2662.7878083335354,2387.657055206744
2460819.2569444445,3813.314986680676,2840.3592262922666,2705.057883217945
2460819.257638889,3455.894130683493,2995.242888782022,3000.7909434379258
2460819.2583333333,3070.905441804984,3126.207132239703,3272.4940309777485
2460819.2590277777,2661.4282034817984,3232.2125107581082,3517.999220785017
2460819.259722222,2230.7352700127785,3312.419629199121,3735.349793569909
2460819.2604166665,1782.2664552521128,3366.1953092220883,3922.8153236081303
2460819.261111111,1319.6008264069135,3393.1170854791476,4078.9048607363297
2460819.261805556,846.428143481254,3392.9760414564653,4202.378155432762
2460819.2625,366.51965919832935,3365.778007001956,4292.254899436911
2460819.2631944446,-116.30151018517039,3311.7431454267266,4347.82196353106
2460819.263888889,-598.1902541246326,3231.3039627769544,4368.638626050443
2460819.2645833334,-1075.3093965070377,3125.101773168963,4354.539789652873
2460819.265277778,-1543.8595143413534,2993.9816537940997,4305.637186302839
2460819.265972222,-2000.1084778822437,2838.985923273593,4222.318570574076
2460819.2666666666,-2440.420550110119,2661.346175153143,4105.244900352559
2460819.267361111,-2861.284872591617,2462.4739007555463,3955.3455041344996
2460819.2680555554,-3259.343161011818,2243.9497378194906,3773.8112359208776
2460819.26875,-3631.416422962421,2007.5113867400926,3562.085622977523
2460819.269444444,-3974.5304969395183,1755.0402460265982,3321.854021179027
2460819.270138889,-4285.940203471723,1488.5468286108496,3055.030803982296
2460819.2708333335,-4563.151885635238,1210.1550383556287,2763.7446311007534
2460819.271527778,-4803.944115680925,922.0854000005584,2450.321861445512
2460819.2722222223,-5006.386339121112,626.6373592000833,2117.2682045236493
2460819.2729166667,-5168.855240080967,326.1707821383077,1767.2487248548296
2460819.273611111,-5290.048616456059,23.08681372678665,1403.0663539390853
2460819.2743055555,-5368.996582345715,-280.191738736657,1027.6390821725238
2460819.275,-5405.069937526406,-581.2403087609479,643.9760359496748
2460819.2756944443,-5397.985579162529,-877.6525580709995,255.15267368555715
2460819.2763888887,-5347.808872521972,-1167.0602482570205,-135.71465845496974
2460819.277083333,-5254.95293853645,-1447.1527816972657,-525.4945403866063
2460819.277777778,-5120.1748635598215,-1715.6962095069082,-911.0663952245129
2460819.2784722224,-4944.568882173215,-1970.551506577635,-1289.3462347156835
2460819.279166667,-4729.55662992148,-2209.6919278475734,-1657.3119644085416
2460819.279861111,-4476.874602158567,-2431.219280257765,-2012.027996121147
2460819.2805555556,-4188.55899430828,-2633.378961570233,-2350.6689267210973
2460819.28125,-3866.928125713652,-2814.57364506083,-2670.5420713263497
2460819.2819444444,-3514.562676680682,-2973.375510016604,-2969.1086590096334
2460819.282638889,-3134.2839808349167,-3108.5369465602653,-3244.003533054156
2460819.283333333,-2729.1306197252134,-3218.999687485148,-3493.0532281236824
2460819.2840277776,-2302.333576833414,-3303.902338649674,-3714.292318885671
2460819.284722222,-1857.2901888445704,-3362.586304273224,-3905.97797232084
2460819.285416667,-1397.537132827965,-3394.600115227831,-4066.602651530496
2460819.2861111113,-926.7226628820157,-3399.70218342199,-4194.904945413982
2460819.2868055557,-448.5783004812478,-3377.862012113946,-4289.878510254128
2460819.2875,33.10983991305598,-3329.2598976832014,-4350.779122902197
2460819.2881944445,514.529924789143,-3254.2851591925005,-4377.129850761774
2460819.288888889,991.8733217093635,-3153.5329309650574,-4368.72434544207
2460819.2895833333,1461.3634207226496,-3027.7995515049383,-4325.628266581364
2460819.2902777777,1919.2842266376792,-2878.076576606248,-4248.178838720574
2460819.290972222,2362.008579691087,-2705.5434435373245,-4136.9825395066355
2460819.292361111,3187.969081789449,-2297.6505859496347,-3817.094503996595
2460819.293055556,3564.641043276614,-2065.5047038210637,-3610.9148952515316
2460819.29375,3913.039646687504,-1816.952627075767,-3375.994861668611
2460819.2944444446,4230.381906285878,-1553.9576719082752,-3114.1866299135118
2460819.295138889,4514.126613073551,-1278.6001783739064,-2827.5582741260873
2460819.2958333334,4761.995384584564,-993.0616059843246,-2518.3782796379114
2460819.296527778,4971.991881401767,-699.6076448591718,-2189.0983382778
2460819.297222222,5142.418967881722,-400.5704505424935,-1842.3344608503087
2460819.2979166666,5271.893598465966,-98.33013120584708,-1480.8465205312757
2460819.298611111,5359.359221715556,204.70436079360118,-1107.5163741428078
2460819.2993055554,5404.095516595763,506.11476404690944,-725.3247361616167
2460819.3,5405.725303050488,803.4932857639379,-337.3270070204529
2460819.300694444,5364.218502416102,1094.4624239606317,53.37171624468048
2460819.301388889,5279.893062942165,1376.6946298314608,443.64220082017056
2460819.3020833335,5153.41280976646,1647.931599621361,830.3569447879875
2460819.302777778,4985.782224645527,1906.0029918780522,1210.4160809428342
2460819.3034722223,4778.338206573881,2148.8443715569947,1580.773044543835
2460819.3041666667,4532.7389096198995,2374.5141950922025,1938.4597365676523
2460819.304861111,4250.949796589872,2581.209667531027,2280.6109251231096
2460819.3055555555,3935.227081475039,2767.281325480488,2604.4876481700135
2460819.30625,3588.0987681409174,2931.2462193143783,2907.499397327202
2460819.3069444443,3212.3435114544664,3071.799596659651,3187.224894896215
2460819.3076388887,2810.9675456017417,3187.8250112335563,3441.431300255587
2460819.308333333,2387.179932525819,3278.402805633887,3668.0917118819016
2460819.309027778,1944.366382982817,3342.8169389969676,3865.4008607985656
2460819.3097222224,1486.061899300606,3380.5601487905537,4031.7889165495058
2460819.310416667,1015.9224794998569,3391.3374519846116,4165.933350543534
2460819.311111111,537.6961053267665,3375.068002972783,4266.768822338929
2460819.3118055556,55.19322842715434,3331.885333344043,4333.495067053402
2460819.3125,-427.74305070519256,3262.136004323555,4365.582774832742
2460819.3131944444,-907.2669284282609,3166.3767044845727,4362.777458835426
2460819.313888889,-1379.5597932992207,3045.369826106932,4325.101311079088
2460819.314583333,-1840.8599062003002,2900.077552326301,4252.853046303046
2460819.3152777776,-2287.491696567216,2731.6544877179763,4146.60573344483
2460819.315972222,-2715.8945085713067,2541.438864344902,4007.2026139422337
2460819.316666667,-3122.6506238074885,2330.942356752782,3835.750905964289
2460819.3173611113,-3504.5123704188836,2101.838547437779,3633.6135999255293
2460819.3180555557,-3858.4281288246134,1855.9500869316555,3402.399254277078
2460819.31875,-4181.567021847013,1595.234608094106,3143.9498153454724
2460819.3194444445,-4471.342072725609,1321.7694657876877,2860.3264994706947
2460819.320138889,-4725.431607479985,1037.735388617064,2553.793794650718
2460819.3208333333,-4941.798670299954,745.3991536290188,2226.8016690477507
2460819.3215277777,-5118.708234589537,447.09540477907245,1881.9660906107035
2460819.322222222,-5254.741992623189,145.20776514142057,1522.0480005296001
2460819.3229166665,-5348.810530138943,-157.85059169593663,1149.9309094970645
2460819.323611111,-5400.16271844691,-459.65673340304176,768.5973082906744
2460819.324305556,-5408.392184869091,-757.7979239280575,381.1041202841846
2460819.325,-5373.440764130886,-1049.8915433733434,-9.442568174336886
2460819.3256944446,-5295.598873267926,-1333.6047581515281,-399.9132325877854
2460819.326388889,-5175.502799718378,-1606.6737387268101,-787.1808271979628
2460819.3270833334,-5014.128937739923,-1866.9222206274649,-1168.1466172967343
2460819.327777778,-4812.785053845743,-2112.279219700175,-1539.7656587307024
2460819.328472222,-4573.098705805163,-2340.7957258620736,-1899.0716624796084
2460819.3291666666,-4297.00297624763,-2550.660222489631,-2243.201002629161
2460819.329861111,-3986.719716321036,-2740.2128983400544,-2569.415642861316
2460819.3305555554,-3644.7405187838704,-2907.958445666555,-2875.1247852846295
2460819.33125,-3273.8056596206734,-3052.577361980073,-3157.9050713251963
2460819.331944444,-2876.8812564429904,-3172.935698725017,-3415.5191958200094
2460819.332638889,-2457.134893489434,-3268.0932232420214,-3645.932825357889
2460819.334027778,-1562.6989569514208,-3380.051254094803,-4018.125126991972
2460819.3347222223,-1095.1159377378626,-3395.9909593608663,-4156.9770422129195
2460819.3354166667,-618.8683875035812,-3385.013469833131,-4262.795938153734
2460819.336111111,-137.72863111158043,-3347.2139363731644,-4334.752338964814
2460819.3368055555,344.49499974044016,-3282.8971187268057,-4372.282615232707
2460819.3375,823.987101134839,-3192.574770311773,-4375.092882319077
2460819.3381944443,1296.954089142626,-3076.96160803103,-4343.161027160662
2460819.3388888887,1759.6529077395521,-2936.9698970576173,-4276.736867152901
2460819.339583333,2208.419418154808,-2773.7026766801814,-4176.340441380845
2460819.340277778,2639.6963322099828,-2588.445650153114,-4042.758429318374
2460819.3409722224,3050.060540603939,-2382.657762240357,-3877.0386899881173
2460819.341666667,3436.2496809954414,-2157.9604883701345,-3680.482913295739
2460819.342361111,3795.187773541861,-1916.125865236835,-3454.637378747419
2460819.3430555556,4124.0097383869315,-1659.0633001055787,-3201.2818234188744
2460819.34375,4420.0845924353025,-1388.8052095496234,-2922.4164347148935
2460819.3444444444,4681.037114514434,-1107.491550407299,-2620.246997621815
2460819.345138889,4904.767754658888,-817.3533268785862,-2297.1682508922236
2460819.345833333,5089.470564563476,-520.6951731251197,-1955.745527534112
2460819.3465277776,5233.648924424366,-219.87713643642817,-1598.6947884122822
2460819.347222222,5336.128856089339,82.70419794620513,-1228.8611825601772
2460819.347916667,5396.06972788042,384.63507789828884,-849.1962995807241
2460819.3486111113,5412.972181882784,683.5042714906225,-462.7343085345202
2460819.3493055557,5386.68314698029,976.9228769134463,-72.56720297448052
2460819.35,5317.397839114855,1262.5440512158723,318.18060469819824
2460819.3506944445,5205.658692503438,1538.0824524075265,706.3780841590615
2460819.351388889,5052.351210705882,1801.3331857635812,1088.9135119645343
2460819.3520833333,4858.696774197346,2050.190052226914,1462.7202460784772
2460819.3527777777,4626.242483386046,2282.6629118269,1824.8020849144077
2460819.353472222,4356.848165810933,2496.8939808907758,2172.257940644402
2460819.3541666665,4052.6707045278217,2691.172914952079,2502.305592462711
2460819.354861111,3716.145887484377,2863.9505385865937,2812.3042867029144
2460819.355555556,3349.9679975510016,3013.8511156726895,3099.775987721219
2460819.35625,2957.0673817961206,3139.6830760312273,3362.42510799201
2460819.3569444446,2540.586251746613,3240.448137667823,3598.1565731006217
2460819.357638889,2103.852967823224,3315.348787697798,3805.0921083882245
2460819.3583333334,1650.3550587409093,3363.794104581591,3981.5846605610636
2460819.359027778,1183.7112174086274,3385.403921183099,4126.230892437298
2460819.359722222,707.6425038063452,3380.011341063567,4237.88170913437
2460819.3604166666,225.94297222630803,3347.6636302899683,4315.650790597074
2460819.361111111,-257.5500789035797,3288.6215131845042,4358.921118513358
2460819.3618055554,-738.9860458077161,3203.3569032558325,4367.349491848006
2460819.3625,-1214.530969951063,3092.549101923065,4340.869030011022
2460819.363194444,-1680.397332102385,2957.079497170898,4279.689664033413
2460819.363888889,-2132.8735256332225,2798.0247929637912,4184.296615204655
2460819.3645833335,-2568.3528391462005,2616.6488013388494,4055.446860402285
2460819.365277778,-2983.3617774219783,2414.3928297000944,3894.163583678636
2460819.3659722223,-3374.5875395313146,2192.8646995521935,3701.728615939743
2460819.3666666667,-3738.904460807807,1953.8264399961902,3479.6728708850496
2460819.367361111,-4073.399213680166,1699.1807093894267,3229.764795908875
2460819.3680555555,-4375.394553247931,1430.9560103968388,2953.996870255377
2460819.36875,-4642.471383403074,1151.290780363076,2654.570202531111
2460819.3694444443,-4872.488916163915,862.4164565311152,2333.877302417462
2460819.3701388887,-5063.602698456843,566.639635064408,1994.4831276412497
2460819.370833333,-5214.280288545952,266.3234632894248,1639.1045363412775
2460819.371527778,-5323.314380793087,-36.13157738019942,1270.5883027785696
2460819.3722222224,-5389.8331994505415,-338.3073222923288,891.8878834773924
2460819.372916667,-5413.308012050162,-637.7878159419479,506.03914991871625
2460819.373611111,-5393.557650795965,-932.1792469707758,116.13532181083141
2460819.3743055556,-5330.749969722834,-1219.1297185031692,-274.69864466952055
2460819.3756944444,-5078.366300968949,-1761.6255582746728,-1046.6538091446328
2460819.376388889,-4890.841138386226,-2012.8481751146305,-1421.599144401211
2460819.377083333,-4664.341990037428,-2248.019464181396,-1785.1736083615606
2460819.3777777776,-4400.697137322978,-2465.2736332574777,-2134.477929640045
2460819.378472222,-4102.029961764326,-2662.8908462456197,-2466.7312048081935
2460819.379166667,-3770.74068170788,-2839.3105699700527,-2779.2929782125234
2460819.3798611113,-3409.485970384477,-2993.1434592362184,-3069.6839274446056
2460819.3805555557,-3021.1567042218094,-3123.1817117803475,-3335.6050016396593
2460819.38125,-2608.854090438196,-3228.4078522134164,-3574.9548957343054
2460819.3819444445,-2175.864423666955,-3308.0019236721587,-3785.8457695470024
2460819.382638889,-1725.6327124978654,-3361.3470849423607,-3966.617148003783
2460819.3833333333,-1261.7354054963823,-3388.033625523615,-4115.847961342404
2460819.3840277777,-787.8524247994477,-3387.861422545142,-4232.366704841025
2460819.384722222,-307.7387102524944,-3360.8408697292703,-4315.259707560434
2460819.3854166665,174.80455823435162,-3307.192313465932,-4363.877514947916
2460819.386111111,655.9588935647533,-3227.3440302119916,-4377.839389501827
2460819.386805556,1131.9174399113547,-3121.9287790058934,-4357.035937305483
2460819.3875,1598.9137800654787,-2991.778958885301,-4301.629866072312
2460819.3881944446,2053.2504747856824,-2837.9203974420857,-4212.0548754242
2460819.388888889,2491.3271937793684,-2661.5647950382345,-4089.012676789219
2460819.3895833334,2909.668299984595,-2464.100845227009,-3933.4681354003455
2460819.390277778,3304.949727718783,-2247.0840563565985,-3746.642527390687
2460819.390972222,3674.024992356844,-2012.2252996801105,-3530.004904772379
2460819.3916666666,4013.950148721318,-1761.378117941169,-3285.2615675778716
2460819.392361111,4322.007500069745,-1496.5248398965837,-3014.34365405989
2460819.3930555554,4595.727848921068,-1219.7615587007203,-2719.3928740021124
2460819.39375,4832.911070418929,-933.2820483630926,-2402.7454293755773
2460819.394444444,5031.644780587984,-639.360714732271,-2066.9141940850227
2460819.395138889,5190.320877620734,-340.3346929589847,-1714.5692465732
2460819.3958333335,5307.649737289466,-38.58522921407741,-1348.5168837744834
2460819.396527778,5382.671862365646,263.4814996027923,-971.6772704126037
2460819.3972222223,5414.766806708266,563.4539531102835,-587.060910518094
2460819.3979166667,5403.659226057803,858.9349946628993,-197.74415110456712
2460819.398611111,5349.421942214809,1147.561658947461,193.1560473402481
2460819.3993055555,5252.4759502125635,1427.024708549875,582.5078132101262
2460819.4,5113.587341504981,1695.0877794086455,967.1902829697036
2460819.4006944443,4933.861163178314,1949.60590474743,1344.1194562683202
2460819.4013888887,4714.7322792855075,2188.5432250482945,1710.2737182048465
2460819.402083333,4457.953344988372,2409.9897022151786,2062.7187627378876
2460819.402777778,4165.580041469449,2612.1766771882058,2398.63166947255
2460819.4034722224,3839.953760536943,2793.491125887044,2715.3238961980146
2460819.404166667,3483.681947685354,2952.4884997350105,3010.2629855155474
2460819.404861111,3099.6163413098143,3087.904054647504,3281.09279977713
2460819.4055555556,2690.829353504864,3198.6626013275695,3525.6521346040804
2460819.40625,2260.588846255824,3283.886630874236,3741.9915870892673
2460819.4069444444,1812.331555290871,3342.902791149308,3928.388583586533
2460819.407638889,1349.6354058777647,3375.2467073282533,4083.3604979097267
2460819.408333333,876.1909588632002,3380.66615401629,4205.675810997399
2460819.4090277776,395.7722011813824,3359.1225981322646,4294.3632848808975
2460819.409722222,-87.79310856070987,3310.7911375090857,4348.719132569696
2460819.410416667,-570.6533469446853,3236.0588657424023,4368.312177395598
2460819.4111111113,-1048.9630101403777,3135.5216944491694,4352.987000511064
2460819.4118055557,-1518.9126022984494,3009.9796641615667,4302.865075549077
2460819.4125,-1976.7582588100186,2860.430775568672,4218.343890964311
2460819.4131944445,-2418.8509431040256,2688.0633705216933,4100.094059220889
2460819.413888889,-2841.6650436873097,2494.2470943854514,3949.0544117146032
2460819.4145833333,-3241.8261933260724,2280.5224738012953,3766.4250802874244
2460819.4152777777,-3616.1381192007225,2048.5891509072026,3553.658572206608
2460819.415972222,-3961.6083269863,1800.2928207998489,3312.4488517589284
2460819.417361111,-4555.216721104726,1262.637235402744,2752.60369411011
2460819.418055556,-4798.599301373918,977.5652451044041,2438.437986632922
2460819.41875,-5003.668637879559,684.6707700931271,2104.7334538127798
2460819.4194444446,-5168.780227836327,386.2936024669468,1754.1608581083538
2460819.420138889,-5292.6106229864245,84.81853867973997,1389.5280568776745
2460819.4208333334,-5374.168803328696,-217.34410162487356,1013.7571454185583
2460819.421527778,-5412.804717028922,-517.778276964792,629.8604913557466
2460819.422222222,-5408.214859010599,-814.082144265004,240.91589461130724
2460819.4229166666,-5360.444803130391,-1103.8878956808514,-149.9588815037971
2460819.423611111,-5269.88864524883,-1384.8813004686863,-539.6319404777392
2460819.4243055554,-5137.285361128047,-1654.8207481855627,-924.9831756556905
2460819.425,-4963.712129228206,-1911.5555931131792,-1302.9300113944282
2460819.425694444,-4750.574713784996,-2153.043614030306,-1670.4526951891107
2460819.426388889,-4499.595044434536,-2377.367420972582,-2024.6188865218442
2460819.4270833335,-4212.796165055939,-2582.749660677817,-2362.607305393482
2460819.427777778,-3892.484757821572,-2767.5668939507386,-2681.7302233944115
2460819.4284722223,-3541.231465401864,-2930.362047908885,-2979.4546147375677
2460819.4291666667,-3161.849256664765,-3069.855365238273,-3253.4218042778875
2460819.429861111,-2757.370085254595,-3184.953800678118,-3501.4654853397187
2460819.4305555555,-2331.020088899843,-3274.7588368566276,-3721.628009418145
2460819.43125,-1886.1935772833112,-3338.5727091579042,-3912.1748731405564
2460819.4319444443,-1426.4260390122724,-3375.9030477598358,-4071.6073566453506
2460819.4326388887,-955.3663863270338,-3386.4659560144246,-4198.6732853164285
2460819.433333333,-476.74863797144434,-3370.187553190249,-4292.375903240043
2460819.434027778,5.636777287599079,-3327.204014286319,-4351.980857548513
2460819.4347222224,487.97192842461095,-3257.8601413665097,-4377.0212987926025
2460819.435416667,966.4403527989059,-3162.706499305639,-4367.301105219136
2460819.436111111,1437.255942263791,-3042.4951468728523,-4322.896236415231
2460819.4368055556,1896.6916117535661,-2898.173989753503,-4244.154219383671
2460819.4375,2341.1076113263366,-2730.879779604264,-4131.691765141253
2460819.4381944444,2766.9793406125664,-2541.929781152064,-3986.390510495596
2460819.438888889,3170.924518572502,-2332.812127788479,-3809.390876028613
2460819.439583333,3549.7295410694082,-2105.1748921353765,-3602.084034313655
2460819.4402777776,3900.3748541382106,-1860.813899978263,-3366.1019839566766
2460819.440972222,4220.059147101832,-1601.6593291678976,-3103.3057369663497
2460819.441666667,4506.222161561835,-1329.76114494443,-2815.771638332519
2460819.4423611113,4756.565896728155,-1047.2734417324928,-2505.7758577944637
2460819.4430555557,4969.073989400776,-756.4377754254568,-2175.7771120152247
2460819.44375,5142.0290381014765,-459.56559779070074,-1828.3977098033258
2460819.4444444445,5274.027655277353,-159.01991590126352,-1466.4030314936772
2460819.445138889,5363.993036654524,142.80367204598642,-1092.6795921570695
2460819.4458333333,5411.184861022485,443.4963967405586,-710.2118655529634
2460819.4465277777,5415.206361779239,740.6560144199364,-322.05806714741044
2460819.447222222,5376.008442969767,1031.9065780228768,68.67486813998353
2460819.4479166665,5293.890755269098,1314.9180833062494,458.8568713112606
2460819.448611111,5169.499689570302,1587.4257783846535,845.3606200483903
2460819.449305556,5003.823292459602,1847.248932779332,1225.0874460635775
2460819.45,4798.183153575994,2092.3088671498476,1594.9929959810836
2460819.4506944446,4554.22336159971,2320.6460556321276,1952.1123754638897
2460819.451388889,4273.896664371423,2530.436133632144,2293.5845241831703
2460819.4520833334,3959.448009011905,2720.0046593167735,2616.675579507382
2460819.452777778,3613.3956654867043,2887.840503951892,2918.8010151562144
2460819.453472222,3238.510159604803,3032.607769364283,3197.5463658463814
2460819.4541666666,2837.7912647697185,3153.1561524052254,3450.686371655955
2460819.454861111,2414.443297380429,3248.5297060967328,3676.2024160612964
2460819.4555555554,1971.8489732299633,3317.97396290918,3872.29814960767
2460819.45625,1513.5420733141877,3360.941407580957,4037.4132224831174
2460819.456944444,1043.179154074095,3377.0953024505716,4170.235073328194
2460819.457638889,564.5105316789974,3366.3118790903522,4269.708737545059
2460819.459027778,-402.4512887499515,3264.5047551712382,4365.724478533368
2460819.4597222223,-883.042289877207,3174.2957126329957,4361.504844747524
2460819.4604166667,-1356.5945516489148,3058.772039500747,4322.419165997477
2460819.461111111,-1819.3357079598916,2918.8523376413873,4248.777384216394
2460819.4618055555,-2267.578114890763,2755.6485364132354,4141.163722171274
2460819.4625,-2697.747701927861,2570.457432810553,4000.432418088556
2460819.4631944443,-3106.412104039948,2364.75083402402,3827.701447097495
2460819.4638888887,-3490.3078973722727,2140.164336632581,3624.3442318706807
2460819.464583333,-3846.366736360198,1898.4847886797306,3391.9793548512566
2460819.465277778,-4171.740185577147,1641.6364889125555,3132.458294215485
2460819.4659722224,-4463.823025562086,1371.6661931069466,2847.851223321599
2460819.466666667,-4720.274806281222,1090.7270136315642,2540.430933823256
2460819.467361111,-4939.039421400952,801.0613148061949,2212.6549644773368
2460819.4680555556,-5118.36247505787,504.98273191922414,1867.1460508840569
2460819.46875,-5256.806230899314,204.8574539873601,1506.671031925153
2460819.4694444444,-5353.261944663876,-96.9150636529087,1134.1183855564618
2460819.470138889,-5406.959411138077,-397.9217793855788,752.4745885002023
2460819.470833333,-5417.473586101108,-695.7559407309775,364.79952704856595
2460819.4715277776,-5384.728184637012,-988.0369574437984,-25.798803895589945
2460819.472222222,-5308.996196941489,-1272.4300596434873,-416.190047751716
2460819.472916667,-5190.897310730216,-1546.6655350972944,-803.2474111540164
2460819.4736111113,-5031.392274086334,-1808.557345298621,-1183.8734956084932
2460819.4743055557,-4831.774279243172,-2056.0209272489024,-1555.0257632544124
2460819.475,-4593.657491262544,-2287.090005657336,-1913.7413769956395
2460819.4756944445,-4318.962881325241,-2499.9322617707116,-2257.1611748078303
2460819.476388889,-4009.9015598898377,-2692.8637230999784,-2582.552553018535
2460819.4770833333,-3668.9558313589114,-2864.361764545303,-2887.331061291936
2460819.4777777777,-3298.8582025860833,-3013.0766401159412,-3169.080546945322
2460819.478472222,-2902.56859949782,-3137.841481533521,-3425.5717034546087
2460819.4791666665,-2483.2500385850167,-3237.680729944743,-3654.7789191207316
2460819.479861111,-2044.243002225671,-3311.8169836774637,-3854.895343533597
2460819.480555556,-1589.0387523477507,-3359.6762640236625,-4024.346118239693
2460819.48125,-1121.2518099955964,-3380.8917132505785,-4161.79973612552
2460819.4819444446,-644.5918001099081,-3375.305750522405,-4266.177516171867
2460819.482638889,-162.8348596344809,-3342.970715731157,-4336.661186567673
2460819.4833333334,320.2052316138159,-3284.1480348926452,-4372.698583289809
2460819.484027778,800.7060270511672,-3199.3059404158494,-4374.007468382793
2460819.484722222,1274.8653639357804,-3089.1157764732216,-4340.577476939309
2460819.4854166666,1738.9301410448027,-2954.4469176214384,-4272.6701953894435
2460819.486111111,2189.2247917918694,-2796.360324303328,-4170.817371250832
2460819.4868055554,2622.1793104453336,-2616.1007575484937,-4035.817250029469
2460819.4875,3034.3566892954864,-2415.087671933336,-3868.7290305660986
2460819.488194444,3422.4796010563778,-2194.9048121663945,-3670.865432831789
2460819.488888889,3783.4561618848556,-1957.2885375696715,-3443.7833711075127
2460819.4895833335,4114.404581650093,-1704.114912549765,-3189.27273713852
2460819.490277778,4412.676501586184,-1437.3856095642543,-2909.343307757716
2460819.4909722223,4675.878805420496,-1159.2126857594792,-2606.2098078767144
2460819.4916666667,4901.893677061925,-871.802316408061,-2282.2751859618174
2460819.492361111,5088.896683581957,-577.4375791424588,-1940.1121750691354
2460819.4930555555,5235.3726533123,-278.4604161972257,-1582.4432542629431
2460819.49375,5340.1291412951305,22.747091140170788,-1212.1191397701134
2460819.4944444443,5402.307282685546,323.7819698414731,-832.0959788412399
2460819.4951388887,5421.389866289333,622.2399503092023,-445.4114368265219
2460819.495833333,5397.206488947255,915.7352153764995,-55.159900738519006
2460819.496527778,5329.935691557486,1201.92010010385,335.5329565851665
2460819.4972222224,5220.104019486675,1478.5045383370848,723.535996728066
2460819.497916667,5068.581995838356,1743.2750454651832,1105.7385463450935
2460819.498611111,4876.577042510813,1994.1130377257102,1479.0761676799339
2460819.4993055556,4645.62343017901,2229.012295683885,1840.555997107464
2460819.5006944444,4074.5614796026407,2643.6289616881913,2516.475647189096
2460819.501388889,3739.0266113397947,2820.0375704793064,2825.5045328764163
2460819.502083333,3373.6516057055387,2973.916255788738,3111.8975005855327
2460819.5027777776,2981.360868946849,3104.041466925091,3373.3673387967788
2460819.503472222,2565.292227834173,3209.3804552338256,3607.8281665921118
2460819.504166667,2128.7712472171047,3289.0990364138056,3813.411642356245
2460819.5048611113,1675.284270236691,3342.567710374608,3988.481303428283
2460819.5055555557,1208.450423567276,3369.366135353466,4131.644975384485
2460819.50625,731.99281911416,3369.2859664689945,4241.765210312061
2460819.5069444445,249.7091598757816,3342.332078395175,4317.967731813162
2460819.507638889,-234.5580342850632,3288.722197717415,4359.647870644681
2460819.5083333333,-716.9514124670648,3208.8849738809845,4366.474990369375
2460819.5090277777,-1193.6287969585205,3103.456519216142,4338.394898739839
2460819.509722222,-1660.793047738129,2973.275447201322,4275.630246766545
2460819.5104166665,-2114.7216155606357,2819.3764385290915,4178.67891458905
2460819.511111111,-2551.79561868088,2642.9823634782088,4048.3103831981757
2460819.511805556,-2968.5282680192636,2445.4949914692493,3885.560091624132
2460819.5125,-3361.59245922423,2228.484321768296,3691.72178173112
2460819.5131944446,-3727.847336129575,1993.6765771566133,3468.3378399325893
2460819.513888889,-4064.363623942652,1742.9409088369146,3217.1876524454256
2460819.5145833334,-4368.447508461077,1478.2748804078221,2940.274011659352
2460819.515277778,-4637.662844637591,1201.7888047804627,2639.807621219724
2460819.515972222,-4869.851457921929,915.6890367528472,2318.189781146514
2460819.5166666666,-5063.151316237004,622.2603342266186,1977.9933515190817
2460819.517361111,-5216.012350846891,323.8474274947149,1621.9421283392498
2460819.5180555554,-5327.209724507842,22.83595085452268,1252.8887893946649
2460819.51875,-5395.854365171132,-278.3670868728374,873.7916017630178
2460819.519444444,-5421.4006165828305,-577.3531064583495,487.69010300952635
2460819.520138889,-5403.65089122915,-871.7318348828574,97.67999623252358
2460819.5208333335,-5342.757253779873,-1159.1510494690228,-293.1124875999076
2460819.521527778,-5239.219907516083,-1437.3159796629207,-681.5564902716889
2460819.5222222223,-5093.882602224486,-1704.0081646687959,-1064.542420312352
2460819.5229166667,-4907.925029868617,-1957.1035679176327,-1439.0075634824082
2460819.523611111,-4682.85231583333,-2194.589771156588,-1801.961151822089
2460819.5243055555,-4420.481755861806,-2414.5820821906327,-2150.508638180493
2460819.525,-4122.926982787762,-2615.338415243057,-2481.8749477488477
2460819.5256944443,-3792.579773518061,-2795.272826936289,-2793.4265033484794
2460819.5263888887,-3432.08973159936,-2952.9676127682405,-3082.691843988174
2460819.527083333,-3044.3420876528626,-3087.183897995429,-3347.380692626694
2460819.527777778,-2632.4338690474183,-3196.8706770399913,-3585.4013535584186
2460819.5284722224,-2199.648691257649,-3281.172277385441,-3794.8763485074946
2460819.529166667,-1749.4304036741203,-3339.4342454402486,-3974.156233581008
2460819.529861111,-1285.355826942054,-3371.207661894812,-4121.831551904503
2460819.5305555556,-811.106787032924,-3376.2519095516004,-4236.742904783467
2460819.53125,-330.4416415570559,-3354.535921108,-4317.98913276945
2460819.5319444444,152.8335203258325,-3306.2379391263953,-4364.933607804078
2460819.532638889,634.8938498689952,-3231.7438209886386,-4377.20864462454
2460819.533333333,1111.9247292395214,-3131.6439197562236,-4354.718037441105
2460819.5340277776,1580.1506423861667,-3006.7285689363694,-4297.637727388093
2460819.534722222,2035.8637887687876,-2857.9821958178286,-4206.414601807923
2460819.535416667,2475.452302745071,-2686.576084847159,-4081.763422063737
2460819.5361111113,2895.4279350785905,-2493.859810752336,-3924.6618726253605
2460819.5368055557,3292.4530390974687,-2281.351363587412,-3736.343724142235
2460819.5375,3663.3666979000486,-2050.7259886739275,-3518.290102929891
2460819.5381944445,4005.209804700575,-1803.8037756671981,-3272.2188687405264
2460819.538888889,4315.248903620588,-1542.5360362211834,-3000.072108828222
2460819.5395833333,4590.998574344941,-1268.990529631507,-2704.0017774480866
2460819.5402777777,4830.242143469734,-985.3356063574117,-2386.3535240655847
2460819.540972222,5031.050491088447,-693.8233659276533,-2049.6487856364533
2460819.542361111,5311.180551035941,-96.54700863025144,-1329.915712720311
2460819.543055556,5388.219982234071,204.4572032346418,-952.625819036157
2460819.54375,5422.280470570212,503.8374400268779,-567.7103120006161
2460819.5444444446,5413.071046184032,799.2010869154301,-178.24856948347912
2460819.545138889,5360.649510682409,1088.1859016296578,212.64067831399623
2460819.5458333334,5265.422558997425,1368.4795640881766,601.8250777775364
2460819.546527778,5128.1428105113755,1637.8388439283601,986.1845803826081
2460819.547222222,4949.902769050601,1894.108179685558,1362.637295095008
2460819.5479166666,4732.1257770892225,2135.237475615301,1728.1649945952352
2460819.548611111,4476.5540737304145,2359.2989339031355,2079.8380104486414
2460819.5493055554,4185.234107798751,2564.5027572154663,2414.839265194675
2460819.55,3860.499288701655,2749.2115809082834,2730.4872138845485
2460819.550694444,3504.950388893417,2911.953513831228,3024.257486065336
2460819.551388889,3121.433834037341,3051.43369195342,3293.803047224349
2460819.5520833335,2713.0181220879745,3166.544276578323,3536.972733697804
2460819.552777778,2282.968631772913,3256.3728458092496,3751.8280330917523
2460819.5534722223,1834.7210645642074,3320.209155168018,3936.658022030329
2460819.5541666667,1371.853772343274,3357.5502559990105,4089.9923883968904
2460819.554861111,898.0591970197407,3368.1039783501556,4210.612495259183
2460819.5555555555,417.1146518737522,3351.790793161361,4297.560454026298
2460819.55625,-67.14736183556201,3308.744077742718,4350.146194908634
2460819.5569444443,-550.8690980358558,3239.3088116935537,4367.95252454532
2460819.5576388887,-1030.197602372721,3144.038732046648,4350.838171534463
2460819.558333333,-1501.3146593441834,3023.691977644759,4298.938818415581
2460819.559027778,-1960.4664938925837,2879.2252497505274,4212.666120497032
2460819.5597222224,-2403.9930515043543,2711.786518546269,4092.704710702467
2460819.560416667,-2828.3566905338107,2522.706303732407,3940.0071896870318
2460819.561111111,-3230.1701059603174,2313.4875613009744,3755.787102177929
2460819.5618055556,-3606.2232937185454,2085.7942143707855,3541.50990591283
2460819.5625,-3953.5093545582217,1841.4383737329067,3298.8819476470157
2460819.5631944444,-4269.248921475794,1582.3663075607697,3029.837475833303
2460819.563888889,-4550.912990138466,1310.6432317310969,2736.52373473427
2460819.564583333,-4796.243920236476,1028.4370138993334,2421.2842111071536
2460819.5652777776,-5003.274383311353,738.0008968048822,2086.640122959465
2460819.565972222,-5170.344028956946,441.65537541071274,1735.2702776108101
2460819.566666667,-5296.113663959288,141.7693726460285,1369.9894449216995
2460819.5673611113,-5379.576752235338,-159.25911430565208,993.7254302186864
2460819.5680555557,-5420.068076481226,-459.02271633756845,609.4950503772145
2460819.56875,-5417.269433804572,-755.1245439687107,220.37924768420172
2460819.5694444445,-5371.212279270565,-1045.1979876245716,-170.50241344385563
2460819.570138889,-5282.277274263686,-1326.9262520707953,-560.0175939975325
2460819.5708333333,-5151.190743035887,-1598.0614262861084,-945.0471098553205
2460819.5715277777,-4979.0180879652635,-1856.4428833951367,-1322.5106617327258
2460819.572222222,-4767.154257117405,-2100.014828994002,-1689.3921055023313
2460819.5729166665,-4517.311402062219,-2326.842824133151,-2042.7640031468238
2460819.573611111,-4231.503898101035,-2535.12913565992,-2379.8112213650775
2460819.574305556,-3912.0309298777315,-2723.226786985696,-2697.8533644372073
2460819.575,-3561.4568699316646,-2889.6522063906623,-2994.36585378853
2460819.5756944446,-3182.589692201086,-3033.0963961876396,-3266.9994977399333
2460819.576388889,-2778.4576676200963,-3152.4345705797414,-3513.5984259933534
2460819.5770833334,-2352.2845945542513,-3246.7342298373624,-3732.2162883113006
2460819.577777778,-1907.4638078846026,-3315.261660104287,-3921.1306476424297
2460819.578472222,-1447.5311949190198,-3357.486864289712,-4078.8555230547167
2460819.5791666666,-976.1374416764455,-3373.0869397920296,-4204.1520528519695
2460819.579861111,-497.0197036342454,-3361.947929697594,-4296.0372695585365
2460819.5805555554,-13.972889287010629,-3324.1651773935114,-4353.790984405825
2460819.58125,469.17928500442315,-3260.042216651645,-4376.960788591368
2460819.581944444,948.6133068387356,-3170.088228679734,-4365.365177105474
2460819.582638889,1420.5348153070456,-3055.014093517935,-4319.094802324124
2460819.584027778,2326.98066965131,-2753.324070536556,-4124.247600131879
2460819.5847222223,2754.318807679752,-2569.0837129221563,-3977.1979736467524
2460819.5854166667,3159.827189637321,-2364.4568996323424,-3798.517378774278
2460819.586111111,3540.2791748507616,-2141.056216134576,-3589.6105280387933
2460819.5868055555,3892.6415278854042,-1900.6440155832793,-3352.1224167905134
2460819.5875,4214.098734028438,-1645.1192797064748,-3087.926403817754
2460819.5881944443,4502.075930062505,-1376.5033028092414,-2799.11042796191
2460819.5888888887,4754.260238458163,-1096.9242604313588,-2487.9613954384977
2460819.589583333,4968.620272895749,-808.600751731906,-2156.9478046907557
2460819.590277778,5143.423590678396,-513.8244184481156,-1808.7006957379192
2460819.5909722224,5277.251868870204,-214.94176753577096,-1445.9930433579632
2460819.591666667,5369.013595817724,85.6646570734684,-1071.7177408368816
2460819.592361111,5417.954088707773,385.59558658252087,-688.864353473488
2460819.5930555556,5423.66267709407,682.4546421239193,-300.49484588616116
2460819.59375,5386.076925950397,973.8680562353323,90.28148621934142
2460819.5944444444,5305.483811780043,1257.5042988468733,480.3336325070289
2460819.595138889,5182.517810069636,1531.093396272109,866.5347634557345
2460819.595833333,5018.1558970214355,1792.4457429664203,1245.7881405803932
2460819.5965277776,4813.709517140693,2039.4702017707612,1615.0527611502735
2460819.597222222,4570.81361067673,2270.19130959085,1971.3684754664673
2460819.597916667,4291.412840073777,2482.7654146980326,2311.8803166747116
2460819.5986111113,3977.7451867727937,2675.495598110327,2633.861810189736
2460819.5993055557,3632.3231256799877,2846.845248250713,2934.737043605968
2460819.6,3257.912601128861,2995.450187752834,3212.101313106974
2460819.6006944445,2857.5100516684734,3120.129270256373,3463.740182134642
2460819.601388889,2434.3177333679514,3219.8933926963823,3687.6468239915853
2460819.6020833333,1991.7175937465822,3293.9528885088826,3882.037546019337
2460819.6027777777,1533.2439441856839,3341.7232858354055,4045.3654188287333
2460819.603472222,1062.5551695899699,3362.8294305454024,4176.33195723095
2460819.6041666665,583.404701829146,3357.1079863362397,4273.896819009287
2460819.604861111,99.6114593694528,3324.6083323926955,4337.285504147743
2460819.605555556,-384.9700399023531,3265.591883629441,4365.995042357423
2460819.60625,-866.4797176895152,3180.5298619748933,4359.797668359167
2460819.6069444446,-1341.0819513408296,3070.09954649572,4318.742483497201
2460819.607638889,-1804.9953933708691,2935.1790316468678,4243.155104291124
2460819.6083333334,-2254.522439872475,2776.840518353708,4133.6352964483785
2460819.609027778,-2686.0781626728494,2596.342169419179,3991.052594846335
2460819.609722222,-3096.2185415855974,2395.1185559669775,3816.5399082885733
2460819.6104166666,-3481.667802970332,2174.7697312391797,3611.4851138539157
2460819.611111111,-3839.3446671747524,1937.0489739700092,3377.5206527730384
2460819.6118055554,-4166.3872952779475,1683.84925385861,3116.5111509628186
2460819.6125,-4460.176711968747,1417.188487766553,2830.539105944562
2460819.613194444,-4718.358478951425,1139.1936691141946,2521.888700034513
2460819.613888889,-4938.8623887803315,852.083972086674,2193.0278243008406
2460819.6145833335,-5119.919949663026,558.152956590697,1846.5884302696172
2460819.615277778,-5260.0794500787815,259.75001207894525,1485.3453465896962
2460819.6159722223,-5358.21840335547,-40.73879548161565,1112.193734766047
2460819.6166666667,-5413.553201687192,-340.91029554224514,730.1253823419598
2460819.617361111,-5425.645840844572,-638.3640120972068,342.20405669687705
2460819.6180555555,-5394.407614548283,-930.7219874240357,-48.459835181613954
2460819.61875,-5320.099720956103,-1215.6484218129342,-438.73501845320334
2460819.6194444443,-5203.330769435102,-1490.8689237649219,-825.4952855769858
2460819.6201388887,-5045.051221408096,-1754.1891687283755,-1205.6453216043874
2460819.620833333,-4846.544846492596,-2003.5127727915424,-1576.1461470244103
2460819.621527778,-4609.417316203865,-2236.858207700986,-1934.0399226592283
2460819.6222222224,-4335.582097229911,-2452.374598678539,-2276.473872086008
2460819.622916667,-4027.24383860039,-2648.356270350022,-2600.7231010697124
2460819.623611111,-3686.8794714116475,-2823.255930681562,-2904.2121202163526
2460819.6243055556,-3317.217259916343,-2975.6964059572374,-3184.5349029406093
2460819.6256944444,-2502.0309710797073,-3208.6015005804857,-3667.0140071306746
2460819.626388889,-2063.007821446787,-3287.2466290502953,-3865.363095382568
2460819.627083333,-1607.6364010119948,-3339.806241711382,-4032.9595695735666
2460819.6277777776,-1139.5329858326459,-3365.875986220745,-4168.486403857796
2460819.628472222,-662.4101677997899,-3365.2596209620756,-4270.879950038536
2460819.629166667,-180.04823991514422,-3337.9699640807394,-4339.33741226871
2460819.6298611113,303.73369771098965,-3284.2283691780985,-4373.322434942517
2460819.6305555557,785.106759777695,-3204.4627583577026,-4372.5688118273865
2460819.63125,1260.2612738459834,-3099.304241808644,-4337.082322369961
2460819.6319444445,1725.4356230990113,-2969.582348596377,-4267.140699403101
2460819.632638889,2176.9447915620312,-2816.3188913515155,-4163.291727305157
2460819.6333333333,2611.208473333856,-2640.720484570825,-4026.349466342278
2460819.6340277777,3024.778601786088,-2444.169733672942,-3857.388594175844
2460819.634722222,3414.3661305400788,-2228.2151188137973,-3657.736859277064
2460819.6354166665,3776.8669040233763,-1994.5595939892316,-3428.9656378461705
2460819.636111111,4109.386416674627,-1745.0479406770596,-3172.878602332564
2460819.636805556,4409.263266933684,-1481.6529161961937,-2891.4985128034855
2460819.6375,4674.091082930689,-1206.4602608219327,-2587.052167913474
2460819.6381944446,4901.738697809247,-921.652640133591,-2261.9535692580375
2460819.638888889,5090.3683463736015,-629.4926198499446,-1918.7853792505875
2460819.6395833334,5238.451656860607,-332.3047928872587,-1560.2787829234726
2460819.640277778,5344.783224442743,-32.45719637156027,-1189.2918905729766
2460819.640972222,5408.4915687855455,267.6578202214874,-808.7868523150025
2460819.6416666666,5429.047305954311,565.6431022275272,-421.8058777318041
2460819.642361111,5406.268394920902,859.1163771427906,-31.446388286802627
2460819.6430555554,5340.322359449104,1145.72992544687,359.16445929915653
2460819.64375,5231.725427708446,1423.1900236384931,746.8956126986816
2460819.644444444,5081.338577963348,1689.2759564512319,1128.6380617184498
2460819.645138889,4890.360525567015,1941.8583937760395,1501.3305972459093
2460819.6458333335,4660.317731986266,2178.9169417854246,1861.9851229605881
2460819.646527778,4393.051559990353,2398.5566909953027,2207.7112592475546
2460819.6472222223,4090.7027370848973,2599.023603790843,2535.7399962895875
2460819.6479166667,3755.693321901613,2778.7186052524357,2843.4461740698057
2460819.648611111,3390.70639518571,2936.2102642010855,3128.369591357255
2460819.6493055555,2998.6637135513524,3070.2459769419042,3388.234575728747
2460819.65,2582.701575472957,3179.761589167989,3620.9678745592378
2460819.6506944443,2146.1451528643456,3263.8894137221478,3824.714755558634
2460819.6513888887,1692.4815380837033,3321.9646220432137,3997.8532330346575
2460819.652083333,1225.3317471340706,3353.5300038442474,4139.006360451485
2460819.652777778,748.4219079781607,3358.339102478679,4247.052549828636
2460819.6534722224,265.55385045078674,3336.357743062072,4321.1338942471975
2460819.654166667,-219.42470406023222,3287.7639768131457,4360.662482332019
2460819.654861111,-702.6501648450017,3212.946468020646,4365.3246997037795
2460819.6555555556,-1180.2731287906256,3112.5013516187914,4335.083516806689
2460819.65625,-1648.4883069989203,2987.227587978459,4270.178763171031
2460819.6569444444,-2103.564147154523,2838.120843063345,4171.125388056951
2460819.657638889,-2541.871992616936,2666.3659185589277,4038.709705714883
2460819.658333333,-2959.914594573589,2473.3277625277165,3873.9836258927394
2460819.6590277776,-3354.353799002233,2260.5410914910594,3678.256871777612
2460819.659722222,-3722.0372132825255,2029.6986620438327,3453.0871935487544
2460819.660416667,-4060.0236415764352,1782.6382424024216,3200.268598791203
2460819.6611111113,-4365.60707386789,1521.32834400199,2921.8176333027873
2460819.6618055557,-4636.339001768341,1247.8527900277743,2619.957765836719
2460819.6625,-4870.0488271890845,964.3942196284872,2297.1019580466045
2460819.6631944445,-5064.862141626068,673.2166366492498,1955.833517073541
2460819.663888889,-5219.216648352031,376.6471456985895,1598.885371969982
2460819.6645833333,-5331.875529007977,77.05702448505983,1229.1179295679153
2460819.6652777777,-5401.938070940781,-223.15769225409903,849.4957031534908
2460819.665972222,-5428.84740515847,-521.5959297131666,463.06293029300014
2460819.667361111,-5352.72352542193,-1103.6322745290183,-317.81012148553947
2460819.668055556,-5250.322998689028,-1382.5806707540155,-705.9919975340619
2460819.66875,-5106.028666640103,-1650.4914541449323,-1088.5194213925802
2460819.6694444446,-4921.0122541847495,-1905.2304541482051,-1462.3331035576493
2460819.670138889,-4696.771749214399,-2144.7717368429157,-1824.4472858191823
2460819.6708333334,-4435.118187871099,-2367.213826657508,-2171.9739632482215
2460819.671527778,-4138.159863100873,-2570.7947288184646,-2502.1460714527125
2460819.672222222,-3808.284170387825,-2753.9056306783655,-2812.339432192263
2460819.6729166666,-3448.1373220710393,-2915.103188482473,-3100.093283859793
2460819.673611111,-3060.6021751804874,-3053.120329188201,-3363.129250734283
2460819.6743055554,-2648.7744243063244,-3166.8755200904,-3599.368634021479
2460819.675,-2215.9374051732557,-3255.4804817935546,-3806.947939119156
2460819.675694444,-1765.5357518539045,-3318.246336412335,-3984.2325760031868
2460819.676388889,-1301.1481340674854,-3354.688199502213,-4129.828695390657
2460819.6770833335,-826.4592817973519,-3364.528234725445,-4242.593141673817
2460819.677777778,-345.23149768402544,-3347.6971964402137,-4321.641513590924
2460819.6784722223,138.7241703348373,-3304.3344909454067,-4366.354337071098
2460819.6791666667,621.5769385680836,-3234.7867861439304,-4376.381356706157
2460819.679861111,1099.505322419946,-3139.605199080704,-4351.643952037742
2460819.6805555555,1568.726065773544,-3019.5410864871033,-4292.33568450968
2460819.68125,2025.5228206104641,-2875.5404615664706,-4198.9209753750765
2460819.6819444443,2466.2744427096072,-2708.7370560021573,-4072.131911146945
2460819.6826388887,2887.4827575645213,-2520.444045113709,-3912.96316914109
2460819.683333333,3285.799637121722,-2312.14445691778,-3722.6650564651877
2460819.684027778,3658.0532271624206,-2085.480283757681,-3502.7346529587817
2460819.6847222224,4001.273127797673,-1842.2403325653486,-3254.9050638546714
2460819.685416667,4312.71434031033,-1584.3468477962422,-2981.132787898216
2460819.686111111,4589.879757297887,-1313.8409670901333,-2683.5832336963713
2460819.6868055556,4830.540980308022,-1032.8670758634958,-2364.6144271650687
2460819.6875,5032.757230987186,-743.656155534466,-2026.758987007924
2460819.6881944444,5194.892132104607,-448.508233096088,-1672.7044647776631
2460819.688888889,5315.628136905166,-149.77406647934993,-1305.272181798236
2460819.689583333,5393.978404828023,150.16378450550158,-927.3947195188638
2460819.6902777776,5429.295941793859,448.910329030079,-542.0922539587597
2460819.690972222,5421.279855563634,744.0777721262389,-152.44794872127306
2460819.691666667,5369.978612730414,1033.3051996930603,238.41735578094298
2460819.6923611113,5275.790225047545,1314.2781170772341,627.3709021381113
2460819.6930555557,5139.459338928601,1584.7476309370604,1011.2939530741087
2460819.69375,4962.071246642593,1842.549074996296,1387.1076391746544
2460819.6944444445,4745.0428868442905,2085.619878860973,1751.7984383318114
2460819.695138889,4490.110942907329,2312.0165017017284,2102.443028999894
2460819.6958333333,4199.317190492681,2519.9302634674714,2436.2322644520777
2460819.6965277777,3874.9912785341403,2707.701930791193,2750.4940402840352
2460819.697222222,3519.7311584800877,2873.834935506499,3042.7148481139025
2460819.6979166665,3136.3813918519804,3017.007131157484,3310.559841233658
2460819.698611111,2728.009586573625,3136.081012307108,3551.8912593247187
2460819.699305556,2297.881214116382,3230.1123477501546,3764.7850938099305
2460819.7,1849.4330549825868,3298.357199228717,3947.545903652305
2460819.7006944446,1386.2455208496272,3340.27731266321,4098.719711992983
2460819.701388889,912.0140871573368,3355.5438853618402,4217.104939149764
2460819.7020833334,430.5200506228112,3344.0397231813745,4301.761345781701
2460819.702777778,-54.39917761889575,3305.8598077685406,4352.016969249749
2460819.703472222,-538.8800564697849,3241.3102991723617,4367.473048145972
2460819.7041666666,-1019.0629939648641,3150.906000623862,4348.006932766204
2460819.704861111,-1491.1223538757608,3035.3663118941645,4293.77298195928
2460819.7055555554,-1951.2962195625482,2895.609697618322,4205.20144589464
2460819.70625,-2395.9157484193115,2732.7466965208696,4082.99533420021
2460819.706944444,-2821.4339450315633,2548.0714982340046,3928.1252686360854
2460819.707638889,-3224.4536732324545,2343.0521169071603,3741.8223210339374
2460819.709027778,-3950.3196523571423,1878.6535067435414,3281.0873131760936
2460819.7097222223,-4267.358429694617,1622.9721361634047,3010.3271970186656
2460819.7104166667,-4550.331244783727,1354.3135386628383,2715.4499263530674
2460819.711111111,-4796.969666533391,1074.8214362706944,2398.8120086361523
2460819.7118055555,-5005.295670965399,786.7277387412338,2062.9463991379816
2460819.7125,-5173.6383995830665,492.3345877070873,1710.5422444089165
2460819.7131944443,-5300.648422204798,193.99567969431618,1344.4231562188404
2460819.7138888887,-5385.30931686795,-105.90296759230434,967.5241955219532
2460819.714583333,-5426.946404824085,-404.9626232648964,582.8677748299041
2460819.715277778,-5425.232513178702,-700.7916280462692,193.53871398348056
2460819.7159722224,-5380.190679195607,-991.0251537254724,-197.341301293045
2460819.716666667,-5292.193753433303,-1273.3447280450534,-586.6395907698343
2460819.717361111,-5161.960905773763,-1545.4973198459352,-971.2384095852117
2460819.7180555556,-4990.551083787559,-1805.313786500633,-1348.0606654183603
2460819.71875,-4779.353520961542,-2050.7264925384666,-1714.095150837758
2460819.7194444444,-4530.075428425586,-2279.785934949698,-2066.4210460542095
2460819.720138889,-4244.727046597825,-2490.676219030443,-2402.2314492904093
2460819.720833333,-3925.6042590265033,-2681.7292598873146,-2718.8557274845916
2460819.7215277776,-3575.268994284568,-2851.437605972269,-3013.780502942887
2460819.722222222,-3196.5276589507816,-2998.46580487015,-3284.6691192990143
2460819.722916667,-2792.407849844368,-3121.660257183146,-3529.379462807062
2460819.7236111113,-2366.1335962101266,-3220.0575251420164,-3745.980042040375
2460819.7243055557,-1921.099373341518,-3292.8910831400585,-3932.7642583276765
2460819.725,-1460.8431183694279,-3339.59651244496,-4088.2628217325278
2460819.7256944445,-989.0184706708769,-3359.8151542479513,-4211.254285198019
2460819.726388889,-509.3664269261401,-3353.3962457915663,-4300.773690476583
2460819.7270833333,-25.68659989575083,-3320.3975665111802,-4356.11932288802
2460819.7277777777,458.1917569629209,-3261.0846245138846,-4376.857582111173
2460819.728472222,938.4388061146474,-3175.928412170799,-4362.825976101342
2460819.7291666665,1411.2531212301121,-3065.601757217582,-4314.134244100017
2460819.729861111,1872.8904862107045,-2930.9742915985175,-4231.163610591658
2460819.730555556,2319.692355956793,-2773.106058565863,-4114.564168104779
2460819.73125,2748.1138391863346,-2593.2397753721475,-3965.2503828374747
2460819.7319444446,3154.751051779027,-2392.7917687274607,-3784.3947143372816
2460819.732638889,3536.367672045017,-2173.3416051024437,-3573.419343461229
2460819.7333333334,3889.920523687247,-1936.6204397749962,-3333.9860042706264
2460819.734027778,4212.583983647822,-1684.4981246340121,-3067.983931206873
2460819.734722222,4501.773014209469,-1418.9691182554309,-2777.5159383997147
2460819.7354166666,4755.1645896076925,-1142.1372689210405,-2464.88267820363
2460819.736111111,4970.717296772633,-856.1995483867744,-2132.5651378376683
2460819.7368055554,5146.688876377576,-563.4288437485286,-1783.205469462079
2460819.7375,5281.6514833520905,-266.1559299627827,-1419.5862719142838
2460819.738194444,5374.504456115362,33.24923100525349,-1044.6084752351953
2460819.738888889,5424.484405743865,332.3967011071084,-661.2680062716453
2460819.7395833335,5431.172463290172,628.8961033829992,-272.6314459168374
2460819.740277778,5394.4985599702395,920.3762949691466,118.18909565599505
2460819.7409722223,5314.742653289086,1204.5049685041618,508.061629509132
2460819.7416666667,5192.532857992671,1479.0079771883265,893.860202399481
2460819.742361111,5028.840485033063,1741.6881788200758,1272.4908045706686
2460819.7430555555,4824.972040540261,1990.4435964303461,1640.9169933704916
2460819.74375,4582.5582816906535,2223.2847093527853,1996.1849672374367
2460819.7444444443,4303.540463413502,2438.350706871813,2335.4478409269595
2460819.7451388887,3990.153956252993,2633.924546290478,2655.988875934904
2460819.745833333,3644.9094334578176,2808.4466929619493,2955.243463192938
2460819.746527778,3270.5718606881073,2960.5274319789773,3230.8196638064733
2460819.7472222224,2870.1375274492843,3088.9576734232987,3480.5171548240446
2460819.747916667,2446.8093746339587,3192.71819149301,3702.344448328897
2460819.748611111,2003.9708659588707,3270.9872624693176,3894.5342862272973
2460819.7493055556,1545.1586577696075,3323.1466818367603,4055.5571324000202
2460819.7506944444,594.3551589723311,3347.706108248776,4279.2395879928645
2460819.751388889,109.94489892737865,3319.918821939936,4340.122676303256
2460819.752083333,-375.3365078303932,3265.6481042041387,4366.298829916349
2460819.7527777776,-857.6228291253855,3185.327334773165,4357.560348412171
2460819.753472222,-1333.0716440897556,3079.5960230127566,4313.976497791256
2460819.754166667,-1797.8942268192857,2949.2948657425486,4235.893012131084
2460819.7548611113,-2248.3850758746435,2795.459336708278,4123.929580766101
2460819.7555555557,-2680.9509254267437,2619.3118319226583,3978.975319557824
2460819.75625,-3092.1390551283657,2422.2523998792535,3802.18222722309
2460819.7569444445,-3478.664713896683,2205.8480880775037,3594.9566305327435
2460819.757638889,-3837.4374536424402,1971.820947846703,3358.948632392712
2460819.7583333333,-4165.586165159263,1722.0347464819604,3096.0395856402847
2460819.7590277777,-4460.482590161045,1458.4804534145774,2808.327635464568
2460819.759722222,-4719.76308005404,1183.2605829313147,2498.1113939660295
2460819.7604166665,-4941.34837168215,898.572492933463,2167.8718331043838
2460819.761111111,-5123.461152023912,606.6907603246353,1820.2525107783697
2460819.761805556,-5264.641194166721,309.94877560056244,1458.0382760156326
2460819.7625,-5363.757867970658,10.719716038555681,1084.1326256865498
2460819.7631944446,-5420.019853690919,-288.60292541531027,701.5339133080536
2460819.763888889,-5432.981919267894,-585.6250640908708,313.3106357107816
2460819.7645833334,-5402.548660624048,-877.9717985667603,-77.42395565796045
2460819.765277778,-5328.97514809752,-1163.3070280704217,-467.53765459590386
2460819.765972222,-5212.864467156224,-1439.352709551229,-853.9052459048031
2460819.7666666666,-5055.162189120354,-1703.9075472644054,-1233.4343165970174
2460819.767361111,-4857.147852006388,-1954.864927694915,-1603.0906695131985
2460819.7680555554,-4620.423576635429,-2190.2299195943774,-1959.9230763345745
2460819.76875,-4346.899978009806,-2408.135184613763,-2301.087133590343
2460819.769444444,-4038.7795697834517,-2606.855658828402,-2623.867996973907
2460819.770138889,-3698.537877127473,-2784.821897421046,-2925.701807584214
2460819.7708333335,-3328.9025005849953,-2940.6319909325844,-3204.195639420236
2460819.771527778,-2932.830373328204,-3073.061993300055,-3457.145839305156
2460819.7722222223,-2513.4834661399423,-3181.0748185981997,-3682.5546502091033
2460819.7729166667,-2074.2031824578053,-3263.8275879272583,-3878.645043889949
2460819.773611111,-1618.4836819110958,-3320.677422463673,-4043.873709161381
2460819.7743055555,-1149.9443503495577,-3351.1856939552986,-4176.942166713225
2460819.775,-672.3016238471977,-3355.1207520861713,-4276.805994686487
2460819.7756944443,-189.34035388406448,-3332.459155254036,-4342.682162968559
2460819.7763888887,295.11511703736994,-3283.385433738557,-4374.054481190583
2460819.777083333,777.2300143575815,-3208.290413648801,-4370.677167549253
2460819.777777778,1253.1881784436832,-3107.768128106101,-4332.576544639411
2460819.7784722224,1719.2209590159787,-2982.6113397068843,-4260.050866315715
2460819.779166667,2171.635827658146,-2833.8056924526895,-4153.6682738733825
2460819.779861111,2606.844556672314,-2662.522513044826,-4014.2628774264494
2460819.7805555556,3021.3908257011426,-2470.1102757473,-3842.9289533220085
2460819.78125,3411.9770864577304,-2258.08475227815,-3641.0132518004816
2460819.7819444444,3775.490518438343,-2028.1178670446388,-3410.1054082438136
2460819.782638889,4109.027877897055,-1782.025292510001,-3152.0264646351625
2460819.783333333,4409.919038318978,-1521.752826759687,-2868.8155170467985
2460819.7840277776,4675.74900359146,-1249.3616119786184,-2562.7145239874635
2460819.784722222,4904.378167285802,-967.0122698423985,-2236.1513321343123
2460819.785416667,5093.960586795866,-676.948051696512,-1891.721004235581
2460819.7861111113,5242.9600482281885,-381.47711863898985,-1532.1655583537395
2460819.7868055557,5350.163705803209,-82.95408943480581,-1160.3522592987788
2460819.7875,5414.693097730681,216.2389842750519,-779.2506350007682
2460819.7881944445,5436.0123681940795,513.7120399509761,-391.90841696175454
2460819.788888889,5413.933557278149,807.0866360881777,-1.4266254327157832
2460819.7895833333,5348.618858083032,1094.0155888951347,389.0659492895252
2460819.7902777777,5240.579785264975,1372.2024106765823,776.4386122953733
2460819.790972222,5090.673242967431,1639.4203435202103,1157.5847061456611
2460819.792361111,4670.36736057587,2132.500900981512,1889.0447168225317
2460819.793055556,4403.3310305339155,2354.4202997529383,2233.494575294243
2460819.79375,4101.124885743567,2557.51651742871,2560.0378703978026
2460819.7944444446,3766.170293927059,2740.1692706894255,2866.0611083319777
2460819.795138889,3401.150335596296,2900.9233078017487,3149.1173601860987
2460819.7958333334,3008.9874593023524,3038.499784306445,3406.9457103727054
2460819.796527778,2592.8193431543655,3151.806098461198,3637.489018923071
2460819.797222222,2155.9732221334175,3239.944139100298,3838.9098828931683
2460819.7979166666,1701.93892423906,3302.216923990984,4009.6047191957255
2460819.798611111,1234.3408611624297,3338.133619421181,4148.215907832197
2460819.7993055554,756.9091960769302,3347.4129473669386,4253.641960033319
2460819.8,273.45041074693097,3329.9849942597084,4325.045686436442
2460819.800694444,-212.18253947846893,3285.991442898207,4361.860357179371
2460819.801388889,-696.1202844412218,3215.7842513647547,4363.793847072682
2460819.8020833335,-1174.5071453773212,3119.9228042115815,4330.8307670740505
2460819.802777778,-1643.5311134490437,2999.169561058406,4263.232581259794
2460819.8034722223,-2099.453535358179,2854.4842271635484,4161.535709413963
2460819.8041666667,-2538.6383392251278,2687.016469549082,4026.547613523402
2460819.804861111,-2957.580619248247,2498.0972066094273,3859.34086916941
2460819.8055555555,-3352.934401451618,2289.228498829367,3661.2452231118996
2460819.80625,-3721.539387599299,2062.072079420292,3433.8376482963195
2460819.8069444443,-4060.4464721111112,1818.4365700234841,3178.9304157110755
2460819.8076388887,-4366.941809677243,1560.2634422386764,2898.557220155378
2460819.808333333,-4638.569206803983,1289.611799728839,2594.957415026024
2460819.809027778,-4873.150604026371,1008.6420757059376,2270.5584368497953
2460819.8097222224,-5068.804420712702,719.5987573247321,1927.9565237495272
2460819.810416667,-5223.9615380024225,424.79227468565966,1569.8958674601902
2460819.811111111,-5337.378718979982,126.58020300141935,1199.2463575247905
2460819.8118055556,-5408.149281248117,-172.65204575832584,818.9801158936223
2460819.8125,-5435.710873393648,-470.5108572079818,432.1470378589274
2460819.8131944444,-5419.85024120824,-764.6141766342193,41.84957967827352
2460819.813888889,-5360.704911485842,-1052.6111921229128,-348.7829477738825
2460819.814583333,-5258.761767307838,-1332.2017311769366,-736.6203101974206
2460819.8152777776,-5114.852534329096,-1601.155168601131,-1118.557235097193
2460819.815972222,-4930.146245333823,-1857.328646764748,-1491.5389754329833
2460819.816666667,-4706.138792080706,-2098.684429615083,-1852.5862945285428
2460819.8173611113,-4444.639715764553,-2323.3062229364855,-2198.819621350835
2460819.8180555557,-4147.756420637874,-2529.4143182260727,-2527.4821513200573
2460819.81875,-3817.876022791916,-2715.3794399407457,-2835.9616917211947
2460819.8194444445,-3457.645067033597,-2879.7351996994676,-3121.8110779491394
2460819.820138889,-3069.947355907602,-3021.1890862472846,-3382.7670178291787
2460819.8208333333,-2657.8801431583242,-3138.631941764583,-3616.767248455293
2460819.8215277777,-2224.7289349730177,-3231.1458990214624,-3821.965923466284
2460819.822222222,-1773.9411417549718,-3298.01076877052,-3996.747168811884
2460819.8229166665,-1309.0988053236852,-3338.7088838407853,-4139.736771437715
2460819.823611111,-833.8906122376982,-3352.9284165721915,-4249.811981934681
2460819.824305556,-352.0833832018865,-3340.5651935094456,-4326.109426180169
2460819.825,132.50678077607387,-3301.7230346294145,-4368.031127503092
2460819.8256944446,616.0435407576498,-3236.712645645052,-4375.248647696503
2460819.826388889,1094.699399589219,-3146.0490898396743,-4347.705353113946
2460819.8270833334,1564.6846797414057,-3030.4478632122973,-4285.6168107128715
2460819.827777778,2022.2762627594013,-2890.819593012141,-4189.469314322969
2460819.828472222,2463.8459498170487,-2728.2633773537295,-4060.0165372660545
2460819.8291666666,2885.8882970094232,-2544.0587824218514,-3898.2743045900884
2460819.829861111,3285.0477727062867,-2339.6565124572885,-3705.5134751610276
2460819.8305555554,3658.145058467933,-2116.667776446717,-3483.2509304949476
2460819.83125,4002.2023144096743,-1876.8523768622772,-3233.2386691977913
2460819.831944444,4314.467203708915,-1622.105560678256,-2957.4510208571464
2460819.832638889,4592.4354623623085,-1354.4436850559107,-2658.0700080396787
2460819.834027778,5036.828828189094,-788.9520064399547,-1998.1940737422851
2460819.8347222223,5199.6640066120435,-495.61639269244984,-1642.9451639626686
2460819.8354166667,5321.054023384424,-198.3185227768853,-1274.5538334847688
2460819.836111111,5400.006767810817,100.57021380799503,-895.9611279566708
2460819.8368055555,5435.870498097126,398.66291762083586,-510.193722780567
2460819.8375,5428.3401256287325,693.5767408987106,-120.33924233254822
2460819.8381944443,5377.460493058002,982.9525324744407,270.4791051170281
2460819.8388888887,5283.626574939561,1264.474359954235,659.1283180469763
2460819.839583333,5147.580574563343,1535.8887040174973,1042.4915519673432
2460819.840277778,4970.4059382928945,1795.0231180497144,1417.4939521672609
2460819.8409722224,4753.518354475747,2039.8041591557874,1781.1280998751322
2460819.841666667,4498.653847250892,2268.274408148563,2130.478809509152
2460819.842361111,4207.854117902244,2478.6084112999547,2462.7470263952187
2460819.8430555556,3883.449318513389,2669.12740062869,2775.2725995284286
2460819.84375,3528.038470367531,2838.3126708386217,3065.55572655883
2460819.8444444444,3144.4677644991543,2984.817512908496,3331.276892210106
2460819.845138889,2735.8069852896547,3107.477633139408,3570.3151586428658
2460819.845833333,2305.3243171809286,3205.3200025309475,3780.7646840672583
2460819.8465277776,1856.459775009471,3277.570109072363,3960.949386477048
2460819.847222222,1392.7975124818827,3323.6575960825794,4109.435681110995
2460819.847916667,918.0372306720973,3343.220289854246,4225.04325341758
2460819.8486111113,435.9649121041263,3336.1066261375568,4306.853837337427
2460819.8493055557,-49.57691509029823,3302.376494851008,4354.2179860152755
2460819.85,-534.7192002540341,3242.300525383211,4366.759830284902
2460819.8506944445,-1015.5964915381994,3156.357836865685,4344.379821753464
2460819.851388889,-1488.3769926254333,3045.232277535888,4287.255461782653
2460819.8520833333,-1949.2923826203803,2909.8071772729368,4195.840015628755
2460819.8527777777,-2394.66723169489,2751.1586372009015,4070.859211424078
2460819.853472222,-2820.947842965271,2570.547379595948,3913.305922223832
2460819.8541666665,-3224.7303317711458,2369.4091879195257,3724.4328342932
2460819.854861111,-3602.7877555859745,2149.3439683334273,3505.7431072948184
2460819.855555556,-3952.0960851317504,1912.1034762777667,3258.9790441106015
2460819.85625,-4269.85880007587,1659.5777626676006,2986.1088015069436
2460819.8569444446,-4553.529884492107,1393.78040797898,2689.3111898642646
2460819.857638889,-4800.834987934867,1116.8326328119974,2370.9586356833943
2460819.8583333334,-5009.790522416822,830.9463896383594,2033.5984031155365
2460819.859027778,-5178.720468031428,538.4065643560293,1679.9322030472542
2460819.859722222,-5306.270677594365,241.55243249002973,1312.7943431515532
2460819.8604166666,-5391.420488668685,-57.24146182047863,935.1286063686675
2460819.861111111,-5433.491483305139,-355.5848254575385,549.9640649550145
2460819.8618055554,-5432.15326751306,-651.0913368924446,160.39006805048172
2460819.8625,-5387.426185439363,-941.3983647208586,-230.4693445196445
2460819.863194444,-5299.680926699503,-1224.1864780465824,-619.4813374799829
2460819.863888889,-5169.635031385854,-1497.1985420921187,-1003.5302105011117
2460819.8645833335,-4998.346344901366,-1758.2581991831269,-1379.5430899477228
2460819.865277778,-4787.203518619693,-2005.2875494960103,-1744.5151186157973
2460819.8659722223,-4537.913694280081,-2236.323859582961,-2095.5338900251504
2460819.8666666667,-4252.487547502142,-2449.535146731011,-2429.8028929426278
2460819.867361111,-3933.221892092855,-2643.2345128473066,-2744.6637604106586
2460819.8680555555,-3582.680075811738,-2815.8931200583893,-3037.617136280768
2460819.86875,-3203.6704053128683,-2966.151731173209,-3306.342011642809
2460819.8694444443,-2799.222851286295,-3092.8307566732306,-3548.7134054961793
2460819.8701388887,-2372.564282672642,-3194.93877407375,-3762.8182965064607
2460819.870833333,-1927.0924710345398,-3271.679504789953,-3946.9697399136303
2460819.871527778,-1466.3490971237045,-3322.4572486952948,-4099.719125636875
2460819.8722222224,-993.9919726787978,-3346.880789577428,-4219.866554808399
2460819.872916667,-513.7666784656082,-3344.765792182988,-4306.469324498392
2460819.873611111,-29.477796899352146,-3316.1357171888076,-4358.848522404986
2460819.8743055556,455.0400943344702,-3261.2212815604576,-4376.593737160099
2460819.8756944444,1409.449143029435,-3074.485267155574,-4307.898206479139
2460819.876388889,1871.7826265132142,-2944.136694859285,-4221.995289906728
2460819.877083333,2319.2871443444,-2790.4388990110783,-4102.530360956919
2460819.8777777776,2748.4114354490275,-2614.6015746249004,-3950.4405896371777
2460819.878472222,3155.745224085009,-2418.0091815179603,-3766.920552252527
2460819.879166667,3538.045849004139,-2202.2108233746367,-3553.413792740721
2460819.8798611113,3892.263918610004,-1968.9088354162886,-3311.602488534294
2460819.8805555557,4215.567793172738,-1719.9461159433347,-3043.3952305601356
2460819.88125,4505.366684563275,-1457.292248047568,-2750.912940024161
2460819.8819444445,4759.332150014682,-1183.028475125705,-2436.4729653486047
2460819.882638889,4975.417750645442,-899.3316119835854,-2102.5714259418814
2460819.8833333333,5151.876644516348,-608.4569937060722,-1751.8638965416262
2460819.8840277777,5287.2768901266545,-312.7205854222288,-1387.1445548051238
2460819.884722222,5380.514249257855,-14.480398346732596,-1011.3239466352084
2460819.8854166665,5430.822301198136,283.8826278444455,-627.405547220856
2460819.886111111,5437.779705338493,579.9840905852841,-238.46133400343703
2460819.886805556,5401.314488438687,871.4557490116962,152.3934010167953
2460819.8875,5321.70527025706,1155.9651023063036,542.025744028126
2460819.8881944446,5199.579387262703,1431.2347151139672,927.3110914454061
2460819.888888889,5035.907919361976,1695.0610862459728,1305.1590510186072
2460819.8895833334,4831.997673151011,1945.3328583583432,1672.5390347194002
2460819.890277778,4589.480217816005,2180.0481842591753,2026.5052817392007
2460819.890972222,4310.298113726034,2397.3310757818426,2364.2210551400653
2460819.8916666666,3996.6885075200103,2595.446584853296,2682.981780402209
2460819.892361111,3651.1643004728617,2772.8146851808074,2980.2369125760515
2460819.8930555554,3276.493117896598,2928.022748955162,3253.61034897588
2460819.89375,2875.6743208268867,3059.836536761204,3500.919233247989
2460819.894444444,2451.914314782294,3167.209639502176,3720.1910215155044
2460819.895138889,2008.6004038477445,3249.2913358599217,3909.6787154136437
2460819.8958333335,1549.27343645687,3305.432845032964,4067.874189011591
2460819.896527778,1077.5994818293643,3335.191970013683,4193.519558925551
2460819.8972222223,597.3407558684286,3338.336139598709,4285.616568146833
2460819.8979166667,112.32600887099991,3314.843864253641,4343.433964796948
2460819.898611111,-373.5794330858854,3264.904626908449,4366.51286885845
2460819.8993055555,-856.5037889793296,3188.9172318396745,4354.670124159524
2460819.9,-1332.5989355490806,3087.4866350344396,4307.9996356386855
2460819.9006944443,-1798.0703397241298,2961.419279767353,4226.871691831618
2460819.9013888887,-2249.2066469721053,2811.716959713255,4111.9302719513935
2460819.902083333,-2682.408752468746,2639.5692329475396,3964.0883363770167
2460819.902777778,-3094.2181744155228,2446.344413203484,3784.521101833678
2460819.9034722224,-3481.344543337626,2233.579167508016,3574.657305207254
2460819.904166667,-3840.692000248755,2002.9667607965093,3336.1684714211974
2460819.904861111,-4169.384295815021,1756.3439938241236,3070.956208561174
2460819.9055555556,-4464.788358971624,1495.6769020707065,2781.1375777312032
2460819.90625,-4724.536111023091,1223.04529146963,2469.0285977467192
2460819.9069444444,-4946.544285983448,940.6262148421742,2137.1259794140205
2460819.907638889,-5129.032033022858,650.6765051717583,1788.0872034471145
2460819.908333333,-5270.536081733118,355.514507403746,1424.7090908401512
2460819.9090277776,-5369.923272873555,57.50116754101685,1049.9050411065261
2460819.909722222,-5426.400283016757,-240.97934487150033,666.6811412030797
2460819.910416667,-5439.520404180442,-537.5392887968155,278.11137474342297
2460819.9111111113,-5409.187279622383,-829.8070779800119,-112.68782103859589
2460819.9118055557,-5335.655539089268,-1115.4468769667699,-502.58339025741583
2460819.9125,-5219.528323610798,-1392.1778553452118,-888.4516073835063
2460819.9131944445,-5061.751736486899,-1657.7929030775886,-1267.2038730269212
2460819.913888889,-4863.606302729077,-1910.1766127469512,-1635.8120847949667
2460819.9145833333,-4626.695563008266,-2147.3223514463884,-1991.333325739572
2460819.9152777777,-4352.931962773729,-2367.3482669173854,-2330.9336351964644
2460819.915972222,-4044.520236092064,-2568.5120865714093,-2651.910638024217
2460819.917361111,-3333.917301595975,-2908.0617422574237,-3227.969485006742
2460819.918055556,-2937.416858026372,-3043.7751883886604,-3478.4886594163236
2460819.91875,-2517.6027505433944,-3155.3014599444155,-3701.293847719551
2460819.9194444446,-2077.8203023870333,-3241.7694797574113,-3894.628560384382
2460819.920138889,-1621.567889729628,-3302.506593594805,-4056.9711636634443
2460819.9208333334,-1152.4693939384213,-3337.0430612842633,-4187.04582619355
2460819.921527778,-674.2460065881398,-3345.1150346615545,-4283.831574181284
2460819.922222222,-190.68757041665026,-3326.6660473498896,-4346.569455326407
2460819.9229166666,294.37637673559243,-3281.847042654021,-4374.767816459346
2460819.923611111,777.1056938344112,-3211.014966148175,-4368.205701395644
2460819.9243055554,1253.6787264365873,-3114.729947128318,-4326.934376429504
2460819.925,1720.321252907118,-2993.7510896972017,-4251.276985594269
2460819.925694444,2173.335146807804,-2849.0308921631913,-4141.826335033094
2460819.926388889,2609.1266187577617,-2681.7083092567464,-3999.440800728854
2460819.9270833335,3024.2338859883553,-2493.1004717826077,-3825.2383511389903
2460819.927777778,3415.354103971919,-2284.6930818652418,-3620.5886784454265
2460819.9284722223,3779.369387673508,-2058.129503864213,-3387.1034335861723
2460819.9291666667,4113.371727564881,-1815.1985815596993,-3126.6245703796762
2460819.929861111,4414.686590717254,-1557.821225448528,-2841.2108192759556
2460819.9305555555,4680.894992989263,-1288.0358229409785,-2533.1223227712544
2460819.93125,4909.85380651149,-1007.9825518038135,-2204.803497417738
2460819.9319444443,5099.714076493623,-719.8866883932299,-1858.8642042731115
2460819.9326388887,5248.937119230086,-426.04102608223644,-1498.05934098462
2460819.933333333,5356.308183059207,-128.78754370479083,-1125.2670027593324
2460819.934027778,5420.947476804779,169.50152041502864,-743.4653842477697
2460819.9347222224,5442.318394762381,466.4430158759402,-355.7086215459268
2460819.935416667,5420.23279919548,759.6624551899021,34.89819353309997
2460819.936111111,5354.8532627108325,1046.813620681742,425.22458521648457
2460819.9368055556,5246.6922145079725,1325.5979939733386,812.1405846784912
2460819.9375,5096.607981719376,1593.7838029686693,1192.5426704544548
2460819.9381944444,4905.7977618700825,1849.2244862855584,1563.3794873637228
2460819.938888889,4675.7876121199215,2089.8763784465623,1921.677068367856
2460819.939583333,4408.419579462995,2313.8154429579295,2264.563308094877
2460819.9402777776,4105.836135570281,2519.2528928231627,2589.291445788467
2460819.940972222,3770.4621156766148,2704.5495585041003,2893.26233583259
2460819.941666667,3404.984379941595,2868.228891734951,3174.045317846624
2460819.9423611113,3012.329438174113,3008.9885127787643,3429.3975196559236
2460819.9430555557,2595.6392854540413,3125.7102345812827,3657.2814594634015
2460819.94375,2158.2457033179794,3217.4685173224752,3855.880839056837
2460819.9444444445,1703.6432710164006,3283.537328650598,4023.6144508090406
2460819.945138889,1235.4613296245677,3323.395398849619,4159.148140468956
2460819.9458333333,757.4351250070417,3336.729874780951,4261.404790440664
2460819.9465277777,273.37634098423433,3323.4383851402163,4329.5723027284575
2460819.947222222,-212.85677509804978,3283.6295354689087,4363.109570415246
2460819.9479166665,-697.3895116034493,3217.6218550510603,4361.750434954417
2460819.948611111,-1176.3608407902598,3125.94121827197,4325.505628336912
2460819.949305556,-1645.9534455086714,3009.316763144014,4254.662700150034
2460819.95,-2102.4234559567967,2868.6753296372126,4149.783929572239
2460819.9506944446,-2542.1297311060043,2705.134438856071,4011.7022205529706
2460819.951388889,-2961.5625019761483,2519.9938385016203,3841.514980991685
2460819.9520833334,-3357.3711957738496,2314.725640881272,3640.5759881225163
2460819.952777778,-3726.391237138498,2090.963090271473,3410.485252326791
2460819.953472222,-4065.6696204126124,1850.4880025195284,3153.0768995261856
2460819.9541666666,-4372.489028650898,1595.2169356262527,2870.40511041051
2460819.954861111,-4644.390268136557,1327.1861667289515,2564.728176050203
2460819.9555555554,-4879.192788063942,1048.5355656985894,2238.490749575206
2460819.95625,-5075.013051515684,761.4914798167972,1894.30440539899
2460819.956944444,-5230.280537795416,468.34876036832367,1534.9266417711997
2460819.957638889,-5343.751169033488,171.45208602566592,1163.2384965307006
2460819.959027778,-5442.018890133994,-424.0908848769502,394.93047612797875
2460819.9597222223,-5426.041437086757,-717.9731198065197,4.473563095920763
2460819.9604166667,-5366.724447429256,-1006.1205435933447,-386.0188312937928
2460819.961111111,-5264.556573923918,-1286.2314344119561,-773.4173278710689
2460819.9618055555,-5120.3717483744285,-1556.0706775598164,-1154.6199781801358
2460819.9625,-4935.341608809921,-1813.488023790406,-1526.577792815317
2460819.9631944443,-4710.965014388198,-2056.4355022014524,-1886.3196634559754
2460819.9638888887,-4449.054800076635,-2282.9838227199043,-2230.9764332314844
2460819.964583333,-4151.721955579526,-2491.3376251909167,-2557.803893090231
2460819.965277778,-3821.3574443986577,-2679.849451512256,-2864.204501707874
2460819.9659722224,-3460.6118909872935,-2847.032347552032,-3147.7476641724365
2460819.966666667,-3072.373388145726,-2991.5710174299306,-3406.1884213069525
2460819.967361111,-2659.7436660543444,-3112.33148520541,-3637.4844463197514
2460819.9680555556,-2226.0128749644623,-3208.369231997487,-3839.8112610298062
2460819.96875,-1774.6332183112836,-3278.935798980857,-4011.575616557631
2460819.9694444444,-1309.1916610358533,-3323.483860222486,-4151.427003768092
2460819.970138889,-833.3819199675787,-3341.670780084304,-4258.267276556166
2460819.970833333,-350.9759322815406,-3333.3606764556075,-4331.258381976792
2460819.9715277776,134.20502958013992,-3298.6250157084323,-4369.828202425676
2460819.972222222,618.3194319636104,-3237.741765017234,-4373.674515529079
2460819.972916667,1097.5345980686448,-3151.193126814795,-4342.767079635766
2460819.9736111113,1568.0557315052947,-3039.6618763926576,-4277.347848795997
2460819.9743055557,2026.1547050598851,-2904.026321030998,-4177.929317114177
2460819.975,2468.1984762647107,-2745.3538958805248,-4045.2909882732015
2460819.9756944445,2890.676982353245,-2564.89341060743,-3880.4739626942073
2460819.976388889,3290.2303552571866,-2364.0659622862736,-3684.7736346035067
2460819.9770833333,3663.67528605253,-2144.4545327260607,-3459.7304930017935
2460819.9777777777,4008.0303478923674,-1907.7922978206432,-3207.1190296426785
2460819.978472222,4320.540076189308,-1655.9496850674918,-2928.9347670377674
2460819.9791666665,4598.697587279391,-1390.9202317373627,-2627.379438472398
2460819.979861111,4840.265511111197,-1114.8053103956142,-2304.844370280451
2460819.980555556,5043.295004374078,-829.7978110941924,-1963.8921453018856
2460819.98125,5206.142615397234,-538.1648881032364,-1607.236652082287
2460819.9819444446,5327.484779950943,-242.22990053314052,-1237.7216542088327
2460819.982638889,5406.3297427395255,55.64630150207115,-858.2980463059591
2460819.9833333334,5442.026725109418,353.0845773285226,-471.9999888679327
2460819.984027778,5434.272189276872,647.7069986493954,-81.92014048516785
2460819.984722222,5383.113086935704,937.1564540975269,308.81576569235364
2460819.9854166666,5288.947023091001,1219.1161566875455,697.0747500380164
2460819.986111111,5152.519310451586,1491.3288423925196,1079.7425431472766
2460819.9868055554,4974.916937173475,1751.6154585369163,1453.749400852515
2460819.9875,4757.5595166849635,1997.8931456019536,1816.0955056892103
2460819.988194444,4502.187333468586,2228.1923286795486,2163.8756916510815
2460819.988888889,4210.8466346612695,2440.6727557724275,2494.303250221823
2460819.9895833335,3885.8723587072714,2633.638333092337,2804.7325853906386
2460819.990277778,3529.868512022482,2805.550638625119,3092.6805228029357
2460819.9909722223,3145.6864273486394,2955.0410141021966,3355.84609910937
2460819.9916666667,2736.4011551794806,3080.9211579575867,3592.128684246035
2460819.992361111,2305.286233028078,3182.1921695288374,3799.6443272667184
2460819.9930555555,1855.7870881428255,3258.0520091485937,3976.740233884886
2460819.99375,1391.4933148179387,3307.9013600728963,4122.007314945456
2460819.9944444443,916.110052919146,3331.3478913295253,4234.290765358104
2460819.9951388887,433.4286927252244,3328.2089294452016,4312.698645458132
2460819.995833333,-52.70289663773529,3298.512556389282,4356.608454205051
2460819.996527778,-538.4104246804797,3242.497153470235,4365.671688137753
2460819.9972222224,-1019.8233424662113,3160.6094132778317,4339.816384818126
2460819.997916667,-1493.104942459057,3053.500841629631,4279.247651237332
2460819.998611111,-1954.4822260490953,2922.022771146046,4184.446176860499
2460819.9993055556,-2400.275371554205,2767.219907405624,4056.1647302117326
2460820.0006944444,-3231.0284401502345,2392.7366777540474,3703.4982534247943
2460820.001388889,-3609.350647573188,2176.034437423409,3481.9194069098244
2460820.002083333,-3958.86648534582,1941.9408974245223,3232.4518822903588
2460820.0027777776,-4276.777232842667,1692.3212982510902,2957.085925915487
2460820.003472222,-4560.535242845139,1429.1663603080779,2658.020855313993
2460820.004166667,-4807.865130801637,1154.5765705106596,2337.6478367946293
2460820.0048611113,-5016.7828884425,870.7454345590394,1998.5309347833008
2460820.0055555557,-5185.612697879656,579.9418180999669,1643.386559313922
2460820.00625,-5313.001231031616,284.4915272073795,1275.0614756662383
2460820.0069444445,-5397.929248836787,-13.241713670840616,896.5095553384767
2460820.007638889,-5439.720334836474,-310.8756967211871,510.7674922870928
2460820.0083333333,-5438.046641700045,-606.0293916925144,120.92971221764633
2460820.0090277777,-5392.931564212801,-896.3426250393875,-269.8772643784754
2460820.009722222,-5304.749299667869,-1179.4955726126589,-658.5207409790052
2460820.0104166665,-5174.221302255664,-1453.2278592350115,-1041.887770908959
2460820.011111111,-5002.409685335028,-1715.3570661682347,-1416.9108178391407
2460820.011805556,-4790.707669206358,-1963.796460477714,-1780.5928880567294
2460820.0125,-4540.827215299426,-2196.571772803267,-2130.031880642563
2460820.0131944446,-4254.784020542323,-2411.8368747224495,-2462.443928426738
2460820.013888889,-3934.8800797583003,-2607.888223644551,-2775.185518691559
2460820.0145833334,-3583.6840400994884,-2783.177973077546,-3065.774219116395
2460820.015277778,-3204.0095921809184,-2936.32566473187,-3331.907855476951
2460820.015972222,-2798.8921458506334,-3066.128445995303,-3571.4820228755975
2460820.0166666666,-2371.564036914342,-3171.5697774632363,-3782.605840683271
2460820.017361111,-1925.4285072596044,-3251.8266128731325,-3963.615885745842
2460820.0180555554,-1464.0326898276553,-3306.2750502438694,-4113.0882624160095
2460820.01875,-991.0398055971926,-3334.494466242484,-4229.848790002717
2460820.019444444,-510.20077956132934,-3336.2701513376455,-4312.981296003797
2460820.020138889,-25.325444651963377,-3311.594471035828,-4361.834020405524
2460820.0208333335,459.746496786905,-3260.6665775271695,-4376.024135125896
2460820.021527778,941.1746039869391,-3183.8906965651718,-4355.440386635549
2460820.0222222223,1415.1467802037353,-3081.873011446112,-4300.2438672701255
2460820.0229166667,1877.9081714745678,-2955.4171617547026,-4210.866915966114
2460820.023611111,2325.789735861409,-2805.5183737460566,-4088.0101460669357
2460820.0243055555,2755.236347696066,-2633.3562338559996,-3932.637592276155
2460820.025,3162.834272812203,-2440.286121552206,-3745.969970192123
2460820.0256944443,3545.3378532077736,-2227.829316479522,-3529.4760406523296
2460820.0263888887,3899.695215583391,-1997.6618029472904,-3284.8620779989874
2460820.027083333,4223.072801074348,-1751.6018066910237,-3014.059454546448
2460820.027777778,4512.878508791678,-1491.596106182212,-2719.210362887081
2460820.0284722224,4766.7832226337305,-1219.7051842387928,-2402.6517252808453
2460820.029166667,4982.740494900111,-938.0872975319062,-2066.897356126149
2460820.029861111,5159.004152696159,-648.9815668897759,-1714.6184760107308
2460820.0305555556,5294.143602706173,-354.6902107287434,-1348.6227032770757
2460820.03125,5387.056623601957,-57.560065337948274,-971.8316796147608
2460820.0319444444,5436.9794576927725,240.03644731499887,-587.2575121634518
2460820.032638889,5443.494040232429,535.7207198430343,-197.97825019714057
2460820.033333333,5406.53224354986,827.1275406363802,192.88737575902348
2460820.0340277776,5326.377050918485,1111.9246478574962,582.2056907749263
2460820.034722222,5203.660622568454,1387.8320518999074,966.854024021653
2460820.035416667,5039.359260760699,1652.6409224092522,1343.7465978323303
2460820.0361111113,4834.785328275666,1904.2318391377257,1709.860082481616
2460820.0368055557,4591.5762201427315,2140.5922188775185,2062.258551180087
2460820.0375,4311.680529495037,2359.8327469161522,2398.1175841051213
2460820.0381944445,3997.3415830625277,2560.20266151571,2714.7472907118477
2460820.038888889,3651.078553387647,2740.1037597676295,3009.614040301756
2460820.0395833333,3275.665377507001,2898.103017535612,3280.3607191211613
2460820.0402777777,2874.1077226865855,3032.9437415673856,3524.825363965037
2460820.040972222,2449.618253975314,3143.5551912068104,3741.058045692731
2460820.042361111,1545.5712118268275,3288.783799765887,4082.1763098211436
2460820.043055556,1073.232512722562,3322.253765151911,4204.3479620575345
2460820.04375,592.3422843769473,3329.2082120770337,4292.880134892231
2460820.0444444446,106.73477356762153,3309.5951351714016,4347.069813033657
2460820.045138889,-379.71945108142927,3263.572979872664,4366.486855502138
2460820.0458333334,-863.1436597443601,3191.5092443194017,4350.977137386939
2460820.046527778,-1339.6851146752572,3093.9775643384896,4300.663675825698
2460820.047222222,-1805.545046147789,2971.7533030669833,4215.945740764372
2460820.0479166666,-2257.0082893510607,2825.8076643181616,4097.495948965558
2460820.048611111,-2690.472399569997,2657.3003532113153,3946.255341896472
2460820.0493055554,-3102.4760772627574,2467.570804295896,3763.426446030016
2460820.05,-3489.7266998634695,2258.1280092619586,3550.464324070369
2460820.050694444,-3849.126764856307,2030.6389779391423,3309.065629227933
2460820.051388889,-4177.799022083732,1786.9158830576885,3041.1556927873776
2460820.0520833335,-4473.110073661514,1528.9019485904128,2748.873688100645
2460820.052777778,-4732.692205887988,1258.6561621595133,2434.555939613955
2460820.0534722223,-4954.463218955071,978.3369101886819,2100.7174702679285
2460820.0541666667,-5136.644025866542,690.1846539780909,1750.0319076379933
2460820.054861111,-5277.773803822603,396.50378418088565,1385.3098968217384
2460820.0555555555,-5376.7224976769585,99.64381592295027,1009.4762034873606
2460820.05625,-5432.700507155641,-198.01990311572203,625.5457089604029
2460820.0569444443,-5445.26541900431,-494.10577879635724,236.59853091713723
2460820.0576388887,-5414.325686829057,-786.2456520095766,-154.24548238240075
2460820.058333333,-5340.1412042013035,-1072.1043672772512,-543.8526171622166
2460820.059027778,-5223.320762894999,-1349.3990248827029,-929.1012501356452
2460820.0597222224,-5064.816435568265,-1615.9177113457704,-1306.9076173430535
2460820.060416667,-4865.914966671391,-1869.5375199206162,-1674.2511326507615
2460820.061111111,-4628.226299884095,-2108.2416811308294,-2028.198996311097
2460820.0618055556,-4353.669405255737,-2330.1356477139334,-2365.9298602226227
2460820.0625,-4044.4556048224836,-2533.4619942916893,-2684.7563314944396
2460820.0631944444,-3703.0696165056297,-2716.6140203322343,-2982.1461295792856
2460820.063888889,-3332.248552253981,-2878.1479675369883,-3255.7417392870193
2460820.064583333,-2934.9591237576938,-3016.7937829766443,-3503.3784258701135
2460820.0652777776,-2514.3732963597085,-3131.464389217803,-3723.100520120021
2460820.065972222,-2073.84264125668,-3221.2634348260713,-3913.175896273241
2460820.066666667,-1616.8716159144867,-3285.4915204242166,-4072.1085980127036
2460820.0673611113,-1147.0899930012433,-3323.650906499627,-4198.649584445287
2460820.0680555557,-668.2246389871735,-3335.448719373397,-4291.805584995718
2460820.06875,-184.070826701106,-3320.798677154492,-4350.846062393326
2460820.0694444445,301.5367482982452,-3279.8213601075354,-4375.3082889245325
2460820.070138889,784.7530968515631,-3212.8430495001708,-4365.000543812261
2460820.0708333333,1261.7520603528196,-3120.393157478937,-4320.00343752045
2460820.0715277777,1728.7553023168427,-3003.200265357421,-4240.669365464233
2460820.072222222,2182.061014126041,-2862.1867883246473,-4127.620090039211
2460820.0729166665,2618.0722079622064,-2698.4622770777896,-3981.742443997337
2460820.073611111,3033.3244352738193,-2513.315370828245,-3804.18214766796
2460820.074305556,3424.5127674578903,-2308.204417343028,-3596.3357338633346
2460820.075,3788.517866703584,-2084.7467766760533,-3359.8405743764874
2460820.0756944446,4122.430941898747,-1844.706841813144,-3096.563018831149
2460820.076388889,4423.577389230755,-1589.9828121321045,-2808.584661392342
2460820.0770833334,4689.538887711359,-1322.5922802451707,-2498.1867791433056
2460820.077777778,4918.173726040613,-1044.6567016379674,-2167.8329990973534
2460820.078472222,5107.635123091328,-758.3848453297976,-1820.1502869625451
2460820.0791666666,5256.387317677214,-466.0553371500091,-1457.9083708384262
2460820.079861111,5363.219208760063,-169.99843423113612,-1083.9977496617114
2460820.0805555554,5427.255349813555,127.42281305099199,-701.4064630551582
2460820.08125,5447.964127562659,423.8318392033764,-313.1958247770709
2460820.081944444,5425.162987602995,716.8580888442881,77.52464608563997
2460820.082638889,5359.020610974775,1004.1565931254199,467.6228517154161
2460820.084027778,5099.134379313799,1552.4345799724301,1233.4667093138642
2460820.0847222223,4907.460213912596,1809.024822286095,1603.068356611952
2460820.0854166667,4676.56699272692,2051.1450696626016,1959.8105746175195
2460820.086111111,4408.304343324458,2276.859373130416,2300.8334666851265
2460820.0868055555,4104.822380812153,2484.364592899246,2623.405006934329
2460820.0875,3768.5535760476764,2672.0048785730955,2924.9431742704232
2460820.0881944443,3402.1923549547405,2838.284802404536,3203.036662757659
2460820.0888888887,3008.6726644495197,2981.8810564157343,3455.4640109418606
2460820.089583333,2591.1437596665296,3101.6526421106632,3680.211013438429
2460820.090277778,2152.944456935972,3196.6495091512675,3875.486316576896
2460820.0909722224,1697.5761061065182,3266.1196129593227,4039.73511682884
2460820.091666667,1228.6745169484966,3309.5143814552166,4171.650910987397
2460820.092361111,749.9810645425435,3326.492591901511,4270.185263336357
2460820.0930555556,265.3131905693301,3316.9226679835347,4334.5555688164495
2460820.09375,-221.46550890528715,3280.8834142271207,4364.250804859323
2460820.0944444444,-706.4754185421855,3218.663206881607,4359.03526732981
2460820.095138889,-1185.8510924352522,3130.757661508902,4318.950290815788
2460820.095833333,-1655.771317626898,3017.8657988220966,4244.313953540429
2460820.0965277776,-2112.488899916489,2880.8847260411717,4135.718765452767
2460820.097222222,-2552.3599830010435,2720.902857061013,3994.027340005887
2460820.097916667,-2971.872737779597,2539.191690277821,3820.3660482054443
2460820.0986111113,-3367.6752258112006,2337.196171491349,3616.116659623444
2460820.0993055557,-3736.6022373743444,2116.523675185143,3382.905982443838
2460820.1,-4075.7008937453197,1878.9316461944827,3122.5935247173734
2460820.1006944445,-4382.254786742139,1626.313959983074,2837.257218232897
2460820.101388889,-4653.806426301525,1360.6860730821816,2529.1772641625867
2460820.1020833333,-4888.177760173455,1084.1690553593735,2200.8181856448177
2460820.1027777777,-5083.488532422941,798.972617046218,1854.8092013574717
2460820.103472222,-5238.172260446697,507.37726065097144,1493.9230591814817
2460820.1041666665,-5350.989623885123,211.71571122678503,1121.053502136438
2460820.104861111,-5421.039085598228,-85.64620542751734,739.1915642006138
2460820.105555556,-5447.764595569233,-382.3290490451998,351.4009220645352
2460820.10625,-5430.960267688097,-675.9594220472882,-39.207457316550105
2460820.1069444446,-5370.771959778692,-964.1895876636368,-429.50110587747815
2460820.107638889,-5267.695735375405,-1244.7168453288614,-816.3520136868776
2460820.1083333334,-5122.573230320629,-1515.302460224615,-1196.6624855066304
2460820.109027778,-4936.583995727344,-1773.7899480421768,-1567.3906198196532
2460820.109722222,-4711.234930765945,-2018.1225359138425,-1925.575155013848
2460820.1104166666,-4448.346959276916,-2246.359632935176,-2268.359437268428
2460820.111111111,-4150.039137079721,-2456.6921665552677,-2593.014289481383
2460820.1118055554,-3818.7104050851167,-2647.4566625556395,-2896.9595842036983
2460820.1125,-3457.0192203355787,-2817.1479722566964,-3177.784354988074
2460820.113194444,-3067.861311547223,-2964.430572352271,-3433.265307023209
2460820.113888889,-2654.3458054279895,-3088.148387999184,-3661.3836214439034
2460820.1145833335,-2219.769973576394,-3187.333107593398,-3860.339970995577
2460820.115277778,-1767.5928304798538,-3261.2109791951266,-4028.5676965948446
2460820.1159722223,-1301.407814494636,-3309.2080885026257,-4164.744107747933
2460820.1166666667,-824.9147493709607,-3330.9541334217424,-4267.79989561284
2460820.117361111,-341.89128503722304,-3326.284713324039,-4336.926651745513
2460820.1180555555,143.83601631958385,-3295.2421572241524,-4371.582499031743
2460820.11875,628.4207876814821,-3238.074914037748,-4371.495840759636
2460820.1194444443,1108.0260097653097,-3155.23552752902,-4336.667235004872
2460820.1201388887,1578.8530743372041,-3047.377214523556,-4267.369398177937
2460820.120833333,2037.1706143936333,-2915.3490628650798,-4164.145337095526
2460820.121527778,2479.3429644949656,-2760.1898618701816,-4027.8046048945102
2460820.1222222224,2901.8581018029254,-2583.120577156597,-3859.417672803922
2460820.122916667,3301.354905460382,-2385.535483941576,-3660.308410670254
2460820.123611111,3674.6495636827135,-2168.991974568678,-3432.0446701698074
2460820.1243055556,4018.7609340088934,-1935.199066670688,-3176.4269752600753
2460820.1256944444,4608.665774899174,-1423.3815032914565,-2591.4142130611267
2460820.126388889,4849.719717368424,-1149.4122021618707,-2266.655701506767
2460820.127083333,5052.15126628778,-866.2729186421031,-1923.7809945705378
2460820.1277777776,5214.32142677452,-576.2163043172284,-1565.5202531866491
2460820.128472222,5334.911887117637,-281.553536456631,-1194.7310100811749
2460820.129166667,5412.936895030162,15.364305153304102,-814.3752815657591
2460820.1298611113,5447.752367329354,312.16536695753814,-427.4955802035743
2460820.1305555557,5439.062083876268,606.4764695678437,-37.19005306055594
2460820.13125,5386.9208561477435,895.9426779754295,353.4130100045956
2460820.1319444445,5291.734603300154,1178.2467905628778,741.1810385679412
2460820.132638889,5154.257313219804,1451.1285414111796,1123.0031454814857
2460820.1333333333,4975.584914781149,1712.4033089264913,1495.8159140058851
2460820.1340277777,4757.146131361498,1959.9801392579188,1856.6287434084336
2460820.134722222,4500.690432450138,2191.878898048086,2202.548487477886
2460820.1354166665,4208.273237138141,2406.2463870578936,2530.8031448253505
2460820.136111111,3882.238557356451,2601.3712799769364,2838.76437779303
2460820.136805556,3525.1992988300635,2775.6977527428703,3123.968659751519
2460820.1375,3140.0154503999975,2927.8377116736197,3384.136885522016
2460820.1381944446,2729.770413997544,3056.5815401036944,3617.192299426994
2460820.138888889,2297.7457197181834,3160.907312764792,3821.2766346775975
2460820.1395833334,1847.3943812231785,3239.988441239586,3994.7643751746887
2460820.140277778,1382.313128282898,3293.1997354312252,4136.275082686529
2460820.140972222,906.2137484064536,3320.1218771839617,4244.683748390079
2460820.1416666666,422.8937533634543,3320.5443135027795,4319.129145627734
2460820.142361111,-63.79342825280691,3294.4665835662404,4359.02017219389
2460820.1430555554,-549.9685455350555,3242.0980972892826,4364.040177503499
2460820.14375,-1031.7567231262735,3163.8563855465723,4334.1492735793145
2460820.144444444,-1505.3176029498393,3060.363840671942,4269.584630365841
2460820.145138889,-1966.8752492221392,2932.442967603565,4170.858754748073
2460820.1458333335,-2412.7476562749553,2781.110163748132,4038.7557524504073
2460820.146527778,-2839.3756786850945,2607.5680485891417,3874.3255726615203
2460820.1472222223,-3243.351202834736,2413.1963652129602,3678.876236647522
2460820.1479166667,-3621.4443566623136,2199.541485829113,3453.964061400316
2460820.148611111,-3970.629553682637,1968.304558394532,3201.381896203194
2460820.1493055555,-4288.110148674863,1721.328345751895,2923.1454064510363
2460820.15,-4571.341472748877,1460.5828255173183,2621.4774603249853
2460820.1506944443,-4818.052015013146,1188.149634268196,2298.7906945785917
2460820.1513888887,-5026.262515960994,906.2054607241524,1957.6683637583917
2460820.152083333,-5194.302745045224,617.0045144233593,1600.8436074218682
2460820.152777778,-5320.825753260481,322.8602119238558,1231.1772933733823
2460820.1534722224,-5404.81940822832,26.12624957180683,851.6346331410973
2460820.154166667,-5445.615055021654,-270.8227602580862,465.2607815631872
2460820.154861111,-5442.89317770042,-565.6108934529087,75.15566213782634
2460820.1555555556,-5396.685979897516,-855.880555141953,-315.55172359007213
2460820.15625,-5307.376847195148,-1139.3119541457788,-703.729238638672
2460820.1569444444,-5175.696701155043,-1413.6422005935988,-1086.2675249501322
2460820.157638889,-5002.717300033769,-1676.6838338756083,-1460.1056255003923
2460820.158333333,-4789.841589017182,-1926.3425876075191,-1822.2560422108543
2460820.1590277776,-4538.79123967743,-2160.634225794393,-2169.828988277711
2460820.159722222,-4251.591558936735,-2377.7002943345074,-2500.0556003161387
2460820.160416667,-3930.5539695050106,-2575.8226632403507,-2810.3099134517934
2460820.1611111113,-3578.2562965438965,-2753.4367482580215,-3098.1294149800674
2460820.1618055557,-3197.521096061707,-2909.143335798573,-3361.2340385819343
2460820.1625,-2791.392276631474,-3041.718949748021,-3597.543478153386
2460820.1631944445,-2363.110262651057,-3150.1247236344916,-3805.1927339941417
2460820.163888889,-1916.0859342228348,-3233.513761580966,-3982.5458328413365
2460820.1645833333,-1453.8735792557607,-3291.236983199254,-4128.207679129621
2460820.1652777777,-980.1430587603966,-3322.847464062536,-4241.0340223251405
2460820.165972222,-498.6513939993236,-3328.103286551946,-4320.139528629831
2460820.167361111,472.3246846774614,-3259.615185023694,-4374.976492169488
2460820.168055556,954.1197574665257,-3186.4177261434966,-4350.27809630862
2460820.16875,1428.3555788174804,-3087.954175773792,-4291.0021289862325
2460820.1694444446,1891.2744018018568,-2964.999862682465,-4197.612991047064
2460820.170138889,2339.205047432948,-2818.522175077705,-4070.8429357014443
2460820.1708333334,2768.5910472574005,-2649.6735582215956,-3911.686991061057
2460820.171527778,3176.018162001862,-2459.7831620895163,-3721.395992279823
2460820.172222222,3558.241100929873,-2250.347156112545,-3501.4677192118997
2460820.1729166666,3912.209263978783,-2023.0177289394953,-3253.63613652115
2460820.173611111,4235.091297223941,-1779.59080771075,-2979.8587507358643
2460820.1743055554,4524.298248241317,-1521.992541404324,-2682.3021119104046
2460820.175,4777.505098432708,-1252.2646062849067,-2363.3255044444345
2460820.175694444,4992.6704347322775,-972.5484167750192,-2025.4629032861378
2460820.176388889,5168.0540311075565,-685.0683399763795,-1671.4032929872458
2460820.1770833335,5302.232111933501,-392.1140391873379,-1303.9694833600602
2460820.177777778,5394.110090430753,-96.02208310402007,-926.0955736354931
2460820.1784722223,5442.932588863101,200.84300824261678,-540.8032643333877
2460820.1791666667,5448.29058596359,496.10810873985645,-151.1772229466332
2460820.179861111,5410.125566597113,787.4110256604112,239.6602534473718
2460820.1805555555,5328.730593478556,1072.4200304060475,628.5750212302937
2460820.18125,5204.7482642569685,1348.8531782302746,1012.4470561032311
2460820.1819444443,5039.165564532743,1614.4972076857196,1388.1963227645
2460820.1826388887,4833.305674884164,1867.2258220897231,1752.8082775398918
2460820.183333333,4588.816832191265,2105.0171677253034,2103.3587430825783
2460820.184027778,4307.658389421891,2325.9703342541366,2437.0379016983575
2460820.1847222224,3992.084254094292,2528.320724765222,2751.1731772837406
2460820.185416667,3644.6239086510764,2710.454168241727,3043.2508057240952
2460820.186111111,3268.0612474909326,2870.919662634155,3310.9359092592604
2460820.1868055556,2865.411470624513,3008.440667540501,3552.0909303090816
2460820.1875,2439.8962857598053,3121.9248838436843,3764.7923030200163
2460820.1881944444,1994.9176694884504,3210.4724797212452,3947.3452704948654
2460820.188888889,1534.0304299145155,3273.382740970768,4098.296781873919
2460820.189583333,1060.9138034512468,3310.159137569117,4216.446423825731
2460820.1902777776,579.3423110613675,3320.512809534185,4300.855357312148
2460820.190972222,93.15607383924883,3304.364484651576,4350.853247117418
2460820.191666667,-393.76921964120555,3261.8448434478155,4366.043176660807
2460820.1923611113,-877.5525068618678,3193.29335030413,4346.304546028373
2460820.1930555557,-1354.3375417028203,3099.2555696095574,4291.793954469379
2460820.19375,-1820.3229091844778,2980.4789852682393,4202.944066392392
2460820.1944444445,-2271.791695574606,2837.907342051091,4080.460460382185
2460820.195138889,-2705.1406415784836,2672.673527498041,3925.316460366508
2460820.1958333333,-3116.908596193772,2486.0910157668704,3738.7459500484897
2460820.1965277777,-3503.804076313152,2279.6439007691483,3522.2341778093282
2460820.197222222,-3862.7317280923107,2054.975552780377,3277.506567250493
2460820.1979166665,-4190.817469927756,1813.8759458068835,3006.515563861846
2460820.198611111,-4485.43208944006,1558.2677167135723,2711.4255658428087
2460820.199305556,-4744.213061838257,1290.1910325766648,2394.5960073094634
2460820.2,-4965.084349622562,1011.7873675315602,2058.562694300029
2460820.2006944446,-5146.273958441623,725.2823030632974,1706.0175132726908
2460820.201388889,-5286.329028201516,432.9674933646411,1339.7866692084326
2460820.2020833334,-5384.128263811361,137.1819523853866,962.8076339605401
2460820.202777778,-5438.891535146655,-159.707160404505,578.1050160235836
2460820.203472222,-5450.186511492831,-455.32406795218867,188.7655817904275
2460820.2041666666,-5417.932233834056,-747.3040130261851,-202.08731435556723
2460820.204861111,-5342.39957449192,-1033.3128026531194,-591.3196297066473
2460820.2055555554,-5224.208578639621,-1311.0660511779029,-975.8125870168096
2460820.20625,-5064.322729254672,-1578.3479222226763,-1352.4884114628776
2460820.206944444,-4864.040223543242,-1833.0291760699206,-1718.3355813256844
2460820.207638889,-4624.98238943311,-2073.0843479611567,-2070.433341914734
2460820.209027778,-4038.5535592676792,-2501.8291864209073,-2722.29149943737
2460820.2097222223,-3695.900150588503,-2687.1261954400848,-3016.86996743576
2460820.2104166667,-3323.8664745042793,-2851.037846668116,-3287.3756154916023
2460820.211111111,-2925.4289311421494,-2992.274911741167,-3531.6683346147224
2460820.2118055555,-2503.768634126661,-3109.729431893081,-3747.8190071087724
2460820.2125,-2062.245715553241,-3202.4826373478527,-3934.1237631899357
2460820.2131944443,-1604.372566111616,-3269.811355731782,-4089.1163798883085
2460820.2138888887,-1133.7862311064973,-3311.192914219196,-4211.578796173377
2460820.214583333,-654.220155150737,-3326.3085510549718,-4300.549737154163
2460820.215277778,-169.47546706563196,-3315.0453551236224,-4355.331444750907
2460820.2159722224,316.60803831967667,-3277.4967565374895,-4375.494523122961
2460820.216666667,800.1810563995125,-3213.961589973895,-4360.880904338583
2460820.217361111,1277.4139354838735,-3124.9417504048183,-4311.604941715153
2460820.2180555556,1744.525700096768,-3011.138457664321,-4228.052631770609
2460820.21875,2197.8127985011392,-2873.4471432437385,-4110.878962799844
2460820.2194444444,2633.6774302908075,-2712.9509705712458,-3961.0033839364833
2460820.220138889,3048.655301535246,-2530.9129994003647,-3779.6033864098686
2460820.220833333,3439.4426412952284,-2328.767007167493,-3568.1061897245404
2460820.2215277776,3802.9222968561476,-2108.106986271482,-3328.178531376854
2460820.222222222,4136.188711780593,-1870.6753439388651,-3061.7145673551545
2460820.222916667,4436.571573765128,-1618.3498445812252,-2770.821906172921
2460820.2236111113,4701.657909329435,-1353.12934865091,-2457.8058169060223
2460820.2243055557,4929.312390960572,-1077.1184233647732,-2125.151678765854
2460820.225,5117.6956263291695,-792.5109158293869,-1775.5057607762847
2460820.2256944445,5265.280197831477,-501.5726059271267,-1411.6544555917847
2460820.226388889,5370.864237823849,-206.6230729075479,-1036.5021159860878
2460820.2270833333,5433.582341730053,89.98306530753102,-653.0476779603028
2460820.2277777777,5452.913651925527,385.8753704287859,-264.3602727391964
2460820.228472222,5428.686975922988,678.6870642477526,126.44593190517101
2460820.2291666665,5361.0828458600245,966.0745784371201,516.2374181451718
2460820.229861111,5250.632467866693,1245.736962748869,901.8872598307881
2460820.230555556,5098.213557645832,1515.4349487129668,1280.3010508163857
2460820.23125,4905.043105207319,1773.009466067645,1648.442544754151
2460820.2319444446,4672.667156477385,2016.3994214185063,2003.358740888265
2460820.232638889,4402.947744746176,2243.6585591184403,2342.2041576079246
2460820.2333333334,4098.047136683779,2452.97124934701,2662.26406375877
2460820.234027778,3760.40959663488,2642.667060743172,2960.976448313527
2460820.234722222,3392.740888103363,2811.23400629633,3235.952548175916
2460820.2354166666,2997.9857576732284,2957.330367083631,3484.9957711830098
2460820.236111111,2579.303644993495,3079.795028066543,3706.1188909667962
2460820.2368055554,2140.042871641415,3177.6562765564195,3897.559411058292
2460820.2375,1683.7135581302146,3250.139034392798,4057.793023609688
2460820.238194444,1213.9594988664066,3296.670512825632,4185.545115091334
2460820.238888889,734.5292272191256,3316.8842879088816,4279.800283137753
2460820.2395833335,249.2464731282673,3310.6228062763157,4339.809849247604
2460820.240277778,-238.01978442901202,3277.9383347130806,4365.097356994901
2460820.2409722223,-723.3854894560724,3219.092371289508,4355.462054291522
2460820.2416666667,-1202.9817308984861,3134.553536016931,4310.980359283069
2460820.242361111,-1672.984844680836,3024.993958956577,4232.005309886613
2460820.2430555555,-2129.6462283291507,2891.2841831000874,4119.163996261498
2460820.24375,-2569.321695734835,2734.486599773692,3973.3529751627148
2460820.2444444443,-2988.500191089448,2555.8474369332066,3795.7316672607685
2460820.2451388887,-3383.831675058809,2356.7873234189733,3587.7137412680117
2460820.245833333,-3752.1539790847364,2138.8904605639814,3350.9564974965597
2460820.246527778,-4090.5184098393597,1903.8924448056418,3087.348278076053
2460820.2472222224,-4396.213882737006,1653.666794441276,2798.9939436425775
2460820.247916667,-4666.789348154289,1390.2102535604117,2488.198480976115
2460820.248611111,-4900.074273545226,1115.6269647598644,2157.4488310662396
2460820.2493055556,-5094.196950717685,832.1116196380854,1809.3940513191426
2460820.2506944444,-5359.055691880911,247.40910690052203,1072.6464328781522
2460820.251388889,-5427.672435472566,-49.09909260355619,689.8635620311467
2460820.252083333,-5452.906404599854,-345.21987906859596,301.5468935163757
2460820.2527777776,-5434.564076160075,-638.5839958865948,-89.18800152247141
2460820.253472222,-5372.804084780462,-926.8455155370584,-479.20736030519686
2460820.254166667,-5268.135551177479,-1207.7012022145293,-865.385199004514
2460820.2548611113,-5121.413315188354,-1478.9094417130134,-1244.6291408701343
2460820.2555555557,-4933.830146373831,-1738.3085474294683,-1613.9058380268002
2460820.25625,-4706.906050395672,-1983.8342570230197,-1970.2657242010894
2460820.2569444445,-4442.4748259738535,-2213.5362577373985,-2310.866861306192
2460820.257638889,-4142.668062505888,-2425.593594406925,-2632.997658874516
2460820.2583333333,-3809.896795137747,-2618.32883843806,-2934.0982734738477
2460820.2590277777,-3446.8310472195258,-2790.2209228845627,-3211.7805287836563
2460820.259722222,-3056.377511960583,-2939.91656533769,-3463.8462159602636
2460820.2604166665,-2641.655612995183,-3066.240232193023,-3688.3036778713563
2460820.261111111,-2205.972197417052,-3168.202609093733,-3883.38259408257
2460820.261805556,-1752.7950891700061,-3245.007567558291,-4047.5469207868005
2460820.2625,-1285.7257273140513,-3296.057626899295,-4179.505952873693
2460820.2631944446,-808.4710964587246,-3320.9579226246206,-4278.223494161181
2460820.263888889,-324.815133207797,-3319.5186998565955,-4342.925135146723
2460820.2645833334,161.41021824766804,-3291.75635228953,-4373.103641977972
2460820.265277778,646.3541429442755,-3237.8930284787825,-4368.522464142365
2460820.265972222,1126.1761432337541,-3158.3548250062154,-4329.217367708236
2460820.2666666666,1597.0751319829585,-3053.7685838433513,-4255.496197137409
2460820.267361111,2055.3183003330046,-2924.9573065671852,-4147.936764415827
2460820.2680555554,2497.269610005828,-2772.9341978458806,-4007.3828610284913
2460820.26875,2919.4177688999916,-2598.895346131427,-3834.9383834295936
2460820.269444444,3318.403519330567,-2404.2110551346154,-3631.959566059236
2460820.270138889,3691.0460680122783,-2190.4158400421097,-3400.045316577074
2460820.2708333335,4034.368462146919,-1959.1971126260664,-3141.025658357884
2460820.271527778,4345.62170370686,-1712.3825898670523,-2856.9482978920278
2460820.2722222223,4622.30738055622,-1451.9264754184098,-2550.0633528223084
2460820.2729166667,4862.198584501824,-1179.8944800856195,-2222.806297950521
2460820.273611111,5063.35888097658,-898.4477686357907,-1877.7792141831753
2460820.2743055555,5224.159100426349,-609.825938487265,-1517.7304505267728
2460820.275,5343.291727410887,-316.3291624348427,-1145.5328453716509
2460820.2756944443,5419.782686254648,-20.29964198663442,-764.1606754578713
2460820.2763888887,5453.000343434488,275.8974581023366,-376.66553543072746
2460820.277083333,5442.661581347333,569.8934106791746,13.84862769243851
2460820.277777778,5388.83483577623,859.335464599455,404.25107688049405
2460820.2784722224,5291.940032505824,1141.9063187378422,791.4101849044781
2460820.279166667,5152.7454051357345,1415.3433217186027,1172.2193955166151
2460820.279861111,4972.361221425287,1677.4571987281513,1543.622978606609
2460820.2805555556,4752.230494353052,1926.150105117094,1902.6413029727387
2460820.28125,4494.116795820825,2159.4328270286182,2246.3953716054084
2460820.2819444444,4200.089327871642,2375.440964853052,2572.130379653376
2460820.282638889,3872.5054471600165,2572.449949307169,2877.238067980848
2460820.283333333,3513.9908544632704,2748.8887723976327,3159.2776857967265
2460820.2840277776,3127.4176862376503,2903.3523311701674,3415.995393108189
2460820.284722222,2715.880757789664,3034.6123068018755,3645.3419647878804
2460820.285416667,2282.672204756967,3141.6265264414365,3845.48869162271
2460820.2861111113,1831.2547733868098,3223.5467715396485,4014.841395241347
2460820.2868055557,1365.233996128483,3279.725015349107,4152.052501253411
2460820.2875,888.3294868208591,3309.7180837861424,4256.031130987492
2460820.2881944445,404.3455622746934,3313.2907464395967,4325.951192983253
2460820.288888889,-82.85860251854614,3290.41724884054,4361.257461375054
2460820.2895833333,-569.3991057317495,3241.281302198822,4361.669638851338
2460820.2902777777,-1051.3975534969948,3166.274547553294,4327.1844023830645
2460820.290972222,-1525.0112303580236,3065.9935119454562,4258.075432687421
2460820.292361111,-2432.071033009043,2792.9904489892874,4018.452091884992
2460820.293055556,-2858.2773771221496,2622.4377322746786,3849.842122877472
2460820.29375,-3261.676531097236,2430.9329876844386,3650.4031620183787
2460820.2944444446,-3639.042472914618,2219.9999447356017,3421.723756089949
2460820.295138889,-3987.354741914567,1991.3183204825666,3165.6273289685705
2460820.2958333334,-4303.823082337699,1746.710822324918,2884.15820621632
2460820.296527778,-4585.9104505226915,1488.1288993284888,2579.565751481879
2460820.297222222,-4831.3541525950695,1217.6373248295438,2254.2866943241684
2460820.2979166666,-5038.184879876306,937.3977106777334,1910.9257528417943
2460820.298611111,-5204.743406600869,649.6510870463743,1552.2346988369345
2460820.2993055554,-5329.694748851354,356.6996822224054,1181.0900186113272
2460820.3,-5412.039589359299,60.888074698931696,800.469373379992
2460820.300694444,-5451.12281372016,-235.41610437484871,413.4270761364606
2460820.301388889,-5446.639036793279,-529.8417268595572,23.068823824089705
2460820.3020833335,-5398.635039108002,-820.033772335959,-367.4740479725651
2460820.302777778,-5307.509080303048,-1103.6727834637916,-755.07052864064
2460820.3034722223,-5174.007101845289,-1378.4939602240522,-1136.6158317487923
2460820.3041666667,-4999.215879880263,-1642.3056968144917,-1509.0569612247568
2460820.304861111,-4784.553230344894,-1893.0073771879547,-1869.4176864505064
2460820.3055555555,-4531.75541323419,-2128.606253740715,-2214.8226733257084
2460820.30625,-4242.861914547519,-2347.233261094839,-2542.520550206133
2460820.3069444443,-3920.1978139280736,-2547.1576351526205,-2849.905707572899
2460820.3076388887,-3566.353969314767,-2726.8002305383898,-3134.5386574206013
2460820.308333333,-3184.1652567117203,-2884.745457449397,-3394.164814313454
2460820.309027778,-2776.6871182384325,-3019.7517758996487,-3626.7315806825504
2460820.3097222224,-2347.170659523585,-3130.76071263223,-3830.4036569079135
2460820.310416667,-1899.0365387032712,-3216.904379742538,-4003.5765152256536
2460820.311111111,-1435.8478699631094,-3277.511492172842,-4144.888003497097
2460820.3118055556,-961.2823547104753,-3312.111890948718,-4253.228059518347
2460820.3125,-479.1038302519185,-3320.439588173897,-4327.746532122671
2460820.3131944444,6.866585781600033,-3302.434353038276,-4367.859111437633
2460820.313888889,492.7795960526641,-3258.2418599335265,-4373.251375731824
2460820.314583333,974.7869198673839,-3188.2124183295327,-4343.880961654751
2460820.3152777776,1449.0704425557215,-3092.898301913199,-4279.9778625386225
2460820.315972222,1911.8711842815403,-2973.0496902366513,-4182.042854763069
2460820.316666667,2359.5179443866073,-2829.609233976707,-4050.844047746895
2460820.3173611113,2788.455472881349,-2663.7052539298074,-3887.4115510701417
2460820.3180555557,3195.2720145485623,-2476.6435826514744,-3693.030249746855
2460820.31875,3576.726051335691,-2269.898062042052,-3469.2306819862556
2460820.3194444445,3929.772052370574,-2045.0997180427391,-3217.7780222856522
2460820.320138889,4251.585029750001,-1804.02464190972,-2940.659182621106
2460820.3208333333,4539.583683306664,-1548.5806202800102,-2640.068059880295
2460820.3215277777,4791.451900550152,-1280.7925781406627,-2318.3889849254138
2460820.322222222,5005.158383412853,-1002.7869100625106,-1978.1784447135587
2460820.3229166665,5178.974164704427,-716.7748022380096,-1622.145184054226
2460820.323611111,5311.487788939757,-425.0346675605857,-1253.1288213500768
2460820.324305556,5401.617948412561,-129.89383527078323,-874.0771403314528
2460820.325,5448.623386627677,166.29034190930219,-488.02225073357585
2460820.3256944446,5452.109912095553,461.14978164058715,-98.05583926676603
2460820.326388889,5412.034403446122,752.3251765626172,292.696251501104
2460820.3270833334,5328.705727074406,1037.485505516089,681.0998554255196
2460820.327777778,5202.782534508232,1314.347346551787,1064.0384584885971
2460820.328472222,5035.267954436074,1580.693784564913,1438.4390409457965
2460820.3291666666,4827.5012383186795,1834.3927192760088,1801.2975201412698
2460820.329861111,4581.14646792735,2073.4143805191507,2149.703523259661
2460820.3305555554,4298.178467427409,2295.8478851997575,2480.8642507867808
2460820.33125,3980.8661036353133,2499.9166796230716,2792.127198256118
2460820.331944444,3631.753182729165,2683.9927385852784,3081.001537088978
2460820.332638889,3253.637173601042,2846.60941356359,3345.177980156846
2460820.334027778,2422.713177277199,3102.4718765589514,3791.2151836098797
2460820.3347222223,1976.5514565916283,3193.6864346473753,3969.519942106209
2460820.3354166667,1514.6253674741697,3259.394339373985,4116.041996886505
2460820.336111111,1040.6227405490856,3299.0765487026415,4229.616115858561
2460820.3368055555,558.3255190165406,3312.4208309665423,4309.339764198253
2460820.3375,71.58003299364708,3299.3238775128916,4354.579759546417
2460820.3381944443,-415.7330683464475,3259.891869271602,4364.976911498355
2460820.3388888887,-899.7290473007656,3194.4395134369083,4340.448644175233
2460820.339583333,-1376.5492989981137,3103.4875668189293,4281.189602015298
2460820.340277778,-1842.3913950857225,2987.7588620221973,4187.670238597057
2460820.3409722224,-2293.538781133054,2848.17285206297,4060.633387332272
2460820.341666667,-2726.389949525741,2685.8386911398247,3901.088814224437
2460820.342361111,-3137.486910607296,2502.046869032234,3710.3057526344105
2460820.3430555556,-3523.5427567494608,2298.2594273886743,3489.8034307532107
2460820.34375,-3881.4681212350724,2076.098787643507,3241.339605626826
2460820.3444444444,-4208.396302284867,1837.3352398086572,2966.8971397485375
2460820.345138889,-4501.70682930044,1583.8731485647872,2668.668667092615
2460820.345833333,-4759.047229950763,1317.7359570285982,2349.0394253155955
2460820.3465277776,-4978.352763482429,1041.0500845488427,2010.568353325091
2460820.347222222,-5157.863890907241,756.0278343280291,1655.9675801516196
2460820.347916667,-5296.141260862784,464.9494545379172,1288.0804691890935
2460820.3486111113,-5392.078020443635,170.14450370335996,909.8583951530012
2460820.3493055557,-5444.909277949803,-126.02729598857134,524.3364767567798
2460820.35,-5454.218588356163,-421.1955336381074,134.60849364154325
2460820.3506944445,-5419.941367060844,-712.9987095560808,-256.1987539999723
2460820.351388889,-5342.365184538527,-999.1037541041786,-644.9513752567283
2460820.3520833333,-5222.126940268847,-1277.2252616839858,-1028.5343373534731
2460820.3527777777,-5060.206961955753,-1545.1442357872156,-1403.8771566443731
2460820.353472222,-4857.920119896465,-1800.7261574582785,-1767.979071001832
2460820.3541666665,-4616.904090929309,-2041.9381971483128,-2117.933437093785
2460820.354861111,-4339.104940589608,-2266.865414768471,-2450.95112433391
2460820.355555556,-4026.760223604074,-2473.7258106037257,-2764.3826966662627
2460820.35625,-3682.3798268548544,-2660.8841131151453,-3055.739201064114
2460820.3569444446,-3308.7247942590507,-2826.86421415426,-3322.7114120262536
2460820.357638889,-2908.7843786944222,-2970.3601861836187,-3563.1874126089742
2460820.3583333334,-2485.7515695114776,-3090.2458360838136,-3775.26841877778
2460820.359027778,-2042.997336424462,-3185.5827707551193,-3957.2827825609897
2460820.359722222,-1584.0438179607615,-3255.6269658546626,-4107.798132881027
2460820.3604166666,-1112.5366737461084,-3299.833840487076,-4225.631629762105
2460820.361111111,-632.2167928177929,-3317.8618517410846,-4309.858326112843
2460820.3618055554,-146.89154333112964,-3309.5746260893343,-4359.817636613023
2460820.3625,339.5942750554444,-3275.0416480891095,-4375.117920963844
2460820.363194444,823.3876191206559,-3214.5375260744695,-4355.639188328978
2460820.363888889,1300.6563946530864,-3128.5398519508303,-4301.533928927195
2460820.3645833335,1767.618508868693,-3017.725669449374,-4213.226073731324
2460820.365277778,2220.570647158796,-2882.9665616747075,-4091.4080794790816
2460820.3659722223,2655.916627277558,-2725.3223672006643,-3937.0361324781597
2460820.3666666667,3070.1951772704106,-2546.0335332651803,-3751.3234628055347
2460820.367361111,3460.106969498739,-2346.512116635993,-3535.731761473641
2460820.3680555555,3822.540721399079,-2128.3314516343703,-3291.9607024352536
2460820.36875,4154.598171568274,-1893.214507464544,-3021.9355749222464
2460820.3694444443,4453.617709064551,-1643.0209767528654,-2727.79305437964
2460820.3701388887,4717.196433870689,-1379.7331473272657,-2411.865154183608
2460820.370833333,4943.21041183151,-1105.4406323710284,-2076.661429524516
2460820.371527778,5129.832892946742,-822.3240485316071,-1724.849525055708
2460820.3722222224,5275.550259047972,-532.637761623594,-1359.2341975292757
2460820.372916667,5379.175489283784,-238.69183053288845,-982.7349620307458
2460820.373611111,5439.858944520019,57.16668899248413,-598.3625530359785
2460820.3743055556,5457.096306330721,352.57291073480764,-209.19440652484957
2460820.3756944444,5360.968771535196,932.596508066176,571.0378780440612
2460820.376388889,5248.35108957892,1212.570150513358,955.8431225335553
2460820.377083333,5093.776175230245,1482.8424935043604,1332.9781934203259
2460820.3777777776,4898.47890323618,1741.249677775945,1699.416715817362
2460820.378472222,4664.022948914333,1985.7237898742337,2052.2190693570483
2460820.379166667,4392.287554284599,2214.3097703037974,2388.5565359430775
2460820.3798611113,4085.4516212996987,2425.181261994565,2705.7343701756668
2460820.3805555557,3745.975333131889,2616.6552613253384,3001.2135832813906
2460820.38125,3376.5795311562997,2787.2054549478967,3272.6312558018667
2460820.3819444445,2980.2230843944612,2935.4741531500435,3517.8192295893036
2460820.382638889,2560.0785022724676,3060.282748703442,3734.8210522678132
2460820.3833333333,2119.506041422628,3160.640653144931,3921.90707814084
2460820.3840277777,1662.026548074467,3235.752681928062,4077.5876569349457
2460820.384722222,1191.2932754335895,3285.0248731761394,4200.624360153027
2460820.3854166665,711.062894023728,3308.0687391545116,4290.039216960582
2460820.386111111,225.16590670047262,3304.7039564448833,4345.121941768807
2460820.386805556,-262.52333773590635,3274.9595075106577,4365.435146959493
2460820.3875,-748.1168536727901,3219.073288391036,4350.817538840005
2460820.3881944446,-1227.7432707392616,3137.4901983759864,4301.385096153642
2460820.388888889,-1697.577964608195,3030.858727133618,4217.53023167888
2460820.3895833334,-2153.872895023677,2900.026054561459,4099.918936043196
2460820.390277778,-2592.985979732691,2746.031678633353,3949.4859026931413
2460820.390972222,-3011.409822164778,2570.099588994474,3767.42763481351
2460820.3916666666,-3405.79960000528,2373.6290089055947,3555.1935401428086
2460820.392361111,-3772.9999103052987,2158.1837353814603,3314.475028035686
2460820.3930555554,-4110.0703548319225,1925.4801174078855,3047.192635311649
2460820.39375,-4414.30963514504,1677.3737279755628,2755.481227173164
2460820.394444444,-4683.277923340912,1415.8448008486246,2441.673339644918
2460820.395138889,-4914.817271628179,1142.982521419173,2108.2807545467795
2460820.3958333335,-5107.069824384707,860.9682852265724,1757.9744305215106
2460820.396527778,-5258.49361442583,572.0580513072763,1393.5629340692592
2460820.3972222223,-5367.875735063517,278.5639481797249,1017.9695563463207
2460820.3979166667,-5434.342714744433,-17.164702687290298,634.2083150094486
2460820.398611111,-5457.367947532329,-312.7607573800335,245.35907472163984
2460820.3993055555,-5436.776074700329,-605.8588162648167,-145.4579630286128
2460820.4,-5372.74425575195,-894.1147847702987,-535.1081393948132
2460820.4006944443,-5265.800312988262,-1175.2252187966803,-920.4683105339993
2460820.4013888887,-5116.817780810393,-1446.9462545745573,-1298.4526431402862
2460820.402083333,-4927.007937749948,-1707.1119253819015,-1666.037961143489
2460820.402777778,-4697.908941530637,-1953.6516854647884,-2020.2883900344007
2460820.4034722224,-4431.372225950444,-2184.606976588261,-2358.3790603904476
2460820.404166667,-4129.54635189937,-2398.1466926948106,-2677.6186543867134
2460820.404861111,-3794.8585295546145,-2592.58142203304,-2975.4706075481636
2460820.4055555556,-3429.9940467407987,-2766.376369345046,-3249.572806462893
2460820.40625,-3037.873848575502,-2918.1628841812976,-3497.7556531052223
2460820.4069444444,-2621.6305142720867,-3046.7485442783204,-3718.0583968085825
2460820.407638889,-2184.582878064676,-3151.1257610743237,-3908.743659169991
2460820.408333333,-1730.209524492609,-3230.478894690527,-4068.310106450475
2460820.4090277776,-1262.121377037494,-3284.1898773981447,-4195.503241360711
2460820.409722222,-784.033587443397,-3311.842354456359,-4289.324301045354
2460820.410416667,-299.73690515569854,-3313.22435931614,-4349.037262530125
2460820.4111111113,186.9312965415353,-3288.3295415018374,-4374.17395919737
2460820.4118055557,672.1161913689755,-3237.356966793438,-4364.537317280253
2460820.4125,1151.9747141201772,-3160.7095069227853,-4320.2027171906575
2460820.4131944445,1622.7046836957718,-3058.990833480717,-4241.51748329788
2460820.413888889,2080.573695748317,-2933.0010270583757,-4129.098500050496
2460820.4145833333,2521.9476423795813,-2783.730810095144,-3983.8279483518318
2460820.4152777777,2943.31870426192,-2612.354412230947,-3806.847154951829
2460820.415972222,3341.332654369064,-2420.221076797462,-3599.5485466735886
2460820.417361111,4054.7978117842144,-1979.8952850253306,-3100.7615388085105
2460820.418055556,4364.540895636823,-1735.181264869772,-2813.214560468906
2460820.41875,4639.557306000401,-1476.641042309397,-2503.203361881744
2460820.4194444446,4877.63274623642,-1206.325513070107,-2173.189293590458
2460820.420138889,5076.844753187359,-926.382638672376,-1825.7974700737557
2460820.4208333334,5235.579389188138,-639.0405170466474,-1463.7962071712282
2460820.421527778,5352.545513801122,-346.58960034316596,-1090.0750369409127
2460820.422222222,5426.78642967025,-51.364215117713655,-707.6214830872781
2460820.4229166666,5457.688729710908,244.27645293916558,-319.49679307715166
2460820.423611111,5444.988199550545,537.9677191829062,71.18913648096624
2460820.4243055554,5388.772672467337,827.3589125153761,461.3033970329354
2460820.425,5289.481775483562,1110.1328335949238,847.7160004553142
2460820.425694444,5147.903552533988,1384.0249535996154,1227.3258356547253
2460820.426388889,4965.16799705525,1646.8421506202608,1597.0863758951357
2460820.4270833335,4742.737572664783,1896.4807882915445,1954.0308677149517
2460820.427777778,4482.394844293177,2130.943954233455,2295.2967440861003
2460820.4284722223,4186.2273795162155,2348.3576942092377,2618.1490240574785
2460820.4291666667,3856.610114289878,2546.9860959537887,2920.0024807524883
2460820.429861111,3496.1853998456786,2725.245101493087,3198.4423897100023
2460820.4305555555,3107.8409684444196,2881.7149471918324,3451.2436941486153
2460820.43125,2694.6860652812456,3015.151155006177,3676.3884548833994
2460820.4319444443,2260.025994838697,3124.4940205790276,3872.081482179835
2460820.4326388887,1807.3353298916695,3208.876561769982,4036.764071079894
2460820.433333333,1340.2300214660415,3267.630908735615,4169.125786602129
2460820.434027778,862.4386336733073,3300.2931298746994,4268.114264886293
2460820.4347222224,377.7729184854632,3306.6064967008197,4332.94300937258
2460820.435416667,-109.9020725436148,3286.523198077423,4363.097173257419
2460820.436111111,-596.6981547925152,3240.2045172447256,4358.337324951928
2460820.4368055556,-1078.734275925944,3168.019486795997,4318.701196137309
2460820.4375,-1552.1667166133955,3070.542035925205,4244.503412577224
2460820.4381944444,-2013.219050150767,2948.5466451066504,4136.333207207648
2460820.438888889,-2458.21169607363,2803.00252195304,3995.050114268863
2460820.439583333,-2883.590884554475,2635.066315084975,3821.7776450601264
2460820.4402777776,-3285.9568468316015,2446.073384539768,3617.894947966871
2460820.440972222,-3662.091023540699,2237.5276578073203,3385.0264668378945
2460820.441666667,-4008.9820854837208,2011.0901041981308,3125.029617225614
2460820.4423611113,-4323.850533747429,1768.5658797874394,2839.9805231230243
2460820.4430555557,-4604.171647103366,1511.8902081676017,2532.1578746584455
2460820.44375,-4847.696542344201,1243.1130774747667,2204.024987639623
2460820.4444444445,-5052.4711052053735,964.3828627431211,1858.2101831692119
2460820.445138889,-5216.852570794237,677.9289934354478,1497.4856226141103
2460820.4458333333,-5339.523539236548,386.04381527057035,1124.7447728488178
2460820.4465277777,-5419.503242347859,91.06380831158296,742.9786971426871
2460820.447222222,-5456.1559048897925,-204.6496550987536,355.25139868631493
2460820.4479166665,-5449.196083843365,-498.7298214596359,-35.32554196350239
2460820.448611111,-5398.690909281115,-788.8241311410432,-425.61877130067717
2460820.449305556,-5305.059197303727,-1072.6136526826913,-812.4991404281968
2460820.45,-5169.067452661266,-1347.8321694212914,-1192.8675787159375
2460820.4506944446,-4991.822824045414,-1612.2847237522242,-1563.6805974900558
2460820.451388889,-4774.763120904653,-1863.8654294679704,-1921.975159133476
2460820.4520833334,-4519.644039218959,-2100.5743840779933,-2264.8926707239443
2460820.452777778,-4228.523780108575,-2320.533528797151,-2589.7018778400693
2460820.453472222,-3903.745268206592,-2522.0013304527033,-2893.820466450609
2460820.4541666666,-3547.9162055765414,-2703.38617556166,-3174.835198586217
2460820.454861111,-3163.8871977344197,-2863.2583998137766,-3430.52045107728
2460820.4555555554,-2754.728204036598,-3000.360890569734,-3658.8550440539666
2460820.45625,-2323.7035547232113,-3113.618226289777,-3858.037282213582
2460820.456944444,-1874.2457709881603,-3202.144332678948,-4026.498153975389
2460820.457638889,-1409.9284148517138,-3265.248649824464,-4162.912654436994
2460820.459027778,-451.54636170367314,-3313.4338921284584,-4335.5772586344665
2460820.4597222223,34.91995059501332,-3298.146111033462,-4370.472812919374
2460820.4604166667,521.1070868874774,-3256.701227140585,-4370.622309923918
2460820.461111111,1003.1639793903207,-3189.4274269271154,-4336.024457467175
2460820.4618055555,1477.2713504447433,-3096.854848718143,-4266.950258709722
2460820.4625,1939.6707024561022,-2979.711712814724,-4163.941155623331
2460820.4631944443,2386.6929851747395,-2838.919071231454,-4027.8052946539715
2460820.4638888887,2814.786786421404,-2675.5841847352663,-3859.611906930356
2460820.464583333,3220.545886148192,-2490.9925354344387,-3660.6837953605873
2460820.465277778,3600.7360001280103,-2286.598486048159,-3432.587923366136
2460820.4659722224,3952.320519329521,-2064.0146058182054,-3177.1241096850704
2460820.466666667,4272.485042347699,-1824.9996900235496,-2896.31184238633
2460820.467361111,4558.660476284866,-1571.4455177604368,-2592.3752466829633
2460820.4680555556,4808.5444753720185,-1305.36240874511,-2267.7262622669673
2460820.46875,5020.120984599375,-1028.8636559897,-1924.9461074026415
2460820.4694444444,5191.677651347709,-744.1489363743345,-1566.7651401886455
2460820.470138889,5321.820879262129,-453.4868223053582,-1196.0412568637537
2460820.470833333,5409.48831727448,-159.19653396363248,-815.7369907169891
2460820.4715277776,5453.958595414128,136.37089911597812,-428.8955158612803
2460820.472222222,5454.858156282905,430.85189399740347,-38.61576987842149
2460820.472916667,5412.165063358692,721.889788099738,351.9730520610192
2460820.4736111113,5326.20971305779,1007.1543337540619,739.73737772944
2460820.4743055557,5197.6724218553,1284.3610033311102,1121.5652367734572
2460820.475,5027.577906447052,1551.2899041088078,1494.3920690514287
2460820.4756944445,4817.286722344797,1805.8041019707416,1855.2260878444008
2460820.476388889,4568.483770927874,2045.8671676307106,2201.172937557609
2460820.4770833333,4283.164023367627,2269.5597759083957,2529.4594032641367
2460820.4777777777,3963.615644949638,2475.095205833355,2837.4559481186097
2460820.478472222,3612.4007329479095,2660.8336103510796,3122.6978790158937
2460820.4791666665,3232.333899777433,2825.2949493183496,3382.9049717565526
2460820.479861111,2826.4589429400758,2967.1705028561837,3615.999416990372
2460820.480555556,2398.0238539562156,3085.332901144983,3820.1219725175556
2460820.48125,1950.4544154032508,3178.8446289725653,3993.6462377186867
2460820.4819444446,1487.3266234660043,3246.9649816109395,4135.190991905437
2460820.482638889,1012.3381672968609,3289.1554606933537,4243.630555579291
2460820.4833333334,529.2791838238375,3305.0836103101105,4318.103150733917
2460820.484027778,42.00248594209452,3294.6253015461234,4358.017249546332
2460820.484722222,-445.60654291452335,3257.8654769748377,4363.055905858807
2460820.4854166666,-929.6602123615653,3195.0973691930762,4333.179069183855
2460820.486111111,-1406.2987717848375,3106.820207890222,4268.623881402815
2460820.4868055554,-1871.7204791483434,2993.735428153471,4169.90295526655
2460820.4875,-2322.211310708674,2856.7413951503104,4037.8006345822605
2460820.488194444,-2754.1741443708484,2696.9266586006524,3873.367235039375
2460820.488888889,-3164.1572277212326,2515.561754654469,3677.911267761548
2460820.4895833335,-3548.881729717481,2314.0895799744235,3452.9896559808453
2460820.490277778,-3905.26816998561,2094.114368573791,3200.395962579557
2460820.4909722223,-4230.461499063798,1857.3893172116943,2922.146664604923
2460820.4916666667,-4521.854599894803,1605.802917325765,2620.4655271745523
2460820.492361111,-4777.109969802203,1341.3640726282406,2297.766156489895
2460820.4930555555,-4994.179347615197,1066.1860980077654,1956.632834619536
2460820.49375,-5171.321054251556,782.4697181160448,1599.7997695428949
2460820.4944444443,-5307.114830320936,492.4852043333948,1230.1289226994472
2460820.4951388887,-5400.473975972975,198.55380902408,850.5866054280357
2460820.495833333,-5450.654627857605,-96.97132656182237,464.2190618670843
2460820.496527778,-5457.262043983251,-391.7246032029253,74.12727438691144
2460820.4972222224,-5420.253806723067,-683.3475276752057,-316.55874424212175
2460820.497916667,-5339.939901186227,-969.5082109249579,-704.7059119947701
2460820.498611111,-5216.9796715296825,-1247.920588208741,-1087.20400961007
2460820.4993055556,-5052.375705307998,-1516.3631650395885,-1460.9913171914404
2460820.5006944444,-4603.905735634078,-2014.8834231642593,-2170.5788163945053
2460820.501388889,-4323.66526453668,-2240.999311096453,-2500.7194558458746
2460820.502083333,-4009.0004572776043,-2449.253152036557,-2810.8754088057913
2460820.5027777776,-3662.439692572342,-2637.998419270501,-3098.584087560725
2460820.503472222,-3286.7612956501735,-2805.746183430632,-3361.5655126146257
2460820.504166667,-2884.9704784526466,-2951.17622696134,-3597.739632256818
2460820.5048611113,-2460.274776323556,-3073.146708309434,-3805.2418704297365
2460820.5055555557,-2016.0582134132376,-3170.702353626847,-3982.436847122976
2460820.50625,-1555.8544297989517,-3243.0811638268647,-4127.930229232763
2460820.5069444445,-1083.3189799148497,-3289.719640583109,-4240.578693711721
2460820.507638889,-602.2009993165999,-3310.256541881587,-4319.4979959176
2460820.5083333333,-116.31441736161023,-3304.535183400591,-4364.069145976882
2460820.5090277777,370.49112095802667,-3272.6043035835187,-4373.942699782782
2460820.509722222,854.35947501129,-3214.7175094982017,-4349.041171742766
2460820.5104166665,1331.4572219729152,-3131.331319131029,-4289.559574402088
2460820.511111111,1798.0027381236666,-3023.10181041671,-4195.964085196166
2460820.511805556,2250.2949915356244,-2890.879887790735,-4068.988837673081
2460820.5125,2684.7419148536455,-2735.7051707628807,-3909.630828700236
2460820.5131944446,3097.888190510765,-2558.798513282982,-3719.142934851599
2460820.513888889,3486.442283355891,-2361.553162102367,-3499.0250307841247
2460820.5145833334,3847.3025304399785,-2145.5245707649574,-3251.01321111097
2460820.515277778,4177.582088006299,-1912.418892867996,-2977.067125918062
2460820.515972222,4474.632515071377,-1664.080194147078,-2679.3554594083957
2460820.5166666666,4736.0657678675325,-1402.4764356094117,-2360.2395979189178
2460820.517361111,4959.774367754688,-1129.6843015966228,-2022.2555614478263
2460820.5180555554,5143.949507942652,-847.872964909271,-1668.0942976639053
2460820.51875,5287.0968674549395,-559.286906886614,-1300.5804720335518
2460820.519444444,5388.0499205687365,-266.2279240867615,-922.649908059547
2460820.520138889,5445.980544660072,28.96351700459497,-537.3258725455399
2460820.5208333335,5460.406764017443,323.9274049395415,-147.69441865752393
2460820.521527778,5431.197500649634,616.3035967562346,243.12097212791684
2460820.5222222223,5358.574244948466,903.751322729164,631.9851959593493
2460820.5229166667,5243.1096034598495,1183.9685742073032,1015.7775080591491
2460820.523611111,5085.72272788754,1454.7111715037724,1391.417409245112
2460820.5243055555,4887.671677709567,1713.8113080614319,1755.8901609248112
2460820.525,4650.542811215193,1959.1953838058175,2106.2716693991374
2460820.5256944443,4376.237344971582,2188.9009476566207,2439.7524846164292
2460820.5263888887,4066.9552535930843,2401.0925942573494,2753.6606881554176
2460820.527083333,3725.1767169039395,2594.0766746783897,3045.483460753713
2460820.527777778,3353.641336562591,2766.3147098423515,3312.8871564740703
2460820.5284722224,2955.3253683495377,2916.435411570959,3553.7357295375027
2460820.529166667,2533.4172147760123,3043.2452446481666,3766.1073980204947
2460820.529861111,2091.2914297251878,3145.7374799678173,3948.309450369448
2460820.5305555556,1632.4814738712155,3223.099709831728,4098.891130352097
2460820.53125,1160.6514609746641,3274.71980841102,4216.654552281618
2460820.5319444444,679.5671101565958,3300.1903357601313,4300.663621804242
2460820.532638889,193.0661102252074,3299.3113897542926,4350.250946771118
2460820.533333333,-294.97190805238694,3272.0919158566057,4365.022731314867
2460820.5340277776,-780.6556128603487,3218.7494878506577,4344.861652337318
2460820.534722222,-1260.1122522548158,3139.708572840799,4289.927718316828
2460820.535416667,-1729.517806153492,3035.5972935635614,4200.6571102232865
2460820.5361111113,-2185.126839790855,2907.242700742327,4077.7590036069255
2460820.5368055557,-2623.3018835443927,2755.6645690549963,3922.2103712639596
2460820.5375,-3040.542156848952,2582.067732326432,3735.248767759728
2460820.5381944445,-3433.5114406310304,2387.832978951592,3518.363102920447
2460820.538888889,-3799.064893525732,2174.5065347708423,3273.2824189365833
2460820.5395833333,-4134.274587593526,1943.7881748081609,3001.9627028744712
2460820.5402777777,-4436.453534570814,1697.5180179480146,2706.571783190475
2460820.540972222,-4703.1779696838385,1437.6620720842975,2389.4723767705177
2460820.542361111,-5122.003916471275,885.5915893905978,1700.4595879597703
2460820.543055556,-5270.74536226985,597.7929335113382,1334.0698086766286
2460820.54375,-5377.340796098467,305.20435062972257,956.9738674521444
2460820.5444444446,-5440.939433244227,10.16833951429638,572.1984026367141
2460820.545138889,-5461.038110101888,-284.9531218174303,182.83186825065022
2460820.5458333334,-5437.485440663582,-577.7981067777641,-208.00105971795045
2460820.546527778,-5370.482855373855,-866.0242759453763,-597.1654048317671
2460820.547222222,-5260.582511022856,-1147.3282061058846,-981.5418590633061
2460820.5479166666,-5108.6821077154555,-1419.464314759386,-1358.0525321230987
2460820.548611111,-4916.016695355127,-1680.2631822773453,-1723.6862096318835
2460820.5493055554,-4684.147593573085,-1927.649093313626,-2075.5228697850066
2460820.55,-4414.948588495529,-2159.656632203521,-2410.7572212948808
2460820.550694444,-4110.5896016328115,-2374.4461894262963,-2726.721051478845
2460820.551388889,-3773.5180466771067,-2570.3182611905463,-3020.9042041814077
2460820.5520833335,-3406.4381141764734,-2745.726441606573,-3290.974027745948
2460820.552777778,-3012.2882275161523,-2899.2890359385347,-3534.7931714373867
2460820.5534722223,-2594.216914852882,-3029.7992438108054,-3750.435635847013
2460820.5541666667,-2155.557342800586,-3136.2338787501694,-3936.201006278944
2460820.554861111,-1699.8007395638256,-3217.7606107494394,-4090.626827329617
2460820.5555555555,-1230.568926356094,-3273.743729376201,-4212.499092653425
2460820.55625,-751.5861585857011,-3303.748435666138,-4300.860840310166
2460820.5569444443,-266.65045521298475,-3307.543677422761,-4355.018855255183
2460820.5576388887,220.3954088786458,-3285.1035441493373,-4374.548483209691
2460820.558333333,705.6931016279005,-3236.6072392732617,-4359.296565029129
2460820.559027778,1185.3979746129035,-3162.437644314986,-4309.382496263602
2460820.5597222224,1655.7082089777864,-3063.178487128959,-4225.197414271589
2460820.560416667,2112.8937263100443,-2939.6101231805283,-4107.401510479783
2460820.561111111,2553.324721885576,-2792.703936007353,-3956.9194611915077
2460820.5618055556,2973.4996642334295,-2623.615363247943,-3774.933969178503
2460820.5625,3370.072596263343,-2433.6755554211272,-3562.877408501614
2460820.5631944444,3739.8795538966497,-2224.3816806090995,-3322.42157116608
2460820.563888889,4079.963904568228,-1997.3858957697487,-3055.465523225506
2460820.564583333,4387.600390374908,-1754.4830185731478,-2764.12159408722
2460820.5652777776,4660.3176530348655,-1497.5969454731085,-2450.699538173512
2460820.565972222,4895.919000949979,-1228.765885933278,-2117.688938940723
2460820.566666667,5092.501186260331,-950.1264958965753,-1767.739943892463
2460820.5673611113,5248.470957188855,-663.8970194934727,-1403.6424535124133
2460820.5680555557,5362.559164464802,-372.3595699230842,-1028.3039175907618
2460820.56875,5433.832222293661,-77.84169794406164,-644.7259176834816
2460820.5694444445,5461.700748890352,217.30258133781726,-255.97974622744331
2460820.570138889,5445.925247057021,510.7121182060618,134.81878468250997
2460820.5708333333,5386.618724609507,800.0381191802194,524.5350546064808
2460820.5715277777,5284.2461984593165,1082.9635921113063,910.0415965213024
2460820.572222222,5139.621072853145,1357.2225421207702,1288.2440394182968
2460820.5729166665,4953.8984284817225,1620.618715054313,1656.1067575391437
2460820.573611111,4728.565307552733,1871.0436914457107,2010.677955471272
2460820.574305556,4465.428118969003,2106.4941535008043,2349.113940039393
2460820.575,4166.597329015111,2325.088158023814,2668.7023393603386
2460820.5756944446,3834.46963273762,2525.0802722858484,2966.884058156457
2460820.576388889,3471.707826869466,2704.8754504049034,3241.273783027493
2460820.5770833334,3081.218622335476,2863.0415511147226,3489.678880591813
2460820.577777778,2666.1286396234223,2998.320421883586,3710.1165630322503
2460820.578472222,2229.75884360543,3109.6374910889695,3900.8292168036446
2460820.5791666666,1775.597655429941,3196.1098355642844,4060.297826570374
2460820.579861111,1307.2729804635164,3257.0527016658934,4187.25344116334
2460820.5805555554,828.5233801005687,3291.9844723231677,4280.686648933662
2460820.58125,343.16859038530885,3300.630083376356,4339.855047078698
2460820.581944444,-144.92040941800192,3282.9228962520283,4364.288694718415
2460820.582638889,-631.8515991817044,3239.00503897297,4353.793548493157
2460820.584027778,-1586.7489597661447,3074.14108260821,4228.626675251664
2460820.5847222223,-2047.0979987461528,2954.5049460189675,4114.949015484613
2460820.5854166667,-2491.1144969260313,2811.2682222720637,3968.3234384819043
2460820.586111111,-2915.251590149452,2645.569245858865,3789.9162805574297
2460820.5868055555,-3316.1185546514193,2458.725700326403,3581.148004055298
2460820.5875,-3690.5079837650183,2252.2246125222573,3343.6825244876813
2460820.5881944443,-4035.4217565229706,2027.7109561791867,3079.4145613509163
2460820.5888888887,-4348.095568051458,1786.9749137774345,2790.4550555614733
2460820.589583333,-4626.021782672305,1531.937864207545,2479.1147207223726
2460820.590277778,-4866.970376993816,1264.6371752796265,2147.8858118336852
2460820.5909722224,-5069.007730409913,987.2099091122677,1799.4222329216989
2460820.591666667,-5230.513038531464,701.8755649430901,1436.5181289610746
2460820.592361111,-5350.192141516039,410.9180037650328,1062.08513548936
2460820.5930555556,-5427.088581943243,116.6667211992922,679.1284906029325
2460820.59375,-5460.591740800545,-178.5223511678609,290.7222354233085
2460820.5944444444,-5450.441937225768,-472.28631845088927,-100.01624460088257
2460820.595138889,-5396.7324221266,-762.2748716300864,-489.9520812190728
2460820.595833333,-5299.908239738783,-1046.1697018014013,-875.9589088881859
2460820.5965277776,-5160.7619799358845,-1321.7035781394181,-1254.9447041527442
2460820.597222222,-4980.426489612364,-1586.6788913544526,-1623.8772085102355
2460820.597916667,-4760.364655890916,-1838.9854767113243,-1979.8086762633675
2460820.5986111113,-4502.356412814314,-2076.6175478332475,-2319.899707587258
2460820.5993055557,-4208.483158719289,-2297.689590092391,-2641.441946691566
2460820.6,-3881.1097932583525,-2500.451088943395,-2941.8794578412876
2460820.6006944445,-3522.86461036275,-2683.2999844567366,-3218.82861033169
2460820.601388889,-3136.6172861324844,-2844.7947744636144,-3470.096344605272
2460820.6020833333,-2725.4552111656135,-2983.6652056566327,-3693.6967133142884
2460820.6027777777,-2292.6584079376985,-3098.821515927737,-3887.8656240763935
2460820.603472222,-1841.6732727584456,-3189.3622058783194,-4051.073730645286
2460820.6041666665,-1376.0853568097548,-3254.5803357181426,-4182.037446354147
2460820.604861111,-899.5913974162881,-3293.968350487158,-4279.728063385033
2460820.605555556,-415.97078569778597,-3307.221446575717,-4343.378977505066
2460820.60625,70.94336073436423,-3294.2394952431055,-4372.49102342991
2460820.6069444446,557.2933585531599,-3255.1275392168154,-4366.8359272508715
2460820.607638889,1039.226209103587,-3190.1948778105047,-4326.457883108574
2460820.6083333334,1512.9227984378244,-3099.9527526479933,-4251.673257036957
2460820.609027778,1974.6269064122391,-2985.1106433899936,-4143.068417027463
2460820.609722222,2420.6738883367743,-2846.5711784509967,-4001.495682670566
2460820.6104166666,2847.51886676367,-2685.4236686384947,-3828.067389029972
2460820.611111111,3251.764284708487,-2502.9362663329534,-3624.1480536435693
2460820.6118055554,3630.1866298439627,-2300.546763854101,-3391.344646352252
2460820.6125,3979.7621446213634,-2079.8520452581356,-3131.4949632752528
2460820.613194444,4297.69130461423,-1842.5962234050648,-2846.6541269084423
2460820.613888889,4581.421848224715,-1590.6575016301651,-2539.0792448380644
2460820.6145833335,4828.670120303433,-1326.033822297916,-2211.212288526027
2460820.615277778,5037.440494478523,-1050.8273806970076,-1865.6612757034711
2460820.6159722223,5206.042638747264,-767.2281052952887,-1505.179870085452
2460820.6166666667,5333.106398974383,-477.4962268427097,-1132.6455416722783
2460820.617361111,5417.594091737268,-183.9440818536807,-751.0364629824486
2460820.6180555555,5458.810025093259,111.08268864178598,-363.4073393464395
2460820.61875,5456.407095140055,405.22436234942177,27.13559718391857
2460820.6194444443,5410.390346476287,696.1265879408357,417.4601835554573
2460820.6201388887,5321.1174270593065,981.4598640365283,804.434248369552
2460820.620833333,5189.295913194918,1258.9388402146774,1184.9515913172274
2460820.621527778,5015.977529942116,1526.341231295178,1555.9577392661026
2460820.6222222224,4802.549334346949,1781.526154270511,1914.475218800081
2460820.622916667,4550.721978761104,2022.4516945022247,2257.6280764878143
2460820.623611111,4262.515204410452,2247.191537062189,2582.6654135938643
2460820.6243055556,3940.24075447243,2453.950508773002,2886.9837108867855
2460820.6256944444,3204.076954713354,2807.0854791346515,3423.909977498873
2460820.626388889,2796.085589378436,2950.649060286621,3652.228146251826
2460820.627083333,2365.7739222687414,3070.6286525227706,3851.2811726747645
2460820.6277777776,1916.5829023350343,3166.072059489011,4019.4830862077256
2460820.628472222,1452.1016650027177,3236.22295664065,4155.495039267757
2460820.629166667,976.0389375739934,3280.526418069737,4258.235334484547
2460820.6298611113,492.1937342323573,3298.632893188439,4326.887447272883
2460820.6305555557,4.4255363852874545,3290.4006399274217,4360.906034869738
2460820.63125,-483.37585345595835,3255.896623746822,4360.02092727511
2460820.6319444445,-967.3206008287644,3195.3958947100846,4324.2390998590445
2460820.632638889,-1443.549115223365,3109.3794534799786,4253.8446278796555
2460820.6333333333,-1908.2621257052183,2998.530618922493,4149.396622514314
2460820.6340277777,-2357.750400148748,2863.7299073208046,4011.725147059737
2460820.634722222,-2788.4239224030703,2706.048436219021,3841.9251130820803
2460820.6354166665,-3196.840338431714,2526.7398697254907,3641.3481610353583
2460820.636111111,-3579.732476800269,2327.2309251255856,3411.5925334881777
2460820.636805556,-3934.0347237908886,2109.1104738839576,3154.4909646642386
2460820.6375,-4256.908029430238,1874.1172806952982,2872.0966240884727
2460820.6381944446,-4545.763313170454,1624.1264372538435,2566.667169226633
2460820.638888889,-4798.283024247538,1361.1345712704226,2240.6469928775173
2460820.6395833334,-5012.44062110063,1087.2439270630177,1896.6477733236889
2460820.640277778,-5186.517740654579,804.6454339313123,1537.4274625077928
2460820.640972222,-5319.118838649751,515.6009054123049,1165.8678842119455
2460820.6416666666,-5409.183111469967,222.42452545251248,784.951134035341
2460820.642361111,-5455.9935356870465,-72.53619984307474,397.7350051004122
2460820.6430555554,-5459.1829003845005,-366.9198357768037,7.327680580195819
2460820.64375,-5418.736747785976,-658.3705558086713,-383.13804523259563
2460820.644444444,-5334.993183740067,-944.5576172599104,-770.5307488483244
2460820.645138889,-5208.639566125435,-1223.1945695505856,-1151.7462870515637
2460820.6458333335,-5040.706126888481,-1492.0579943818977,-1523.7333619103429
2460820.646527778,-4832.556626948026,-1749.0055898436497,-1883.5184819172189
2460820.6472222223,-4585.876185349231,-1991.9934218552858,-2228.2300709932365
2460820.6479166667,-4302.656459846315,-2219.092186639007,-2555.121500515577
2460820.648611111,-3985.1783815378976,-2428.5023515531707,-2861.5928483112098
2460820.6493055555,-3635.9926743882074,-2618.5680584628285,-3145.2112082515496
2460820.65,-3257.8983962391653,-2787.7897045406567,-3403.729414244068
2460820.6506944443,-2853.919748444006,-2934.8351332606258,-3635.103065354285
2460820.6513888887,-2427.281400629644,-3058.5493904759214,-3837.505768474738
2460820.652083333,-1981.3825666969194,-3157.9630204731893,-4009.3425428511573
2460820.652777778,-1519.7700568393695,-3232.2988913297822,-4149.261351430756
2460820.6534722224,-1046.1105150618175,-3280.977550610375,-4256.16274137297
2460820.654166667,-564.1620411292445,-3303.6211204234332,-4329.207588021564
2460820.654861111,-77.74535996561109,-3300.055747561901,-4367.822949012424
2460820.6555555556,409.2852865555775,-3270.3126227831353,-4371.706032043569
2460820.65625,893.0713839260873,-3214.6275855304634,-4340.82628576186
2460820.6569444444,1369.7793869130778,-3133.4393255665627,-4275.425616914348
2460820.657638889,1835.6298109973934,-3027.386191670953,-4176.016734076854
2460820.658333333,2286.926040885379,-2897.3016132708394,-4043.3796137362715
2460820.6590277776,2720.0827057880274,-2744.208139273852,-3878.556080616742
2460820.659722222,3131.6534594645555,-2569.3100998116515,-3682.8424949509867
2460820.660416667,3518.35799416042,-2373.9848981432397,-3457.780540762093
2460820.6611111113,3877.1080964217713,-2159.7729477355165,-3205.1461179063594
2460820.6618055557,4205.0325404093865,-1928.3662780691984,-2926.936351247583
2460820.6625,4499.500598112764,-1681.595846462407,-2625.354747611559
2460820.6631944445,4758.143934648797,-1421.4176101108471,-2302.7945530905313
2460820.663888889,4978.876651673334,-1149.897431368466,-1961.8203882285131
2460820.6645833333,5159.9132421876075,-869.1949103778279,-1605.1482669304587
2460820.6652777777,5299.784228453721,-581.5462592685353,-1235.6241325220797
2460820.665972222,5397.349267158824,-289.2463573677317,-856.2010789520604
2460820.667361111,5462.705211546443,299.94647993844023,-79.8620309775269
2460820.668055556,5429.939999362639,592.1260351550492,310.83140276450933
2460820.66875,5353.762491924555,879.5689613224798,699.0299603817796
2460820.6694444446,5234.774458876779,1159.9729917953039,1081.6176213366714
2460820.670138889,5073.923993861236,1431.0922214691527,1455.5230863310087
2460820.6708333334,4872.497603939321,1690.7556575206295,1817.74520838125
2460820.671527778,4632.109338020396,1936.8850671137295,2165.377747390919
2460820.672222222,4354.6870971168555,2167.511944920964,2495.6331992106984
2460820.6729166666,4042.4563037624225,2380.793443890575,2805.8654742197677
2460820.673611111,3697.9211388743847,2575.0271318280707,3093.5912229507658
2460820.6743055554,3323.8435721578653,2748.6644617157517,3356.5096383076693
2460820.675,2923.220428150472,2900.3228639595395,3592.520589518861
2460820.675694444,2499.258739557541,3028.796390464086,3799.7409712200465
2460820.676388889,2055.3496297310116,3133.064864554203,3976.519184304622
2460820.6770833335,1595.0409702576671,3212.301503823663,4121.4476826584405
2460820.677777778,1122.0090460309575,3265.8790004697958,4233.373544766889
2460820.6784722223,640.0294387149191,3293.374055667656,4311.407047397254
2460820.6791666667,152.94733916102635,3294.570369708786,4354.928225786761
2460820.679861111,-335.3525210558596,3269.460096978543,4363.591416439562
2460820.6805555555,-820.9761452677284,3218.2437761734195,4337.32778182167
2460820.68125,-1300.0505747826526,3141.328746676334,4276.345816268277
2460820.6819444443,-1768.7540553223052,3039.3260619413277,4181.129833453615
2460820.6826388887,-2223.3458954480566,2913.0459101277143,4052.4364340931056
2460820.683333333,-2660.195839780307,2763.4915535230725,3891.28895358603
2460820.684027778,-3075.812773140327,2591.851800406768,3698.969891479288
2460820.6847222224,-3466.8725581689087,2399.492028360022,3477.0113306666894
2460820.685416667,-3830.2447957215836,2187.943786528835,3227.183364647154
2460820.686111111,-4163.018284763057,1958.8930162625359,2951.4805663058614
2460820.6868055556,-4462.524951083829,1714.1669424799582,2652.106548701391
2460820.6875,-4726.362004054968,1455.7197073710008,2331.4566935261714
2460820.6881944444,-4952.412080074027,1185.616839046714,1992.0991512037288
2460820.688888889,-5138.861143401398,906.0186623066568,1636.7542372324565
2460820.689583333,-5284.2139183922145,619.1627887535016,1268.272389754603
2460820.6902777776,-5387.306655956228,327.3458366118093,889.6108731633168
2460820.690972222,-5447.317061083535,32.90455338793153,503.8094447133135
2460820.691666667,-5463.771245234461,-261.8034745327803,113.96521849742601
2460820.6923611113,-5436.547605714996,-554.4193241649781,-276.7930131978579
2460820.6930555557,-5365.877580628921,-842.6022480523212,-665.3307363511732
2460820.69375,-5252.34327364487,-1124.0489885242393,-1048.5336734289212
2460820.6944444445,-5096.871990015556,-1396.5126931339746,-1423.3334723583346
2460820.695138889,-4900.727770944041,-1657.8212368541886,-1786.7328599592795
2460820.6958333333,-4665.500056856306,-1905.8947700886436,-2135.830007564202
2460820.6965277777,-4393.08964403286,-2138.7623330249494,-2467.841881925775
2460820.697222222,-4085.6921349131403,-2354.577390658703,-2780.1263695652797
2460820.6979166665,-3745.779100660564,-2551.632172174268,-3070.2029999386177
2460820.698611111,-3376.0771945340603,-2728.3707168403166,-3335.772115569163
2460820.699305556,-2979.545460105752,-2883.4005542460577,-3574.7323710012943
2460820.7,-2559.3510804993593,-3015.502967196219,-3785.1964696790556
2460820.7006944446,-2118.843809881629,-3123.641805157978,-3965.5050746565485
2460820.701388889,-1661.5293115306013,-3206.9708340575344,-4114.23885467112
2460820.7020833334,-1191.0416255524078,-3264.839617601568,-4230.228640166686
2460820.702777778,-711.1149522516072,-3296.797939565579,-4312.563686302979
2460820.703472222,-225.55494150403345,-3302.598777182007,-4360.598040869177
2460820.7041666666,261.7903497219917,-3282.199841839743,-4373.955025602211
2460820.704861111,747.0596860095189,-3235.7637014226134,-4352.529838284119
2460820.7055555554,1226.4079143384452,-3163.6564969099154,-4296.490279914638
2460820.70625,1696.0351288240797,-3066.445262541835,-4206.275608752878
2460820.706944444,2152.2155910045312,-2944.893856624592,-4082.5935181572977
2460820.707638889,2591.326267554519,-2799.9575060579846,-3926.4152304994277
2460820.709027778,3404.526895139924,-2444.6653277883233,-3521.729919525392
2460820.7097222223,3772.132493021536,-2237.108400686344,-3276.4123218118516
2460820.7104166667,4109.7512649901255,-2011.7438333039725,-3004.954303319718
2460820.711111111,4414.676474977537,-1770.3538597447698,-2709.5048765699153
2460820.7118055555,4684.4574228548345,-1514.8508079116152,-2392.4075099197994
2460820.7125,4916.920084300797,-1247.2624071997382,-2056.1822214107497
2460820.7131944443,5110.185732947971,-969.7159841809984,-1703.506021701615
2460820.7138888887,5262.687308391476,-684.4216584462483,-1337.1918375150165
2460820.714583333,5373.183312906636,-393.65466724909896,-960.1660705284538
2460820.715277778,5440.769037700493,-99.73696956653018,-575.4449771660218
2460820.7159722224,5464.884946848559,194.98169806177467,-186.1100856117305
2460820.716666667,5445.322084058685,488.14312957033667,204.71711495094578
2460820.717361111,5382.224406725356,777.4001232303103,593.9009567468772
2460820.7180555556,5276.08799628675,1060.4359181268205,978.3175810038471
2460820.71875,5127.757140847098,1334.9833859014902,1354.8808550292056
2460820.7194444444,4938.417333442417,1598.8437758408827,1720.5679463197084
2460820.720138889,4709.585274439989,1849.9048199051442,2072.444288699823
2460820.720833333,4443.096009180026,2086.158016773107,2407.6876883122827
2460820.7215277776,4141.087368600689,2305.7149320331423,2723.6113379950384
2460820.722222222,3805.9819120015104,2506.822371042319,3017.685531538557
2460820.722916667,3440.46659535983,2687.8763030696114,3287.5578965829854
2460820.7236111113,3047.470401538996,2847.434439756954,3531.0719963025144
2460820.7243055557,2630.140181885078,2984.227390356737,3746.2841749916365
2460820.725,2191.8149558090113,3097.1683398488767,3931.47855463047
2460820.7256944445,1735.9989128800603,3185.3612131102013,4085.180112820962
2460820.726388889,1266.333349992478,3248.1073047777413,4206.165795808138
2460820.7270833333,786.5677681719625,3284.9103658010035,4293.473636487154
2460820.7277777777,300.53033381124436,3295.4801479161883,4346.409862836529
2460820.728472222,-187.90210016469103,3279.7344119277295,4364.5539893546975
2460820.7291666665,-674.8342310468711,3237.7994091434375,4347.761889782407
2460820.729861111,-1156.3826268822936,3170.008846261267,4296.166851197947
2460820.730555556,-1628.7059629079747,3076.9013435394586,4210.1786092412485
2460820.73125,-2088.0350012897907,2959.216396297106,4090.480363889803
2460820.7319444446,-2530.7021424491218,2817.8888497167754,3938.023774973214
2460820.732638889,-2953.170365890534,2654.041898631233,3754.0219379571067
2460820.7333333334,-3352.0613647718324,2468.978629218539,3539.9403464424204
2460820.734027778,-3724.182667376218,2264.1721268739743,3297.485856920769
2460820.734722222,-4066.553528985168,2041.254183108567,3028.5936823065445
2460820.7354166666,-4376.429358492983,1802.0026521413672,2735.41246337894
2460820.736111111,-4651.3244460093165,1548.3275199944226,2420.287484038886
2460820.7368055554,-4889.03274856912,1282.255771104546,2085.7421255107056
2460820.7375,-5087.646497051579,1005.9151575942935,1734.457682173281
2460820.738194444,-5245.572399289101,721.5169965883609,1369.2516897373573
2460820.738888889,-5361.54523185255,431.33814236898274,993.0549463144409
2460820.7395833335,-5434.638639139499,137.70229960507763,608.8874346862681
2460820.740277778,-5464.272991910354,-157.03914028069255,219.83337749263197
2460820.7409722223,-5450.220196300718,-450.5265439894748,-170.98432216574864
2460820.7416666667,-5392.605387676891,-740.4115626113561,-560.429993467043
2460820.742361111,-5291.905490069286,-1024.3765271740615,-945.3811829944286
2460820.7430555555,-5148.944668729328,-1300.1535166326157,-1322.754447958975
2460820.74375,-4964.886751038139,-1565.5428948041204,-1689.5306806195072
2460820.7444444443,-4741.224732743542,-1818.4311360115705,-2042.7797144070532
2460820.7451388887,-4479.767525343306,-2056.807770206171,-2379.6839736145307
2460820.745833333,-4182.624134765583,-2278.781297716746,-2697.560951263615
2460820.746527778,-3852.1854874262667,-2482.593946981105,-2993.8843283480137
2460820.7472222224,-3491.1041321997113,-2666.635174800665,-3266.303581320711
2460820.747916667,-3102.2720667661824,-2829.453824659169,-3512.6619444443622
2460820.748611111,-2688.7969325458967,-2969.768887192122,-3731.0126320452337
2460820.7493055556,-2253.9768177328247,-3086.478825428273,-3919.6332510406146
2460820.7506944444,-1334.287174804568,-3245.620286438856,-4201.990114352969
2460820.751388889,-856.7243845740937,-3286.809594286416,-4293.507092759173
2460820.752083333,-372.3734807426788,-3301.917787989252,-4350.87112736274
2460820.7527777776,114.92636290712305,-3290.829534019185,-4373.632321265003
2460820.753472222,601.3139360621393,-3253.634381617684,-4361.6121531700455
2460820.754166667,1082.9352657967613,-3190.6259924664487,-4314.9047117193595
2460820.7548611113,1555.9728330951248,-3102.299971471065,-4233.876056533454
2460820.7555555557,2016.6745938260385,-2989.350305143836,-4119.161703858288
2460820.75625,2461.3826607860738,-2852.664411291554,-3971.6622304042717
2460820.7569444445,2886.5614899582765,-2693.3168042456346,-3792.5369885030623
2460820.757638889,3288.825412370171,-2512.561378057374,-3583.1959231882256
2460820.7583333333,3664.96532295784,-2311.8223185184315,-3345.2894908707185
2460820.7590277777,4011.9743334549653,-2092.683659272466,-3080.69668513273
2460820.759722222,4327.072175056499,-1856.877509904627,-2791.5111907232626
2460820.7604166665,4607.728123145028,-1606.2709995953246,-2480.0257071450656
2460820.761111111,4851.682211503685,-1342.8519947489845,-2148.7145030041747
2460820.761805556,5056.964495228997,-1068.7136720330075,-1800.21429261755
2460820.7625,5221.912127091041,-786.0380493485351,-1437.3035550299458
2460820.7631944446,5345.184025313582,-497.0785946690828,-1062.8804398160298
2460820.763888889,5425.772922748762,-204.14206364437882,-679.9394459570518
2460820.7645833334,5463.014621406541,90.43027536006416,-291.54707281565436
2460820.765277778,5456.594303177777,384.2818436132768,99.18332084206898
2460820.765972222,5406.549790044117,675.0601887677269,489.11720048035323
2460820.7666666666,5313.271689740422,960.4364529963094,875.1248164782675
2460820.767361111,5177.5004085056225,1238.1246681988637,1254.107171153396
2460820.7680555554,5000.32006167322,1505.900670377428,1623.0217129340285
2460820.76875,4783.149356156359,1761.620441207685,1978.9074961845834
2460820.769444444,4527.729565338401,2003.237687636563,2318.9095451807
2460820.770138889,4236.109754596384,2228.820491713873,2640.3021859861456
2460820.7708333335,3910.629446097993,2436.5668825862526,2940.5111336260225
2460820.771527778,3553.8989405673587,2624.819200626566,3217.1341436031075
2460820.7722222223,3168.77753231815,2792.077147821218,3467.9600674544063
2460820.7729166667,2758.3498582867655,2937.0094438336127,3690.986185489541
2460820.773611111,2325.900633973565,3058.4640235451566,3884.4337110136394
2460820.7743055555,1874.8880172372035,3155.4767357245705,4046.7613933528623
2460820.775,1408.9158431848164,3227.2785153119635,4176.67716437303
2460820.7756944443,931.7049455419656,3273.3010192695187,4273.147798932415
2460820.7763888887,447.06378836391326,3293.180720968671,4335.406566137128
2460820.777083333,-41.141407840876774,3286.7614692548786,4362.958866311841
2460820.777777778,-529.0168457458457,3254.0955186753877,4355.585847975493
2460820.7784722224,-1012.671473742583,3195.443041090214,4313.34600674066
2460820.779166667,-1488.2472734225921,3111.270127501341,4236.574764911834
2460820.779861111,-1951.9493449734678,3002.2452893382924,4125.882031658486
2460820.7805555556,-2400.0756185892424,2869.2344680483634,3982.147742540355
2460820.78125,-2829.046009527908,2713.2945641668152,3806.5153793408067
2460820.7819444444,-3235.430830675247,2535.665498740902,3600.3834731567504
2460820.782638889,-3615.97825428301,2337.760829055204,3365.395104274306
2460820.783333333,-3967.640608583875,2121.1569486649832,3103.4254229573507
2460820.7840277776,-4287.599283090601,1887.5809134228414,2816.567230365281
2460820.784722222,-4573.288000432435,1638.8969556654813,2507.114685332622
2460820.785416667,-4822.414219060954,1377.0917612734477,2177.545220386762
2460820.7861111113,-5032.978425102505,1104.2586088545615,1830.499782891041
2460820.7868055557,-5203.291082966223,822.5804911659101,1468.761546010543
2460820.7875,-5331.987032780457,534.3123571217884,1095.233259821125
2460820.7881944445,-5418.037143456598,241.76263591889435,712.9134451110773
2460820.788888889,-5460.757063232759,-52.72577801098122,324.8716574168715
2460820.7895833333,-5459.8129479530735,-346.79489267141895,-65.77693822666565
2460820.7902777777,-5415.224086645612,-638.0911311327502,-455.8974107647919
2460820.790972222,-5327.362392937552,-924.2847892178576,-842.3610607187376
2460820.792361111,-5025.04645285227,-1472.2796126421183,-1591.989094864008
2460820.793055556,-4813.05130544143,-1729.7109804176253,-1949.1578656985382
2460820.79375,-4562.679432391384,-1973.3355094691794,-2290.727343531111
2460820.7944444446,-4275.952069986758,-2201.2187899293203,-2613.976423256138
2460820.795138889,-3955.178096277016,-2411.554987081351,-2916.334659422076
2460820.7958333334,-3602.934343422273,-2602.6807800043175,-3195.402295196038
2460820.796527778,-3222.0439582166628,-2773.0879889846715,-3448.9686811216575
2460820.797222222,-2815.5530616164724,-2921.4348240626955,-3675.0289740620765
2460820.7979166666,-2386.7059441897745,-3046.555714088313,-3871.7990439211662
2460820.798611111,-1938.9190371124814,-3147.469687631676,-4037.7285318441704
2460820.7993055554,-1475.7538817183304,-3223.3872952190163,-4171.5120293620475
2460820.8,-1000.8892993177144,-3273.716074208706,-4272.098365647093
2460820.800694444,-518.0929582037892,-3298.06456279099,-4338.6979976468365
2460820.801388889,-31.19250515018909,-3296.244876752926,-4370.7885097283515
2460820.8020833335,455.9535775372381,-3268.273862004008,-4368.118229141736
2460820.802777778,939.485241148023,-3214.3728356654005,-4330.7079642060835
2460820.8034722223,1415.5701287262336,-3134.965925449078,-4258.850868640622
2460820.8041666667,1880.4326770989348,-3030.6770147905395,-4153.110431651482
2460820.804861111,2330.382929505638,-2902.325296574629,-4014.3165878469604
2460820.8055555555,2761.8449006634946,-2750.9194389713425,-3843.559940041137
2460820.80625,3171.3843379133327,-2577.650365312781,-3642.184085993619
2460820.8069444443,3555.7356965516888,-2383.8826559593763,-3411.7760464572093
2460820.8076388887,3911.828141233784,-2171.14458354214,-3154.1547963200783
2460820.808333333,4236.810359446473,-1941.1168069686348,-2871.357917808663
2460820.809027778,4528.073967290533,-1695.6197598265903,-2565.6264084095524
2460820.8097222224,4783.275271854299,-1436.5997883533955,-2239.3877014573013
2460820.810416667,5000.35515265509,-1166.1141117168384,-1895.2369809780143
2460820.811111111,5177.556823703575,-886.3147003598389,-1535.9169031341332
2460820.8118055556,5313.4412486974525,-599.4311877022376,-1164.2958634756412
2460820.8125,5406.899995326602,-307.75295620693265,-783.344984238185
2460820.8131944444,5457.165342526673,-13.61055218502724,-396.11401547533694
2460820.813888889,5463.817481041304,280.6433886474039,-5.706382081208611
2460820.814583333,5426.788689855858,572.6535183853149,384.74638261696214
2460820.8152777776,5346.364410393303,860.0812551516307,772.1105532282692
2460820.815972222,5223.181187270366,1140.6241562044916,1153.2762062347297
2460820.816666667,5058.221492018422,1412.0349806427084,1525.1830169184502
2460820.8173611113,4852.805491966348,1672.1402432407913,1884.8455904213627
2460820.8180555557,4608.579871274513,1918.858069368649,2229.378065959554
2460820.81875,4327.503852480332,2150.2151757756787,2556.0177497422105
2460820.8194444445,4011.8325980286,2364.362823660314,2862.1475584805094
2460820.820138889,3664.098204438843,2559.5916059117867,3145.3170734355617
2460820.8208333333,3287.088517687936,2734.344957778847,3403.2620401762065
2460820.8215277777,2883.824009257677,2887.231301782386,3633.9221772072574
2460820.822222222,2457.532968384533,3017.0347548884774,3835.457178687537
2460820.8229166665,2011.6252489201192,3122.724353745471,4006.2608349287148
2460820.823611111,1549.664814716787,3203.4617646612182,4144.97320894313
2460820.824305556,1075.341310831158,3258.6074622745605,4250.490831882981
2460820.825,592.440877678473,3287.7253709380016,4321.974894696807
2460820.8256944446,104.81640594905805,3290.5859710560985,4358.857425875069
2460820.826388889,-383.64257720673953,3267.167876006794,4360.8454502735285
2460820.8270833334,-869.0402113593717,3217.6578881377945,4327.92312854549
2460820.827777778,-1347.5046249471338,3142.449542830606,4260.351877820062
2460820.828472222,-1815.2181103345472,3042.140148352274,4158.668472637532
2460820.8291666666,-2268.4469754602187,2917.5263300985766,4023.681125393865
2460820.829861111,-2703.570896980038,2769.598088365321,3856.4635461732005
2460820.8305555554,-3117.111587401187,2599.5313815959535,3658.346984707939
2460820.83125,-3505.7605771187214,2408.6792521618368,3430.9102633354123
2460820.831944444,-3866.4058941350813,2198.5615227933786,3175.9678235836786
2460820.832638889,-4196.157421412075,1970.8530997744415,2895.5558198627828
2460820.834027778,-4752.668880938761,1470.0597437760105,2267.479685414467
2460820.8347222223,-4974.962765147633,1200.9764865927264,1924.8452511463256
2460820.8354166667,-5157.468392297306,922.2738694511189,1566.7604235956424
2460820.836111111,-5298.7222663847315,636.1828535983437,1196.0983779345277
2460820.8368055555,-5397.593836634615,344.99441312067614,815.834536728654
2460820.8375,-5453.295125115275,51.0406873652341,429.02205677508437
2460820.8381944443,-5465.38736170968,-243.32428338807267,38.76656136364736
2460820.8388888887,-5433.784534195738,-535.7440385624285,-351.79962074041293
2460820.839583333,-5358.753807659068,-823.8791901081017,-739.5434405321711
2460820.840277778,-5240.912813849923,-1105.4267218625878,-1121.3570642230836
2460820.8409722224,-5081.223857849072,-1378.1388938385,-1494.1834871877477
2460820.841666667,-4880.985136448247,-1639.8415564424224,-1855.0415602398061
2460820.842361111,-4641.819101036976,-1888.4516997811102,-2201.050186076013
2460820.8430555556,-4365.658137806161,-2121.9940731722722,-2529.451454058125
2460820.84375,-4054.7277644727214,-2338.616736818051,-2837.632515147185
2460820.8444444444,-3711.527569146517,-2536.6054253925845,-3123.1460205421017
2460820.845138889,-3338.810126010625,-2714.396631297159,-3383.7289841086013
2460820.845833333,-2939.558135405977,-2870.5893332303885,-3617.319951744904
2460820.8465277776,-2516.960031747024,-3003.9553203707633,-3822.074394104059
2460820.847222222,-2074.384298385037,-3113.4480800465294,-3996.3782631382937
2460820.847916667,-1615.3527121567272,-3198.2102340763013,-4138.859677463285
2460820.8486111113,-1143.512733029033,-3257.5795189365385,-4248.398715747
2460820.8493055557,-662.609233410348,-3291.093315955709,-4324.1353137752985
2460820.85,-176.45573771119751,-3298.491742856148,-4365.475269491223
2460820.8506944445,311.09465506061366,-3279.7193182133688,-4372.094360644097
2460820.851388889,796.1785243888435,-3234.9252122091057,-4343.940584094777
2460820.8520833333,1274.9514097072245,-3164.46209341912,-4281.234520457117
2460820.8527777777,1743.6169849181206,-3068.883578554568,-4184.467824549269
2460820.853472222,2198.4559826933005,-2948.9402892326525,-4054.3998375929855
2460820.8541666665,2635.854722159905,-2805.5745177296717,-3892.052313894426
2460820.854861111,3052.333080161533,-2639.9135040700735,-3698.7022543382577
2460820.855555556,3444.571737768971,-2453.261327172873,-3475.872839055483
2460820.85625,3809.438504755692,-2247.0894233443455,-3225.3224640373787
2460820.8569444446,4144.013525816402,-2023.025748129657,-2949.0318905525987
2460820.857638889,4445.613141520868,-1782.8426167520063,-2649.189540219147
2460820.8583333334,4711.812177126845,-1528.4432689925331,-2328.174983214889
2460820.859027778,4940.464417866555,-1261.8472274496928,-1988.5406972588905
2460820.859722222,5129.721033576543,-985.1745360264273,-1632.992199395695
2460820.8604166666,5278.04672001747,-700.6289882684159,-1264.3666833133036
2460820.861111111,5384.233337659341,-410.48047920670996,-885.6103277055403
2460820.8618055554,5447.410853607902,-117.04663026484066,-499.75446377902426
2460820.8625,5467.0554179499795,177.32613889926984,-109.89082366293168
2460820.863194444,5442.994444422604,470.2819047921295,280.8538891099977
2460820.863888889,5375.408605820743,759.4747053133298,669.3438521656317
2460820.8645833335,5264.830698957555,1042.587968490156,1052.4601265212066
2460820.865277778,5112.141381965887,1317.3536999949706,1427.1265355728365
2460820.8659722223,4918.561833525482,1581.5712272709118,1790.335148232991
2460820.8666666667,4685.643427902438,1833.1253083479262,2139.1711042500197
2460820.867361111,4415.254563518463,2070.0034238054045,2470.83653045014
2460820.8680555555,4109.56481559969,2290.312092501478,2782.673323771261
2460820.86875,3771.0266177506837,2492.292066635263,3072.184594414672
2460820.8694444443,3402.3546937684523,2674.3322891808903,3337.05459783586
2460820.8701388887,3006.5034839991954,2834.9825133003715,3575.1670049372656
2460820.870833333,2586.642808310619,2972.9645117041205,3784.6213978809237
2460820.871527778,2146.1320156931074,3087.181819505538,3963.7478995363144
2460820.8722222224,1688.4928613863697,3176.72797473723,4111.119873018011
2460820.872916667,1217.38134401984,3240.8932351799062,4225.564648037438
2460820.873611111,736.5587216412041,3279.169762383246,4306.172248336107
2460820.8743055556,249.8619071719979,3291.2552721554953,4352.302107093859
2460820.8756944444,-725.6087608011289,3236.6830748669004,4339.939537311874
2460820.876388889,-1206.6017897725155,3170.460052977616,4281.545192360266
2460820.877083333,-1677.9679464975984,3078.9120456207947,4188.868569209785
2460820.8777777776,-2135.944739404819,2962.7660217824596,4062.646205669493
2460820.878472222,-2576.874411520434,2822.944549830995,3903.8819330107017
2460820.879166667,-2997.2328442200214,2660.558902763795,3713.839453252901
2460820.8798611113,-3393.6576360166737,2476.9006969489315,3494.032904195554
2460820.8805555557,-3762.975144833088,2273.4320879553816,3246.215430404256
2460820.88125,-4102.226273772656,2051.7745563693647,2972.365790582508
2460820.8819444445,-4408.690765665861,1813.6963320752257,2674.673052055808
2460820.882638889,-4679.909765326434,1561.0985232132346,2355.5194467550814
2460820.8833333333,-4913.706410399203,1296.0000326280779,2017.461485725383
2460820.8840277777,-5108.204210473573,1020.5213705049007,1663.209463821188
2460820.884722222,-5261.842993691774,736.8674865539895,1295.6055071054896
2460820.8854166665,-5373.392212400201,447.309773555609,917.6003540038464
2460820.886111111,-5441.961432618816,154.16740709473052,532.2290804449152
2460820.886805556,-5467.007863384458,-140.21179514472306,142.58600547089168
2460820.8875,-5448.340822173325,-433.4707986903741,-248.20096748793696
2460820.8881944446,-5386.12307706456,-723.2628585146704,-636.9963056373157
2460820.888888889,-5280.8690532607325,-1007.2708998786076,-1020.682823977647
2460820.8895833334,-5133.439937961488,-1283.226571877658,-1396.18741350309
2460820.890277778,-4945.0357640397915,-1548.9287759374843,-1760.5062520360368
2460820.890972222,-4717.184596608128,-1802.2614854696883,-2110.7292449968045
2460820.8916666666,-4451.728982819793,-2041.2106913658001,-2444.0634655203035
2460820.892361111,-4150.809858015825,-2263.8803252792413,-2757.855384043317
2460820.8930555554,-3816.848126249606,-2468.5070352389207,-3049.611705819046
2460820.89375,-3452.5241485282672,-2653.473712268752,-3317.0186658708603
2460820.894444444,-3060.7553847817476,-2817.3216874018694,-3557.959657738485
2460820.895138889,-2644.6724298493905,-2958.761544295755,-3770.53110724528
2460820.8958333335,-2207.5936896398343,-3076.682506792393,-3953.056521327864
2460820.896527778,-1752.9989216774436,-3170.160383229844,-4104.098673567161
2460820.8972222223,-1284.5018584009044,-3238.4640587426347,-4222.469901437657
2460820.8979166667,-805.8221140213446,-3281.060538291316,-4307.24050703578
2460820.898611111,-320.7565499995354,-3297.618550194575,-4357.745264251833
2460820.8993055555,166.84972568886212,-3288.010720620197,-4373.588036425431
2460820.9,653.1325795273178,-3252.3143320276213,-4354.644513633783
2460820.9006944443,1134.2381461653613,-3190.8106753205047,-4301.063074251169
2460820.9013888887,1606.3520578265307,-3103.983002893312,-4213.263772395049
2460820.902083333,2065.72846603467,-2992.51308719221,-4091.9354488474205
2460820.902777778,2508.7187174920623,-2857.2763851605423,-3938.030957494513
2460820.9034722224,2931.799518940454,-2699.3358115059063,-3752.760501052432
2460820.904166667,3331.600431478439,-2519.9341214811984,-3537.583067242544
2460820.904861111,3704.9305031773984,-2320.4849123551458,-3294.195966205237
2460820.9055555556,4048.803843495084,-2102.5622575987154,-3024.522476434068
2460820.90625,4360.463918255084,-1867.8890035457737,-2730.6976264134614
2460820.9069444444,4637.406340384772,-1618.3237691189092,-2415.052153836004
2460820.907638889,4877.399916987543,-1355.8467101200874,-2080.0947116356233
2460820.908333333,5078.505712021063,-1082.5441306365065,-1728.4924183495204
2460820.9090277776,5239.093892389916,-800.5920411795698,-1363.049873678195
2460820.909722222,5357.8581305609105,-512.2387922093333,-986.6867990572001
2460820.910416667,5433.827362340755,-219.78692778040173,-602.4144857801955
2460820.9111111113,5466.3747235455285,74.42557547304031,-213.3112616545095
2460820.9118055557,5455.223522913417,368.04450106218707,177.50278760815095
2460820.9125,5400.450149599484,658.7188199644904,566.891585162987
2460820.9131944445,5302.483857674553,944.1201536014194,951.7290560759462
2460820.913888889,5162.103416276285,1221.9620626142369,1328.9250676888444
2460820.9145833333,4980.430661641436,1490.0189599470434,1695.451046666143
2460820.9152777777,4758.921033433994,1746.1444509269402,2048.3650048213995
2460820.915972222,4499.351219795042,1988.2889172657324,2384.8357220742405
2460820.917361111,3874.6509975658923,2423.019070206993,2997.813740750433
2460820.918055556,3514.532008712231,2612.1338491862707,3269.4137740615693
2460820.91875,3126.333731949493,2780.353260387673,3514.7951033787513
2460820.9194444446,2713.165554054637,2926.338244573569,3731.9986216040975
2460820.920138889,2278.3341943426335,3048.9281889852114,3919.2920946827885
2460820.9208333334,1825.316932598655,3147.149691334894,4075.1833776700137
2460820.921527778,1357.7337284739333,3220.2238095325274,4198.431667358428
2460820.922222222,879.3184570539557,3267.571783497811,4288.056760614657
2460820.9229166666,393.8894663817281,3288.8192259287603,4343.346302969351
2460820.923611111,-94.6803457167124,3283.7987839306634,4363.861019396427
2460820.9243055554,-582.4937529860543,3252.551277503728,4349.437925536793
2460820.925,-1065.6595454779995,3195.325321919807,4300.191519329532
2460820.925694444,-1540.3228290147274,3112.575440788329,4216.512952845405
2460820.926388889,-2002.6951055452148,3004.9586770768797,4099.067184202948
2460820.9270833335,-2449.083968199219,2873.3297077146863,3948.78810748684
2460820.927777778,-2875.922221414185,2718.734471292473,3766.8716623379164
2460820.9284722223,-3279.7962344994708,2542.402321877916,3554.766929473755
2460820.9291666667,-3657.4733272162694,2345.736726346432,3314.165223884871
2460820.929861111,-4005.927960479316,2130.304537390446,3046.9872160114464
2460820.9305555555,-4322.366505800431,1897.8238837900024,2755.368124230975
2460820.93125,-4604.250353059654,1650.15073779922,2441.641045978829
2460820.9319444443,-4849.317114719935,1389.2642376160852,2108.3185193055056
2460820.9326388887,-5055.599686674872,1117.250864075094,1758.0724352692002
2460820.933333333,-5221.442935267014,836.2875941297805,1393.7124534327834
2460820.934027778,-5345.517802535579,548.6241685060035,1018.1630937009235
2460820.9347222224,-5426.8326398143745,256.56463916475377,634.4397161460286
2460820.935416667,-5464.741617884495,-37.55162716771719,245.62361642731688
2460820.936111111,-5458.950097632642,-331.3692966947236,-145.16351206563604
2460820.9368055556,-5409.516889054595,-622.5365649020645,-534.7854830377295
2460820.9375,-5316.8533722748725,-908.7245987185996,-920.1176200728027
2460820.9381944444,-5181.719502068272,-1187.6467150453668,-1298.0725771621896
2460820.938888889,-5005.216762737844,-1457.0771017407585,-1665.6257148481527
2460820.939583333,-4788.778186454602,-1714.8688884573085,-2019.8397689512574
2460820.9402777776,-4534.155584236869,-1958.9713992246525,-2357.8885792067235
2460820.940972222,-4243.4041754292775,-2187.446430432272,-2677.079658496234
2460820.941666667,-3918.8648263436503,-2398.483423255082,-2974.875415568768
2460820.9423611113,-3563.1441290473053,-2590.413420640159,-3248.912870912744
2460820.9430555557,-3179.0925601341855,-2761.7217236181186,-3497.0217377675594
2460820.94375,-2769.78096651561,-2911.0591815774806,-3717.2407664643697
2460820.9444444445,-2338.4756191631895,-3037.2520736352785,-3907.8322808575704
2460820.945138889,-1888.6120672260458,-3139.310555172083,-4067.2948590030182
2460820.9458333333,-1423.7680115701305,-3216.435657916284,-4194.37413046133
2460820.9465277777,-947.6354036315347,-3268.024842469262,-4288.071677729161
2460820.947222222,-463.9919557137204,-3293.676110596964,-4347.652041910861
2460820.9479166665,23.32777475799332,-3293.1906880416846,-4372.647838770461
2460820.948611111,510.4615553315974,-3266.5742881556794,-4362.862990284233
2460820.949305556,993.5487734259334,-3214.0369677064677,-4318.374080332801
2460820.95,1468.7597044015356,-3135.9915817264905,-4239.529835865653
2460820.9506944446,1932.3246207190844,-3033.0508415598547,-4126.94873203653
2460820.951388889,2380.562594359273,-2906.022977931159,-3981.5147156635553
2460820.9520833334,2809.9098430136696,-2755.90600894194,-3804.371038595433
2460820.952777778,3216.947452495095,-2583.8806148595463,-3596.9121942268334
2460820.953472222,3598.428298594138,-2391.3016235729638,-3360.7739527553163
2460820.9541666666,3951.302967226871,-2179.6881204746574,-3097.821502953491
2460820.954861111,4272.744463019612,-1950.7122048906397,-2810.135719317474
2460820.9555555554,4560.171478335553,-1706.1864311825277,-2499.9975942602955
2460820.95625,4811.269988431464,-1448.0499880318719,-2169.8708956076152
2460820.956944444,5024.012930484882,-1178.3536919302533,-1822.3831395399075
2460820.957638889,5196.677730540187,-899.2438895295584,-1460.304994467054
2460820.959027778,5416.493336912537,-321.7435573860469,-704.0426336162033
2460820.9597222223,5461.84461534604,-27.965745779910293,-315.91135391962786
2460820.9604166667,5463.535327188893,266.03777637627496,74.75384799624663
2460820.961111111,5421.538147689133,557.9131949923759,464.818447708901
2460820.9618055555,5336.1790821495715,845.3226216985688,851.1510809482658
2460820.9625,5208.135026613462,1125.9634638213397,1230.649529342085
2460820.9631944443,5038.428215301584,1397.5874818443324,1600.2664489034853
2460820.9638888887,4828.417622508021,1658.019341719595,1957.0345808211655
2460820.964583333,4579.787433842729,1905.174468929084,2298.091180867399
2460820.965277778,4294.532737953,2137.076034300796,2620.701432295977
2460820.9659722224,3974.94262673868,2351.870914832295,2922.2806225787185
2460820.966666667,3623.580915145122,2547.8444979325322,3200.4148964456267
2460820.967361111,3243.264711253821,2723.434217628199,3452.8804234319514
2460820.9680555556,2837.041085496022,2877.2417310943706,3677.660843721176
2460820.96875,2408.16207749054,3008.0436727113056,3872.9628952328244
2460820.9694444444,1960.0582945993801,3114.8009333012947,4037.2301384579637
2460820.970138889,1496.3113324594535,3196.6664367141934,4169.1547298120595
2460820.970833333,1020.6252460875444,3252.9913950247046,4267.6872069416
2460820.9715277776,536.7972850858711,3283.330035510855,4332.044266391697
2460820.972222222,48.688090320040395,3287.442800030862,4361.71452501574
2460820.972916667,-439.80846259063793,3265.2980209791417,4356.46226193929
2460820.9736111113,-924.7955948238429,3217.072079729111,4316.329140484873
2460820.9743055557,-1402.4039621003838,3143.1480537605976,4241.633910130036
2460820.975,-1868.8218249075783,3044.112858943716,4132.970088452355
2460820.9756944445,-2320.3248860472804,2920.752891935876,3991.20162120005
2460820.976388889,-2753.305607752956,2774.0481810162937,3817.456521838735
2460820.9770833333,-3164.301826022505,2605.1650540256305,3613.118492654284
2460820.9777777777,-3550.024451438671,2415.4473419048236,3379.8165412996427
2460820.978472222,-3907.3840462151366,2206.4061417075786,3119.4126141880424
2460820.9791666665,-4233.516045230664,1979.7081785569508,2833.987288208274
2460820.979861111,-4525.804385460761,1737.1628194506213,2525.8235804389988
2460820.980555556,-4781.903300551665,1480.707811230516,2197.388961448476
2460820.98125,-4999.757038520714,1212.3938360455375,1851.3156861455805
2460820.9819444446,-5177.617271218086,934.3679966069923,1490.37958215738
2460820.982638889,-5314.057976567748,648.8563676751878,1117.4774684597091
2460820.9833333334,-5407.987599935143,358.145768784972,735.6034028446413
2460820.984027778,-5458.65833058254,64.56493252901149,347.82398368431296
2460820.984722222,-5465.672366724759,-229.5347447276521,-42.747050323582975
2460820.9854166666,-5428.985083676743,-521.7986675865501,-432.9746567923229
2460820.986111111,-5348.905066256968,-809.8885205656351,-819.728496182307
2460820.9868055554,-5226.0910128746245,-1091.5015520584614,-1199.9088290590369
2460820.9875,-5061.54556620248,-1364.3894641903942,-1570.472036020211
2460820.988194444,-4856.606170201148,-1626.3767158379374,-1928.4554984270244
2460820.988888889,-4612.933093313969,-1875.3780624029896,-2271.0015976065315
2460820.9895833335,-4332.4947946128095,-2109.415171282709,-2595.3806085766028
2460820.990277778,-4017.550835073635,-2326.632176435335,-2899.0122953641267
2460820.9909722223,-3670.6325638304374,-2525.3100519493255,-3179.486035496787
2460820.9916666667,-3294.5218120327927,-2703.8797161834054,-3434.579343136109
2460820.992361111,-2892.227845500497,-2860.9337908019124,-3662.2746765850784
2460820.9930555555,-2466.962813494223,-2995.236968457552,-3860.774455950945
2460820.99375,-2022.1159344266991,-3105.734955161783,-4028.514233337896
2460820.9944444443,-1561.226636017791,-3191.5619735562964,-4164.173986345105
2460820.9951388887,-1087.9568642282454,-3252.0468210226763,-4266.6875165201245
2460820.995833333,-606.0627455093389,-3286.7174885595687,-4335.249952156012
2460820.996527778,-119.36578121518944,-3295.304348284641,-4369.323357905928
2460820.9972222224,368.2762668923922,-3277.741920830438,-4368.640459259782
2460820.997916667,852.998654254012,-3234.1692325915274,-4333.20648874279
2460820.998611111,1330.9589493436536,-3164.928770391371,-4263.299157388434
2460820.9993055556,1798.3662128150581,-3070.5640378668404,-4159.4667509159735
2460821.0006944444,2686.7884461171666,-2809.616420961518,-3853.548136338647
2460821.001388889,3100.737046912199,-2645.0840794535247,-3653.8678689815174
2460821.002083333,3490.05500371639,-2459.513890169098,-3425.057371491417
2460821.0027777776,3851.6318925086753,-2254.368915814102,-3168.923189103061
2460821.003472222,4182.572679602631,-2031.2693023325419,-2887.491336761006
2460821.004166667,4480.221447145337,-1791.9801663845603,-2582.992204708646
2460821.0048611113,4742.183512647231,-1538.3981975731906,-2257.8436708921226
2460821.0055555557,4966.345700692294,-1272.5370447922019,-1914.6325029101142
2460821.00625,5150.894529613427,-996.5115738060138,-1556.094156304436
2460821.0069444445,5294.332078835751,-712.5211097975279,-1185.091111652093
2460821.007638889,5395.489322298244,-422.83179718026696,-804.5899184439768
2460821.0083333333,5453.536734933956,-129.7582306877056,-417.6371434166846
2460821.0090277777,5467.9920095258985,164.35546924131478,-27.33444738885032
2460821.009722222,5438.724758651221,457.1549480887279,363.18696310853755
2460821.0104166665,5365.958118938024,746.2950778722138,750.7922490132631
2460821.011111111,5250.267219473096,1029.4593827448384,1132.3689465103396
2460821.011805556,5092.5745239525395,1304.3792221746453,1504.8527925285043
2460821.0125,4894.142103933137,1568.8525302719293,1865.2530967252771
2460821.0131944446,4656.5609429213155,1820.7619218281786,2210.6774025556306
2460821.013888889,4381.737414716382,2058.091984081181,2538.355188991838
2460821.0145833334,4071.8771135168845,2278.9455947400884,2845.660391286597
2460821.015277778,3729.466238917654,2481.5591279815153,3130.132545960973
2460821.015972222,3357.2507682444298,2664.3164261616243,3389.4963851788098
2460821.0166666666,2958.213650428245,2825.7614460997124,3621.6797470239935
2460821.017361111,2535.550272588436,2964.609502537913,3824.8296860213595
2460821.0180555554,2092.6424442271887,3079.757056058693,3997.326701717098
2460821.01875,1633.0311377069609,3170.290009541661,4137.797026240853
2460821.019444444,1160.388213684032,3235.490491407401,4245.122931530471
2460821.020138889,678.48734930552,3274.8421149881774,4318.451032558601
2460821.0208333335,191.17437091419714,3288.0337121410053,4357.198575570133
2460821.021527778,-297.662821564879,3274.961543784747,4361.057707187922
2460821.0222222223,-784.1245577121493,3235.7299919559127,4329.997723045538
2460821.0229166667,-1264.3297544680622,3170.650739246496,4264.265296489674
2460821.023611111,-1734.4461624965472,3080.2404406999526,4164.382686897345
2460821.0243055555,-2190.720326567277,2965.2168934015695,4031.1439267707933
2460821.025,-2629.507085981047,2826.4937089714053,3865.6089865869585
2460821.0256944443,-3047.2984228847713,2665.173498499532,3669.0959213060596
2460821.0263888887,-3440.751464768088,2482.5395819849255,3443.171005847969
2460821.027083333,-3806.715422062462,2280.046246096546,3189.63688165772
2460821.027777778,-4142.257240201778,2059.307581971211,2910.518747331002
2460821.0284722224,-4444.68572616792,1822.0849531865745,2608.0486504158416
2460821.029166667,-4711.573910031935,1570.2731588691724,2284.6479577295395
2460821.029861111,-4940.779399000837,1305.8853770062724,1942.9081085681007
2460821.0305555556,-5130.462484166268,1031.036998486303,1585.5697894103507
2460821.03125,-5279.101782043222,747.9284756154005,1215.5006874054377
2460821.0319444444,-5385.507204637964,458.82733928628755,835.6720207944012
2460821.032638889,-5448.830087429581,166.04955085423305,449.13406157315234
2460821.033333333,-5468.570336778466,-128.05962796509107,58.99088972452375
2460821.0340277776,-5444.580498742578,-421.14504594579415,-331.6253564410055
2460821.034722222,-5377.066698224733,-710.8611568299623,-719.5804729927293
2460821.035416667,-5266.586442080811,-994.8913854125004,-1101.7641438117705
2460821.0361111113,-5114.043327888033,-1270.9671664747577,-1475.1155880105186
2460821.0368055557,-4920.678746866119,-1536.886457457855,-1836.648632105051
2460821.0375,-4688.060708405695,-1790.5315473735216,-2183.4759645546037
2460821.0381944445,-4418.069954527669,-2029.8859923870664,-2512.8323388759727
2460821.038888889,-4112.88356020258,-2253.050535061592,-2822.0965254200487
2460821.0395833333,-3774.9562400091877,-2458.257883217615,-3108.8118359076366
2460821.0402777777,-3406.999597272595,-2643.886247788474,-3370.7050752556597
2460821.040972222,-3011.9595589488786,-2808.4715622456597,-3605.7038058755447
2460821.042361111,-2153.4384683258268,-3069.5090460512893,-3987.8228886300703
2460821.043055556,-1696.7972264692005,-3163.912218929581,-4131.932358196986
2460821.04375,-1226.6981662643238,-3233.18890998667,-4243.147231666283
2460821.0444444446,-746.8734514250924,-3276.797865285157,-4320.594070069201
2460821.045138889,-261.12907016008893,-3294.399203653962,-4363.665112817122
2460821.0458333334,226.68420780507898,-3285.8566853112575,-4372.022491889912
2460821.046527778,712.7000784618888,-3251.238568523534,-4345.600565673594
2460821.047222222,1193.0660147886656,-3190.817062078398,-4284.6063774051945
2460821.0479166666,1663.9725013406062,-3105.0663781313697,-4189.518238653565
2460821.048611111,2121.6820524690697,-2994.6593869388985,-4061.082434011004
2460821.0493055554,2562.557866399748,-2860.4628728846487,-3900.308039857439
2460821.05,2983.091956796017,-2703.531391009066,-3708.459849295365
2460821.050694444,3379.932593114028,-2525.099723779715,-3487.0493957230337
2460821.051388889,3749.9108544347746,-2326.5739468494216,-3237.8240786526253
2460821.0520833335,4090.0660981981614,-2109.521117035512,-2962.7544016039756
2460821.052777778,4397.670121403492,-1875.6576104938638,-2664.0193509931805
2460821.0534722223,4670.249780915044,-1626.8361554361406,-2343.989966772286
2460821.0541666667,4905.607837065496,-1365.0316184265007,-2005.2111754199434
2460821.054861111,5101.8417749434,-1092.3256307268384,-1650.3819923035358
2460821.0555555555,5257.360373027587,-810.8901553785666,-1282.3342201024786
2460821.05625,5370.89779492213,-522.9701238167872,-904.0098075938607
2460821.0569444443,5441.525004231,-230.8652905078137,-518.4370601139263
2460821.0576388887,5468.658331602727,63.08852818203684,-128.7059174446928
2460821.058333333,5452.0650570776015,356.5386461440047,262.0574594125648
2460821.059027778,5391.865912344894,647.1349358227379,650.7165362654949
2460821.0597222224,5288.534452321847,932.5492870432374,1034.1504164112519
2460821.060416667,5142.893292356045,1210.4948926263053,1409.2797425027286
2460821.061111111,4956.107254631765,1478.7451560349243,1773.0922148626048
2460821.0618055556,4729.673512887764,1735.1520263468753,2122.66746287899
2460821.0625,4465.408866311224,1977.663578005534,2455.201020388395
2460821.0631944444,4165.434312074664,2204.34066797012,2768.0271743413864
2460821.063888889,3832.15711209674,2413.3725265098487,3058.640486213904
2460821.064583333,3468.250578989173,2603.0911534427287,3324.715805099459
2460821.0652777776,3076.6318174466564,2771.984418775553,3564.12662712801
2460821.065972222,2660.43766453169,2918.707787640295,3774.961683673635
2460821.066666667,2222.9990789420854,3042.094607689683,3955.5396652087557
2460821.0673611113,1767.8142197865002,3141.1649185016595,4104.422016949545
2460821.0680555557,1298.5204412564356,3215.132757883299,4220.423763856779
2460821.06875,818.8654336165704,3263.411948491684,4302.6223342065605
2460821.0694444445,332.67770441477614,3285.6203625331973,4350.364371721449
2460821.070138889,-156.1633973825665,3281.5826634077634,4363.270527589487
2460821.0708333333,-643.7579400806694,3251.331529170672,4341.238232760645
2460821.0715277777,-1126.2157761426793,3195.1073618008754,4284.442449604358
2460821.072222222,-1599.6868423250862,3113.3564874929552,4193.334403411143
2460821.0729166665,-2060.391231687284,3006.727851559873,4068.6382923176643
2460821.073611111,-2504.64885517443,2876.068212849524,3911.3459750087595
2460821.074305556,-2928.9085086976834,2722.415844997128,3722.7096386216317
2460821.075,-3329.7761539634753,2546.9927542555483,3504.2324522780946
2460821.0756944446,-3704.042198125564,2351.195433759066,3257.6572245095267
2460821.076388889,-4048.707552716153,2136.5841824676645,2984.953094191512
2460821.0770833334,-4361.008235086958,1904.871033466265,2688.3003063081915
2460821.077777778,-4638.438275270369,1657.9063493179783,2370.0731416571766
2460821.078472222,-4878.77068029732,1397.6641666210692,2032.8211021694233
2460821.0791666666,-5080.076219716491,1126.2263884936647,1679.2484763227674
2460821.079861111,-5240.739803581012,845.7659474626,1312.1924411514885
2460821.0805555554,-5359.474243706322,558.5290830713635,934.5998871113213
2460821.08125,-5435.33121729097,266.8168954283406,549.503175416901
2460821.081944444,-5467.70928316503,-27.033642843024378,159.99506657621959
2460821.082638889,-5456.358842746566,-320.6690259714608,-230.7969295256051
2460821.084027778,-5303.241160074521,-897.9144924559062,-1003.7045738135544
2460821.0847222223,-5162.734821741414,-1176.9097739249305,-1379.6249726549026
2460821.0854166667,-4981.009926999575,-1446.4981656825946,-1744.4897635815544
2460821.086111111,-4759.541598214143,-1704.5315939507907,-2095.383696677303
2460821.0868055555,-4500.121991886842,-1948.9575287468685,-2429.5077132650977
2460821.0875,-4204.844600599326,-2177.8352524802367,-2744.20124122361
2460821.0881944443,-3876.086196902244,-2389.3510286528162,-3036.963105548428
2460821.0888888887,-3516.4866529686556,-2581.8320620980526,-3305.470899631866
2460821.089583333,-3128.9268746924704,-2753.75916835859,-3547.5986974065504
2460821.090277778,-2716.505098384751,-2903.7780869428366,-3761.433009183857
2460821.0909722224,-2282.5117847580295,-3030.709398185637,-3945.286918071043
2460821.091666667,-1830.4033468479422,-3133.557015264398,-4097.712349963325
2460821.092361111,-1363.7749214307994,-3211.515242213519,-4217.510457187205
2460821.0930555556,-886.3323879939279,-3263.974394875078,-4303.740104601961
2460821.09375,-401.86381645989616,-3290.5249907033794,-4355.724460040025
2460821.0944444444,85.78948818562966,-3290.9605159723774,-4373.055695095229
2460821.095138889,572.7621924925467,-3265.2787797160586,-4355.597803900669
2460821.095833333,1055.1942448518118,-3213.6818620105855,-4303.487545277593
2460821.0965277776,1529.2601538586202,-3136.5746614180403,-4217.1335101251825
2460821.097222222,1991.198092779855,-3034.5620430365734,-4097.21331096734
2460821.097916667,2437.338683256852,-2908.4445869215974,-3944.6688879654066
2460821.0986111113,2864.133309287727,-2759.212933693227,-3760.699921597638
2460821.0993055557,3268.181785857528,-2588.0407283608647,-3546.7553469484624
2460821.1,3646.2592029446073,-2396.2761653078305,-3304.522967157275
2460821.1006944445,3995.3417426960837,-2185.4321462827847,-3035.9171749851935
2460821.101388889,4312.631253951009,-1957.1750738620274,-2743.064805563518
2460821.1020833333,4595.578352417508,-1713.3123194248344,-2428.289165365989
2460821.1027777777,4841.903809593385,-1455.7784210081784,-2094.0923044431433
2460821.103472222,5049.6179903958555,-1186.620085450377,-1743.1356245231964
2460821.1041666665,5217.038099894148,-907.9800935656991,-1378.2189481523715
2460821.104861111,5342.803012090015,-622.0802305253804,-1002.2582056867391
2460821.105555556,5425.885476701111,-331.2033784809864,-618.2619173552863
2460821.10625,5465.601519974631,-37.67493878305785,-229.30668837795568
2460821.1069444446,5461.616895019758,256.15624111087425,161.48805356751393
2460821.107638889,5413.950473023303,547.9372413010224,550.9858221714928
2460821.1083333334,5322.974512597543,835.3305408171827,936.0590691569565
2460821.109027778,5189.411790054404,1116.0333839826133,1313.6151440739363
2460821.109722222,5014.329621327572,1387.7968339747038,1680.621939137227
2460821.1104166666,4799.13085255611,1648.4443166768492,2034.1329538042353
2460821.111111111,4545.54193913445,1895.889468033057,2371.3115255559405
2460821.1118055554,4255.598270368182,2128.1531142327553,2689.453993280268
2460821.1125,3931.6269326092556,2343.3792296605516,2986.0115789953607
2460821.113194444,3576.227126075591,2539.849742541423,3258.610806028831
2460821.113888889,3192.2484670312238,2715.998079528994,3505.072299594997
2460821.1145833335,2782.767422613032,2870.421359603169,3723.4278408309824
2460821.115277778,2351.062121295935,3001.8911731136923,3911.935579686141
2460821.1159722223,1900.5857852649397,3109.3628972221804,4069.0933329278428
2460821.1166666667,1434.9390168149823,3191.983517988487,4193.64991971188
2460821.117361111,957.8411622491341,3249.0979408612716,4284.614503242236
2460821.1180555555,473.1009643480826,3280.253781473233,4341.263921280665
2460821.11875,-15.41330385382255,3285.20463586382,4363.147998686091
2460821.1194444443,-503.8040362684201,3263.9118320909665,4350.092839154545
2460821.1201388887,-988.1746502904374,3216.544667427392,4302.2020967149965
2460821.120833333,-1464.659931545191,3143.4791347285072,4219.856226543732
2460821.121527778,-1929.4561967404659,3045.2951414436234,4103.709714292304
2460821.1222222224,-2378.851099041796,2922.772225404702,3954.686283623077
2460821.122916667,-2809.252898125929,2776.8837717776237,3773.972081789309
2460821.123611111,-3217.218998728083,2608.7897402584786,3563.0068488102866
2460821.1243055556,-3599.4835502760907,2419.8279186937248,3323.4730850727187
2460821.1256944444,-4274.885606911693,1985.4786098395334,2766.5649838298696
2460821.126388889,-4562.605951152057,1743.5570746707376,2453.644578585916
2460821.127083333,-4813.835405132458,1487.672444842169,2121.0285229398532
2460821.1277777776,-5026.557116253002,1219.8714238063071,1771.3835051015174
2460821.128472222,-5199.063992477744,942.297586142528,1407.5148652619648
2460821.129166667,-5329.973235943996,657.173931367441,1032.3437263384387
2460821.1298611113,-5418.238124820527,366.78465937725065,648.883002842142
2460821.1305555557,-5463.156886068699,73.45634026784782,260.21251446293724
2460821.13125,-5464.378537113441,-220.46132846873232,-130.54654134760597
2460821.1319444445,-5421.905619787976,-512.6149804658721,-520.2574972297537
2460821.132638889,-5336.093794549058,-800.6670461448545,-905.7942270027886
2460821.1333333333,-5207.648310218577,-1082.315024351708,-1284.0669913142199
2460821.1340277777,-5037.61741199794,-1355.3103549035106,-1652.0478425416559
2460821.134722222,-4827.3827950189625,-1617.4767034859083,-2006.7953341043103
2460821.1354166665,-4578.6472476611,-1866.7274854998043,-2345.4782981251624
2460821.136111111,-4293.419668876598,-2101.08246604506,-2665.3984680404187
2460821.136805556,-3973.997664136316,-2318.6833040594433,-2964.0117628890375
2460821.1375,-3622.9479505400395,-2517.8079229217333,-3238.948068134994
2460821.1381944446,-3243.0848080561354,-2696.883618225788,-3488.0293854757283
2460821.138888889,-2837.4468252294973,-2854.4988308453067,-3709.2862470745436
2460821.1395833334,-2409.2721739256503,-2989.4135399453057,-3900.9723256924276
2460821.140277778,-1961.9726542548817,-3100.568241253479,-4061.5771865979505
2460821.140972222,-1499.1067214714492,-3187.0914979440045,-4189.837157779635
2460821.1416666666,-1024.3517063652375,-3248.3060570190837,-4284.744302802434
2460821.142361111,-541.4754093606235,-3283.733536029829,-4345.553497812574
2460821.1430555554,-54.30724624319082,-3293.0976861261015,-4371.787616014779
2460821.14375,433.2909029337346,-3276.3262410204293,-4363.240828540516
2460821.144444444,917.4539934603082,-3233.55135886653,-4319.9800272003595
2460821.145138889,1394.3431227700225,-3165.1086621608033,-4242.34437209815
2460821.1458333335,1860.174705703899,-3071.5348776961036,-4130.9429628200105
2460821.146527778,2311.2493771730137,-2953.5640751117076,-3986.6506269821307
2460821.1472222223,2743.9804674061793,-2812.122501790812,-3810.601818345848
2460821.1479166667,3154.921886126757,-2648.322012274296,-3604.1826170092227
2460821.148611111,3540.7952361994708,-2463.4520935939745,-3369.0208282003227
2460821.1493055555,3898.5159592865953,-2258.970495220704,-3106.9741857086806
2460821.15,4225.218301929215,-2036.4924818050602,-2820.1166786160393
2460821.1506944443,4518.278873529136,-1797.7787422237366,-2510.723040415528
2460821.1513888887,4775.338560113326,-1544.7220047073538,-2181.2514614642137
2460821.152083333,4994.322553977441,-1279.3324257972351,-1834.3246099189294
2460821.152777778,5173.458256419799,-1003.7218465103458,-1472.709080535978
2460821.1534722224,5311.29082487363,-720.0870281250836,-1099.2934165198456
2460821.154166667,5406.696151453232,-430.69200138721015,-717.0648783906345
2460821.154861111,5458.891082263712,-137.84968786004083,-329.0851673963342
2460821.1555555556,5467.440721666741,156.09703308380756,61.534668687991584
2460821.15625,5432.262702772364,448.79462202812175,451.659897382185
2460821.1569444444,5353.628348029933,737.8983441674818,838.158069044035
2460821.157638889,5232.160689534078,1021.0916936401354,1217.9250146667612
2460821.158333333,5068.829368057797,1296.1055705129343,1587.9105973926933
2460821.1590277776,4864.942473308675,1560.7370145756026,1945.1439547134455
2460821.159722222,4622.135434708346,1812.8673010621294,2286.75796814788
2460821.160416667,4342.357111417636,2050.4792226897885,2610.012721450981
2460821.1611111113,4027.853263205997,2271.673400336152,2912.317731128588
2460821.1618055557,3681.1476117730526,2474.6834836996986,3191.2527574169353
2460821.1625,3305.0207228052236,2657.8901250727117,3444.587032295228
2460821.1631944445,2902.4869493989067,2819.833632845439,3670.296772202813
2460821.163888889,2476.7696826562806,2959.225231994554,3866.5808707476895
2460821.1645833333,2031.2751561175012,3074.9568777775376,4031.874692330879
2460821.1652777777,1569.5650363195837,3166.109588402371,4164.861914464385
2460821.165972222,1095.3280317917174,3231.960272866272,4264.484380920211
2460821.167361111,124.48785179759419,3285.8730160357613,4360.738313198885
2460821.168055556,-364.36785498566337,3273.508576505468,4356.604823685967
2460821.16875,-850.3159652040199,3234.992153748721,4317.582263433062
2460821.1694444446,-1329.478736365181,3170.62946494758,4243.98062015389
2460821.170138889,-1798.031352019176,3080.9312580294504,4136.384830429434
2460821.1708333334,-2252.23185369988,2966.609547509811,3995.6505033160333
2460821.171527778,-2688.4505953101557,2828.5723469439336,3822.8976206216166
2460821.172222222,-3103.199019549027,2667.9169064010493,3619.5022195698516
2460821.1729166666,-3493.157559035282,2485.921466681093,3387.0860682069533
2460821.173611111,-3855.2024457688412,2284.0355509417313,3127.504355643199
2460821.1743055554,-4186.431195776374,2063.868829250914,2842.831438984116
2460821.175,-4484.186535316247,1827.1786028386086,2535.3447042723983
2460821.175694444,-4746.078522100231,1575.8559760833673,2207.506627192855
2460821.176388889,-4970.004617427855,1311.9108050829793,1861.945147433198
2460821.1770833335,-5154.167477357288,1037.4555282653432,1501.4324932462407
2460821.177777778,-5297.090238200092,754.6880130189268,1128.8626309359133
2460821.1784722223,-5397.629099977217,465.8735693479317,747.2275372610169
2460821.1791666667,-5454.98304088926,173.32629743964932,359.5925143589816
2460821.179861111,-5468.700528581972,-120.61003906186954,-30.929199575662636
2460821.1805555555,-5438.683140749643,-413.58142258728316,-421.2022702150832
2460821.18125,-5365.186048834257,-703.2430663090219,-808.0952816931177
2460821.1819444443,-5248.815368358316,-987.2787675700381,-1188.5066506367918
2460821.1826388887,-5090.522425033261,-1263.4199302407922,-1559.3901719767368
2460821.183333333,-4891.595032029318,-1529.4640591970578,-1917.7799316892142
2460821.184027778,-4653.645913504529,-1783.292548773424,-2260.814345265276
2460821.1847222224,-4378.598447476834,-2022.887599559998,-2585.759096174103
2460821.185416667,-4068.669929221406,-2246.3481212009647,-2890.0287786440676
2460821.186111111,-3726.352576074421,-2451.904501274269,-3171.2070782964283
2460821.1868055556,-3354.392513702843,-2637.9321391476487,-3427.065348701088
2460821.1875,-2955.766984712262,-2802.963670888679,-3655.5794782115945
2460821.1881944444,-2533.6600246320854,-2945.699828841822,-3854.9449649402363
2460821.188888889,-2091.4368368947294,-3065.01890138947,-4023.590147591336
2460821.189583333,-1632.6170931583424,-3159.9847708874718,-4160.187557062543
2460821.1902777776,-1160.847367364185,-3229.8535220243393,-4263.663373551163
2460821.190972222,-679.8728943165067,-3274.0786215113235,-4333.204986221651
2460821.191666667,-193.5088258246632,-3292.314674837918,-4368.266659560635
2460821.1923611113,294.38884995033203,-3284.4197673615367,-4368.573312872421
2460821.1930555557,779.9525833051274,-3250.4563977162315,-4334.122420773827
2460821.19375,1259.3325863041784,-3190.691008192735,-4265.184037883987
2460821.1944444445,1728.7260677751908,-3105.592114138953,-4162.298947396564
2460821.195138889,2184.4062356177287,-2995.8270317238557,-4026.2749292183557
2460821.1958333333,2622.750921718432,-2862.257200293779,-3858.1811390466632
2460821.1965277777,3040.270663794928,-2705.9320968994725,-3659.340591043757
2460821.197222222,3433.6360697581767,-2528.0817426494705,-3431.320739462348
2460821.1979166665,3799.70427380909,-2330.1078055734797,-3175.9221611680655
2460821.198611111,4135.5442722468315,-2113.573316053649,-2895.165356081582
2460821.199305556,4438.460917416493,-1880.1910220504926,-2591.2756976658543
2460821.2,4706.017335556111,-1631.8104272163077,-2266.6665869106755
2460821.2006944446,4936.055524436451,-1370.4035769286845,-1923.9208926147628
2460821.201388889,5126.714891285938,-1098.0496758795825,-1565.7707859162192
2460821.2020833334,5276.448498103859,-816.9186415421246,-1195.0761047918081
2460821.202777778,5384.036791690373,-529.2537266297952,-814.8014227148172
2460821.203472222,5448.598624877491,-237.3533575117831,-427.9920145363513
2460821.2041666666,5469.599401273045,56.44764104847943,-37.74894405411805
2460821.204861111,5446.856213609073,349.79724890074203,352.79648105653433
2460821.2055555554,5380.539888014104,640.3456844005731,740.5086260993886
2460821.20625,5271.173891091804,925.764866454571,1122.2735485430305
2460821.206944444,5119.630104721414,1203.767695884144,1495.024840995758
2460821.207638889,4927.121520097567,1472.1269557691035,1855.7690296129588
2460821.209027778,4425.702879615943,1971.4144998449644,2529.7740650882
2460821.2097222223,4120.817683567595,2198.3487300821103,2837.629870705065
2460821.2104166667,3782.9833203587423,2407.683508773421,3122.712243851806
2460821.211111111,3414.9098225200983,2597.7484073347805,3382.7405080071644
2460821.2118055555,3019.5477623401516,2767.028488221509,3615.6367106588837
2460821.2125,2600.0639600501413,2914.1760368769424,3819.541787228373
2460821.2131944443,2159.8156759805447,3038.0208659995888,3992.8298440606404
2460821.2138888887,1702.323525863483,3137.5791511327216,4134.120500409943
2460821.214583333,1231.2433462590911,3212.060771756979,4242.289250271202
2460821.215277778,750.3372322167139,3260.8751422106634,4316.475818930224
2460821.2159722224,263.4439426425964,3283.6355279593313,4356.090504812463
2460821.216666667,-225.5511334917032,3280.161845106577,4360.8185005607
2460821.217361111,-712.7462689894603,3250.481945076714,4330.622192855603
2460821.2180555556,-1194.2537793702668,3194.8313872116196,4265.741441654831
2460821.21875,-1666.230324094256,3113.6517008989567,4166.691837799453
2460821.2194444444,-2124.9069528044715,3007.587139432435,4034.2609383538006
2460821.220138889,-2566.6187203058353,2877.4799286275143,3869.502479940036
2460821.220833333,-2987.8336886808543,2724.3640134039156,3673.7285704416176
2460821.2215277776,-3385.181107642755,2549.4573142848817,3448.499870652552
2460821.222222222,-3755.478565950275,2354.1525105678884,3195.613784165326
2460821.222916667,-4095.757887543097,2140.006378678998,2917.0906894667037
2460821.2236111113,-4403.2895323970615,1908.72773097728,2615.1582707317316
2460821.2243055557,-4675.605261546024,1662.1640151266574,2292.234024039294
2460821.225,-4910.5188212119265,1402.2866552495602,1950.906044135381
2460821.2256944445,-5106.144408106538,1131.1752358486638,1593.9122235930952
2460821.226388889,-5260.91268638816,851.0006572210618,1224.1180333939185
2460821.2270833333,-5373.584156962235,564.007400881533,844.4930674940928
2460821.2277777777,-5443.259696555533,272.49507708085684,458.08657870487156
2460821.228472222,-5469.388128077671,-21.200570039029653,68.00223833273607
2460821.2291666665,-5451.770718111948,-314.72700084788113,-322.6276167272006
2460821.229861111,-5390.562545557624,-605.7343607094582,-710.6679815800578
2460821.230555556,-5286.270730494041,-891.8948982755393,-1093.0071534027995
2460821.23125,-5139.749560664387,-1170.9221138615474,-1466.5823963564078
2460821.2319444446,-4952.192597957389,-1440.589444386134,-1828.4050417064645
2460821.232638889,-4725.121890486866,-1698.7482978111059,-2175.5847711250794
2460821.2333333334,-4460.374452598053,-1943.3452691923228,-2505.3528557424243
2460821.234027778,-4160.086206901811,-2172.4383882471507,-2815.0841463575575
2460821.234722222,-3826.6736061914658,-2384.2122705162783,-3102.3176391145807
2460821.2354166666,-3462.8131686501088,-2576.9920671390205,-3364.7754711229722
2460821.236111111,-3071.419168132907,-2749.256130518535,-3600.380230062921
2460821.2368055554,-2655.61972378665,-2899.6473340675884,-3807.2704898400193
2460821.2375,-2218.7315244476235,-3026.9830052433986,-3983.814512851584
2460821.238194444,-1764.2334182208422,-3130.263445377902,-4128.6220789857525
2460821.238888889,-1295.7390738983986,-3208.679026226829,-4240.554424189592
2460821.2395833335,-816.9689163024183,-3261.615859108177,-4318.732279840265
2460821.240277778,-331.7215114770541,-3288.660041820054,-4362.542017284358
2460821.2409722223,156.15543572979283,-3289.6004899103295,-4371.639904109401
2460821.2416666667,642.7943167363856,-3264.430358891519,-4345.954478857587
2460821.242361111,1124.336946405469,-3213.347062913531,-4285.687049539067
2460821.2430555555,1596.9638432783956,-3136.750891841949,-4191.310316358007
2460821.24375,2056.9233201138227,-3035.242226059265,-4063.565115261262
2460821.2444444443,2500.56024217231,-2909.6173449311023,-3903.455274246244
2460821.2451388887,2924.344290085081,-2760.8628257454666,-3712.2405751066917
2460821.245833333,3324.8975584282075,-2590.1485306798686,-3491.42781427808
2460821.246527778,3699.0213013730554,-2398.8191845236256,-3242.7599632420824
2460821.2472222224,4043.721619925281,-2188.3845545640206,-2968.2034406077014
2460821.247916667,4356.233871013483,-1960.5082555431245,-2669.933523510073
2460821.248611111,4634.0455651912325,-1716.995218414594,-2350.3179472971724
2460821.2493055556,4874.917511490871,-1459.7778809624554,-2011.8987684685312
2460821.2506944444,5238.3645722463725,-912.5064146258915,-1289.5692748736042
2460821.251388889,5357.988783915507,-626.8142019593421,-911.429335319987
2460821.252083333,5434.797711787333,-336.10650138241294,-525.9801404795356
2460821.2527777776,5468.158073005969,-42.708039993541576,-136.3112079126314
2460821.253472222,5457.787189932326,251.0327808961634,254.45121020221404
2460821.254166667,5403.755909581787,542.7632690469189,643.1699771350611
2460821.2548611113,5306.488392325268,830.1459199948832,1026.7230944546895
2460821.2555555557,5166.758761805863,1110.8777802203804,1402.0296165313239
2460821.25625,4985.684654223127,1382.7094954820725,1766.0751902590432
2460821.2569444445,4764.717753052157,1643.463842713374,2115.9369496199865
2460821.257638889,4505.631435135526,1891.0535633124973,2448.8075196827444
2460821.2583333333,4210.505692548206,2123.498327051833,2762.0178989605956
2460821.2590277777,3881.7095268228218,2338.9406751035335,3053.059013986116
2460821.259722222,3521.881034639916,2535.6608133913846,3319.601769757562
2460821.2604166665,3133.9054178207152,2712.090150007197,3559.515449518142
2460821.261111111,2720.8911657509275,2866.823488444101,3770.8843413343916
2460821.261805556,2286.1446528535907,2998.629813794392,3952.0225031261675
2460821.2625,1833.1433917861725,3106.461625118753,4101.486599693533
2460821.2631944446,1365.5081773595891,3189.4627824717318,4218.086766156334
2460821.263888889,886.9743374752037,3246.974851701609,4300.89547240585
2460821.2645833334,401.362297717302,3278.541937606298,4349.254373556336
2460821.265277778,-87.45234614775752,3283.914002408742,4362.77914023126
2460821.265972222,-575.5690678244417,3263.0486701732634,4341.362267592649
2460821.2666666666,-1059.0927858985408,3216.111518786454,4285.17386327966
2460821.267361111,-1534.1642111949268,3143.474860719837,4194.6604138292405
2460821.2680555554,-1996.9899876517782,3045.715014094133,4070.5415291183413
2460821.26875,-2443.87245853871,2923.6080649042387,3913.8046634267334
2460821.269444444,-2871.238868337222,2778.124124175982,3725.6978152291913
2460821.270138889,-3275.6698064516786,2610.4200871563853,3507.72021227555
2460821.2708333335,-3653.9266816540107,2421.8309093644734,3261.6109988067815
2460821.271527778,-4002.978005556955,2213.8594237498482,2989.335954531221
2460821.2722222223,-4320.024247337457,1988.1647392248167,2693.072296563192
2460821.2729166667,-4602.5210216714895,1746.549273738044,2375.191633181086
2460821.273611111,-4848.2003606026665,1490.9444990747986,2038.2411705176066
2460821.2743055555,-5055.089831856209,1223.3954902944292,1684.9232946859204
2460821.275,-5221.5292690644255,946.0444013449005,1318.0736901369282
2460821.2756944443,-5346.184906565586,661.1130012891806,940.6381725263054
2460821.2763888887,-5428.060729004266,370.88443607138214,555.648454989172
2460821.277083333,-5466.506886720282,77.68438747324926,166.19707588775438
2460821.277777778,-5461.22506117095,-216.13817528463773,-224.58825214552198
2460821.2784722224,-5412.270711954499,-508.2304524609395,-613.5706072713376
2460821.279166667,-5320.052182043784,-796.2552728066914,-997.6298625752933
2460821.279861111,-5185.326685030271,-1077.9103507270752,-1373.6884570545633
2460821.2805555556,-5009.193246010093,-1350.947139031374,-1738.7366624496847
2460821.28125,-4793.082708304512,-1613.1890930084498,-2089.857098586587
2460821.2819444444,-4538.744961990756,-1862.5491660698715,-2424.2482551561734
2460821.282638889,-4248.233576775091,-2097.046387044076,-2739.2468169169424
2460821.283333333,-3923.8880551103957,-2314.821379562631,-3032.3486025570955
2460821.2840277776,-3568.313930651152,-2514.150716182125,-3301.227970023484
2460821.284722222,-3184.3609575022138,-2693.4600134743227,-3543.755559073812
2460821.285416667,-2775.0996295280497,-2851.335703644859,-3758.014281067296
2460821.2861111113,-2343.7962705163404,-2986.5354337812964,-3942.31348704296
2460821.2868055557,-1893.8869256128903,-3097.9970626179415,-4095.2012706729192
2460821.2875,-1428.9502692120298,-3184.846239400042,-4215.474882872524
2460821.2881944445,-952.6797291514033,-3246.4025594995965,-4302.18924883931
2460821.288888889,-468.85501304254825,-3282.1842983113697,-4354.663587919899
2460821.2895833333,18.686800655059674,-3291.911729714792,-4372.4861434566365
2460821.2902777777,506.0804456621213,-3275.5090347954483,-4355.517029023806
2460821.290972222,989.4617870958413,-3233.104806592387,-4303.889197675277
2460821.292361111,1928.9124082130922,-3071.82139411122,-4098.546074643019
2460821.293055556,2377.5220108159424,-2954.206360484704,-3946.4433277121666
2460821.29375,2807.25726178723,-2813.1092700378404,-3762.8957201869307
2460821.2944444446,3214.6942094085643,-2649.6391981980173,-3549.349129888659
2460821.295138889,3596.580649711464,-2465.083130022601,-3307.488521467989
2460821.2958333334,3949.8621446005486,-2260.896606652012,-3039.225688792612
2460821.296527778,4271.706823799304,-2038.6929845854336,-2746.6851284926984
2460821.297222222,4559.528742784525,-1800.2313395600083,-2432.1880857429583
2460821.2979166666,4811.009554005172,-1547.4030676736854,-2098.2348414021335
2460821.298611111,5024.1182486852185,-1282.2172559730038,-1747.48533603755
2460821.2993055554,5197.128733423624,-1006.7849116176083,-1382.7382491013782
2460821.3,5328.6350076811195,-723.3021701130417,-1006.9086933191252
2460821.300694444,5417.5637353701295,-434.03261687736426,-623.0047028042292
2460821.301388889,5463.1840246827605,-141.28888374420634,-234.10272974852612
2460821.3020833335,5465.114266964648,152.58630710676132,156.6776209582557
2460821.302777778,5423.325921742575,445.23945628546903,546.1993591430914
2460821.3034722223,5338.1441813189485,734.3257603367496,931.3341165174714
2460821.3041666667,5210.245492905049,1017.5285381969986,1308.9881181609699
2460821.304861111,5040.65196544526,1292.5784038289817,1676.127841856863
2460821.3055555555,4830.722732715478,1557.2719884354694,2029.8051022328752
2460821.30625,4582.142389542417,1809.4900202319272,2367.181302129005
2460821.3069444443,4296.906656441004,2047.2145877264732,2685.55061689027
2460821.3076388887,3977.3054580681555,2268.545431875781,2982.36190260825
2460821.308333333,3625.9036321327258,2471.715127943929,3255.239139525772
2460821.309027778,3245.5194981223153,2655.103045384632,3502.000258272678
2460821.3097222224,2839.201528281005,2817.2479929100136,3720.674221762972
2460821.310416667,2410.20336734773,2956.8594772357797,3909.516264247642
2460821.311111111,1961.9574423057886,3072.8275242601694,4067.0212164712857
2460821.3118055556,1498.0473970592989,3164.231027003155,4191.934867132978
2460821.3125,1022.1795745397199,3230.3445984751393,4283.263329828311
2460821.3131944444,538.153756739798,3270.6439175273995,4340.280398256101
2460821.313888889,49.833355518455015,3284.8095630594057,4362.532882570514
2460821.314583333,-438.88475692509166,3272.7293349495203,4349.843923829139
2460821.3152777776,-924.1006066376757,3234.4990628723467,4302.3142872425315
2460821.315972222,-1401.9414934860633,3170.421903532286,4220.321633881463
2460821.316666667,-1868.5922143523926,3081.006126743029,4104.51777013959
2460821.3173611113,-2320.324959053944,2966.961390992265,3955.823874275939
2460821.3180555557,-2753.528700041933,2829.1935095530953,3775.423699775843
2460821.31875,-3164.7378771422273,2668.7977136084082,3564.7547623583055
2460821.3194444445,-3550.6601766330296,2487.050422515754,3325.4975225022326
2460821.320138889,-3908.203180040276,2285.3995434512335,3059.562591674395
2460821.3208333333,-4234.499652875559,2065.4533336071895,2769.0760053990466
2460821.3215277777,-4526.931231226708,1828.9678751474519,2456.362629385961
2460821.322222222,-4783.150261653598,1577.833230910831,2123.9277890478998
2460821.3229166665,-5001.099549054129,1314.0583719510034,1774.4372438057896
2460821.323611111,-5179.029781640459,1039.7549847542546,1410.6956501945458
2460821.324305556,-5315.51441102624,757.1202953350752,1035.6236969001
2460821.325,-5409.461797359067,468.4190602112589,652.234111992127
2460821.3256944446,-5460.124455310885,175.96489864281162,263.6067749306211
2460821.326388889,-5467.105277065927,-117.89884576342406,-127.13681586420351
2460821.3270833334,-5430.360650931975,-410.81851874402093,-516.8594595261221
2460821.327777778,-5350.200438780879,-700.4496354940081,-902.4342749538843
2460821.328472222,-5227.2848247754755,-984.476223070747,-1280.770556443234
2460821.3291666666,-5062.618092556123,-1260.629825085845,-1648.8391956810108
2460821.329861111,-4857.539435207436,-1526.7079719176168,-2003.6974069343696
2460821.3305555554,-4613.710939116066,-1780.5919423555076,-2342.5125219543224
2460821.33125,-4333.102921887277,-2020.2636510891502,-2662.5846319818984
2460821.331944444,-4017.976827077569,-2243.821524888179,-2961.3678916566496
2460821.332638889,-3670.8659039954264,-2449.4952456750957,-3236.490319843377
2460821.334027778,-2892.0520717747613,-2800.8450235324985,-3707.241360071776
2460821.3347222223,-2466.574565567681,-2943.751797817872,-3899.1501124454117
2460821.3354166667,-2021.5127181536238,-3063.2561789641445,-4059.985713898582
2460821.336111111,-1560.4081788229482,-3158.420123686385,-4188.482408956179
2460821.3368055555,-1086.925247393501,-3228.497593141367,-4283.630189644961
2460821.3375,-604.8225532774028,-3272.939770815799,-4344.681888283945
2460821.3381944443,-117.9242553722988,-3291.3988650483957,-4371.158377752189
2460821.3388888887,369.9090800856804,-3283.7305018917637,-4362.851886665843
2460821.339583333,854.8097756617192,-3249.9947132687385,-4319.827435846286
2460821.340277778,1332.932376820238,-3190.455522639356,-4242.422398674193
2460821.3409722224,1800.4828764443064,-3105.579127916447,-4131.244184337485
2460821.341666667,2253.7476969291483,-2996.0306772139566,-3987.1660372874444
2460821.342361111,2689.122268572317,-2862.6696330357076,-3811.3209460006847
2460821.3430555556,3103.1390454900647,-2706.5437193980238,-3605.0936526671044
2460821.34375,3492.4947776315307,-2528.881450053248,-3370.1107603882397
2460821.3444444444,3854.076841215861,-2331.083242866207,-3108.2289438676116
2460821.345138889,4184.9884136817855,-2114.7111359843075,-2821.521284037105
2460821.345833333,4482.572270434774,-1881.4771314687878,-2512.261760841488
2460821.3465277776,4744.432958238507,-1633.2302159452338,-2182.907970569559
2460821.347222222,4968.457109091556,-1371.9421191726085,-1836.0821496261321
2460821.347916667,5152.831649156581,-1099.691899200246,-1474.5506237805823
2460821.3486111113,5296.059670983464,-818.6494624794398,-1101.201828268991
2460821.3493055557,5396.9737522447385,-531.0581516492529,-719.0230764718867
2460821.35,5454.746530487915,-239.216550978113,-331.07627774032403
2460821.3506944445,5468.898371746046,54.540315844188534,59.5271623982461
2460821.351388889,5439.302011577957,347.8602102510394,449.6520124544647
2460821.3520833333,5366.184088272714,638.3931271390269,836.1651909421895
2460821.3527777777,5250.123534388679,923.8107615175168,1215.9617741693635
2460821.353472222,5092.046840741478,1201.8257872116278,1585.9907607731445
2460821.3541666665,4893.220251585243,1470.2107485876272,1943.280327242061
2460821.354861111,4655.238998429064,1726.8163669637665,2284.962309261526
2460821.355555556,4380.0137148297645,1969.5890877722582,2608.295675761512
2460821.35625,4069.7542128417417,2196.587703316245,2910.688773907919
2460821.3569444446,3726.950828503429,2405.9989092986575,3189.7201540646615
2460821.357638889,3354.3535630620245,2596.151675035997,3443.157812610887
2460821.3583333334,2954.9492592457227,2765.5303286959897,3668.976719103961
2460821.359027778,2531.9370601027526,2912.7862791257194,3865.3745214858504
2460821.359722222,2088.702389632078,3036.7483187395505,4030.7853539197276
2460821.3604166666,1628.7896951824891,3136.4314654086184,4163.891690271044
2460821.361111111,1155.8741780211574,3211.044317822305,4263.634208725337
2460821.3618055554,673.732719782665,3259.994910311513,4329.219648786198
2460821.3625,186.21421042964937,3282.895058341789,4360.1266491099905
2460821.363194444,-302.79053904893163,3279.5631930813497,4356.109564334248
2460821.363888889,-789.3791228066148,3250.0256842709186,4317.200260100794
2460821.3645833335,-1269.6679302167436,3194.516651453859,4243.707886404791
2460821.365277778,-1739.8224353495261,3113.476263200471,4136.216628604047
2460821.3659722223,-2196.087207288653,3007.547524375527,3995.58143573494
2460821.3666666667,-2634.815469554989,2877.5715507074888,3822.9217245883897
2460821.367361111,-3052.4980089520436,2724.5813355697624,3619.6130654848166
2460821.3680555555,-3445.791238158926,2549.7940163553694,3387.2768591346226
2460821.36875,-3811.5441917799963,2354.601658259356,3127.768028145855
2460821.3694444443,-4146.824225650327,2140.5605853739407,2843.160763249711
2460821.3701388887,-4448.941181618927,1909.3793029541314,2535.7323833721716
2460821.370833333,-4715.46977234291,1662.9050732504459,2207.945393812512
2460821.371527778,-4944.26993970515,1403.1092289980077,1862.4278560434782
2460821.3722222224,-5133.504950966457,1132.07132770118,1501.9522082370697
2460821.372916667,-5281.657007603274,851.9622751434725,1129.412709357793
2460821.373611111,-5387.540167720553,565.0265637148398,747.8017023991458
2460821.3743055556,-5450.310408838343,273.5637954970717,360.1849245112604
2460821.3756944444,-5444.884970280853,-313.5833596169787,-420.58887859849693
2460821.376388889,-5376.758980420703,-604.5655757775634,-807.4780320233906
2460821.377083333,-5265.65800516582,-890.7093985986012,-1187.8891633630512
2460821.3777777776,-5112.491463219195,-1169.728522357583,-1558.7754415547056
2460821.378472222,-4918.506531888853,-1439.3965756187802,-1917.170319302086
2460821.379166667,-4685.276896024632,-1697.5651284218486,-2260.2115825204232
2460821.3798611113,-4414.688800688082,-1942.1808749858321,-2585.1642972052196
2460821.3805555557,-4108.92460122495,-2171.301851016215,-2889.442464818783
2460821.38125,-3770.4440378307313,-2383.1125533154996,-3170.6292086386984
2460821.3819444445,-3401.963464025133,-2575.9378647220947,-3426.4953604502152
2460821.382638889,-3006.433275263892,-2748.255700059832,-3655.016333973796
2460821.3833333333,-2587.0137769764387,-2898.70831552061,-3854.387207255158
2460821.3840277777,-2147.049728511609,-3026.112240083725,-4023.0359581866146
2460821.384722222,-1690.0437830364576,-3129.4668054747176,-4159.634821575005
2460821.3854166665,-1219.629037326628,-3207.9612609502005,-4263.109749655988
2460821.386111111,-739.5408769367206,-3260.9804719005047,-4332.647975186411
2460821.386805556,-253.58829560270183,-3288.1092035710367,-4367.703679573929
2460821.3875,234.37515074587273,-3289.1349951257357,-4368.001773793189
2460821.3881944446,720.4806077289264,-3264.049628814399,-4333.539799145801
2460821.388888889,1200.87326167512,-3213.049196607318,-4264.587951552095
2460821.3895833334,1671.7416151315604,-3136.532763776333,-4161.687228978401
2460821.390277778,2129.346557838672,-3035.0996256067333,-4025.645696989125
2460821.390972222,2570.050081533777,-2909.545151885135,-3857.532865222761
2460821.3916666666,2990.3434806443324,-2760.8552126224367,-3658.6721659888044
2460821.392361111,3386.874859713004,-2590.199182061907,-3430.631531123775
2460821.3930555554,3756.4757578821273,-2398.921522050614,-3175.212068904047
2460821.39375,4096.186678133112,-2188.5319568831346,-2894.434857938687
2460821.394444444,4403.281299699994,-1960.6942622104175,-2590.525889407606
2460821.395138889,4675.289135273614,-1717.2137091174889,-2265.899214157012
2460821.3958333335,4910.016392764051,-1460.0232207205063,-1923.1383731765143
2460821.396527778,5105.56479699142,-1191.1683221315407,-1564.976221548147
2460821.3972222223,5260.348135369516,-912.7909864000429,-1194.2732849843949
2460821.3979166667,5373.106306980206,-627.1124996605489,-813.9948154291393
2460821.398611111,5442.916673694445,-336.4154953992207,-427.18674743826415
2460821.3993055555,5469.202545745996,-43.02532130128256,-36.9507747083957
2460821.4,5451.738667290362,250.70907704527107,353.5812065837165
2460821.4006944443,5390.65361067791,542.4345584519671,741.2730242668604
2460821.4013888887,5286.429032903794,829.8132748411791,1123.0102601293859
2460821.402083333,5139.89579562956,1110.5420347817674,1495.7261012381366
2460821.402777778,4952.22699592494,1382.3713434594133,1856.4267480982517
2460821.4034722224,4724.928001935594,1643.1239190579174,2202.216112909296
2460821.404166667,4459.8236276161815,1890.7125038925521,2530.319565451619
2460821.404861111,4159.042617513615,2123.1568021281737,2838.106501953916
2460821.4055555556,3824.999641894536,2338.5993959118473,3123.1115388002595
2460821.40625,3460.375024715256,2535.320512806262,3383.0541609725033
2460821.4069444444,3068.092441420449,2711.7515393659733,3615.856684472008
2460821.407638889,2651.2948304284423,2866.487197327094,3819.660421048164
2460821.408333333,2213.3187632808294,2998.2963187871796,3992.83996042592
2460821.4090277776,1757.6675099611039,3106.131175754051,4134.015510956054
2460821.409722222,1287.9830305787348,3189.1353328335817,4242.063257886179
2460821.410416667,808.0171083605959,3246.6500053059185,4316.123716734597
2460821.4111111113,321.601825104066,3278.218912820885,4355.6080700975745
2460821.4118055557,-167.38042935348497,3283.5916238673353,4360.2024828727435
2460821.4125,-655.0272334842442,3262.725389706609,4329.8703955047895
2460821.4131944445,-1137.446527705637,3215.785467126459,4264.852795534021
2460821.413888889,-1610.7869528737185,3143.14392874162,4165.66646667874
2460821.4145833333,-2071.267961665724,3045.3769599562356,4033.1002149577603
2460821.4152777777,-2515.209527934124,2923.2606415387577,3868.20907098329
2460821.415972222,-2939.0612648585584,2777.7652193042936,3672.3064709693654
2460821.417361111,-3713.1108543644414,2421.443958938496,3193.951697665029
2460821.418055556,-4057.105818727725,2213.4568692711687,2915.320019023
2460821.41875,-4368.655889530572,1987.746350560679,2613.288408155115
2460821.4194444446,-4645.260218862983,1746.1155356350716,2290.275660348751
2460821.420138889,-4884.697812966851,1490.4966476214329,1948.8711199645902
2460821.4208333334,-5085.046280525709,1222.9355114019763,1591.8138643227915
2460821.421527778,-5244.698149827049,945.5749912746944,1221.9704682666086
2460821.422222222,-5362.374551643531,660.6374916266828,842.3115345800973
2460821.4229166666,-5437.136083847002,370.4066874122825,455.88721498652603
2460821.423611111,-5468.390714930311,77.20865996609623,65.80195755398
2460821.4243055554,-5455.898619921119,-216.6073670947885,-324.8112586348029
2460821.425,-5399.773888352448,-508.6884905636432,-712.8169325293342
2460821.425694444,-5300.483090328603,-796.6975829038604,-1095.103019038899
2460821.426388889,-5158.840734439485,-1078.3325346320921,-1468.6066021381753
2460821.4270833335,-4976.00169649872,-1351.3450867078836,-1830.3390007191106
2460821.427777778,-4753.450741686053,-1613.5590640079938,-2177.4100557212955
2460821.4284722223,-4492.9893011142985,-1862.8878377527144,-2507.051369423301
2460821.4291666667,-4196.719689817267,-2097.350868129872,-2816.6382987409233
2460821.429861111,-3867.026989163153,-2315.0891873767214,-3103.710516488444
2460821.4305555555,-3506.5588183524856,-2514.3797216795615,-3365.991005119541
2460821.43125,-3118.2032395966944,-2693.6483604097825,-3601.403361261914
2460821.4319444443,-2705.0650393369124,-2851.4817078132714,-3808.0873249538135
2460821.4326388887,-2270.440619395858,-2986.6374724790744,-3984.4124746957064
2460821.433333333,-1817.7917279031385,-3098.0534636858984,-4128.990048188206
2460821.434027778,-1350.7182407013718,-3184.8551799306274,-4240.682870513555
2460821.4347222224,-872.9301859656908,-3246.361984255207,-4318.6133841664405
2460821.435416667,-388.21919740968843,-3282.0918656535882,-4362.169781807149
2460821.436111111,99.57044307026753,-3291.7647916604315,-4371.010250283268
2460821.4368055556,586.5710257170413,-3275.304656115158,-4345.0653328837
2460821.4375,1068.9207459544639,-3232.8398240493707,-4284.538413938943
2460821.4381944444,1542.7930155561808,-3164.7022738505575,-4189.904327139894
2460821.438888889,2004.4256108472152,-3071.4253328205414,-4061.9060833874846
2460821.439583333,2450.149510461553,-2953.739999959359,-3901.549710811504
2460821.4402777776,2876.4172624124217,-2812.5698498483016,-3710.0971996779635
2460821.440972222,3279.8307139829603,-2649.0245109330913,-3489.057544282803
2460821.441666667,3657.1679095660584,-2464.3917191352257,-3240.1758845403433
2460821.4423611113,4005.40895418958,-2260.1279539511106,-2965.4207587075016
2460821.4430555557,4321.760623809288,-2037.8476747548925,-2666.969493331015
2460821.44375,4603.6794829709215,-1799.3111949505178,-2347.1917836622056
2460821.4444444445,4848.893274469152,-1546.4112430790883,-2008.6315334373096
2460821.445138889,5055.420331950509,-1281.1582876940693,-1653.98706020221
2460821.4458333333,5221.586780009134,-1005.6647188880606,-1286.0897937783673
2460821.4465277777,5346.041292561579,-722.1280076548691,-907.8816330621287
2460821.447222222,5427.767205422137,-432.81298103873866,-522.3911482549124
2460821.4479166665,5466.091803066142,-140.03337694099903,-132.7088496401771
2460821.448611111,5460.692637254102,153.8671450445558,258.0382400039841
2460821.449305556,5411.600773603726,446.5343428490251,646.7124495468747
2460821.45,5319.200907874992,735.6228793496432,1030.1914904543362
2460821.4506944446,5184.228339888407,1018.8157533673575,1405.3943815877774
2460821.451388889,5007.762841433023,1293.8434666815942,1769.3069913754002
2460821.4520833334,4791.219498405274,1558.502731700784,2119.0069373186575
2460821.452777778,4536.336653720155,1810.674527689222,2451.687587315537
2460821.453472222,4245.161109159483,2048.3413381828486,2764.6809401888086
2460821.4541666666,3920.030784066336,2269.603409779959,3055.479173049196
2460821.454861111,3563.555042552106,2472.6939044792653,3321.7546856724875
2460821.4555555554,3178.5929281774906,2655.9928292608306,3561.3784877615153
2460821.45625,2768.2295438023957,2818.0396565272536,3772.4368149472525
2460821.456944444,2335.7508259528395,2957.544563310709,3953.2458789030175
2460821.457638889,1884.6169494370295,3073.398240945858,4102.364688907031
2460821.459027778,940.9283092607027,3230.6658222323463,4301.044653125128
2460821.4597222223,455.9111266289339,3270.831327863952,4349.025419001985
2460821.4604166667,-32.74529077653501,3284.858016319805,4362.166795709503
2460821.461111111,-521.1408787561452,3272.634413454344,4340.364303306591
2460821.4618055555,-1005.3775499341808,3234.25714184298,4283.7911484398055
2460821.4625,-1481.589565922987,3170.0302399637444,4192.8969681141925
2460821.4631944443,-1945.9737360844927,3080.4629669355186,4068.4045499846397
2460821.4638888887,-2394.819260136298,2966.2660916765844,3911.3045293683035
2460821.464583333,-2824.537037548094,2828.346665284721,3722.848062947232
2460821.465277778,-3231.688240643865,2667.8012813651585,3504.537487384788
2460821.4659722224,-3613.011942878698,2485.907835200455,3258.114979579307
2460821.466666667,-3965.4515799647866,2284.1158020661387,2985.5492483420776
2460821.467361111,-4286.180006451766,2064.0350697954545,2689.0203076181224
2460821.4680555556,-4572.622904406398,1827.423376997655,2370.9024036121195
2460821.46875,-4822.480299106231,1576.1724262986663,2033.7451925586342
2460821.4694444444,-5033.745936032325,1312.2927662411466,1680.2532984631225
2460821.470138889,-5204.724289555583,1037.897553146523,1313.2644036452302
2460821.470833333,-5334.044986317196,755.1853316555492,935.7260611889151
2460821.4715277776,-5420.674457587168,466.421987369612,550.6714374491959
2460821.472222222,-5463.924663602088,173.9220479630178,161.19422265508064
2460821.472916667,-5463.4587739777,-119.97047785255756,-229.57703585593174
2460821.4736111113,-5419.29373158382,-412.9015245097392,-618.5049112647454
2460821.4743055557,-5331.799673438014,-702.5264503551418,-1002.4691099672248
2460821.475,-5201.696229201412,-986.5293714845574,-1378.3922482488397
2460821.4756944445,-5030.045766071361,-1262.6421435119912,-1743.2651202480083
2460821.476388889,-4818.243689852823,-1528.66280545988,-2094.171210538889
2460821.4770833333,-4568.005953940871,-1782.4733050397767,-2428.3102117002363
2460821.4777777777,-4281.353958400284,-2022.0563491330909,-2743.0203400092514
2460821.478472222,-3960.5970514916094,-2245.511238538851,-3035.799262852083
2460821.4791666665,-3608.312858640523,-2451.0685742159753,-3304.3234889726396
2460821.479861111,-3227.3256801559937,-2637.103738947795,-3546.4660951693186
2460821.480555556,-2820.6831988234303,-2802.1490836905427,-3760.3126969407135
2460821.48125,-2391.631735682292,-2944.9047668623352,-3944.1755961869767
2460821.4819444446,-1943.5902850453206,-3064.24821193079,-4096.606062154318
2460821.482638889,-1480.1235391476941,-3159.2421652676944,-4216.404724104516
2460821.4833333334,-1004.9141119646804,-3229.1413427698335,-4302.630063309182
2460821.484027778,-521.7341336235667,-3273.397666982042,-4354.605009359955
2460821.484722222,-34.416393572432774,-3291.6640948131053,-4371.921643890909
2460821.4854166666,453.1748207215033,-3283.797040961442,-4354.44402106753
2460821.486111111,937.17304071281,-3249.857398788307,-4302.309109618178
2460821.4868055554,1413.7389512479579,-3190.110158649422,-4215.925858518328
2460821.4875,1879.0896043310483,-3105.02261980378,-4095.972383018107
2460821.488194444,2329.5273624977,-2995.261190202851,-3943.391265240632
2460821.488888889,2761.468421425363,-2861.686766260951,-3759.382960559807
2460821.4895833335,3171.470742343834,-2705.3486856323784,-3545.3973024999714
2460821.490277778,3556.2612071812723,-2527.477251040639,-3303.12310603947
2460821.4909722223,3912.7617992370215,-2329.474828113258,-3034.4758762209444
2460821.4916666667,4238.114587834324,-2112.9055337964755,-2741.583647876324
2460821.492361111,4529.705288595086,-1879.483543801037,-2426.770998675487
2460821.4930555555,4785.185158297271,-1631.060065883107,-2092.541302735603
2460821.49375,5002.490978737394,-1369.609047015535,-1741.5573207211226
2460821.4944444443,5179.8628889011125,-1097.2117036371344,-1376.6202505963263
2460821.4951388887,5315.859836000542,-816.0399846671407,-1000.6473903274704
2460821.495833333,5409.372429908242,-528.3391055447353,-616.6486015040041
2460821.496527778,5459.633017185461,-236.4093051119582,-227.70178016025937
2460821.4972222224,5466.2228196471815,57.412996854281545,163.07242508260484
2460821.497916667,5429.076024159358,350.7744580351399,552.5364008729392
2460821.498611111,5348.48075211122,641.3242798532702,937.5615844558358
2460821.4993055556,5225.076884926614,926.7336849006174,1315.0544437303386
2460821.5006944444,4854.126868959973,1473.0414992118747,2035.397605493276
2460821.501388889,4609.556484252,1729.5637587225979,2372.463796326837
2460821.502083333,4328.103678880034,1972.2291051675743,2690.4768587139115
2460821.5027777776,4012.0286135114857,2199.0972381836227,2986.8880237344138
2460821.503472222,3663.8684862992777,2408.355945683405,3259.3240337473117
2460821.504166667,3286.4163173182164,2598.3354381139334,3505.605945605121
2460821.5048611113,2882.6978138723616,2767.521401511697,3723.766187926631
2460821.5055555557,2455.946563544892,2914.5666924690286,3912.06377281399
2460821.50625,2009.577792878876,3038.3016205736385,4068.997592531539
2460821.5069444445,1547.1609299537731,3137.7427770420472,4193.317749690505
2460821.507638889,1072.391189098497,3212.100385349895,4284.0348923184965
2460821.5083333333,589.0603890814025,3260.7841574883855,4340.42753586001
2460821.5090277777,101.02719969382152,3283.4076476751798,4362.047365007097
2460821.509722222,-387.8129990642661,3279.791099111245,4348.72251313264
2460821.5104166665,-873.558470395638,3249.9627811959817,4300.5588192714895
2460821.511111111,-1352.3315144346066,3194.158815019843,4217.939062886604
2460821.511805556,-1820.3087374033212,3112.821484033134,4101.520175061411
2460821.5125,-2273.751014305959,3006.5960277842305,3952.228426162852
2460821.5131944446,-2709.032970490243,2876.325916499188,3771.2525896201596
2460821.513888889,-3122.6717842475687,2723.046608470446,3560.0350874795363
2460821.5145833334,-3511.355102272009,2547.9777989455356,3320.2611327205504
2460821.515277778,-3871.9678516534377,2352.5141761485675,3053.8458930478587
2460821.515972222,-4201.6177105178185,2138.214715881569,2762.9197227388863
2460821.5166666666,-4497.658997289994,1906.790559964538,2449.81152804625
2460821.517361111,-4757.714732545149,1660.0915422041976,2117.030356723457
2460821.5180555554,-4979.696626033242,1400.091448880065,1767.2453336276158
2460821.51875,-5161.822754732704,1128.8721196939528,1403.264089538157
2460821.519444444,-5302.632711140321,848.6065190531805,1028.0098619241994
2460821.520138889,-5401.0000256472285,561.5409287583406,644.4974740432733
2460821.5208333335,-5456.141698631617,269.97643143444185,255.80842219673963
2460821.521527778,-5467.624714934745,-23.7501290305274,-134.93467749048403
2460821.5222222223,-5435.369456288185,-317.2855142529073,-524.5940198353584
2460821.5229166667,-5359.649972743943,-608.2795779595592,-910.0426416308679
2460821.523611111,-5241.091121763817,-894.4046700717478,-1288.1902833192826
2460821.5243055555,-5080.662630913361,-1173.3747514285033,-1656.0088065770979
2460821.525,-4879.670183530969,-1442.9640284069505,-2010.5569151228801
2460821.5256944443,-4639.743669756113,-1701.0249225671387,-2349.003934456193
2460821.5263888887,-4362.822774950345,-1945.505216025411,-2668.652440504214
2460821.527083333,-4051.140115202103,-2174.464221099787,-2966.959538095364
2460821.527777778,-3707.2021353880864,-2386.0878604593354,-3241.556640252278
2460821.5284722224,-3333.768014280321,-2578.7025498548064,-3490.2676076630237
2460821.529166667,-2933.826814786251,-2750.787809454032,-3711.1251528875514
2460821.529861111,-2510.5731174937823,-2900.9875463565536,-3902.3854361833814
2460821.5305555556,-2067.381373298114,-3028.119967226157,-4062.5408020031796
2460821.53125,-1607.7791906693685,-3131.1860990160485,-4190.330630602918
2460821.5319444444,-1135.4197634193072,-3209.3769048297377,-4284.75029151736
2460821.532638889,-654.0536262313815,-3262.078991448924,-4345.0581982788135
2460821.533333333,-167.49990772417098,-3288.878909892387,-4370.780970042538
2460821.5340277776,320.3827605330624,-3289.5660515944614,-4361.716707252555
2460821.534722222,805.7255322812395,-3264.1341425565893,-4317.936387843142
2460821.535416667,1284.6786930748606,-3212.7813352953012,-4239.783386754176
2460821.5361111113,1753.4409249904602,-3135.908895038575,-4127.871116829494
2460821.5368055557,2208.288344650494,-3034.1184741738853,-3983.0787857854293
2460821.5375,2645.603165716587,-2908.207966380475,-3806.5452604648517
2460821.5381944445,3061.9018169336136,-2759.165933296621,-3599.661031883973
2460821.538888889,3453.8623407305213,-2588.164597318472,-3364.0582758679075
2460821.5395833333,3818.350867922039,-2396.5514040954977,-3101.5990182332116
2460821.5402777777,4152.44696158396,-2185.839163625176,-2814.3614210718106
2460821.540972222,4453.467597478506,-1957.6947959697736,-2504.624230450619
2460821.542361111,4946.869892573282,-1456.4709652212607,-1827.6633039696358
2460821.543055556,5135.264511116513,-1187.3760302455821,-1465.835677147492
2460821.54375,5282.64415733685,-908.7866937403112,-1092.2580639602286
2460821.5444444446,5387.80806393696,-622.926803540418,-709.9203157091672
2460821.545138889,5449.894781890525,-332.08125706938006,-321.8863262245804
2460821.5458333334,5468.390126583098,-38.57731949054088,68.73109489904348
2460821.546527778,5443.132099914334,255.23453091011027,458.79591281768336
2460821.547222222,5374.312706392221,547.0000321388696,845.1748558675137
2460821.5479166666,5262.476626130211,834.3806417474307,1224.7634331682202
2460821.548611111,5108.516756480909,1115.0729019216492,1594.5116990318363
2460821.5493055554,4913.666679361808,1386.8274687171804,1951.4495016545586
2460821.55,4679.490157148742,1647.4676076265785,2292.7109541819214
2460821.550694444,4407.867798903019,1894.9069754258826,2615.5578903905216
2460821.551388889,4100.981075939084,2127.1665212371045,2917.402085099982
2460821.5520833335,3761.2938896884557,2342.3903636743394,3195.8260515781417
2460821.552777778,3391.531919350929,2538.86051767454,3448.6022510078137
2460821.5534722223,2994.6599876753958,2715.010369074728,3673.7105819880016
2460821.5541666667,2573.8576857874286,2869.4368168485476,3869.354047460271
2460821.554861111,2132.4935043632318,3000.9110190481556,4033.9725184949457
2460821.5555555555,1674.0977020217165,3108.387700598942,4166.254543870274
2460821.55625,1202.3341387623748,3191.0129917451413,4265.147168956056
2460821.5569444443,720.9712864555779,3248.1307787976866,4329.86374454683
2460821.5576388887,233.85261575757926,3279.287556494857,4359.889716439351
2460821.558333333,-255.13345728876916,3284.235776261648,4354.986392895962
2460821.559027778,-742.0838826054584,3262.9356861615584,4315.192689057914
2460821.5597222224,-1223.1113789991512,3215.555659951557,4240.8248489694
2460821.560416667,-1694.3747567850921,3142.4710115327957,4132.474144272563
2460821.561111111,-2152.1089856670865,3044.2612917258157,3991.002549313346
2460821.5618055556,-2592.6548346957215,2921.7060633516103,3817.5363909614744
2460821.5625,-3012.4878838126706,2775.779156030259,3613.4579793126227
2460821.5631944444,-3408.2467098608195,2607.6414051328034,3380.3952295344775
2460821.563888889,-3776.7600292720713,2418.63188775303,3120.2092971489155
2460821.564583333,-4115.072562218586,2210.2576830520834,2834.980269146364
2460821.5652777776,-4420.469381652145,1984.1821963025159,2526.990969789616
2460821.565972222,-4690.498500081258,1742.2121050768756,2198.70896612183
2460821.566666667,-4922.991446114934,1486.2830076353648,1852.7668873340192
2460821.5673611113,-5116.081592623608,1218.4438734418911,1491.9411986012776
2460821.5680555557,-5268.220010351319,940.8404197869029,1119.1296017636535
2460821.56875,-5378.188644265467,655.6975593881217,737.3272623424373
2460821.5694444445,-5445.110639461084,365.30108277616245,349.60208664749723
2460821.570138889,-5468.457678465867,71.97875732117323,-40.93070445095293
2460821.5708333333,-5448.0542336883445,-221.91896182803396,-431.13444197827624
2460821.5715277777,-5384.07868469143,-514.0384054808079,-817.8770429992372
2460821.572222222,-5277.061296029579,-802.0421457678636,-1198.0569416497108
2460821.5729166665,-5127.879099400686,-1083.6282241461647,-1568.628639553194
2460821.573611111,-4937.747769185286,-1356.5489576733132,-1926.6276185471718
2460821.574305556,-4708.210621508257,-1618.6291378652168,-2269.1943709672673
2460821.575,-4441.124904081183,-1867.7834520519452,-2593.5973241609527
2460821.5756944446,-4138.645573787135,-2102.032977135206,-2897.254462955113
2460821.576388889,-3803.2067809262376,-2319.520617169284,-3177.7534828267203
2460821.5770833334,-3437.5012936912685,-2518.5253781797564,-3432.8703361108433
2460821.577777778,-3044.4581049120357,-2697.4753951198554,-3660.586062508199
2460821.578472222,-2627.2184593719267,-2854.95964894632,-3859.1018260453498
2460821.5791666666,-2189.1105378340994,-2989.7383281598277,-4026.8521027678435
2460821.579861111,-1733.6230201048334,-3100.7518071064837,-4162.515987419954
2460821.5805555554,-1264.3777316714998,-3187.128226327455,-4265.026604662086
2460821.58125,-785.1015711482909,-3248.1896671235554,-4333.578619709695
2460821.581944444,-299.59788571721526,-3283.4569215705365,-4367.633854820739
2460821.582638889,188.28253648515297,-3292.65285842013,-4366.9250171364465
2460821.584027778,1155.7088283076614,-3232.74302497895,-4261.509583423187
2460821.5847222223,1627.579506045437,-3164.104046787636,-4157.630065185951
2460821.5854166667,2086.534960267147,-3070.324240202303,-4020.6349314737586
2460821.586111111,2528.925767224839,-2952.138228429947,-3851.601445035595
2460821.5868055555,2951.229160091721,-2810.473369353977,-3651.860611542681
2460821.5875,3350.076648158336,-2646.443218881234,-3422.987697377233
2460821.5881944443,3722.2807744106576,-2461.3395564503435,-3166.79084606768
2460821.5888888887,4064.8607951446706,-2256.6229823933045,-2885.297812365034
2460821.589583333,4375.067062442881,-2033.9121047329174,-2580.740843994185
2460821.590277778,4650.403866760139,-1794.971354334439,-2255.5397705998794
2460821.5909722224,4888.650500977957,-1541.6974803842008,-1912.28337705434
2460821.591666667,5087.880298118731,-1276.1048040367186,-1553.7091732290364
2460821.592361111,5246.47740473906,-1000.309330358312,-1182.6817018050926
2460821.5930555556,5363.151070052694,-716.5118350013838,-802.1695468647683
2460821.59375,5436.947243845759,-426.9800774325268,-415.2212524922585
2460821.5944444444,5467.257316443041,-134.03029718709686,-24.94036545568059
2460821.595138889,5453.823862257908,159.99182044976075,365.5401452628751
2460821.595833333,5396.743294286576,452.73051756027314,753.0838336643556
2460821.5965277776,5296.465380287571,741.839472088687,1134.5768141092617
2460821.597222222,5153.78961972343,1025.0012338786194,1506.9536137984285
2460821.597916667,4969.858526343963,1299.9463866036576,1867.2225726686934
2460821.5986111113,4746.147909137271,1564.4722340234493,2212.4905242248215
2460821.5993055557,4484.454281692467,1816.4608294133354,2539.986518731915
2460821.6,4186.879572377377,2053.8961728443933,2847.084358868648
2460821.6006944445,3855.8133298670473,2274.8804298533246,3131.3237567337023
2460821.601388889,3493.9126484590483,2477.6490370457345,3390.4299378634787
2460821.6020833333,3104.080046538352,2660.5845880391303,3622.3315553073344
2460821.6027777777,2689.4395411669716,2822.2294117120077,3825.1768020486425
2460821.603472222,2253.3111632030304,2961.296775006775,3997.347637460185
2460821.6041666665,1799.1841477584105,3076.6806622012414,4137.472069850379
2460821.604861111,1330.6890321097558,3167.464095153942,4244.434454309254
2460821.605555556,851.5688716512179,3232.9259741152446,4317.38378492122
2460821.60625,365.64977845053073,3272.5464247242057,4355.739968553672
2460821.6069444446,-123.18902648428289,3286.0106436179985,4359.198076226581
2460821.607638889,-611.0454739052649,3273.2112383134227,4327.730571819549
2460821.6083333334,-1094.0250396631568,3234.2490569954266,4261.587517890724
2460821.609027778,-1568.2711109224265,3169.4325043028884,4161.2947581469025
2460821.609722222,-2029.9951440380205,3079.2753388031415,4027.6500759689334
2460821.6104166666,-2475.5064426996278,2964.492948103763,3861.7173282787044
2460821.611111111,-2901.241366216292,2825.997099649284,3664.818557336817
2460821.6118055554,-3303.79176694507,2664.8891700780873,3438.5240899236205
2460821.6125,-3679.932442432864,2482.451863623206,3184.640644152591
2460821.613194444,-4026.6473749280976,2280.1394407590624,2905.1974792186465
2460821.613888889,-4341.154520082595,2059.566492124868,2602.430642586354
2460821.6145833335,-4620.92889611924,1822.4953124909175,2278.7653961645055
2460821.615277778,-4863.723730309585,1570.821945019728,1936.7969238719643
2460821.6159722223,-5067.589416642207,1306.5609925404544,1579.2694585482575
2460821.6166666667,-5230.890056046522,1031.8293125630696,1209.0539923763006
2460821.617361111,-5352.317370715323,748.8287330268188,829.1247612617681
2460821.6180555555,-5430.901808758668,459.8279492636594,442.53472390168895
2460821.61875,-5466.0206914707705,167.14378206689145,52.39028068481679
2460821.6194444443,-5457.403297907206,-126.87801792941089,-338.17451694239645
2460821.6201388887,-5405.132821512863,-419.8822125038842,-726.0239884914056
2460821.620833333,-5309.645184284577,-709.5235608611682,-1108.046805590415
2460821.621527778,-5171.724739406936,-993.4861429873495,-1481.181660785546
2460821.6222222224,-4992.496939613999,-1269.502320381194,-1842.4423583738335
2460821.622916667,-4773.418092085955,-1535.3711445160932,-2188.942077868969
2460821.623611111,-4516.262356764729,-1788.9760405284137,-2517.916584317439
2460821.6243055556,-4223.10617966123,-2028.3016075330852,-2826.7461790100683
2460821.6256944444,-3538.5000751415805,-2456.652597105119,-3374.336060483689
2460821.626388889,-3152.542825196945,-2642.2894055160446,-3608.7563060958432
2460821.627083333,-2741.5250012358697,-2806.895232881926,-3814.384278830943
2460821.6277777776,-2308.7268489869584,-2949.1734763141826,-3989.5976547392256
2460821.628472222,-1857.596332880666,-3068.004956160498,-4133.016221430105
2460821.629166667,-1391.7220169981372,-3162.455955443578,-4243.5117426683155
2460821.6298611113,-914.8051754219308,-3231.7848579606452,-4320.215922441999
2460821.6305555557,-430.6313039599065,-3275.4473841453487,-4362.526473207932
2460821.63125,56.95879581736359,-3293.1004239566246,-4370.1112933507275
2460821.6319444445,544.0982127242456,-3284.604469322969,-4342.910762448852
2460821.632638889,1026.9232606764429,-3250.0246456554005,-4281.138158592708
2460821.6333333333,1501.602809894675,-3189.6303391786246,-4185.278198109493
2460821.6340277777,1964.3674758304653,-3103.8934138527325,-4056.083693740533
2460821.634722222,2411.5385157831565,-2993.485009503419,-3894.5703246320168
2460821.6354166665,2839.556280207016,-2859.2709104406654,-3702.0095084191953
2460821.636111111,3245.008040030085,-2702.305477192374,-3479.919371059819
2460821.636805556,3624.655003819053,-2523.8241372632824,-3230.053814918379
2460821.6375,3975.4583195395167,-2325.2344383059753,-2954.389696563487
2460821.6381944446,4294.603835294421,-2108.105681087129,-2655.1121454661084
2460821.638888889,4579.525388673617,-1874.1571609941043,-2334.5980705495735
2460821.6395833334,4827.92637810892,-1625.2450688964109,-1995.397931833825
2460821.640277778,5037.799372309609,-1363.348120829588,-1640.2158794543307
2460821.640972222,5207.443518246058,-1090.5520071362141,-1271.8883904849229
2460821.6416666666,5335.479516791019,-809.0327790522314,-893.3615700668068
2460821.642361111,5420.861959992689,-521.0393091268334,-507.6673068202932
2460821.6430555554,5462.888849706059,-228.87498328264815,-117.898499890798
2460821.64375,5461.208151208489,65.12119719947023,272.81639925727825
2460821.644444444,5415.821277241101,358.5939124810099,661.3392715232636
2460821.645138889,5327.083441806945,649.1910203273318,1044.548373434211
2460821.6458333335,5195.700869852437,934.5830436795623,1419.36426135212
2460821.646527778,5022.724896655945,1212.4824449981497,1782.7753249404436
2460821.6472222223,4809.543036714453,1480.662486823334,2131.862664975599
2460821.6479166667,4557.86714473831,1736.9754888689451,2463.8240662239477
2460821.648611111,4269.718827521529,1979.3703079154154,2775.99683826565
2460821.6493055555,3947.4122998044845,2205.908881410757,3065.8793175665487
2460821.65,3593.534898960658,2414.7816994983073,3331.150856411195
2460821.6506944443,3210.9254906377664,2604.3220901995796,3569.6901515663803
2460821.6513888887,2802.651007174359,2773.019223859007,3779.5917945390793
2460821.652083333,2371.98136060433,2919.529764501546,3959.180954313879
2460821.652777778,1922.3629720003537,3042.6881126054486,4107.0261263301945
2460821.6534722224,1457.3911450732448,3141.515202073752,4221.949905773397
2460821.654166667,980.7815032187569,3215.2258253452883,4303.0377582325955
2460821.654861111,496.3406943550273,3263.2344706800823,4349.644774004933
2460821.6555555556,7.936560030210546,3285.159661566238,4361.400400093082
2460821.65625,-480.53205848703715,3280.826793126515,4338.211149663425
2460821.6569444444,-965.1656952729387,3250.2694596305887,4280.261287907137
2460821.657638889,-1442.0946503092114,3193.7292690871554,4188.011494928323
2460821.658333333,-1907.5092249350741,3111.6541395051054,4062.195504376644
2460821.6590277776,-2357.6896251399776,3004.695071791103,3903.814717079844
2460821.659722222,-2789.035346457709,2873.701396291685,3714.130791897943
2460821.660416667,-3198.0938468407203,2719.7144924471,3494.656219634489
2460821.6611111113,-3581.588289671675,2543.959990679015,3247.142899784131
2460821.6618055557,-3936.444139678856,2347.8384715286757,2973.568748110569
2460821.6625,-4259.814368673366,2132.9146949520305,2676.122388223226
2460821.6631944445,-4549.103029272822,1900.9054064381896,2357.185999083994
2460821.663888889,-4801.986948686765,1653.6657864028655,2019.3164173364642
2460821.6645833333,-5016.435296540393,1393.1746319701185,1665.224623724052
2460821.6652777777,-5190.726793671974,1121.518381057637,1297.7537702304458
2460821.665972222,-5323.464346158027,840.8741107462616,919.8559332499551
2460821.667361111,-5460.37845173853,261.67509349173133,144.98559129048817
2460821.668055556,-5463.473825880651,-32.236449542881914,-245.76073863996686
2460821.66875,-5422.861592647793,-325.88807589513584,-634.533390426502
2460821.6694444446,-5338.883651000178,-616.9286728246335,-1018.2127921607622
2460821.670138889,-5212.231764237182,-903.0302984614076,-1393.7233571872393
2460821.6708333334,-5043.941024087503,-1181.9072791947774,-1758.0587385022732
2460821.671527778,-4835.38036683465,-1451.3348104700137,-2108.3063111772944
2460821.672222222,-4588.240289370651,-1709.1668852523328,-2441.670653434131
2460821.6729166666,-4304.517946658932,-1953.3533880821678,-2755.49581617997
2460821.673611111,-3986.4998414540205,-2181.95621121363,-3047.2861963505848
2460821.6743055554,-3636.742330264035,-2393.1642767091125,-3314.7258662290456
2460821.675,-3258.05018444993,-2585.3073656399906,-3555.696234484664
2460821.675694444,-2853.453447991846,-2756.868678998214,-3768.291946190225
2460821.676388889,-2426.1828274645613,-2906.4960760556514,-3950.834957305261
2460821.6770833335,-1979.6438452331315,-3033.0119513095365,-4101.886739861864
2460821.677777778,-1517.3899666005123,-3135.421728547389,-4220.2585969377205
2460821.6784722223,-1043.094905025089,-3212.9209583034335,-4305.020076955945
2460821.6791666667,-560.5242836115087,-3264.9010156330046,-4355.505490361848
2460821.679861111,-73.50682305946187,-3290.9533970206053,-4371.3185341012
2460821.6805555555,414.09479288952986,-3290.8726176866558,-4352.3350318673565
2460821.68125,898.4132266032474,-3264.657708700348,-4298.703795369522
2460821.6819444443,1375.6058358860655,-3212.5123109963197,-4210.845608067041
2460821.6826388887,1841.8839160676175,-3134.843360336751,-4089.4503290067196
2460821.683333333,2293.5416989692058,-3032.2583535612025,-3935.472108830231
2460821.684027778,2726.9849439846785,-2905.561186562168,-3750.122711164377
2460821.6847222224,3138.758958754701,-2755.746553640614,-3534.862931518606
2460821.685416667,3525.5758615821105,-2583.992902446908,-3291.392113063734
2460821.686111111,3884.340883552972,-2391.6539456030605,-3021.635768714436
2460821.6868055556,4212.177493180858,-2180.248739878839,-2727.7313329923677
2460821.6875,4506.451107546297,-1951.4503609767462,-2412.0120911896074
2460821.6881944444,4764.791154192311,-1707.0732137120335,-2076.9893494002686
2460821.688888889,4985.1112315549235,-1449.0590451930223,-1725.3329469500666
2460821.689583333,5165.627129166686,-1179.4617445267763,-1359.8502335875592
2460821.6902777776,5304.872474683958,-900.4310372737207,-983.4636664448773
2460821.690972222,5401.711791876795,-614.1952086525874,-599.1872152264233
2460821.691666667,5455.350783230567,-323.04300661005817,-210.10178544929997
2460821.6923611113,5465.343681349189,-29.304897358187933,180.67010338888943
2460821.6930555557,5431.597553087219,264.6661382147406,569.9901286863111
2460821.69375,5354.373484504152,556.5140684828642,954.7301967927827
2460821.6944444445,5234.284620093157,843.8993321934207,1331.7984244165625
2460821.695138889,5072.291079210954,1124.5182054210172,1698.164788655233
2460821.6958333333,4869.6918157827195,1396.1218189550766,2050.886187585904
2460821.6965277777,4628.113536119993,1656.5346257823023,2387.1306485412806
2460821.697222222,4349.496822118815,1903.6721458450925,2704.200458741901
2460821.6979166665,4036.0796470289747,2135.5578205667857,2999.5540014281837
2460821.698611111,3690.3784917995918,2350.3388375200907,3270.8261183801314
2460821.699305556,3315.1672913943694,2546.3008027782134,3515.8468434435554
2460821.7,2913.4544497338256,2721.8811617537904,3732.6583831623057
2460821.7006944446,2488.458167642601,2875.6812890095944,3919.5302473683387
2460821.701388889,2043.5803224414378,3006.4771882983573,4074.972460409646
2460821.7020833334,1582.3791328055315,3113.2287592439748,4197.746804134846
2460821.702777778,1108.540831094609,3195.087601348519,4286.876062724986
2460821.703472222,625.8505483498169,3251.403337101075,4341.651253861618
2460821.7041666666,138.16261076009388,3281.728441503456,4361.636838046022
2460821.704861111,-350.6295719977481,3285.821571070263,4346.673904799302
2460821.7055555554,-836.6238490825472,3263.6493862487987,4296.881335436011
2460821.70625,-1315.9397335798865,3215.3868619778054,4212.654942525824
2460821.706944444,-1784.7486988556448,3141.4160803871046,4094.664585110341
2460821.707638889,-2239.3041911135942,3042.3234999972456,3943.8492591543823
2460821.709027778,-3091.2550374443817,2772.113571492274,3548.8017461986406
2460821.7097222223,-3481.829573508954,2603.145041279104,3307.7207502792567
2460821.7104166667,-3844.5639503686857,2413.3362057588915,3040.0932774643934
2460821.711111111,-4176.548294247994,2204.201038356489,2748.0599257684225
2460821.7118055555,-4475.117732088765,1977.4096290830248,2433.959060181019
2460821.7125,-4737.874611446312,1734.7750468135837,2100.308314633248
2460821.7131944443,-4962.708659702521,1478.2388996307511,1749.784442407251
2460821.7138888887,-5147.814840425694,1209.8557011521161,1385.2016706894049
2460821.714583333,-5291.708690770144,931.7761639329005,1009.4887314567239
2460821.715277778,-5393.238936820386,646.2295743656804,625.6647844432306
2460821.7159722224,-5451.59722473664,355.50541209887547,236.8144574176618
2460821.716666667,-5466.3248371427835,61.93440005840821,-153.93774201270062
2460821.717361111,-5437.316308965042,-232.13081857698407,-543.4533774399699
2460821.7180555556,-5364.819902543811,-524.335172858365,-928.6061244067249
2460821.71875,-5249.434949320255,-812.3406185897204,-1306.307624846347
2460821.7194444444,-5092.106112330526,-1093.8453520854423,-1673.5328872333487
2460821.720138889,-4894.114667643464,-1366.6025878126677,-2027.344976146705
2460821.720833333,-4657.066944895446,-1628.4387149719096,-2364.918750312646
2460821.7215277776,-4382.880100722023,-1877.2706677249391,-2683.563435513756
2460821.722222222,-4073.7654270965836,-2111.1223618397385,-2980.743843742622
2460821.722916667,-3732.209417568595,-2328.1400717732936,-3254.1000790199705
2460821.7236111113,-3360.952826036936,-2526.606645327515,-3501.4656015456944
2460821.7243055557,-2962.9679603036734,-2704.954473346316,-3720.8835494067885
2460821.725,-2541.434446151747,-2861.7771552611107,-3910.621248122268
2460821.7256944445,-2099.713694811392,-2995.8398165132476,-4069.182858869098
2460821.726388889,-1641.3222915213935,-3106.0880512192984,-4195.3201390710265
2460821.7270833333,-1169.9045078221586,-3191.6554749941947,-4288.041304184307
2460821.7277777777,-689.2041229967018,-3251.8698812097036,-4346.617990208241
2460821.728472222,-203.03572794311057,-3286.25799833297,-4370.590321941588
2460821.7291666665,284.744334352091,-3294.5488490352395,-4359.770095252236
2460821.729861111,770.2672443558635,-3276.6757102729657,-4314.24207925471
2460821.730555556,1249.6810590668606,-3232.7766713517653,-4234.363440780488
2460821.73125,1719.1800000166836,-3163.193783894459,-4120.761289357785
2460821.7319444446,2175.0335348129242,-3068.470794791114,-3974.3283368597235
2460821.732638889,2613.6150993733254,-2949.349451060739,-3796.2166635109666
2460821.7333333334,3031.4302954150908,-2806.7643656481305,-3587.829582635016
2460821.734027778,3425.144381701148,-2641.8364360883957,-3350.8116012878636
2460821.734722222,3791.6088586811898,-2455.8648152135947,-3087.0364847092437
2460821.7354166666,4127.886937243431,-2250.317439384249,-2798.5934417514154
2460821.736111111,4431.277655548396,-2026.8201379188035,-2487.7714742989056
2460821.7368055554,4699.3384071829205,-1787.1443605652753,-2157.04195170861
2460821.7375,4929.905634809098,-1533.193580246734,-1809.0394991695398
2460821.738194444,5121.1134434617525,-1266.9884514020557,-1446.541319816873
2460821.738888889,5271.409898449007,-990.6508255284704,-1072.4450982963704
2460821.7395833335,5379.570787860809,-706.3867492136372,-689.7456641819246
2460821.740277778,5444.710653671116,-416.46859279429896,-301.510622704805
2460821.7409722223,5466.29092772247,-123.21647659152241,89.1448165017931
2460821.7416666667,5444.125046075456,171.0208223776571,479.08356272841286
2460821.742361111,5378.380457590241,463.8852849152082,865.1726513672731
2460821.7430555555,5269.5774892015,753.0291830426448,1244.3092636103179
2460821.74375,5118.58507727693,1036.134524648986,1613.4464824149977
2460821.7444444443,4926.613422290933,1310.9322048205536,1969.618514623072
2460821.7451388887,4695.203665907452,1575.2206708059591,2309.965126098841
2460821.745833333,4426.214735942801,1826.88391088986,2631.7550430432484
2460821.746527778,4121.807529175809,2063.908607818725,2932.408113845621
2460821.7472222224,3784.426642500187,2284.400300426416,3209.516031590522
2460821.747916667,3416.779871515945,2486.5984318197297,3460.861463831535
2460821.748611111,3021.815717222324,2668.8901749765696,3684.43545401729
2460821.7493055556,2602.6991401616883,2829.8229531250527,3878.4529944529645
2460821.7506944444,1705.5950604444622,3082.6680295582833,4171.878477024558
2460821.751388889,1234.7818384506033,3172.5696346292502,4268.949316946309
2460821.752083333,754.10775445448,3237.1059696444354,4331.8069213948465
2460821.7527777776,267.41153418664027,3275.7641267489794,4359.9514246073595
2460821.753472222,-221.421001100424,3288.2365416868934,4353.1590450529675
2460821.754166667,-708.4872318754823,3274.42330787395,4311.483721536181
2460821.7548611113,-1189.898145555949,3234.4329800267965,4235.256725677077
2460821.7555555557,-1661.8086795037827,3168.5818610031583,4125.084250412321
2460821.75625,-2120.447831016151,3077.3917648764045,3981.842973124783
2460821.7569444445,-2562.1483510675134,2961.586250390635,3806.6735939561518
2460821.757638889,-2983.3758329236093,2822.0853209453644,3600.972352800694
2460821.7583333333,-3380.7569861433603,2659.9985942973767,3366.3805389739728
2460821.7590277777,-3751.106884999673,2476.6169498181775,3104.772014153182
2460821.759722222,-4091.4549512554127,2273.402677816025,2818.2387931532535
2460821.7604166665,-4399.069434270773,2051.9781666170647,2509.074742351571
2460821.761111111,-4671.480139910719,1814.1131823054636,2179.7574821111666
2460821.761805556,-4906.4991576311695,1561.710819066566,1832.928610669926
2460821.7625,-5102.239349071697,1296.7922147274028,1471.372388669497
2460821.7631944446,-5257.130368015914,1021.480154417133,1097.993060882246
2460821.763888889,-5369.932008728926,737.9817038635589,715.791015001807
2460821.7645833334,-5439.744707612888,448.5700352930929,327.8380042782831
2460821.765277778,-5466.017059702759,155.5656243122415,-62.74832081875196
2460821.765972222,-5448.550251704755,-138.68298547644068,-452.83030457904994
2460821.7666666666,-5387.499360562622,-431.8186507434848,-839.276333396369
2460821.767361111,-5283.371512011357,-721.4951215582508,-1218.9867610622453
2460821.7680555554,-5137.020941675229,-1005.3963545515417,-1588.9194412125566
2460821.76875,-4949.6410469255825,-1281.255447069325,-1946.114605908549
2460821.769444444,-4722.753558462861,-1546.873006449578,-2287.718848598658
2460821.770138889,-4458.1949970809555,-1800.1347824424606,-2611.0079897117303
2460821.7708333335,-4158.100612916756,-2039.0284083809406,-2913.408627816623
2460821.771527778,-3824.886023125309,-2261.6591218452804,-3192.518213466428
2460821.7722222223,-3461.226782372271,-2466.2643532206575,-3446.1235072006216
2460821.7729166667,-3070.0361230229214,-2651.2270963528526,-3672.217317760677
2460821.773611111,-2654.441110022894,-2815.0879915826217,-3869.013438636737
2460821.7743055555,-2217.7574347433965,-2956.5560780508213,-4034.9597358105248
2460821.775,-1763.4630770700478,-3074.518179636199,-4168.749350222425
2460821.7756944443,-1295.1710375245814,-3168.0469083436797,-4269.330003422634
2460821.7763888887,-816.6013323947277,-3236.407274852623,-4335.911402637839
2460821.777083333,-331.55242261968465,-3279.0619034300576,-4367.9707505749075
2460821.777777778,156.12775918759868,-3295.674849496848,-4365.256366492646
2460821.7784722224,642.5710400408092,-3286.114019708461,-4327.789426048818
2460821.779166667,1123.9183508714943,-3250.4521912301097,-4255.863823109579
2460821.779861111,1596.3490480300777,-3188.9666244533587,-4150.04415275008
2460821.7805555556,2056.110068212177,-3102.137259846765,-4011.161810123335
2460821.78125,2499.5447661608723,-2990.643487792643,-3840.309197622238
2460821.7819444444,2923.121274495702,-2855.3594793526836,-3638.8320320289918
2460821.782638889,3323.460206541738,-2697.348068572296,-3408.319747970152
2460821.783333333,3697.361510701558,-2517.853180857262,-3150.594000120026
2460821.7840277776,4041.8302608999898,-2318.290813153314,-2867.6952831144295
2460821.784722222,4354.1011606767925,-2100.238581159891,-2561.867701598901
2460821.785416667,4631.661519339839,-1865.4238677303013,-2235.5419494276584
2460821.7861111113,4872.272457366007,-1615.7106228447394,-1891.3165790711694
2460821.7868055557,5073.988093795805,-1353.0848888263406,-1531.9376737364728
2460821.7875,5235.172476665807,-1079.6391464704323,-1160.2770636000532
2460821.7881944445,5354.514031169465,-797.5556022459452,-779.3092593686243
2460821.788888889,5431.0373245601795,-509.0885555392622,-392.08729989998903
2460821.7895833333,5464.111973062445,-216.54601066925127,-1.717743242875899
2460821.7902777777,5453.458555176063,77.72928801748982,388.66495384482783
2460821.790972222,5399.151436168272,371.3792034573368,775.9244036268112
2460821.792361111,5161.637466207343,947.4105152173639,1528.6744184764113
2460821.793055556,4980.329795467388,1225.1740916246615,1888.1156785180042
2460821.79375,4759.150677433893,1493.114754078244,2232.3850935042938
2460821.7944444446,4499.876827077347,1749.0867644176226,2558.7192836194317
2460821.795138889,4204.59130297768,1991.0417856933072,2864.500973436133
2460821.7958333334,3875.6658606606084,2217.0453705176765,3147.28006795988
2460821.796527778,3515.7410177228558,2425.292370665169,3404.793166264669
2460821.797222222,3127.7040638106773,2614.1211574634117,3634.981376404361
2460821.7979166666,2714.6652564753444,2782.0265622458073,3836.0063221950204
2460821.798611111,2279.9324473301613,2927.6714651910384,4006.264258381129
2460821.7993055554,1826.984370588652,3049.896981953383,4144.39823854173
2460821.8,1359.4428235372093,3147.731209130754,4249.308295909066
2460821.800694444,881.0439543254628,3220.3965034588723,4320.159615344153
2460821.801388889,395.6088535151399,3267.315279155343,4356.388686644437
2460821.8020833335,-92.98635579228647,3288.1143112655704,4357.707433971629
2460821.802777778,-580.840758086567,3282.627538056507,4324.105321776112
2460821.8034722223,-1064.0590369228335,3250.8973546158395,4255.8494366729565
2460821.8041666667,-1538.781852135017,3193.1743910825644,4153.482545454849
2460821.804861111,-2001.2160314769997,3109.915767546911,4017.819127654119
2460821.8055555555,-2447.6643949801933,3001.781818805897,3849.9393829899504
2460821.80625,-2874.555028337473,2869.6312830139373,3651.18121524201
2460821.8069444443,-3278.4697952514025,2714.5149556826354,3423.1302054998882
2460821.8076388887,-3656.171884696266,2537.6678129902616,3167.607591037082
2460821.808333333,-4004.632153189092,2340.4996252663404,2886.65629087877
2460821.809027778,-4321.054028684243,2124.5840908180035,2582.5250316383153
2460821.8097222224,-4602.89672516844,1891.6465413023961,2257.650656581146
2460821.810416667,-4847.896521622836,1643.5502870505752,1914.638723913999
2460821.811111111,-5054.085860294625,1382.2816944081164,1556.2425319196514
2460821.8118055556,-5219.810032971491,1109.934109648238,1185.340737828402
2460821.8125,-5343.741245073148,828.690765318395,804.9137643877625
2460821.8131944444,-5424.889874158265,540.8068262751847,418.0192148706874
2460821.813888889,-5462.612773974318,248.59075170127775,27.766540360993442
2460821.814583333,-5456.618516227815,-45.61483630429331,-362.70878039590855
2460821.8152777776,-5406.969506355835,-339.4525793252453,-750.2712808200616
2460821.815972222,-5314.080956096586,-630.5698946160738,-1131.8114855994252
2460821.816666667,-5178.7167436784885,-916.6383699448585,-1504.2715609834024
2460821.8173611113,-5001.982238925953,-1195.3728372332525,-1864.6703686163016
2460821.8180555557,-4785.31421118735,-1464.5499381119816,-2210.1276801025665
2460821.81875,-4530.467978561862,-1722.0260015222036,-2537.887320788389
2460821.8194444445,-4239.501987357865,-1965.7540762566537,-2845.3390429287338
2460821.820138889,-3914.76003322207,-2193.7999820037644,-3130.0389569227573
2460821.8208333333,-3558.8513538053485,-2404.357261870835,-3389.728376088806
2460821.8215277777,-3174.628833931857,-2595.7609413124683,-3622.3509603482967
2460821.822222222,-2765.1655575205104,-2766.5000244933776,-3826.0680787379515
2460821.8229166665,-2333.729946380359,-2915.2286716547414,-3999.272328095225
2460821.823611111,-1883.7597064820657,-3040.7760237786165,-4140.599174797852
2460821.824305556,-1418.834792922683,-3142.154651516496,-4248.9367005813465
2460821.825,-942.649589445232,-3218.56761612754,-4323.433447316039
2460821.8256944446,-458.98447473371147,-3269.4141381895593,-4363.504365222894
2460821.826388889,28.323053215631273,-3294.293870462449,-4368.834869912354
2460821.8270833334,515.4075526394593,-3293.009775083456,-4339.38301698431
2460821.827777778,998.404964310381,-3265.5696012151298,-4275.379797786353
2460821.828472222,1473.4819546415174,-3212.1859576587876,-4177.327556691267
2460821.8291666666,1936.8651301956158,-3133.2749713204394,-4045.996525849092
2460821.829861111,2384.8699804174844,-3029.4535194976775,-3882.419469179291
2460821.8305555554,2813.929382383819,-2901.5350245404775,-3687.884429403221
2460821.83125,3220.621504202645,-2750.523797593707,-3463.925569391522
2460821.831944444,3601.696908007646,-2577.607925913445,-3212.3121117369205
2460821.832638889,3954.104646423734,-2384.15070548015,-2935.0353908586744
2460821.834027778,4561.85355864873,-1941.8799560934697,-2312.477393045885
2460821.8347222223,4812.301564338537,-1696.5719234671599,-1972.147105809748
2460821.8354166667,5024.337008017067,-1437.7066375733789,-1616.0172149662724
2460821.836111111,5196.241495196667,-1167.3457661564435,-1246.932659712126
2460821.8368055555,5326.6174994118965,-887.6461230089604,-867.8464937616034
2460821.8375,5414.400843269036,-600.8422890890647,-481.7959627350841
2460821.8381944443,5458.870362507308,-309.22842588754156,-91.87767008380857
2460821.8388888887,5459.654607196393,-15.139454120012712,298.777928886596
2460821.839583333,5416.735473208495,279.068208417098,687.0324402879749
2460821.840277778,5330.448703619312,571.0361519389788,1069.765585082733
2460821.8409722224,5201.481245088015,858.4235159713037,1443.9011164565654
2460821.841666667,5030.865492431894,1138.9263599861804,1806.432327458833
2460821.842361111,4819.970501357915,1410.296661539793,2154.4468844132807
2460821.8430555556,4570.490288992082,1670.3607538249391,2485.150741919205
2460821.84375,4284.42938370483,1917.0370217334898,2795.890906964473
2460821.8444444444,3964.085813746528,2148.3526995027128,3084.176852958653
2460821.845138889,3612.0317486620074,2362.4596306933704,3347.700409316797
2460821.845833333,3231.092025556145,2557.6488715538794,3584.3539803501394
2460821.8465277776,2824.3208013996605,2732.364041005846,3792.2469774669835
2460821.847222222,2394.9765695288243,2885.2133430118283,3969.720378813984
2460821.847916667,1946.4957833893955,3014.980201142115,4115.359349939273
2460821.8486111113,1482.465309984338,3120.6324663501136,4228.003886477098
2460821.8493055557,1006.5939393105779,3201.330166265705,4306.757450232705
2460821.85,522.6831425241045,3256.4317799503065,4350.993589129676
2460821.8506944445,34.597280799681535,3285.4990225743086,4360.360532902771
2460821.851388889,-453.76656262570987,3288.3001324412294,4334.783765226895
2460821.8520833333,-938.5089491195782,3264.8116516222126,4274.4665716383515
2460821.8527777777,-1415.7584831192253,3215.218692692258,4179.888563334864
2460821.853472222,-1881.7020704330507,3139.913683150992,4051.802175794568
2460821.8541666665,-2332.614860171803,3039.4935793512905,3891.227141542613
2460821.854861111,-2764.8896838055184,2914.755543404602,3699.44293912875
2460821.855555556,-3175.065794613651,2766.6910797212827,3477.979225324898
2460821.85625,-3559.856690062795,2596.4786367497722,3228.6042708829104
2460821.8569444446,-3916.176798606334,2405.4746855534027,2953.311428726526
2460821.857638889,-4241.166785007859,2195.2033054681574,2654.303690292858
2460821.8583333334,-4532.217234570761,1967.344318164491,2333.9764005907205
2460821.859027778,-4786.990460289148,1723.7200376526935,1994.8982387711271
2460821.859722222,-5003.440193578302,1466.2807173051956,1639.790588326688
2460821.8604166666,-5179.828917987871,1197.0888056327892,1271.5054619605041
2460821.861111111,-5314.742633060372,918.3021372193764,893.0021639754696
2460821.8618055554,-5407.102853436231,632.1562160914708,507.3229127570434
2460821.8625,-5456.175689472897,340.9457563507118,117.56765318925133
2460821.863194444,-5461.577887450061,47.005671721674936,-273.1316777750723
2460821.863888889,-5423.279755722462,-247.3082894736885,-661.6371659453915
2460821.8645833335,-5341.604947773682,-539.6390594285265,-1044.8309409782237
2460821.865277778,-5217.227120851265,-827.647708158857,-1419.640928038571
2460821.8659722223,-5051.163536198147,-1109.0326399988307,-1783.0660636518585
2460821.8666666667,-4844.765708618581,-1381.5483377942428,-2132.2007270182858
2460821.867361111,-4599.707256167867,-1643.0234694638125,-2464.2581486408085
2460821.8680555555,-4317.96912756818,-1891.3781993945986,-2776.592596397837
2460821.86875,-4001.822418360612,-2124.6405556130285,-3066.7201523261115
2460821.8694444443,-3653.808999896291,-2340.9617336461024,-3332.3379339174257
2460821.8701388887,-3276.720197565669,-2538.6302367549315,-3571.341639480889
2460821.870833333,-2873.5737582163033,-2716.084773907427,-3781.841326408966
2460821.871527778,-2447.589342695292,-2871.925857338474,-3962.175358490908
2460821.8722222224,-2002.1627709619174,-3004.926058900653,-4110.922481423898
2460821.872916667,-1540.8392331690984,-3114.0388994256914,-4226.9120052043245
2460821.873611111,-1067.2856610959716,-3198.406356793499,-4309.232086579121
2460821.8743055556,-585.2624488067283,-3257.364983424099,-4357.236111375611
2460821.8756944444,388.8569761239241,-3297.40178661966,-4349.060741299205
2460821.876388889,873.2255675397669,-3278.161495286732,-4292.945263184115
2460821.877083333,1350.6672089178887,-3232.877900424797,-4202.641136659814
2460821.8777777776,1817.390346287515,-3161.903355825602,-4078.8576145964207
2460821.878472222,2269.6847895558776,-3065.7921196125126,-3922.56789515927
2460821.879166667,2703.9503528908767,-2945.2966099643086,-3735.0023036334237
2460821.8798611113,3116.7249395886965,-2801.3622098506357,-3517.6395697442167
2460821.8805555557,3504.7118781906343,-2635.120613029286,-3272.196202177929
2460821.88125,3864.806310940868,-2447.881708247864,-3000.6139689520733
2460821.8819444445,4194.1204121321925,-2241.124010912985,-2705.0455106104628
2460821.882638889,4490.007204792138,-2016.483663908744,-2387.8381307518566
2460821.8833333333,4750.082728985179,-1775.742050071405,-2051.5158374923694
2460821.8840277777,4972.246319250824,-1520.812073941289,-1698.759729585578
2460821.884722222,5154.698742513982,-1253.723199107974,-1332.3868596298523
2460821.8854166665,5295.95796608001,-976.6053451445515,-955.3277291239866
2460821.886111111,5394.872339231559,-691.6717749837632,-570.6026047897532
2460821.886805556,5450.631000407237,-401.20112263132427,-181.29686881259792
2460821.8875,5462.7713534732275,-107.51873309829061,209.46435745835143
2460821.8881944446,5431.18349712748,187.02249815508608,598.542059206031
2460821.888888889,5356.111534929155,480.06159004158735,982.8093771995318
2460821.8895833334,5238.151739322349,769.2490378747526,1359.177582801659
2460821.890277778,5078.247591485993,1052.2662658578517,1724.62170497634
2460821.890972222,4877.681764676482,1326.844767687834,2076.20554394428
2460821.8916666666,4638.06516260998,1590.7847402879802,2411.105818475159
2460821.892361111,4361.32316274349,1841.9730300219326,2726.6352150140456
2460821.8930555554,4049.6792487300345,2078.400225789566,3020.264128844444
2460821.89375,3705.6362410523934,2298.176754772088,3289.6409173220986
2460821.894444444,3331.955350581763,2499.5478583180393,3532.6105151437428
2460821.895138889,2931.6332995055022,2680.9073413780275,3747.2312842408774
2460821.8958333335,2507.8777435632524,2840.810018694189,3931.790010129675
2460821.896527778,2064.08124180775,2977.982790822171,4084.814970934565
2460821.8972222223,1603.793999816675,3091.3343066923403,4205.087035853544
2460821.8979166667,1130.6956090459705,3179.9631788884894,4291.648762662457
2460821.898611111,648.5659884189528,3243.1647300126906,4343.811479316109
2460821.8993055555,161.25572211331237,3280.436255159917,4361.160342948978
2460821.9,-327.3440229126328,3291.4807897304167,4343.557374520105
2460821.9006944443,-813.3318266307167,3276.2093739067977,4291.142469327885
2460821.9013888887,-1292.8264228690289,3234.7418049663,4204.332383007133
2460821.902083333,-1761.9970111417983,3167.405868546456,4083.81769245263
2460821.902777778,-2217.0932999836405,3074.7350400025753,3930.5577310112785
2460821.9034722224,-2654.4751003293045,2957.464647271135,3745.773498078588
2460821.904166667,-3070.6412692553345,2816.526491018445,3530.938550298927
2460821.904861111,-3462.2577970682773,2653.0419232115055,3287.7678893806115
2460821.9055555556,-3826.184815278238,2468.313394037768,3018.2048746151904
2460821.90625,-4159.50228780087,2263.8144908176164,2724.4062078728366
2460821.9069444444,-4459.534140631082,2041.1785082495708,2408.7250606716584
2460821.907638889,-4723.870582122542,1802.1856069422133,2073.692436979649
2460821.908333333,-4950.388363886167,1548.7486407605902,1721.996897191222
2460821.9090277776,-5137.268745879116,1282.89775245654,1356.4627931852156
2460821.909722222,-5283.012940044173,1006.7638653529175,980.0272012278988
2460821.910416667,-5386.454838007474,722.5612132455831,595.7157563998925
2460821.9111111113,-5446.770853200587,432.5690780383467,206.61762661804622
2460821.9118055557,-5463.486749793071,139.1129168444973,-184.140122577975
2460821.9125,-5436.481371875229,-155.45492646661847,-573.4185067395732
2460821.9131944445,-5365.987232208609,-448.77471956627033,-958.0926680429709
2460821.913888889,-5252.587967924341,-738.4988444859509,-1335.0777147944798
2460821.9145833333,-5097.212717262429,-1022.3110994844582,-1701.354084933037
2460821.9152777777,-4901.127515780914,-1297.9456038992787,-2053.992178882945
2460821.915972222,-4665.92385044593,-1563.2051213789146,-2390.176024756826
2460821.917361111,-4086.0671905385298,-2054.2579986656087,-3002.6187444898587
2460821.918055556,-3746.0852997520183,-2276.1536236392253,-3274.0091543476346
2460821.91875,-3376.287494370283,-2479.9089454327673,-3519.245914570191
2460821.9194444446,-2979.634887913122,-2663.9137373241624,-3736.388890599263
2460821.920138889,-2559.2969496662877,-2826.716115049732,-3923.7232568840864
2460821.9208333334,-2118.626058552366,-2967.033219910484,-4079.7720033630017
2460821.921527778,-1661.130971275451,-3083.7605431932675,-4203.306550531262
2460821.922222222,-1190.449403946476,-3175.979875319087,-4293.355464672336
2460821.9229166666,-710.3199103880278,-3242.965870260145,-4349.2112735286055
2460821.923611111,-224.5532287826945,-3284.1912197299666,-4370.435387377718
2460821.9243055554,262.9967459062357,-3299.3304346208142,-4356.861133475795
2460821.925,748.4622233887128,-3288.262230886518,-4308.5949101895385
2460821.925694444,1227.9908679285002,-3251.0705135598087,-4226.015462619405
2460821.926388889,1697.7751015791002,-3188.043950201449,-4109.7712773795365
2460821.9270833335,2154.081212169404,-3099.674122046633,-3960.776090886784
2460821.927777778,2593.2781183092975,-2986.652238423449,-3780.2025017637657
2460821.9284722223,3011.86561873568,-2849.8644014510905,-3569.4736815991496
2460821.9291666667,3406.5019481161935,-2690.385409422124,-3330.2531807147916
2460821.929861111,3774.0304383269345,-2509.4710938525063,-3064.432836252813
2460821.9305555555,4111.505068052361,-2308.5491951623526,-2774.1188047069086
2460821.93125,4416.214667867862,-2089.208796684227,-2461.6157621620096
2460821.9319444443,4685.705545476657,-1853.1883481029233,-2129.4093312947844
2460821.9326388887,4917.8022757307135,-1602.3623378801683,-1780.1468337044623
2460821.933333333,5110.6264154475975,-1338.7266880636564,-1416.6164837102508
2460821.934027778,5262.612903500177,-1064.382972950114,-1041.725177025553
2460821.9347222224,5372.5239263716885,-781.521584476814,-658.4750546837113
2460821.935416667,5439.460053185746,-492.4039889104044,-269.9390494999102
2460821.936111111,5462.868474550663,-199.34424338117395,120.7643482148114
2460821.9368055556,5442.548219969152,95.31004726054165,510.49685623787104
2460821.9375,5378.652269084277,389.1971375156203,896.1264306496691
2460821.9381944444,5271.686519268678,679.9607054905877,1274.5532828308396
2460821.938888889,5122.505619215526,965.2693705803538,1642.7356126309187
2460821.939583333,4932.305725030854,1242.8359579391788,1997.714786406789
2460821.9402777776,4702.614280303144,1510.4363124876184,2336.639703996241
2460821.940972222,4435.276959709733,1765.9274791020775,2656.7901195532822
2460821.941666667,4132.4419551978135,2007.265075597488,2955.5986969423316
2460821.9423611113,3796.541803484664,2232.5197131583295,3230.6716188557784
2460821.9430555557,3430.2729824569165,2439.892329891666,3479.8075855184093
2460821.94375,3036.573509745227,2627.7283316899493,3701.0150772535935
2460821.9444444445,2618.598786188718,2794.530451618328,3892.527778817248
2460821.945138889,2179.6959243190863,2938.9702601074823,4052.8180916168517
2460821.9458333333,1723.376791975519,3059.898276302908,4180.608683725599
2460821.9465277777,1253.289998453149,3156.3526424770125,4274.882043217298
2460821.947222222,773.1920280193006,3227.566338144717,4334.888018684553
2460821.9479166665,286.9177224294626,3272.9729153971057,4360.149337288454
2460821.948611111,-201.64970716204863,3292.210744160229,4350.465098785
2460821.949305556,-688.6089591094831,3285.1257567732446,4305.912244768323
2460821.95,-1170.0710429362978,3251.7726829392263,4226.845003532236
2460821.9506944446,-1642.1896323750727,3192.4147652943066,4113.892309875822
2460821.951388889,-2101.1911982957286,3107.521945547305,3967.953198572124
2460821.9520833334,-2543.4047377242778,2997.7675121797433,3790.1901723631627
2460821.952777778,-2965.290909350197,2864.023202647734,3582.0205483636296
2460821.953472222,-3363.470366250713,2707.352759274754,3345.1057966608196
2460821.9541666666,-3734.751067949147,2529.0039454326,3081.338895694302
2460821.954861111,-4076.154336994593,2330.3990413383954,2792.8297475753616
2460821.9555555554,-4384.939417840317,2113.123853039038,2481.8887164683274
2460821.95625,-4658.626288053944,1878.9152870358148,2151.0083792405453
2460821.956944444,-4895.016471907371,1629.6475644161326,1802.8436064225057
2460821.957638889,-5092.211616180667,1367.31716848467,1440.1901177330606
2460821.959027778,-5363.017969254274,811.967396219363,683.1662149520567
2460821.9597222223,-5434.464535413946,523.401627158566,294.88085208512393
2460821.9604166667,-5462.404974889337,230.64362680652522,-95.77350333973284
2460821.961111111,-5446.62735619909,-63.95942541342371,-485.6581422700707
2460821.9618055555,-5387.273528788564,-358.0469249278923,-871.6426001743267
2460821.9625,-5284.837373362297,-649.2643725695771,-1250.6305696749537
2460821.9631944443,-5140.159955801911,-935.2827642403876,-1619.5853972071386
2460821.9638888887,-4954.4216726858685,-1213.817640491318,-1975.5549048301912
2460821.964583333,-4729.131517447321,-1482.6476079690349,-2315.6952959136984
2460821.965277778,-4466.113633622367,-1739.6321581767495,-2637.2939237985156
2460821.9659722224,-4167.491349693806,-1982.7286300836834,-2937.7907323663185
2460821.966666667,-3835.6689123085953,-2210.0081825163215,-3214.7982047129176
2460821.967361111,-3473.3111513496865,-2419.670662826457,-3466.119684640325
2460821.9680555556,-3083.3213138075794,-2610.058283156505,-3689.7659690816704
2460821.96875,-2668.817303363204,-2779.668035067134,-3883.970095683143
2460821.9694444444,-2233.106559657143,-2927.1627906909184,-4047.2002730940335
2460821.970138889,-1779.6597957006302,-3051.3810572521656,-4178.170925625265
2460821.970833333,-1312.0837960296897,-3151.345363993967,-4275.851839414175
2460821.9715277776,-834.0934691485431,-3226.2692678968792,-4339.475406687757
2460821.972222222,-349.4833228709434,-3275.5629732758016,-4368.54197463599
2460821.972916667,137.90147737764238,-3298.837560933894,-4362.823305637558
2460821.9736111113,624.1943182418812,-3295.9078231996245,-4322.364155539134
2460821.9743055557,1105.5364783885366,-3266.793699394177,-4247.481973289046
2460821.975,1578.1064561829114,-3211.720302778758,-4138.764720699861
2460821.9756944445,2038.1491468981403,-3131.116526813184,-3997.0668062867035
2460821.976388889,2482.004712187145,-3025.612217090461,-3823.503126463984
2460821.9770833333,2906.1369863827954,-2896.033893211176,-3619.4412044447013
2460821.9777777777,3307.161234077645,-2743.3990088345377,-3386.4914248700866
2460821.978472222,3681.871066914091,-2568.908741975163,-3126.495368079823
2460821.9791666665,4027.264307792414,-2373.939315785487,-2841.51226068316
2460821.979861111,4340.567567677394,-2160.0318669843055,-2533.8035837755915
2460821.980555556,4619.259305180454,-1928.8808868065958,-2205.8158904812294
2460821.98125,4861.091112694356,-1682.3212884239801,-1860.161925484312
2460821.9819444446,5064.106988501525,-1422.3141674687565,-1499.600155129682
2460821.982638889,5226.660350448381,-1150.9313526048097,-1127.0128572919923
2460821.9833333334,5347.4285692393305,-870.3388593011159,-745.3829399699388
2460821.984027778,5425.424814987757,-582.7793907586417,-357.7696970494518
2460821.984722222,5460.007046324202,-290.55404440719786,32.71627409362904
2460821.9854166666,5450.884004892423,3.996598140510477,422.9387454862847
2460821.986111111,5398.118119896197,298.5118016013018,809.7618535530675
2460821.9868055554,5302.125274076468,590.6302285568321,1190.0761470388732
2460821.9875,5163.671429430121,878.0095023493251,1560.8244087056942
2460821.988194444,4983.866156323606,1158.3455800478619,1919.026986068466
2460821.988888889,4764.1531588832895,1429.3917289996132,2261.806363096334
2460821.9895833335,4506.29792600755,1688.976924119869,2586.410738652995
2460821.990277778,4212.37267715621,1935.0234882807317,2890.236387181591
2460821.9909722223,3884.738799565199,2165.5638210420734,3170.848609429465
2460821.9916666667,3526.026995213953,2378.7560803972815,3426.001108437394
2460821.992361111,3139.115373263338,2572.89870163056,3653.653653285033
2460821.9930555555,2727.10572415154,2746.4436626376573,3851.9879269125063
2460821.99375,2293.298220151532,2898.0084196470593,4019.4214748226564
2460821.9944444443,1841.1647743858834,3026.3864597638617,4154.619700792038
2460821.9951388887,1374.3212832826482,3130.5564296656153,4256.505872803434
2460821.995833333,896.4989673100085,3209.6898115576187,4324.269117676238
2460821.996527778,411.5150076480007,3263.157127493425,4357.370395073381
2460821.9972222224,-76.75733307920757,3290.5326577544097,4355.546447036695
2460821.997916667,-564.4189277143992,3291.597662236547,4318.811722701892
2460821.998611111,-1047.5751693329255,3266.34209483007,4247.458278389012
2460821.9993055556,-1522.3663529329847,3214.9648002856948,4142.053652458803
2460822.0006944444,-2431.7701217766135,3035.675337275314,3832.711485690952
2460822.001388889,-2859.1077089981327,2909.185630641822,3631.238942034121
2460822.002083333,-3263.5881140785436,2759.4087368111373,3400.6267975345518
2460822.0027777776,-3641.9692395879483,2587.5371220581183,3142.7173033222925
2460822.003472222,-3991.215825158319,2394.9409993800123,2859.573091777068
2460822.004166667,-4308.52441492362,2183.157780553579,2553.4611284633056
2460822.0048611113,-4591.3466403122375,1953.88007252944,2226.8348538991036
2460822.0055555557,-4837.410567762297,1708.942285411042,1882.3146258436063
2460822.00625,-5044.739867529552,1450.305940055671,1522.666600154412
2460822.0069444445,-5211.670568863766,1180.043790273996,1150.7802233713062
2460822.007638889,-5336.86519416781,900.3228902247992,769.6445287112957
2460822.0083333333,-5419.324085287347,613.3867673407639,382.3234647850801
2460822.0090277777,-5458.393776354397,321.5368706454503,-8.069504572242735
2460822.009722222,-5453.772303037558,27.11348921666311,-398.39726102433207
2460822.0104166665,-5405.511386729772,-267.5236628504673,-785.525086672682
2460822.011111111,-5314.015476260177,-560.0149879312531,-1166.346636315704
2460822.011805556,-5180.037679062232,-848.0204639292533,-1537.8095516318883
2460822.0125,-5004.672658202287,-1129.2388230174276,-1896.940459883334
2460822.0131944446,-4789.346616195278,-1401.4262541648932,-2240.8691057122237
2460822.013888889,-4535.804520849764,-1662.4144557713716,-2566.851396528398
2460822.0145833334,-4246.094764327993,-1910.1278740677867,-2872.29115702486
2460822.015277778,-3922.551464623014,-2142.599991639523,-3154.7604276792
2460822.015972222,-3567.7746412633755,-2357.9885444124525,-3412.0181624725974
2460822.0166666666,-3184.6085006800145,-2554.5895730693583,-3642.027218112919
2460822.017361111,-2776.1180676993313,-2730.85023436295,-3842.9695533112013
2460822.0180555554,-2345.564401683246,-2885.380314038869,-4013.259578803365
2460822.01875,-1896.3786130641524,-3016.9624063223714,-4151.555628275619
2460822.019444444,-1432.1348936838926,-3124.560732433308,-4256.769530628748
2460822.020138889,-956.5227512573202,-3207.3285844991806,-4328.074280987257
2460822.0208333335,-473.318623583009,-3264.6143866600632,-4364.909814155288
2460822.021527778,13.642963833776326,-3295.966368203595,-4366.986887402912
2460822.0222222223,500.4985482421691,-3301.135844992536,-4334.28908009088
2460822.0229166667,983.3850478617886,-3280.0791032877733,-4267.0729139435425
2460822.023611111,1458.469105025415,-3232.957877151247,-4165.866093871889
2460822.0243055555,1921.9763169068647,-3160.1384076188615,-4031.4638645892437
2460822.025,2370.2202029446453,-3062.1890689783727,-3864.9234754010226
2460822.0256944443,2799.630749085301,-2939.8765467309195,-3667.5567452301116
2460822.0263888887,3206.78235526966,-2794.1605526223134,-3440.9207222309037
2460822.027083333,3588.4209919642053,-2626.1870674528227,-3186.8064413623356
2460822.027777778,3941.490359282481,-2437.280108894444,-2907.2257933276996
2460822.0284722224,4263.156821026136,-2228.9320348225806,-2604.396538128081
2460822.029166667,4550.832876585146,-2002.792407213077,-2280.725517010135
2460822.029861111,4802.198927118204,-1760.655458078242,-1938.79013934588
2460822.0305555556,5015.223083856472,-1504.4462245914294,-1581.3182560374983
2460822.03125,5188.17877816774,-1236.2054398857554,-1211.1665558835
2460822.0319444444,5319.659945240436,-958.0732866198648,-831.297647650622
2460822.032638889,5408.593566718671,-672.272154530972,-444.75603460379614
2460822.033333333,5454.249396637565,-381.08854958641354,-54.643193271138664
2460822.0340277776,5456.246720967751,-86.8543364008083,335.9079890231028
2460822.034722222,5414.558047605469,208.0725033936396,723.7591660360129
2460822.035416667,5329.509664985526,501.32738944242175,1105.7925928757556
2460822.0361111113,5201.779056103004,790.5587374206966,1478.9370271698633
2460822.0368055557,5032.389202325962,1073.447418293757,1840.1931919106369
2460822.0375,4822.699855449217,1347.725884615433,2186.658543331144
2460822.0381944445,4574.395901604958,1611.1967674886419,2515.5510921281407
2460822.038888889,4289.472975161978,1861.7507685617518,2824.232056410148
2460822.0395833333,3970.220513169153,2097.383684936677,3110.2271451848833
2460822.0402777777,3619.2024661658224,2316.2124246476346,3371.246299470128
2460822.040972222,3239.2358929874777,2516.4898947487413,3605.2017515264315
2460822.042361111,2404.849626420094,2855.1633028270385,3984.677624422287
2460822.043055556,1957.112129404872,2990.8613969805856,4127.170851833101
2460822.04375,1493.7366975007046,3102.6330972012765,4236.568880206477
2460822.0444444446,1018.4275097194507,3189.589265322007,4312.000888483705
2460822.045138889,534.9822190234179,3251.0381402595253,4352.8667498263
2460822.0458333334,47.262192800402545,3286.4905255827593,4358.841433242039
2460822.046527778,-440.83763057518365,3295.663483929648,4329.877380069753
2460822.047222222,-925.4190952898364,3278.4825274309733,4266.204855838473
2460822.0479166666,-1402.6112278341877,3235.082293080604,4168.330276662034
2460822.048611111,-1868.6005043241069,3165.8056913577648,4037.032509486337
2460822.0493055554,-2319.660812073709,3071.201517192574,3873.3571459264294
2460822.05,-2752.18291997506,2952.0205128320335,3678.6087510169627
2460822.050694444,-3162.703253625926,2809.209877276808,3454.341096662157
2460822.051388889,-3547.9317636911333,2643.9062229969195,3202.3453984857088
2460822.0520833335,-3904.778659382313,2457.426990896049,2924.636590211174
2460822.052777778,-4230.3797666018745,2251.260348542998,2623.4376898717296
2460822.0534722223,-4522.120264748527,2027.0536121249909,2301.16233360623
2460822.0541666667,-4777.656547546252,1786.6002559660142,1960.3955849798283
2460822.054861111,-4994.935966615347,1531.8255887420135,1603.8731472455815
2460822.0555555555,-5172.214216075162,1264.7712066049678,1234.4591473447397
2460822.05625,-5308.070145225586,987.5783487750224,855.1226783607998
2460822.0569444443,-5401.417807046643,702.4703059086609,468.91331800969476
2460822.0576388887,-5451.51558319932,411.73405639723205,78.93587063728806
2460822.058333333,-5457.972271021721,117.70130827630398,-311.67542055810515
2460822.059027778,-5420.750054765455,-177.27084728495768,-699.7829102788822
2460822.0597222224,-5340.164335120813,-470.81947031996236,-1082.2715677217325
2460822.060416667,-5216.880436542892,-760.5952847502216,-1456.0746960816114
2460822.061111111,-5051.907258018688,-1044.2819684426238,-1818.1990930994282
2460822.0618055556,-4846.587977615204,-1319.615022785106,-2165.74939860872
2460822.0625,-4602.587959156482,-1584.4000414573422,-2495.951401242337
2460822.0631944444,-4321.880042940398,-1836.53021248678,-2806.174098229733
2460822.063888889,-4006.727425529535,-2074.0029100400375,-3093.9503336558505
2460822.064583333,-3659.664358004438,-2294.935247995122,-3356.995863295635
2460822.0652777776,-3283.4748925872095,-2497.5784981092434,-3593.2267350741654
2460822.065972222,-2881.169921385874,-2680.331287752991,-3800.7748918063216
2460822.066666667,-2455.9627377930374,-2841.751519493297,-3978.001938322341
2460822.0673611113,-2011.2433475026514,-2980.566968017361,-4123.511032795797
2460822.0680555557,-1550.5517389462316,-3095.6845264447916,-4236.156883024684
2460822.06875,-1077.5503131093515,-3186.1980832172508,-4315.053840134548
2460822.0694444445,-595.9956467698554,-3251.3950211548595,-4359.582094004546
2460822.070138889,-109.70975886127441,-3290.7613312138205,-4369.391975760904
2460822.0708333333,377.4489703695813,-3303.985336972087,-4344.406375554484
2460822.0715277777,861.615084704693,-3290.960023758258,-4284.8212802914
2460822.072222222,1338.9454013716481,-3251.783963627982,-4191.10443196012
2460822.0729166665,1805.6482837726942,-3186.760824525025,-4063.9921031800136
2460822.073611111,2258.0126928320437,-3096.3974488204235,-3904.4839825734593
2460822.074305556,2692.4368599236514,-2981.4004845521417,-3713.8361610824277
2460822.075,3105.4564062405916,-2842.6715546229675,-3493.552214570552
2460822.0756944446,3493.7717256028577,-2681.3009510283514,-3245.3723813828155
2460822.076388889,3854.2744215156185,-2498.559849965961,-2971.2608478441252
2460822.0770833334,4184.072579008927,-2295.891052914658,-2673.3911682980292
2460822.077777778,4480.514634372201,-2074.8982742629287,-2354.1298688481766
2460822.078472222,4741.21159822421,-1837.3340134394416,-2016.0183081299788
2460822.0791666666,4964.057383833437,-1585.0860698796926,-1661.7528960998718
2460822.079861111,5147.246996354529,-1320.1627806129238,-1294.1638001502845
2460822.0805555554,5289.292346050396,-1044.6770884031307,-916.1923045316488
2460822.08125,5389.035474409381,-760.8295634816623,-530.8670067036222
2460822.081944444,5445.659000932929,-470.8905331185321,-141.2790737099276
2460822.082638889,5458.693637221495,-177.18148701606114,249.4432038133317
2460822.084027778,5353.883217913052,412.1200153593548,1021.7475251827469
2460822.0847222223,5236.8646071446365,702.9873637213027,1397.1209722797164
2460822.0854166667,5077.9032713368215,988.2136508974916,1761.2631191002827
2460822.086111111,4878.2748625777285,1265.5122627105266,2111.2477645731456
2460822.0868055555,4639.583313080784,1532.6612046525486,2444.2640864063515
2460822.0875,4363.747125127232,1787.5212282291643,2757.63957144668
2460822.0881944443,4052.9830518965678,2028.0531381400665,3048.8616210016985
2460822.0888888887,3709.7873798597398,2252.3341306102557,3315.597649371302
2460822.089583333,3336.915040137942,2458.5730371593004,3555.7135271984553
2460822.090277778,2937.3567834844166,2645.124370645647,3767.290252015365
2460822.0909722224,2514.314661499729,2810.501087614141,3948.6387522747564
2460822.091666667,2071.176052954065,2953.3860017019297,4098.312758769839
2460822.092361111,1611.4864583290841,3072.6418016941643,4215.1197014302825
2460822.0930555556,1138.9212895950802,3167.3196356228386,4298.129600635247
2460822.09375,657.2568525291031,3236.666238842717,4346.681941796426
2460822.0944444444,170.34071942277953,3280.129586475414,4360.3905254646625
2460822.095138889,-317.93832840155943,3297.36305724896,4339.146292378868
2460822.095833333,-803.6806161863385,3288.2280966221842,4283.118123234932
2460822.0965277776,-1283.0059751212093,3252.795367268352,4192.751613181512
2460822.097222222,-1752.0840598614332,3191.3443751106925,4068.76582017895
2460822.097916667,-2207.1644059940577,3104.3615584873423,3912.1479864743924
2460822.0986111113,-2644.6060456747796,2992.536828816914,3724.1462337397156
2460822.0993055557,-3060.9064786163044,2856.758556004507,3506.260240852226
2460822.1,-3452.7297945978285,2698.10699555643,3260.229918566146
2460822.1006944445,-3816.933719156861,2517.84616501566,2988.0221120583956
2460822.101388889,-4150.595342990397,2317.4141911990696,2691.8153821927135
2460822.1020833333,-4451.0352920488085,2098.4121634121275,2373.9829353606865
2460822.1027777777,-4715.8400858278665,1862.591548584573,2037.073800597359
2460822.103472222,-4942.882434894958,1611.8402454633936,1683.792380802614
2460822.1041666665,-5130.339238204774,1348.167377735722,1316.9765343683314
2460822.104861111,-5276.707058279816,1073.686948019455,939.5743711801811
2460822.105555556,-5380.814875186797,790.6004989637986,554.619976965963
2460822.10625,-5441.833954070867,501.1789453315474,165.20830000212442
2460822.1069444446,-5459.284697316378,207.74376087894447,-225.5305429935054
2460822.107638889,-5433.0403966329695,-87.35228582538618,-614.4572755584431
2460822.1083333334,-5363.32784554295,-381.7446417803451,-998.4495086860504
2460822.109027778,-5250.724820961691,-673.0765188704421,-1374.4275517101687
2460822.109722222,-5096.154488561857,-959.0182785577855,-1739.3797211388978
2460822.1104166666,-4900.876832400656,-1237.286451360843,-2090.386889634455
2460822.111111111,-4666.477247647653,-1505.6622080118266,-2424.6460437894902
2460822.1118055554,-4394.852470257586,-1762.0091113051365,-2739.492638381132
2460822.1125,-4088.1940462872763,-2004.2899966114553,-3032.421562356439
2460822.113194444,-3748.969561097562,-2230.582852711026,-3301.1065647476653
2460822.113888889,-3379.9018613391318,-2439.0955947832463,-3543.4180166855363
2460822.1145833335,-2983.9465097862308,-2628.1796418171743,-3757.438913681868
2460822.115277778,-2564.2677055183044,-2796.342234427354,-3941.479053444833
2460822.1159722223,-2124.212901004278,-2942.2574430889686,-4094.087343491596
2460822.1166666667,-1667.2863235821828,-3064.7758371989735,-4214.06221810231
2460822.117361111,-1197.1216117307974,-3162.932790286622,-4300.460151405958
2460822.1180555555,-717.4537371729535,-3235.9554132042626,-4352.602271949242
2460822.11875,-232.0903910070615,-3283.2681047485244,-4370.079081802134
2460822.1194444443,255.11701819460558,-3304.496716041051,-4352.75328958244
2460822.1201388887,740.3026067981568,-3299.4713217606804,-4300.7607623339845
2460822.120833333,1219.6153607747278,-3268.227589755462,-4214.509598040014
2460822.121527778,1689.2484402616801,-3211.0067373427314,-4094.6773164163483
2460822.1222222224,2145.4683050557924,-3128.2540590394287,-3942.206160374027
2460822.122916667,2584.6434976617174,-3020.6160098306373,-3758.296501867031
2460822.123611111,3003.2729276358987,-2888.9358255461916,-3544.398341855046
2460822.1243055556,3398.0134600211804,-2734.247668858404,-3302.200907334886
2460822.1256944444,4103.404174277802,-2360.893209721775,-2740.785570059356
2460822.126388889,4408.3923974404925,-2145.1764296412953,-2426.0222191664566
2460822.127083333,4678.214718796578,-1912.3287174284885,-2091.8349284472674
2460822.1277777776,4910.692558852403,-1664.1995063443164,-1740.8878806353919
2460822.128472222,5103.944076468326,-1402.7634901381475,-1375.9838337549604
2460822.129166667,5256.40059780365,-1130.1050110152958,-1000.041758811328
2460822.1298611113,5366.820506827162,-848.4013606906434,-616.073271892084
2460822.1305555557,5434.300399708281,-559.9051418207173,-227.1580762133388
2460822.13125,5458.283341017248,-266.92585176589205,163.58135452446842
2460822.1319444445,5438.564094769146,28.18912669622631,553.0055936647188
2460822.132638889,5375.291248329806,323.0739326396612,937.9843127763104
2460822.1333333333,5268.966192872515,615.363828224693,1315.4222918019568
2460822.1340277777,5120.438970768341,902.7147877254951,1682.2851149756632
2460822.134722222,4930.901049463438,1182.822864972273,2035.6242795578933
2460822.1354166665,4701.875121213284,1453.443147284427,2372.6014710630798
2460822.136111111,4435.202074415162,1712.4081022672829,2690.5117605368096
2460822.136805556,4133.025308264701,1957.645153431597,2986.805520866255
2460822.1375,3797.772598518152,2187.1933267748927,3259.1088706319665
2460822.1381944446,3432.1357330271408,2399.218841137433,3505.2424957043036
2460822.138888889,3039.0481560323915,2592.029528384415,3723.238718502409
2460822.1395833334,2621.660858931646,2764.0879957315346,3911.3567198679775
2460822.140277778,2183.3167543166774,2914.0234599720243,4068.0958420063844
2460822.140972222,1727.5237710528686,3040.642197991117,4192.206920951059
2460822.1416666666,1257.9268803893776,3142.9365786797803,4282.701622278965
2460822.142361111,778.2792736803171,3220.092644095541,4338.859758846146
2460822.1430555554,292.41287457710143,3271.4962233637634,4360.2345866409
2460822.14375,-195.79161921595295,3296.7375614187663,4346.656074255333
2460822.144444444,-682.4349994280634,3295.614451405124,4298.232147407826
2460822.145138889,-1163.6299383860598,3268.1338572243076,4215.347907844261
2460822.1458333335,-1635.5313423456503,3214.512013949805,4098.662826179481
2460822.146527778,-2094.3664919701487,3135.1729927040283,3949.105907443162
2460822.1472222223,-2536.4647872441287,3030.7457176117287,3767.868830078999
2460822.1479166667,-2958.286902011947,2902.0594254368016,3556.3970643102825
2460822.148611111,-3356.4531432532476,2750.1375628144974,3316.3789826771267
2460822.1493055555,-3727.770789429217,2576.190126044782,3049.7329912310993
2460822.15,-4069.260175521469,2381.604458912321,2758.592724921117
2460822.1506944443,-4378.179278743038,2167.9345400134275,2445.290373753739
2460822.1513888887,-4652.046552114754,1936.8888112295292,2112.3382341652828
2460822.152083333,-4888.661760898227,1690.3166148016544,1762.4086006392643
2460822.152777778,-5086.1245727627,1430.1933370172542,1398.3121537045586
2460822.1534722224,-5242.850679186023,1158.6043716467877,1022.9750179949954
2460822.154166667,-5357.585240935448,877.7280441691881,639.4146993930975
2460822.154861111,-5429.413483712494,589.8176563272588,250.71513137837562
2460822.1555555556,-5457.768305707365,297.18283096987824,-139.99891604679925
2460822.15625,-5442.434802099586,2.1703470133462868,-529.5878028584284
2460822.1569444444,-5383.551655285269,-292.85533027477436,-914.9230830808362
2460822.157638889,-5281.609387994794,-585.531619562116,-1292.913394812702
2460822.158333333,-5137.445524339424,-873.5172837846513,-1660.5299007519716
2460822.1590277776,-4952.236745930255,-1154.5115871951998,-2014.8310304779843
2460822.159722222,-4727.488176796035,-1426.2729508919238,-2352.9862735912093
2460822.160416667,-4465.019959732558,-1686.636940488197,-2672.298817618267
2460822.1611111113,-4166.951322672682,-1933.5334237472214,-2970.226833440759
2460822.1618055557,-3835.68234991304,-2165.002766030607,-3244.4032522468033
2460822.1625,-3473.873689961311,-2379.210948248226,-3492.6539020453283
2460822.1631944445,-3084.424438647891,-2574.4635146537375,-3713.01390266325
2460822.163888889,-2670.448429890119,-2749.2182814361286,-3903.742249167508
2460822.1645833333,-2235.2491669249,-2902.0967510216165,-4063.3345326528492
2460822.1652777777,-1782.293612516787,-3031.894195906871,-4190.533771472632
2460822.165972222,-1315.1850354219057,-3137.5883899908076,-4284.339343098545
2460822.167361111,-353.4354161559413,-3273.5334205216286,-4369.089068804977
2460822.168055556,133.57144845876806,-3302.7116741450327,-4359.367564449956
2460822.16875,619.5210816400548,-3305.649321925777,-4314.925683767472
2460822.1694444446,1100.5565948422768,-3282.3194244952588,-4236.112223518146
2460822.170138889,1572.8579434537673,-3232.900912321606,-4123.546195324137
2460822.1708333334,2032.67110893232,-3157.777560569167,-3978.112540983036
2460822.171527778,2476.336988447046,-3057.535520829787,-3800.9559518271158
2460822.172222222,2900.319822145901,-2932.95939225502,-3593.47278541671
2460822.1729166666,3301.2349793795684,-2785.026816575264,-3357.301076485011
2460822.173611111,3675.875907381142,-2614.901586158711,-3094.3086473351937
2460822.1743055554,4021.2400240227225,-2423.925265076573,-2806.5793398371425
2460822.175,4334.553330212408,-2213.6073320144046,-2496.3974040237044
2460822.175694444,4613.293493477405,-1985.6138755770264,-2166.230109930018
2460822.176388889,4855.211159481896,-1741.754886785433,-1818.7086680742077
2460822.1770833335,5058.349241994978,-1483.970217531433,-1456.6075766164402
2460822.177777778,5221.059949239387,-1214.3142983567134,-1082.8225451866929
2460822.1784722223,5342.019322753588,-934.9397297679641,-700.347171094922
2460822.1791666667,5420.239085273492,-648.0798865467336,-312.24857486064906
2460822.179861111,5455.075625521415,-356.0306956271784,78.35777344398606
2460822.1805555555,5446.235985031223,-61.13176411004164,468.3337883603103
2460822.18125,5393.780753100091,234.25294758611716,854.544794938282
2460822.1819444443,5298.123823130808,527.7547055003485,1233.885573265449
2460822.1826388887,5160.029009247221,817.0196300848131,1603.3061493337864
2460822.183333333,4980.603571219671,1099.7281611846565,1959.8370562973896
2460822.184027778,4761.288738468892,1373.6141638845234,2300.613814066353
2460822.1847222224,4503.847367268905,1636.483481984157,2622.900383172904
2460822.185416667,4210.348897449878,1886.231766759354,2924.1113795118226
2460822.186111111,3883.1518089764704,2120.8614200186007,3201.8328549054063
2460822.1868055556,3524.8837947698726,2338.4975172124946,3453.8414854932043
2460822.1875,3138.419882916065,2537.4025932985965,3678.1220342646675
2460822.1881944444,2726.858748256551,2715.990195646898,3872.8829836753803
2460822.188888889,2293.4974511955215,2872.837129207541,4036.5702622586364
2460822.189583333,1841.8048362173377,3006.694336124933,4167.879011574113
2460822.1902777776,1375.393816447941,3116.496366017343,4265.763358316657
2460822.190972222,897.9927486390476,3201.3694079509,4329.444174175562
2460822.191666667,413.4161034151253,3260.63785944338,4358.414812072825
2460822.1923611113,-74.46538597864668,3293.8294169034784,4352.444817308486
2460822.1930555557,-561.7549223977342,3300.6786734582465,4311.581613189987
2460822.19375,-1044.5600178418665,3281.129210247755,4236.150160615382
2460822.1944444445,-1519.0228683100868,3235.334168108336,4126.750591888835
2460822.195138889,-1981.3505642771393,3163.655285816954,3984.2538171767414
2460822.1958333333,-2427.8449537630445,3066.6603907882295,3809.795103229424
2460822.1965277777,-2854.931962680884,2945.119331900762,3604.765630261975
2460822.197222222,-3259.190175465269,2799.998346474166,3370.802036344767
2460822.1979166665,-3637.3784517674108,2632.4528628967014,3109.7739743256684
2460822.198611111,-3986.462345958398,2443.818752051832,2823.769723124548
2460822.199305556,-4303.639091301403,2235.6020520111315,2515.0799112494565
2460822.2,-4586.360892486498,2009.467213086644,2186.179442719144
2460822.2006944446,-4832.356278729685,1767.2239272159886,1839.707737469225
2460822.201388889,-5039.649272268775,1510.8126282352453,1478.4474282393828
2460822.2020833334,-5206.576137658469,1242.28877603479,1105.3016899505044
2460822.202777778,-5331.799503785821,963.8060552841724,723.270398225485
2460822.203472222,-5414.319673545023,677.5986474812818,335.42534828982804
2460822.2041666666,-5453.482976700549,385.96274562467937,-55.11522501240444
2460822.204861111,-5448.987057271357,91.23750665603693,-445.2125551128841
2460822.2055555554,-5400.883035761418,-204.21436423578385,-831.7334152485453
2460822.20625,-5309.57453098015,-498.02618467745845,-1211.576069331568
2460822.206944444,-5175.813574962364,-787.846819840586,-1581.6958375824083
2460822.207638889,-5000.693499634089,-1071.3599553675415,-1939.1300118972797
2460822.209027778,-4532.39294784481,-1610.484924544731,-2604.643622246713
2460822.2097222223,-4243.001897094632,-1861.8044200758516,-2907.4179285417054
2460822.2104166667,-3919.797572870974,-2098.2656601615945,-3186.9380959986224
2460822.211111111,-3565.377492998497,-2317.994121116867,-3440.9865427587442
2460822.2118055555,-3182.5832061629612,-2519.2508180416307,-3667.5515877167545
2460822.2125,-2774.476964668986,-2700.445396040785,-3864.8424336997164
2460822.2131944443,-2344.316984942069,-2860.1479424893487,-4031.302295389592
2460822.2138888887,-1895.5315099382542,-2997.0994828821276,-4165.619644154342
2460822.214583333,-1431.6918852080717,-3110.221130330377,-4266.737552127877
2460822.215277778,-956.4848337706712,-3198.6218733905316,-4333.861134861285
2460822.2159722224,-473.6841080163523,-3261.60499006604,-4366.463095574007
2460822.216666667,12.878321076945253,-3298.6730810965482,-4364.287379232164
2460822.217361111,499.34139486145784,-3309.531716181907,-4327.350943461914
2460822.2180555556,981.8442700585466,-3294.091683311571,-4255.943649094218
2460822.21875,1456.5556576349327,-3252.469830272734,-4150.626270203944
2460822.2194444444,1919.703055845181,-3184.9884834213635,-4012.226618551764
2460822.220138889,2367.6017299018954,-3092.1734257213434,-3841.8337737159213
2460822.220833333,2796.683271693837,-2974.750416141149,-3640.7904122926548
2460822.2215277776,3203.523567935444,-2833.640232683301,-3410.683230450127
2460822.222222222,3584.8699802319493,-2669.9522265448236,-3153.331463962677
2460822.222916667,3937.6675253448175,-2484.976383209585,-2870.7735228645893
2460822.2236111113,4259.083830210768,-2280.173897049704,-2565.25177409051
2460822.2243055557,4546.532620599889,-2057.166282514021,-2239.1955294520717
2460822.225,4797.695496203862,-1817.72306327902,-1895.2023216247794
2460822.2256944445,5010.541743630055,-1563.7481015742198,-1536.0175788209858
2460822.226388889,5183.345942986505,-1297.2646541673191,-1164.512840682943
2460822.2270833333,5314.703139029822,-1020.3992633649299,-783.6626852272176
2460822.2277777777,5403.541366824619,-735.3646172385087,-396.5205687307027
2460822.228472222,5449.131352421295,-444.44153371240145,-6.193803999312423
2460822.2291666665,5451.093244127451,-149.9602417093584,384.1820769632778
2460822.229861111,5409.400270437961,145.71884966503856,771.469310873328
2460822.230555556,5324.379266253305,440.2246948925279,1152.5539709914133
2460822.23125,5196.708056078695,731.1952601381133,1524.3718364768156
2460822.2319444446,5027.409729658627,1016.2970708448828,1883.9337947725878
2460822.232638889,4817.84389219151,1293.2444535593456,2228.350512709494
2460822.2333333334,4569.6950119924095,1559.8182806625896,2554.856134550502
2460822.234027778,4284.958026878644,1813.8840369600855,2860.830782658971
2460822.234722222,3965.9213998558394,2053.4090466302428,3143.821665332842
2460822.2354166666,3615.1478373876025,2276.478718156507,3401.5626240592464
2460822.236111111,3235.452902562415,2481.3116835082924,3631.9919793250733
2460822.2368055554,2829.881757819507,2666.2737331848693,3833.2685682223464
2460822.2375,2401.68427920781,2829.8904644114996,4003.7858890739135
2460822.238194444,1954.2887733240325,2970.858581696692,4142.184296668681
2460822.238888889,1491.2745254786753,3088.0558013617183,4247.361208344927
2460822.2395833335,1016.3433915866506,3180.549326629326,4318.479299693182
2460822.240277778,533.2906320712409,3247.602868760916,4354.972679203022
2460822.2409722223,45.975179698378184,3288.682194598545,4356.551037072548
2460822.2416666667,-441.7104835584212,3303.45918588992,4323.201768198822
2460822.242361111,-925.870666349369,3291.8143959166014,4255.1900693034695
2460822.2430555555,-1402.6368579852042,3253.838089430691,4153.057009710229
2460822.24375,-1868.1979928214605,3189.8297513571188,4017.615575342806
2460822.2444444443,-2318.830418125173,3100.296049206024,3849.9446841279673
2460822.2451388887,-2750.927367587834,2985.947237088069,3651.3811777816104
2460822.245833333,-3161.027746460207,2847.691991762313,3423.5097980460714
2460822.246527778,-3545.844009741156,2686.630678606718,3168.1511682749083
2460822.2472222224,-3902.2889006005353,2504.0470573013763,2887.347819017154
2460822.247916667,-4227.5008138894655,2301.3984470181504,2583.3483102470495
2460822.248611111,-4518.867528270389,2080.304393383954,2258.5895354791987
2460822.2493055556,-4774.048060681846,1842.5338940478507,1915.6773116161942
2460822.2506944444,-5167.958830194522,1324.7007573568128,1186.5330807013597
2460822.251388889,-5303.528789995173,1048.7900360323476,806.1616065133117
2460822.252083333,-5396.6188067110925,764.4726961572806,419.3095368351997
2460822.2527777776,-5446.48961950934,474.02996280390954,29.08741831111148
2460822.253472222,-5452.752214184262,179.79177165909437,-361.36806544243666
2460822.254166667,-5415.370749984557,-115.88257190771007,-748.9201533639334
2460822.2548611113,-5334.6623461186855,-410.6239532355854,-1130.4580117898197
2460822.2555555557,-5211.293750018633,-702.0730166702717,-1502.9224060427007
2460822.25625,-5046.274955040774,-987.8995420842319,-1863.3307808235156
2460822.2569444445,-4840.94987983299,-1265.821429857466,-2208.8014960387504
2460822.257638889,-4596.984258484544,-1533.6231140594123,-2536.576994311253
2460822.2583333333,-4316.350925055575,-1789.1732354290507,-2844.045695681881
2460822.2590277777,-4001.312697480107,-2030.4414302713658,-3128.7624496575454
2460822.259722222,-3654.403088937167,-2255.5141063607557,-3388.467397114834
2460822.2604166665,-3278.405078426847,-2462.609105169552,-3621.1031324745013
2460822.261111111,-2876.3281777759653,-2650.089167032488,-3824.8300803469465
2460822.261805556,-2451.3840300583856,-2816.4741355722635,-3998.040027132492
2460822.2625,-2006.9607590808907,-2960.451858065111,-4139.367773787366
2460822.2631944446,-1546.5962797785362,-3080.887750019769,-4247.700890719805
2460822.263888889,-1073.9507681566715,-3176.8330027896827,-4322.187568926754
2460822.2645833334,-592.7784577920821,-3247.531424471036,-4362.2425733830805
2460822.265277778,-106.89893943174603,-3292.4249019707236,-4367.551302766514
2460822.265972222,379.8318991151666,-3311.1574796397626,-4338.071965131745
2460822.2666666666,863.5511398836016,-3303.57804373759,-4274.035872626479
2460822.267361111,1340.4181762517846,-3269.741602163288,-4175.945856022553
2460822.2680555554,1806.6439855421168,-3209.9091441050346,-4044.572794512854
2460822.26875,2258.5201860905154,-3124.546061869098,-3880.9502532265606
2460822.269444444,2692.44771748135,-3014.3191162841763,-3686.367221345749
2460822.270138889,3104.964978005132,-2880.091925743259,-3462.3589425517202
2460822.2708333335,3492.775219708554,-2722.9189658365062,-3210.6958426711208
2460822.271527778,3852.773000088836,-2544.0380708600173,-2933.37056567331
2460822.2722222223,4182.069464313036,-2344.8614406940324,-2632.5831486210777
2460822.2729166667,4478.016219691553,-2126.965171487746,-2310.724387818348
2460822.273611111,4738.227557127633,-1892.07734555485,-1970.3574720925662
2460822.2743055555,4960.6007693519805,-1642.0647374091648,-1614.1979885064432
2460822.275,5143.334319883708,-1378.9182160441164,-1245.0924361982468
2460822.2756944443,5284.943629893292,-1104.7369451909738,-865.9954111886693
2460822.2763888887,5384.274266149879,-821.7115112336447,-479.9456600556576
2460822.277083333,5440.512344438836,-532.1061257267882,-90.04121948560342
2460822.277777778,5453.191993655917,-238.24007425132683,300.58611221246844
2460822.2784722224,5422.199767803652,57.53140350236864,688.796713107359
2460822.279166667,5347.775935830302,352.83660526927736,1071.4692153573717
2460822.279861111,5230.5126273309115,645.3070191967074,1445.526441071753
2460822.2805555556,5071.348858194372,932.5969367605319,1807.960931270374
2460822.28125,4871.562508455703,1212.402815118082,2155.8597962677813
2460822.2819444444,4632.759365162422,1482.4821970225457,2486.4286447310756
2460822.282638889,4356.859382817618,1740.6720027397193,2797.014361276174
2460822.283333333,4046.080347313532,1984.9060257891745,3085.12652902781
2460822.2840277776,3702.91914985228,2213.231487297929,3348.457326244855
2460822.284722222,3330.130898793168,2423.8245194471697,3584.8997494146565
2460822.285416667,2930.7061076677455,2615.004471017695,3792.5640464636626
2460822.2861111113,2507.84619213768,2785.246952382265,3969.792275752236
2460822.2868055557,2064.9375208884267,2933.195547659334,4115.170922119979
2460822.2875,1605.5242380420575,3057.672148003282,4227.541533406825
2460822.2881944445,1133.2800810183285,3157.6858648558455,4306.009348469462
2460822.288888889,651.9793897841907,3232.4404980046384,4349.949906061058
2460822.2895833333,165.46750677502698,3281.3405356178237,4359.013627571887
2460822.2902777777,-322.3692609028966,3303.9956715650046,4333.128374246729
2460822.290972222,-807.6339386519751,3300.2238237545516,4272.499978034788
2460822.292361111,-1754.9880486204254,3213.7194695813437,4049.21593832679
2460822.293055556,-2209.5031312361552,3131.6698041563354,3888.3382161629775
2460822.29375,-2646.357094252644,3024.554142138682,3696.260066729398
2460822.2944444446,-3062.0511886940653,2893.2232967165464,3474.5142072408917
2460822.295138889,-3453.253465273907,2738.722124805036,3224.87199079473
2460822.2958333334,-3816.825816898876,2562.2816874341534,2949.329844514094
2460822.296527778,-4149.84970282765,2365.309858151865,2650.0937915573013
2460822.297222222,-4449.650303381795,2149.3804151255367,2329.5621343280445
2460822.2979166666,-4713.818856094577,1916.2206694577796,1990.3063987161422
2460822.298611111,-4940.232922232009,1667.6977057623849,1635.050670920512
2460822.2993055554,-5127.07434457025,1405.8033330116093,1266.649486250257
2460822.3,-5272.844673476252,1132.637868319655,888.0644600884759
2460822.300694444,-5376.377865188859,850.3928971880548,502.339875543728
2460822.301388889,-5436.850087096881,561.3331760242337,112.57746799928908
2460822.3020833335,-5453.786504479285,267.7778577396984,-278.08933826827575
2460822.302777778,-5427.06496520117,-27.918762037422546,-666.5214692062009
2460822.3034722223,-5356.916546348854,-323.38677570583,-1049.6002428375036
2460822.3041666667,-5243.922973368097,-616.2602629754484,-1424.2531383598548
2460822.304861111,-5089.010970124124,-904.1967519990745,-1787.479024752255
2460822.3055555555,-4893.443640206705,-1184.8963472723208,-2136.372601167192
2460822.30625,-4658.809022705681,-1456.1203329285552,-2468.1478110398884
2460822.3069444443,-4387.005995980209,-1715.7090844471027,-2780.160027360099
2460822.3076388887,-4080.2277324528836,-1961.5991346049202,-3069.9268267823645
2460822.308333333,-3740.9429249479967,-2191.8392635518944,-3335.1472040314256
2460822.309027778,-3371.8750175397013,-2404.6055031717983,-3573.719106461288
2460822.3097222224,-2975.979678345811,-2598.214967519076,-3783.755198023808
2460822.310416667,-2556.42074550561,-2771.13844302605,-3963.5967905633797
2460822.311111111,-2116.544874289289,-2922.0116870526103,-4111.825900142093
2460822.3118055556,-1659.855095696947,-3049.645401304303,-4227.275408292942
2460822.3125,-1189.9834852227648,-3153.033856530221,-4309.037320256265
2460822.3131944444,-710.6631205238883,-3231.362154423158,-4356.469122829198
2460822.313888889,-225.6994958859687,-3284.0121160449007,-4369.198247855016
2460822.314583333,261.0584543355673,-3310.5667888673333,-4347.124649205619
2460822.3152777776,745.7475801971578,-3310.8135634099076,-4290.421498439909
2460822.315972222,1224.5198488468861,-3284.7458877897493,-4199.534000173247
2460822.316666667,1693.5716447826867,-3232.5635654930493,-4075.176324065693
2460822.3173611113,2149.172895335454,-3154.6716181970637,-3918.32664573724
2460822.3180555557,2587.6958601307365,-3051.6776943168193,-3730.220289513687
2460822.31875,3005.643420900278,-2924.388002943279,-3512.3409649207865
2460822.3194444445,3399.676679606468,-2773.8017573733387,-3266.410098404214
2460822.320138889,3766.6416661437984,-2601.104116615215,-2994.374268454517
2460822.3208333333,4103.594930136561,-2407.657625858957,-2698.39077260982
2460822.3215277777,4407.827784138035,-2194.9921690177757,-2380.8113721967643
2460822.322222222,4676.888954148168,-1964.7934630122593,-2044.1642843947075
2460822.3229166665,4908.605385074042,-1718.8901460984584,-1691.1345224836014
2460822.323611111,5101.100954445833,-1459.2395338176898,-1324.5427128273748
2460822.324305556,5252.81285821716,-1187.9121377676834,-947.3225445483205
2460822.325,5362.505445741834,-907.0750715063328,-562.4970446916809
2460822.3256944446,5429.281311782427,-618.9744847120576,-173.1538900541413
2460822.326388889,5452.58948202047,-325.91719226717623,217.58000300609072
2460822.3270833334,5432.23056918657,-30.2516795220522,606.5643552414999
2460822.327777778,5368.358819676591,265.65131891043626,990.6715960756056
2460822.328472222,5261.481017285205,559.4184640775803,1366.8128569298071
2460822.3291666666,5112.452257371529,848.6934730618758,1731.9636113661647
2460822.329861111,4922.468652906893,1131.1565870001714,2083.1886932314883
2460822.3305555554,4693.057075914877,1404.5436504848994,2417.6664440098407
2460822.33125,4426.062078304224,1666.6646135787832,2732.711755040279
2460822.331944444,4123.6301697107265,1915.421284612018,3025.797796469415
2460822.332638889,3788.1916569330415,2148.8241802778557,3294.5762521940933
2460822.334027778,3029.3107761335973,2562.2480056501827,3750.819495588228
2460822.3347222223,2611.954931532415,2738.970027127434,3934.63861429183
2460822.3354166667,2173.7158149866377,2893.7660069219814,4086.886808833189
2460822.336111111,1718.100968005141,3025.4030410150085,4206.350608013088
2460822.3368055555,1248.7544420115255,3132.833067942664,4292.078586029368
2460822.3375,769.4279970540967,3215.200778126653,4343.388401311345
2460822.3381944443,283.95164012506746,3271.850062959552,4359.87181040679
2460822.3388888887,-203.7963137744506,3302.328985449205,4341.397655348288
2460822.339583333,-689.9194863366605,3306.3932567525685,4288.11282474897
2460822.340277778,-1170.5338137535475,3284.0082026863843,4200.441188486213
2460822.3409722224,-1641.7978899114753,3235.349204515794,4079.0805052723354
2460822.341666667,-2099.9431010741355,3160.800597308574,3924.9973016093472
2460822.342361111,-2541.3033647693132,3060.9530106346365,3739.41972411961
2460822.3430555556,-2962.3442801690258,2936.5991388217603,3523.8283711762992
2460822.34375,-3359.691479747779,2788.7279333297297,3279.945119182883
2460822.3444444444,-3730.1579573755275,2618.5172188335196,3009.7199729387385
2460822.345138889,-4070.770135906139,2427.324746703304,2715.3159874875896
2460822.345833333,-4378.792425906526,2216.677716245395,2399.092332795843
2460822.3465277776,-4651.750027369828,1988.2608096767246,2063.5855937210877
2460822.347222222,-4887.449717875715,1743.9028135398864,1711.4894344673644
2460822.347916667,-5083.998389205992,1485.5619158248805,1345.6327766040708
2460822.3486111113,-5239.81910137915,1215.309798063418,968.9566785928473
2460822.3493055557,-5353.664454239453,935.3146569313758,584.4901210722983
2460822.35,-5424.62710000027,647.8233204042989,195.32493943705816
2460822.3506944445,-5452.147264182414,355.1426329992826,-195.40984784383073
2460822.351388889,-5436.017180442389,59.62030394564492,-584.5740460722274
2460822.3520833333,-5376.3823916783,-236.3745792560465,-969.0423517544273
2460822.3527777777,-5273.7399182445415,-530.4711617127092,-1345.7302018106946
2460822.353472222,-5128.933339025761,-820.3163564787791,-1711.619144648163
2460822.3541666665,-4943.144878614712,-1103.5940953616512,-2063.7814668891465
2460822.354861111,-4717.884631989204,-1378.0441109545352,-2399.40384669317
2460822.355555556,-4454.977095296549,-1641.4800716197972,-2715.809816784162
2460822.35625,-4156.545197725466,-1891.806914071343,-3010.4808536514856
2460822.3569444446,-3824.9920545585715,-2127.037234099054,-3281.075933388572
2460822.357638889,-3462.980667023525,-2345.3066247094443,-3525.449433387768
2460822.3583333334,-3073.4118106713927,-2544.8878633754784,-3741.6672777376857
2460822.359027778,-2659.400341754984,-2724.203879506218,-3928.0212619497966
2460822.359722222,-2224.250150726485,-2881.839445865775,-4083.0415097558075
2460822.3604166666,-1771.4279793203684,-3016.55155515136,-4205.5070367840535
2460822.361111111,-1304.5362999281529,-3127.278456588217,-4294.454412249445
2460822.3618055554,-827.2854413478265,-3213.1473353337906,-4349.1845188352745
2460822.3625,-343.46513101378946,-3273.4806228413618,-4369.267416516715
2460822.363194444,143.08439271282134,-3307.800929440787,-4354.545318186075
2460822.363888889,628.5015501615708,-3315.834589405995,-4305.133682840092
2460822.3645833335,1108.9327362948966,-3297.5138073492976,-4221.4204284492225
2460822.365277778,1580.5616390672187,-3252.977390854843,-4104.063262209977
2460822.3659722223,2039.6384201567753,-3182.5700516182687,-3953.9851216866577
2460822.3666666667,2482.508604034781,-3086.8402544783753,-3772.367718147559
2460822.367361111,2905.641506009487,-2966.536594266742,-3560.64317603644
2460822.3680555555,3305.6580207537186,-2822.602681457208,-3320.483765235365
2460822.36875,3679.3575688344154,-2656.1705237922224,-3053.789734285453
2460822.3694444443,4023.7439831012566,-2468.552400669754,-2762.6752678240173
2460822.3701388887,4336.050104323914,-2261.231238931436,-2449.4526092309425
2460822.370833333,4613.760842002364,-2035.8495155841056,-2116.6144139579
2460822.371527778,4854.6344498120625,-1794.1967333213909,-1766.8144270986277
2460822.3722222224,5056.7217668709745,-1538.1955366513914,-1402.8466077949445
2460822.372916667,5218.3831853117545,-1269.8865581612943,-1027.622850738299
2460822.373611111,5338.303117161466,-991.412111816344,-644.1494895689498
2460822.3743055556,5415.501760328574,-704.9988709881509,-255.50279095803043
2460822.3756944444,5439.545265787788,-117.57475382103463,524.8080967303147
2460822.376388889,5386.174393752047,178.72776864065386,910.1999592802076
2460822.377083333,5289.653216886728,473.5913341474235,1288.272596533529
2460822.3777777776,5150.753118684721,764.6507230929114,1655.985672857355
2460822.378472222,4970.58846060755,1049.571596847636,2010.3830084369315
2460822.379166667,4750.607025225696,1326.0697203725874,2348.616931459963
2460822.3798611113,4492.5776011743665,1591.929661234437,2667.971575284138
2460822.3805555557,4198.574883901841,1845.0227834560494,2965.8849003189125
2460822.38125,3870.9618854179234,2083.3243841760686,3239.9692617222786
2460822.3819444445,3512.370076106171,2304.9298297265595,3488.0303591980924
2460822.382638889,3125.677489506007,2508.0695757249596,3708.0844433739553
2460822.3833333333,2713.9850261609113,2691.1229752258077,3898.37367997049
2460822.3840277777,2280.5911960810195,2852.630796173426,4057.3795966139996
2460822.384722222,1828.9655297083386,2991.3063893863223,4183.834562884975
2460822.3854166665,1362.7208765260912,3106.045462520168,4276.731272122582
2460822.386111111,885.5848030924599,3195.934425538557,4335.33020631054
2460822.386805556,401.3702836598519,3260.2572837298317,4359.165077156341
2460822.3875,-86.05413335003557,3298.501058293242,4348.046240571137
2460822.3881944446,-572.7945030902056,3310.3597168414162,4302.062084328266
2460822.388888889,-1054.9618421524005,3295.736598297353,4221.578389294426
2460822.3895833334,-1528.7024924289492,3254.7453149018775,4107.235663321431
2460822.390277778,-1990.2283199314174,3187.709114507346,3959.944446881657
2460822.390972222,-2435.8465655302716,3095.158686677583,3780.8785913877173
2460822.3916666666,-2861.9891603025976,2977.82839696502,3571.4665128216398
2460822.392361111,-3265.241286876967,2836.650942077922,3333.380438501387
2460822.3930555554,-3642.3689792536125,2672.7504216502857,3068.523667720095
2460822.39375,-3990.345516732063,2487.433838330302,2779.015893303884
2460822.394444444,-4306.376370249215,2282.1810503246293,2467.176647733915
2460822.395138889,-4587.922449323833,2058.6332190859575,2135.5069637899383
2460822.3958333335,-4832.7213968084725,1818.5798160680986,1786.6693682649427
2460822.396527778,-5038.806685533499,1563.944275267689,1423.46635682756
2460822.3972222223,-5204.524285273467,1296.7684019913097,1048.8175276974714
2460822.3979166667,-5328.5466919502305,1019.195668325956,665.73557524159
2460822.398611111,-5409.8841351758965,733.4535547667084,277.3013795747279
2460822.3993055555,-5447.892822500306,441.8351085551228,-113.36156271436388
2460822.4,-5442.280115717288,146.67990868412562,-503.11310097156894
2460822.4006944443,-5393.106580809127,-149.64535928012185,-888.8225089415628
2460822.4013888887,-5300.784901366891,-444.7665139263762,-1267.3944065184915
2460822.402083333,-5166.075691092585,-736.3214670065411,-1635.7942543628003
2460822.402777778,-4990.080287154907,-1021.9795865708421,-1991.0731608270853
2460822.4034722224,-4774.23064876273,-1299.4606403446232,-2330.3917594447616
2460822.404166667,-4520.27652037552,-1566.5531414803052,-2651.04294063495
2460822.404861111,-4230.2700493948805,-1821.1319341489118,-2950.473245231338
2460822.4055555556,-3906.548072444324,-2061.1748756594825,-3226.3027558674216
2460822.40625,-3551.7122961071277,-2284.778496287991,-3476.3433561634392
2460822.4069444444,-3168.607610513675,-2490.172535240146,-3698.615252273309
2460822.407638889,-2760.29876496483,-2675.7332784684827,-3891.3616865947447
2460822.408333333,-2330.0456416007614,-2839.995634758822,-4053.061788915168
2460822.4090277776,-1881.2773379249686,-2981.6639114009668,-4182.441540444136
2460822.409722222,-1417.5652686702356,-3099.621256943611,-4278.482834779583
2460822.410416667,-942.5954684797268,-3192.9377541379645,-4340.430637129724
2460822.4111111113,-460.140269537362,-3260.8771485625903,-4367.79824554717
2460822.4118055557,25.970484003409545,-3302.902202528604,-4360.370661856252
2460822.4125,511.87854668493617,-3318.678665898101,-4318.206079482291
2460822.4131944445,993.7265578384689,-3308.0778506473316,-4241.635490348827
2460822.413888889,1467.6873701342788,-3271.1777954091817,-4131.260409806222
2460822.4145833333,1929.9932752836676,-3208.2630017572487,-3987.9487140087826
2460822.4152777777,2376.9649788940087,-3119.822721450909,-3812.8285810016987
2460822.415972222,2805.040157250894,-3006.5477734954848,-3607.2805287773785
2460822.417361111,3591.0034848543137,-2709.235440122251,-3111.6233196444873
2460822.418055556,3942.5993359710255,-2527.537932351471,-2825.438583710448
2460822.41875,4262.765162846913,-2325.6686208670926,-2516.645616644061
2460822.4194444446,4548.9238091550305,-2105.2259173819193,-2187.7009595300215
2460822.420138889,4798.766502773682,-1867.959238260244,-1841.226432188302
2460822.4208333334,5010.2726064639955,-1615.755487671184,-1479.988570130171
2460822.421527778,5181.7271514969025,-1350.624237946081,-1106.8766217809807
2460822.422222222,5311.735919035629,-1074.6817219705547,-724.8792904316722
2460822.4229166666,5399.237867100818,-790.1337642292024,-337.06041649485996
2460822.423611111,5443.514721188153,-499.2578099862655,53.46616382659484
2460822.4243055554,5444.197588362681,-204.3842250957114,443.562335870858
2460822.425,5401.270494075849,92.12294421936606,830.0917353602694
2460822.425694444,5315.070786022938,387.88555002508906,1209.945814072705
2460822.426388889,5186.2863980083885,680.5310505956147,1580.069663992623
2460822.4270833335,5015.950011896475,967.712144574053,1937.487335464025
2460822.427777778,4805.430203527131,1247.1261227074274,2279.3263834652557
2460822.4284722223,4556.419697317269,1516.5337473143952,2602.841405780958
2460822.4291666667,4270.920893869346,1773.7774759819026,2905.436350204094
2460822.429861111,3951.2288600307734,2016.7988697307023,3184.6854024189374
2460822.4305555555,3599.912000032502,2243.6550379639107,3438.352286004531
2460822.43125,3219.7906324563305,2452.53400155306,3664.407845358551
2460822.4319444443,2813.913713724292,2641.768868621043,3861.0458022134785
2460822.4326388887,2385.533943190872,2809.850742702175,4026.6966093448655
2460822.433333333,1938.081483485103,2955.4402982842657,4160.039345637268
2460822.434027778,1475.1365175465046,3077.3779756105,4260.011617880628
2460822.4347222224,1000.4008548412215,3174.6927576705916,4325.817448501452
2460822.435416667,517.6687832356565,3246.609502501746,4356.933140071503
2460822.436111111,30.797356252742144,3292.5548087065526,4353.1111129770525
2460822.4368055556,-456.323712630369,3312.1613968894912,4314.381716526013
2460822.4375,-939.8023744585342,3305.2709889186017,4241.053012874145
2460822.4381944444,-1415.7746164636608,3271.9356681240424,4133.708534158784
2460822.438888889,-1880.4347166662033,3212.417702561064,3993.2030107232436
2460822.439583333,-2330.0651933983017,3127.187813596962,3820.656071493474
2460822.4402777776,-2761.0662661401257,3016.9218736044727,3617.4439189904624
2460822.440972222,-3169.9846187874737,2882.4960215617607,3385.1889916071927
2460822.441666667,-3553.541251603782,2724.9801911551403,3125.747634412393
2460822.4423611113,-3908.6581860753445,2545.6300582166714,2841.19581929426
2460822.4430555557,-4232.483780703942,2345.877427518013,2533.8129740204126
2460822.44375,-4522.416406895342,2127.319096386293,2206.064004541296
2460822.4444444445,-4776.1262315327685,1891.7042532211676,1860.5796228637034
2460822.445138889,-4991.574856860227,1640.92049279427,1500.13512401858
2460822.4458333333,-5167.032585314953,1376.9785492733572,1127.6277786945323
2460822.4465277777,-5301.093089568686,1101.9958782837166,746.0530464832466
2460822.447222222,-5392.6853030888715,818.1792345875016,358.4798300036096
2460822.4479166665,-5441.08237608515,527.8064167430144,-31.974981311146667
2460822.448611111,-5445.90758409928,233.2073649434991,-422.17241533000913
2460822.449305556,-5407.137120613939,-63.25519029438232,-808.9774977712959
2460822.45,-5325.0997516121615,-359.2053216546862,-1189.2852318500436
2460822.4506944446,-5200.473357703172,-652.273533756769,-1560.0462059531753
2460822.451388889,-5034.278435568789,-940.1162214149895,-1918.2915661128627
2460822.4520833334,-4827.868673292912,-1220.4347614926514,-2261.1571084129446
2460822.452777778,-4582.918750910424,-1490.9940558786498,-2585.906268952945
2460822.453472222,-4301.409551533011,-1749.640356467299,-2889.951810964193
2460822.4541666666,-3985.6109887406437,-1994.318227796465,-3170.8760439973144
2460822.454861111,-3638.0626793262336,-2223.086516953243,-3426.4494317015915
2460822.4555555554,-3261.552688109761,-2434.1332319674925,-3654.647486312729
2460822.45625,-2859.094587750571,-2625.7892390139486,-3853.6658625120817
2460822.456944444,-2433.9030577457165,-2796.5407191067484,-4021.933601338686
2460822.457638889,-1989.3682484590731,-2945.040334367366,-4158.124487982569
2460822.459027778,-1056.545881476437,-3170.78475658001,-4330.2494168534595
2460822.4597222223,-575.6719205250224,-3246.2491698561566,-4364.83036497007
2460822.4604166667,-90.22501724748268,-3295.9138463822937,-4364.637692268335
2460822.461111111,395.941639003353,-3319.384454050658,-4329.672791570383
2460822.4618055555,878.9687122043658,-3316.471796399483,-4260.210109389524
2460822.4625,1355.020045251753,-3287.1934057300455,-4156.795262273744
2460822.4631944443,1820.311923716067,-3231.7737114728225,-4020.2412662789543
2460822.4638888887,2271.1421227691426,-3150.642762964809,-3851.6228726318645
2460822.464583333,2703.9185828681548,-3044.433484039229,-3652.2690001991523
2460822.465277778,3115.1875319743185,-2913.9774390835655,-3423.7532622557837
2460822.4659722224,3501.6608705107674,-2760.299091175582,-3167.882586801005
2460822.466666667,3860.242597740426,-2584.6085451961926,-2886.683951426121
2460822.467361111,4188.054064123978,-2388.292773641759,-2582.389259795202
2460822.4680555556,4482.457799394215,-2172.9053455168155,-2257.4184219845524
2460822.46875,4741.0796774882265,-1940.1546884206787,-1914.360712644798
2460822.4694444444,4961.829160061277,-1691.8909437693671,-1555.9545233365225
2460822.470138889,5142.917378227567,-1430.0914900108812,-1185.0656427804577
2460822.470833333,5282.872814321591,-1156.8452407080274,-804.6642407672505
2460822.4715277776,5380.554373345969,-874.3358419756668,-417.80075078572247
2460822.472222222,5435.1616576935385,-584.8239186623312,-27.580875799131586
2460822.472916667,5446.2422935188115,-290.62854230940025,362.86003216290965
2460822.4736111113,5413.696199919236,5.891897271203989,750.3829623983999
2460822.4743055557,5337.776734276109,302.3592127974359,1131.871326319003
2460822.475,5219.0886947642275,596.3951326498371,1504.2568608070126
2460822.4756944445,5058.58320985857,885.6409902135315,1864.545071641014
2460822.476388889,4857.549588069076,1167.7771916835004,2209.839964489647
2460822.4770833333,4617.604245682241,1440.542261239325,2537.367812381987
2460822.4777777777,4340.676866206312,1701.7512813767312,2844.499738182045
2460822.478472222,4028.99397967633,1949.3135581381684,3128.772910938715
2460822.4791666665,3685.060168691783,2181.249365876344,3387.9101904086506
2460822.479861111,3311.6371300375627,2395.7056404907826,3619.8380760917034
2460822.480555556,2911.720825520941,2590.9705152501188,3822.7028513397768
2460822.48125,2488.51696220564,2765.486610363481,3994.884836951006
2460822.4819444446,2045.4150310799973,2917.86300986282,4135.010697225815
2460822.482638889,1585.9611333317628,3046.8858707492236,4241.963757039188
2460822.4833333334,1113.829805925049,3151.5276258556387,4314.892308306646
2460822.484027778,632.7950458529332,3230.9547506527865,4353.215894424866
2460822.484722222,146.70072417158372,3284.5340699537874,4356.629567831045
2460822.4854166666,-340.5694325319645,3311.837585463244,4325.106120542236
2460822.486111111,-825.1221227796271,3312.645806231312,4258.896287850149
2460822.4868055554,-1303.0848440488794,3286.9495636697,4158.526924364831
2460822.4875,-1770.636185785654,3234.9502926129594,4024.797151843172
2460822.488194444,-2224.035866892214,3157.0587600441568,3858.772478336748
2460822.488888889,-2659.654330642247,3053.8922236881203,3661.7768906435244
2460822.4895833335,-3074.0016927783217,2926.270007202594,3435.3829305292043
2460822.490277778,-3463.7558313884615,2775.2074840333535,3181.3997735368994
2460822.4909722223,-3825.7893860553377,2601.9084730868185,2901.8593471896666
2460822.4916666667,-4157.195426794515,2407.7560615433567,2599.000542967176
2460822.492361111,-4455.311541045883,2194.3018881038215,2275.251602367732
2460822.4930555555,-4717.74208659537,1963.2539385688456,1933.2107824700931
2460822.49375,-4942.378358854538,1716.4629293800633,1575.6254379676934
2460822.4944444443,-5127.416434622491,1455.9073762402363,1205.3696832888363
2460822.4951388887,-5271.372470947828,1183.6774692276244,825.4208281794432
2460822.495833333,-5373.095263071167,901.9579004238809,438.834808913325
2460822.496527778,-5431.775900939081,613.0098078376575,48.72085554291025
2460822.4972222224,-5446.954401035135,319.15201756656603,-341.7843459091108
2460822.497916667,-5418.523233895976,22.741783604212923,-729.5427207033373
2460822.498611111,-5346.727715620861,-273.84477463452646,-1111.4408324305384
2460822.4993055556,-5232.163277634535,-568.2323251104832,-1484.415590976918
2460822.5006944444,-4878.822247874184,-1141.0299328168105,-2191.7443505513334
2460822.501388889,-4642.920351342633,-1414.8673607725966,-2520.445661464719
2460822.502083333,-4369.973179081152,-1677.397300850453,-2828.9634481199496
2460822.5027777776,-4062.1831342763985,-1926.5324684356326,-3114.843361242732
2460822.503472222,-3722.027001011217,-2160.295411817876,-3375.8155183862355
2460822.504166667,-3352.2351354720354,-2376.8337195922154,-3609.811760106049
2460822.5048611113,-2955.7689153338288,-2574.4340725058887,-3814.981122260482
2460822.5055555557,-2535.796677362566,-2751.5350719383864,-3989.7034660249246
2460822.50625,-2095.668368491023,-2906.7387925662492,-4132.601227311833
2460822.5069444445,-1638.8891157828996,-3038.8210248069186,-4242.549268814788
2460822.507638889,-1169.0919135427073,-3146.740180302593,-4318.68282743099
2460822.5083333333,-690.0096019191923,-3229.6448448389483,-4360.40356145197
2460822.5090277777,-205.44630459008982,-3286.8799650705537,-4367.38370370251
2460822.509722222,280.7515294971525,-3317.9916592025,-4339.568328583412
2460822.5104166665,764.7243285379953,-3322.7306384340413,-4277.175737365394
2460822.511111111,1242.6287186037007,-3301.054225789848,-4180.695961933069
2460822.511805556,1710.6668090848973,-3253.1269533254617,-4050.887383414686
2460822.5125,2165.1153051631686,-3179.3197174328766,-3888.7714580268466
2460822.5131944446,2602.3542875659555,-3080.207468851353,-3695.6255413938666
2460822.513888889,3018.8954849431316,-2956.5654153554256,-3472.973806615904
2460822.5145833334,3411.4098534803566,-2809.3637171771097,-3222.5762558815904
2460822.515277778,3776.7542538460093,-2639.760663059837,-2946.415839647202
2460822.515972222,4111.997004894728,-2449.0943236281933,-2646.6837110072993
2460822.5166666666,4414.442073474821,-2238.8726950529895,-2325.762667750687
2460822.517361111,4681.651655675686,-2010.762361538503,-1986.2088561484088
2460822.5180555554,4911.466898113254,-1766.5757263133694,-1630.7318397564834
2460822.51875,5102.026509089016,-1508.256886131412,-1262.173169954303
2460822.519444444,5251.78302617209,-1237.8662423540507,-883.4836164503031
2460822.520138889,5359.516516977491,-957.5639743704822,-497.69925753601
2460822.5208333335,5424.345523746606,-669.5925171166934,-107.91664597494392
2460822.521527778,5445.735092012108,-376.258206485816,282.73270902324674
2460822.5222222223,5423.5017621799425,-79.91227944865177,671.1082786193243
2460822.5229166667,5357.815449185413,217.06857807905166,1054.0866033890625
2460822.523611111,5249.198180646464,512.3019277447162,1428.5872549574744
2460822.5243055555,5098.519710649251,803.419315347021,1791.5984018670356
2460822.525,4906.990074830099,1088.0858355690023,2140.2017080010323
2460822.5256944443,4676.149193006751,1364.0193303893177,2471.5963204665236
2460822.5263888887,4407.853667947838,1629.00902924467,2783.121713006908
2460822.527083333,4104.260956840466,1880.9334626377058,3072.2791860053862
2460822.527777778,3767.8111233608356,2117.777491640165,3336.7518427751365
2460822.5284722224,3401.2063910601314,2337.6483224069248,3574.4228989730327
2460822.529166667,3007.388733139216,2538.7903914271374,3783.3922062325096
2460822.529861111,2589.5157350998556,2719.599029704517,3961.9909013879974
2460822.5305555556,2150.9349655714377,2878.6328319639797,4108.794116635422
2460822.53125,1695.1570796870146,3014.624674986909,4222.631708679758
2460822.5319444444,1225.8278751736857,3126.4913402989414,4302.596979477219
2460822.532638889,746.6994983449072,3213.3417106882034,4348.053377008893
2460822.533333333,261.60099779454396,3274.483513223503,4358.639169022688
2460822.5340277776,-225.5916009395502,3309.4285895649728,4334.270089864002
2460822.534722222,-710.9855213996274,3317.896673333627,4275.1399597658665
2460822.535416667,-1190.7015970761872,3299.817656489717,4181.719276819045
2460822.5361111113,-1660.904595880859,3255.3323252369987,4054.751780486601
2460822.5368055557,-2117.833332199078,3184.791546014536,3895.2489860855926
2460822.5375,-2557.8303816668044,3088.753883003876,3704.482692015088
2460822.5381944445,-2977.371202561759,2967.9816309136763,3483.9754663048907
2460822.538888889,-3373.092445735324,2823.435254522468,3235.4891326970255
2460822.5395833333,-3741.819234870859,2656.2662321747503,2961.0112844433197
2460822.5402777777,-4080.591169618513,2467.808317078446,2662.7398807196228
2460822.540972222,-4386.686808222284,2259.5672425623798,2343.0659967479373
2460822.542361111,-4891.2924266179525,1790.5461956685654,1649.9250946996253
2460822.543055556,-5085.748282428299,1533.5242643483205,1282.026952002243
2460822.54375,-5239.453912265164,1264.2048461292702,903.8186835250546
2460822.5444444446,-5351.179160557865,984.7492752114551,518.3423039244155
2460822.545138889,-5420.034089031679,697.4006542143951,128.69836082860385
2460822.5458333334,-5445.47632103183,404.46525736807655,-261.9798213861944
2460822.546527778,-5427.3152972667995,108.29337156617584,-650.5521896119595
2460822.547222222,-5365.713398511089,-188.74021746134432,-1033.8980207517084
2460822.5479166666,-5261.183940580517,-484.25588778931,-1408.9417190144266
2460822.548611111,-5114.586091830612,-775.888786927191,-1772.67808638753
2460822.5493055554,-4927.116809364445,-1061.3081760943226,-2122.196809398594
2460822.55,-4700.299929754471,-1338.2363242534839,-2454.705931219213
2460822.550694444,-4435.972582298744,-1604.4667780694215,-2767.554102490503
2460822.551388889,-4136.269126770685,-1857.881844926695,-3058.2514235310855
2460822.5520833335,-3803.602828719247,-2096.4691580324516,-3324.488734225578
2460822.552777778,-3440.6455042389443,-2318.337204608865,-3564.1552265959435
2460822.5534722223,-3050.3053708869543,-2521.729722348226,-3775.354287885486
2460822.5541666667,-2635.7033329435635,-2705.038893166268,-3956.4175126643145
2460822.554861111,-2200.147929572969,-2866.817275991785,-4105.916839744311
2460822.5555555555,-1747.1091545443542,-3005.788440438137,-4222.674793818671
2460822.55625,-1280.1913493316233,-3120.856271676186,-4305.772822360756
2460822.5569444443,-803.1053452107991,-3211.112929421396,-4354.557731411868
2460822.5576388887,-319.64002549276165,-3275.84544537572,-4368.6462252893
2460822.558333333,166.36654120813753,-3314.5409482666514,-4347.927558611024
2460822.559027778,651.0562533365296,-3326.8905040845443,-4292.564305751953
2460822.5597222224,1130.5802743123704,-3312.7915566585198,-4202.991248891826
2460822.560416667,1601.1283346920482,-3272.3489509670367,-4079.9123821260164
2460822.561111111,2058.957900652033,-3205.8745177210167,-3924.2960233047024
2460822.5618055556,2500.423043986579,-3113.885196234599,-3737.3680271385706
2460822.5625,2922.002852554588,-2997.099671791954,-3520.603091539124
2460822.5631944444,3320.3291929636766,-2856.433506230923,-3275.7141567140366
2460822.563888889,3692.2136213520307,-2692.9927468795695,-3004.6399077299598
2460822.564583333,4034.6732247567534,-2508.066007102415,-2709.53040441369
2460822.5652777776,4344.955154114818,-2303.1150275626674,-2392.7308870746156
2460822.565972222,4620.559607967699,-2079.7637403810145,-2056.7638245262356
2460822.566666667,4859.261011191772,-1839.7858830550365,-1704.3093060389162
2460822.5673611113,5059.127142478618,-1585.091227290504,-1338.183901792716
2460822.5680555557,5218.53596849923,-1317.7105142451687,-961.3181506119472
2460822.56875,5336.18996070414,-1039.7792121449136,-576.7328632685654
2460822.5694444445,5411.127696435787,-753.5202344451193,-187.5144549094511
2460822.570138889,5442.732576928595,-461.2257784603808,203.21045598240988
2460822.5708333333,5430.73853250324,-165.2384648238947,592.3009235827336
2460822.5715277777,5375.232629213595,132.06802942392312,976.6277574736849
2460822.572222222,5276.654536927388,428.30863980562543,1353.09953560568
2460822.5729166665,5135.792865875216,721.1066787059059,1718.6882747023062
2460822.573611111,4953.778426496901,1008.1134848757713,2070.4544877718354
2460822.574305556,4732.074509678834,1287.027759592689,2405.571379729227
2460822.575,4472.464328468503,1555.6143936646897,2721.347942020344
2460822.5756944446,4177.035788109744,1811.7226160474315,3015.250745853843
2460822.576388889,3848.163792138507,2053.30329576185,3284.924240880994
2460822.5770833334,3488.490295475185,2278.4252676185265,3528.2094179095657
2460822.577777778,3100.9023423532067,2485.2905571655297,3743.160705000496
2460822.578472222,2688.508322713316,2672.248410269359,3928.0610056096675
2460822.5791666666,2254.612682635394,2837.80804840432,4081.434808898022
2460822.579861111,1802.6893186684895,2980.650088093291,4202.059324913654
2460822.5805555554,1336.3538702438423,3099.6365792596666,4288.973617005794
2460822.58125,859.3351217602268,3193.8196250022534,4341.485714041304
2460822.581944444,375.44570094593934,3262.44855749914,4359.177697549061
2460822.582638889,-111.44773903402275,3304.9756459914156,4341.908760731224
2460822.584027778,-1078.6910888760513,3310.571871838196,4203.31462005372
2460822.5847222223,-1551.3097382557353,3273.5906673576756,4083.0925076932012
2460822.5854166667,-2011.5304049623383,3210.407762997283,3930.1075799389805
2460822.586111111,-2455.6696806081545,3121.5229913040953,3745.5795016481948
2460822.5868055555,-2880.170252577623,3007.641447873193,3530.980820985773
2460822.5875,-3281.629424155258,2869.6683844073195,3288.0258583519058
2460822.5881944443,-3656.8266552698105,2708.7025014777096,3018.6576170682533
2460822.5888888887,-4002.7498874691255,2526.0276482209,2725.032761708016
2460822.589583333,-4316.620402639039,2323.102953330738,2409.5047351991943
2460822.590277778,-4595.915964759321,2101.551428363857,2074.605108336448
2460822.5909722224,-4838.391991411691,1863.1471060902531,1723.0232847431068
2460822.591666667,-5042.100507405616,1609.800801854403,1357.584716992659
2460822.592361111,-5205.406653113005,1343.5446054251545,981.2278123187491
2460822.5930555556,-5327.002537023867,1066.5152393291723,596.9797413015857
2460822.59375,-5405.918256899904,780.936436412391,207.93137948238441
2460822.5944444444,-5441.529946589042,489.1005149724955,-182.78835959418407
2460822.595138889,-5433.564751249422,193.3493383374699,-572.0385373809316
2460822.595833333,-5382.102676113241,-103.94513858225548,-956.6922728113722
2460822.5965277776,-5287.575302935557,-400.40052658590196,-1333.6626164697343
2460822.597222222,-5150.761414860099,-693.6436583942747,-1699.9279512820592
2460822.597916667,-4972.779615267531,-981.3300385702723,-2052.5566608546383
2460822.5986111113,-4755.078068847046,-1261.1628923890269,-2388.7308266140617
2460822.5993055557,-4499.421525306265,-1530.9116377109367,-2705.768744376286
2460822.6,-4207.875821527672,-1788.4296119167875,-3001.146066720084
2460822.6006944445,-3882.7900712635433,-2031.670917542139,-3272.5154211459653
2460822.601388889,-3526.776773626487,-2258.7062609198483,-3517.7243715156555
2460822.6020833333,-3142.6900725405117,-2467.7376864691764,-3734.831628022051
2460822.6027777777,-2733.6024012467933,-2657.11212697744,-3922.121434955021
2460822.603472222,-2302.779735248684,-2825.3337111379597,-4078.116091962998
2460822.6041666665,-1853.6556735933184,-2971.07478185009,-4201.586580626749
2460822.604861111,-1389.8045447145753,-3093.1855966173243,-4291.561288518295
2460822.605555556,-914.9137216207646,-3190.702687888016,-4347.332830114017
2460822.60625,-432.755318853073,-3262.855867097144,-4368.462970038436
2460822.6069444446,52.842577680403004,-3309.0738609589803,-4354.785657217489
2460822.607638889,538.025000187067,-3328.9885665318952,-4306.408175225181
2460822.6083333334,1018.9393681707385,-3322.437910562266,-4223.710411304462
2460822.609027778,1491.764799883251,-3289.4672953113477,-4107.342241595354
2460822.609722222,1952.7413202663727,-3230.329609700479,-3958.2190267214446
2460822.6104166666,2398.1988164087898,-3145.4837819459794,-3777.515208740162
2460822.611111111,2824.585570997579,-3035.591849461026,-3566.6560031230306
2460822.6118055554,3228.496195771815,-2901.5145227909566,-3327.3071822282527
2460822.6125,3606.6987625696306,-2744.30522619382,-3061.3629585334
2460822.613194444,3956.1609152421597,-2565.202606213005,-2770.9319900890055
2460822.613888889,4274.074732860039,-2365.6215104412854,-2458.321547429993
2460822.6145833335,4557.8800964221755,-2147.142457491321,-2126.019909317996
2460822.615277778,4805.286310442926,-1911.4996366393993,-1776.6770782037838
2460822.6159722223,5014.291728759145,-1660.567497822919,-1413.0839361776023
2460822.6166666667,5183.201139785045,-1396.3460180270522,-1038.1499947943587
2460822.617361111,5310.640684381904,-1120.944751765698,-654.8799178942608
2460822.6180555555,5395.570099347616,-836.565800818501,-266.3490294977233
2460822.61875,5437.292112640122,-545.48585817262,124.32196043648479
2460822.6194444443,5435.458852291761,-250.03749930119488,513.9927614174055
2460822.6201388887,5390.075172025456,47.41008526462959,899.5295671207258
2460822.620833333,5301.498843781563,344.4707171641981,1277.8311083614649
2460822.621527778,5170.437614176109,638.7610066950208,1645.8544152045217
2460822.6222222224,4997.943167896426,927.9200738992249,2000.640023783118
2460822.622916667,4785.402088481568,1209.629005637829,2339.336365304546
2460822.623611111,4534.523944395568,1481.6298590716517,2659.223105353964
2460822.6243055556,4247.326666042174,1741.744028582389,2957.73321597191
2460822.6256944444,3573.483122714779,2218.0990304001457,3481.2440535093388
2460822.626388889,3192.24903276142,2430.5325926077644,3702.054615208157
2460822.627083333,2785.475313357923,2623.494872036297,3893.140899774551
2460822.6277777776,2356.422141161294,2795.446845131571,4052.9776468473538
2460822.628472222,1908.5253892908804,2945.0179050581114,4180.290249524048
2460822.629166667,1445.369171163292,3071.016308039546,4274.064292745838
2460822.6298611113,970.6574420015983,3172.4382131968837,4333.553074878349
2460822.6305555557,488.1848570978396,3248.475285101053,4358.283103440409
2460822.63125,1.8070677522305931,3298.5208359778035,4348.057563349283
2460822.6319444445,-484.5893665639111,3322.17448585363,4302.95775738464
2460822.632638889,-967.1172853389028,3319.24532103006,4223.342518941503
2460822.6333333333,-1441.919279331796,3289.753529525168,4109.845596098589
2460822.6340277777,-1905.1979153308118,3233.9304930590392,3963.371006829886
2460822.634722222,-2353.245657342868,3152.217314418315,3785.0863645938457
2460822.6354166665,-2782.474287349592,3045.2617611665883,3576.4141796442104
2460822.636111111,-3189.4436196871334,2913.9136116327436,3339.0211495623553
2460822.636805556,-3570.8892906522833,2759.218395638065,3074.805463443237
2460822.6375,-3923.7493859548536,2582.409534604916,2785.882163663249
2460822.6381944446,-4245.189660913554,2384.8988998843943,2474.566629630226
2460822.638888889,-4532.627102746307,2168.2658245807575,2143.356270955419
2460822.6395833334,-4783.751576324248,1934.244629093268,1794.9105520370251
2460822.640277778,-4996.545310167874,1684.7107381084984,1432.0294909730076
2460822.640972222,-5169.29998576751,1421.6654939407572,1057.6308106294098
2460822.6416666666,-5300.631215983109,1147.219795447479,674.7259481079941
2460822.642361111,-5389.490229454914,863.5767103414234,286.3951482688431
2460822.6430555554,-5435.172609318137,573.0132349435006,-104.2381037124728
2460822.64375,-5437.323979413248,277.86138442559593,-494.0330512422806
2460822.644444444,-5395.94257250818,-19.511184606173565,-879.8577591166575
2460822.645138889,-5311.378664548254,-316.72081202474493,-1258.6150536109142
2460822.6458333335,-5184.330905007006,-611.387527304019,-1627.2680429426457
2460822.646527778,-5015.839619871377,-901.1545889734175,-1982.8649536854057
2460822.6472222223,-4807.277205347747,-1183.7076763082086,-2322.563044514176
2460822.6479166667,-4560.335767317123,-1456.7935490867649,-2643.6513773695006
2460822.648611111,-4277.012193839202,-1718.2380070548666,-2943.5722518479324
2460822.6493055555,-3959.5908670161075,-1965.9630048561928,-3219.94114333789
2460822.65,-3610.6242440241076,-2198.002791043984,-3470.565006125431
2460822.6506944443,-3232.911533865623,-2412.5189719233217,-3693.458844741833
2460822.6513888887,-2829.4757098138407,-2607.8144109573896,-3886.860472469285
2460822.652083333,-2403.539077980182,-2782.3459037947464,-4049.2434119333275
2460822.652777778,-1958.4976283581193,-2934.735576010436,-4179.327903427755
2460822.6534722224,-1497.8943625294894,-3063.780973996728,-4276.090012756822
2460822.654166667,-1025.3917913869282,-3168.463822058089,-4338.7688340731875
2460822.654861111,-544.7437739280934,-3247.9574293937935,-4366.87179390509
2460822.6555555556,-59.766853210163795,-3301.632733655049,-4360.178064203216
2460822.65625,425.6887626349956,-3329.0629674474053,-4318.740090446732
2460822.6569444444,907.768432674628,-3330.026932924446,-4242.883238034233
2460822.657638889,1382.642391555375,-3304.510866970559,-4133.203555735237
2460822.658333333,1846.5349919907471,-3252.708875685663,-3990.563650518517
2460822.6590277776,2295.753731507295,-3175.0219140336,-3816.0866654263255
2460822.659722222,2726.7178992567187,-3072.055285568076,-3611.1483531896592
2460822.660416667,3135.9866668817126,-2944.6146377544524,-3377.367241126147
2460822.6611111113,3520.2864244550397,-2793.700433649855,-3116.5928937566364
2460822.6618055557,3876.537152093434,-2620.5008867555757,-2830.892289660824
2460822.6625,4201.8775937062355,-2426.3833596960235,-2522.534351699477
2460822.6631944445,4493.688992130452,-2212.8842417254427,-2193.972690291587
2460822.663888889,4749.617138070259,-1981.6973368754575,-1847.826643110075
2460822.6645833333,4967.5924753249665,-1734.6608223223689,-1486.8607330334505
2460822.6652777777,5145.8480238279635,-1473.7428501178977,-1113.9626811422274
2460822.665972222,5282.934880917901,-1201.0259016425998,-732.1201594219997
2460822.667361111,5429.471722824622,-628.9950598499221,46.094541246828086
2460822.668055556,5437.7159369365345,-334.2621633584881,436.21431497128486
2460822.66875,5402.3910560128315,-36.85458648951708,822.8255070705428
2460822.6694444446,5323.773459205457,260.84186168268724,1202.8181225033052
2460822.670138889,5202.49035753229,556.4385979776862,1573.1353504836623
2460822.6708333334,5039.51446083512,847.5640392903209,1930.7989040287189
2460822.671527778,4836.155618151066,1131.883170570244,2272.933596445207
2460822.672222222,4594.049553084609,1407.1167074946009,2596.790910266347
2460822.6729166666,4315.143852148665,1671.0596700097656,2899.771339911092
2460822.673611111,4001.68139346077,1921.5991994894737,3179.44531578318
2460822.6743055554,3656.181427391546,2156.7314697283746,3433.572544462787
2460822.675,3281.4185366531415,2374.5775628058473,3660.1196298114082
2460822.675694444,2880.399707188763,2573.39820393106,3857.2758711938977
2460822.676388889,2456.33975107652,2751.6072638980077,4023.467156186535
2460822.6770833335,2012.6353047923178,2907.7839635908085,4157.367896807501
2460822.677777778,1552.837633608972,3040.683722076818,4257.910969350084
2460822.6784722223,1080.6244451549546,3149.247610287377,4324.295640804626
2460822.6791666667,599.7709143383437,3232.6103762611397,4355.993470235357
2460822.679861111,114.12010458103198,3290.107016776132,4352.7521824597925
2460822.6805555555,-372.4470374456538,3321.277873015003,4314.597513780633
2460822.68125,-856.041946565152,3325.8722293652177,4241.833029610405
2460822.6819444443,-1332.798787366864,3303.8503935640756,4135.037913863913
2460822.6826388887,-1798.9047224650822,3255.3842370014936,3995.062728537777
2460822.683333333,-2250.6299151454427,3180.85617312923,3823.0231441953892
2460822.684027778,-2684.3570825853058,3080.8565532950574,3620.2916435822635
2460822.6847222224,-3096.6103898569568,2956.1794642096493,3388.4872114316154
2460822.685416667,-3484.0834732750754,2807.816916268429,3129.463030720349
2460822.686111111,-3843.666355848719,2636.9514241197926,2845.2922263297532
2460822.6868055556,-4172.471012023081,2444.946994163387,2538.2517160180673
2460822.6875,-4467.855332204247,2233.3385493784695,2210.8042509146
2460822.6881944444,-4727.445229616883,2003.8198445436765,1865.5787593481543
2460822.688888889,-4949.154639860888,1758.229946607063,1505.3491354155144
2460822.689583333,-5131.203175858823,1498.538377650853,1133.011641706662
2460822.6902777776,-5272.131218541104,1226.8290427704499,751.5611254352845
2460822.690972222,-5370.812250654584,945.283089358249,364.06627446869004
2460822.691666667,-5426.46227705393,656.1608617694741,-26.355843368912254
2460822.6923611113,-5438.646212113036,361.78313664513036,-416.56569267521076
2460822.6930555557,-5407.2811608299,64.5118353701034,-803.4273624806796
2460822.69375,-5332.63656638006,-233.26958119651601,-1183.8345621382073
2460822.6944444445,-5215.331244101708,-529.1758270579304,-1554.7362484446753
2460822.695138889,-5056.327368363798,-820.8394074513155,-1913.1616209908166
2460822.6958333333,-4856.921521491423,-1105.9299386760088,-2256.244240676365
2460822.6965277777,-4618.732953433111,-1382.17298254217,-2581.2450453995507
2460822.697222222,-4343.689229524467,-1647.3682274222188,-2885.5740688403325
2460822.6979166665,-4034.0094736056353,-1899.4068593688326,-3166.810688180953
2460822.698611111,-3692.1854272607084,-2136.287993817021,-3422.7222644609637
2460822.699305556,-3320.9605544300575,-2356.134058528894,-3651.2810673873137
2460822.7,-2923.3074296658624,-2557.2050351815938,-3850.6794002684783
2460822.7006944446,-2502.403633738365,-2737.911494050002,-4019.3428744383086
2460822.701388889,-2061.606380093845,-2896.826366957831,-4155.941797116443
2460822.7020833334,-1604.426076370914,-3032.695422161254,-4259.40065832584
2460822.702777778,-1134.499011622035,-3144.446414363222,-4328.9057132100115
2460822.703472222,-655.5593456716701,-3231.1968903943725,-4363.910663687412
2460822.7041666666,-171.41055885274466,-3292.2606362905494,-4364.140447322614
2460822.704861111,314.1034864319875,-3327.152751424813,-4329.593140026098
2460822.7055555554,797.1277346499318,-3335.5933352103225,-4260.539976549652
2460822.70625,1273.8252323655163,-3317.509768146049,-4157.523488649927
2460822.706944444,1740.4063972050644,-3273.037566431066,-4021.3537552628322
2460822.707638889,2193.1581037438104,-3202.519785704837,-3853.1027580480895
2460822.709027778,3042.874911321187,-2985.74346611317,-3425.9072134161097
2460822.7097222223,3433.052032297249,-2841.1825449913295,-3170.3386692535473
2460822.7104166667,3795.8778774618045,-2673.959542920795,-2889.4162548193262
2460822.711111111,4128.439585542225,-2485.393789579202,-2585.3701995292704
2460822.7118055555,4428.061438831077,-2276.976873362963,-2260.61900005602
2460822.7125,4692.3273224772,-2050.3614221458497,-1917.7507872197045
2460822.7131944443,4919.10129533098,-1807.3484325539116,-1559.5030857453894
2460822.7138888887,5106.546031351349,-1549.8732167185844,-1188.7410999599526
2460822.714583333,5253.1388923014865,-1279.9900650043492,-808.4346971014036
2460822.715277778,5357.68541393746,-999.8557492747661,-421.6342905299396
2460822.7159722224,5419.33001941344,-711.7120076687206,-31.445841259744093
2460822.716666667,5437.563802325766,-417.8671799646701,358.99477181926994
2460822.717361111,5412.229265127274,-120.67717798506682,746.5477498339709
2460822.7180555556,5343.521942343257,177.47401444420797,1128.095470941445
2460822.71875,5231.988884519671,474.1941021968128,1500.568405102368
2460822.7194444444,5078.524025841051,767.1022955314314,1860.9705797291426
2460822.720138889,4884.36050543791,1053.8489717967916,2206.40432868772
2460822.720833333,4651.060054583855,1332.1349843831051,2534.094081278869
2460822.7215277776,4380.499599378475,1599.7304312376348,2841.4089671388588
2460822.722222222,4074.8552616817215,1854.492709429973,3125.8840370199514
2460822.722916667,3736.5839639857727,2094.3837029697584,3385.2399305278377
2460822.7236111113,3368.402862864495,2317.485969134523,3617.400848968283
2460822.7243055557,2973.2668416917627,2522.017811866532,3820.510723474198
2460822.725,2554.344301687334,2706.347146972602,3992.9474917304424
2460822.7256944445,2114.991479748064,2869.0040871375904,4133.335425997503
2460822.726388889,1658.7255206851396,3008.692186829356,4240.555471415061
2460822.7270833333,1189.1965111128397,3124.2983044978237,4313.753573393214
2460822.7277777777,710.1586833949168,3214.9010447363376,4352.34698035434
2460822.728472222,225.4409688661693,3279.7777555968905,4356.028519810933
2460822.7291666665,-261.08291468656824,3318.4100553581743,4324.768845542183
2460822.729861111,-745.5246732444134,3330.4878677562424,4258.816656826278
2460822.730555556,-1224.0117754945002,3315.911943504216,4158.696889048575
2460822.73125,-1692.7177481429553,3274.7948456391164,4025.206874952451
2460822.7319444446,-2147.892253981115,3207.4603758678218,3859.410475363009
2460822.732638889,-2585.8907597550256,3114.4414206743386,3662.6301835286563
2460822.7333333334,-3003.203601056266,2996.4761978999677,3436.437209893866
2460822.734027778,-3396.4842218809213,2854.5028922939364,3182.639569654627
2460822.734722222,-3762.5763623541043,2689.6526773095466,2903.26820815102
2460822.7354166666,-4098.539955909897,2503.241131582361,2600.5612164195813
2460822.736111111,-4401.675476381937,2296.758080612531,2276.946222361284
2460822.7368055554,-4669.546490009282,2071.855906022404,1935.021056580973
2460822.7375,-4900.000152723588,1830.3363949516695,1577.5328345040862
2460822.738194444,-5091.185415498073,1574.1362195294578,1207.3556156321265
2460822.738888889,-5241.568712084186,1305.3111633700073,827.4668343738668
2460822.7395833335,-5349.946929476879,1026.0192372074391,440.92272547772603
2460822.740277778,-5415.457497691355,738.5028414647882,50.832981305387754
2460822.7409722223,-5437.585469358049,445.07015881787805,-339.66509456116506
2460822.7416666667,-5416.167506275799,148.07596841735378,-727.4326697600167
2460822.742361111,-5351.392735114172,-150.09791010982724,-1109.355420128001
2460822.7430555555,-5243.800482316083,-447.06234027779607,-1482.3692551590334
2460822.74375,-5094.274944816196,-740.4405463518489,-1843.4854591848655
2460822.7444444443,-4904.036895797903,-1027.8875486614127,-2189.8150053906434
2460822.7451388887,-4674.632567458913,-1307.1091603229074,-2518.5918068075184
2460822.745833333,-4407.919881182779,-1575.8803755146932,-2827.1947078417675
2460822.746527778,-4106.0522264519195,-1832.062988096762,-3113.1680363934756
2460822.7472222224,-3771.4600073079087,-2073.622304319912,-3374.2405724512205
2460822.747916667,-3406.8301834570293,-2298.642835930381,-3608.3428202798073
2460822.748611111,-3015.0840424258217,-2505.3428765682183,-3813.6224950761625
2460822.7493055556,-2599.3534312848005,-2692.0878889392957,-3988.458166393898
2460822.7506944444,-1709.3673441308101,-2999.9820889808466,-4241.534728215283
2460822.751388889,-1242.1972122952257,-3118.70085697602,-4317.783393083813
2460822.752083333,-765.1583321014347,-3212.621495825652,-4359.617618093459
2460822.7527777776,-282.03964386732355,-3281.001300393409,-4366.70866212359
2460822.753472222,203.32288406846965,-3323.297793928136,-4339.000715198527
2460822.754166667,687.0753886493567,-3339.172822946732,-4276.711289885578
2460822.7548611113,1165.375391386046,-3328.495251047237,-4180.329730094018
2460822.7555555557,1634.4210773965006,-3291.3422302715303,-4050.613834026404
2460822.75625,2090.480436722605,-3227.9990258322946,-3888.5845826467416
2460822.7569444445,2529.920103600935,-3138.9573675227366,-3695.5189662884945
2460822.757638889,2949.233725447379,-3024.9123013862263,-3472.9409031219916
2460822.7583333333,3345.0696714385945,-2886.7575181112074,-3222.610251027202
2460822.7590277777,3714.2578766477554,-2725.5791398355227,-2946.509924066171
2460822.759722222,4053.8355930090493,-2542.647959695137,-2646.8311461486865
2460822.7604166665,4361.071816978775,-2339.4101374042366,-2325.9568870135085
2460822.761111111,4633.490137821308,-2117.476378015933,-1986.4435619822182
2460822.761805556,4868.8897608266125,-1878.6096347730402,-1631.0010936305725
2460822.7625,5065.364450142975,-1624.7114069805511,-1262.4714748691156
2460822.7631944446,5221.319156822678,-1357.8067198103652,-883.8059904100729
2460822.763888889,5335.484105208631,-1080.027907327685,-498.0412973990862
2460822.7645833334,5406.926145536845,-793.5973346102371,-108.27457898753117
2460822.765277778,5435.057207678258,-500.8092229932871,282.3619832580961
2460822.765972222,5419.639732461198,-204.01075693380895,670.7271605924558
2460822.7666666666,5360.788999699748,94.41732957716205,1053.6967763980679
2460822.767361111,5258.972318901413,392.08048723896144,1428.189683651491
2460822.7680555554,5115.005095522243,686.5901931771053,1791.1933411294206
2460822.76875,4930.043833313278,975.5836930291332,2139.788724835985
2460822.769444444,4705.57617416291,1256.7434441901262,2471.1743284439904
2460822.770138889,4443.408120658141,1527.8160637423046,2782.689017432615
2460822.7708333335,4145.648613190246,1786.630610306854,3071.8335398926943
2460822.771527778,3814.691666721389,2031.1160362925903,3336.2905121925373
2460822.7722222223,3453.1962846490323,2259.3176750715575,3573.9427368806005
2460822.7729166667,3064.06438275268,2469.4126430391775,3782.889733474099
2460822.773611111,2650.416958151742,2659.724059265698,3961.4623934835495
2460822.7743055555,2215.568733843762,2828.7340048244887,4108.235696277236
2460822.775,1763.0015088636276,2975.095157552653,4222.0394408109705
2460822.7756944443,1296.3364247046022,3097.641056391267,4301.966969549814
2460822.7763888887,819.305351652637,3195.3949571191,4347.381870117198
2460822.777083333,335.7215882670603,3267.5772492868587,4357.922649101935
2460822.777777778,-150.54995041332376,3313.6114104782696,4333.505377699142
2460822.7784722224,-635.6228815976173,3333.1284741700497,4274.32430870439
2460822.779166667,-1115.6196700444798,3325.969988703983,4180.850465094528
2460822.779861111,-1586.7019445735214,3292.1894444523996,4053.8281987390924
2460822.7805555556,-2045.1006352264499,3232.0521453508186,3894.269719060534
2460822.78125,-2487.145749097989,3146.0335022538106,3703.4475933229896
2460822.7819444444,-2909.2955886821896,3034.8157272761173,3482.8852250506607
2460822.782638889,-3308.165194812735,2899.282915503045,3234.3453306487045
2460822.783333333,-3680.553795190028,2740.5145064552244,2959.816442799658
2460822.7840277776,-4023.471011496206,2559.7771332453585,2661.4974950830097
2460822.784722222,-4334.161578951326,2358.514881113979,2341.780560735893
2460822.785416667,-4610.128324844731,2138.3379953528574,2003.2318443377437
2460822.7861111113,-4849.1531470587215,1901.010105466528,1648.5710618602707
2460822.7868055557,-5049.315755690862,1648.4340466019223,1280.649359476773
2460822.7875,-5209.009940760591,1382.6363958091392,902.4259696729349
2460822.7881944445,-5326.957168525373,1105.7508506274946,516.9438091594097
2460822.788888889,-5402.2173272022055,820.0006128467917,127.30426618557534
2460822.7895833333,-5434.196489324912,527.6799494320366,-263.3585715863375
2460822.7902777777,-5422.6515958831205,231.13512409470218,-651.9039761237273
2460822.790972222,-5367.6920148820545,-67.25509981297428,-1035.210651514875
2460822.792361111,-5129.71591261356,-660.0124976558674,-1773.8741131771048
2460822.793055556,-4948.650848886586,-949.6369415913604,-2123.3148432701328
2460822.79375,-4728.055885177083,-1231.6600075864692,-2455.732707598796
2460822.7944444446,-4469.719027632826,-1503.83340430861,-2768.4764288927413
2460822.795138889,-4175.7275065346585,-1763.9909040320026,-3059.0563270831435
2460822.7958333334,-3848.4498170988563,-2010.0653261586328,-3325.163608895427
2460822.796527778,-3490.515705050764,-2240.104531230192,-3564.6879809698976
2460822.797222222,-3104.7943327478843,-2452.2863231962756,-3775.733491941928
2460822.7979166666,-2694.370852841831,-2644.932183676383,-3956.6325419339923
2460822.798611111,-2262.5216159104257,-2816.5197752253475,-4105.958015768943
2460822.7993055554,-1812.6882232786963,-2965.6941694043394,-4222.533518745618
2460822.8,-1348.450619062611,-3091.277768302177,-4305.441708124041
2460822.800694444,-873.499405640382,-3192.2788948775733,-4354.030720902135
2460822.801388889,-391.6075462834783,-3267.8990353650443,-4367.9187053711885
2460822.8020833335,93.39839212647482,-3317.538718235945,-4346.996463671999
2460822.802777778,577.6673114018519,-3340.8020139179184,-4291.428210634475
2460822.8034722223,1057.3528311606929,-3337.499637735367,-4201.650450481066
2460822.8041666667,1528.6425773957574,-3307.650634891851,-4078.368967775586
2460822.804861111,1987.787362811704,-3251.4826229232085,-3922.5539261667213
2460822.8055555555,2431.130107609009,-3169.4305647533524,-3735.4330660009864
2460822.80625,2855.134329732322,-3062.1340449540057,-3518.4829947364074
2460822.8069444443,3256.4120209795665,-2930.433023761467,-3273.4185691216303
2460822.8076388887,3631.7507059698405,-2775.3620486675095,-3002.180378857716
2460822.808333333,3978.139461959958,-2598.142913385878,-2706.9203584486413
2460822.809027778,4292.7936659742945,-2400.175765976661,-2389.985572276051
2460822.8097222224,4573.178222918185,-2183.0286844697907,-2053.90024247434
2460822.810416667,4817.02901994515,-1948.4257604453983,-1701.346120133507
2460822.811111111,5022.3723585304,-1698.233750604008,-1335.1413252604584
2460822.8118055556,5187.542120155924,-1434.4473826942358,-958.2178147993983
2460822.8125,5311.194439691112,-1159.1734256523978,-573.5976656062164
2460822.8131944444,5392.319683664673,-874.6136592789846,-184.36838841159746
2460822.813888889,5430.2515631509605,-583.0469001054097,206.3424891951809
2460822.814583333,5424.673248286226,-286.8102589284094,595.3933148828928
2460822.8152777776,5375.6203935817075,11.720176939169097,979.6544075326898
2460822.815972222,5283.481030380728,310.1490330178945,1356.034080254178
2460822.816666667,5148.992328513955,606.0815041031676,1721.5043207414246
2460822.8173611113,4973.23427871237,897.1431618455623,2073.125852851443
2460822.8180555557,4757.620387204143,1180.9995177771639,2408.0723368394815
2460822.81875,4503.885519887853,1455.3751396214993,2723.6534651369566
2460822.8194444445,4214.071062856706,1718.072145416747,3017.3367507435305
2460822.820138889,3890.5075950846353,1966.9879113878649,3286.767825416979
2460822.8208333333,3535.795292893829,2200.131847253831,3529.78909255549
2460822.8215277777,3152.7822901642817,2415.641119999552,3744.4566166354753
2460822.822222222,2744.5412359072534,2611.795218062385,3929.055149025143
2460822.8229166665,2314.3442753072477,2787.029277521217,4082.1112266578666
2460822.823611111,1865.6366850691468,2939.9461011374015,4202.404293625578
2460822.824305556,1402.009380475348,3069.3268190000585,4288.975817358352
2460822.825,927.1704987980736,3174.1401512183556,4341.136384507127
2460822.8256944446,444.91624633067505,3253.550241881783,4358.470770272656
2460822.826388889,-40.89879796959479,3306.923035043807,4340.840978024641
2460822.8270833334,-526.3917619679024,3333.8311717966817,4288.387250966946
2460822.827777778,-1007.6817643481625,3334.057382960124,4201.527054730743
2460822.828472222,-1480.9202384052244,3307.5963545414224,4080.952030484255
2460822.8291666666,-1942.3211206256613,3254.655041392643,3927.622917520215
2460822.829861111,-2388.190721286127,3175.6514051307536,3742.762446433651
2460822.8305555554,-2814.957082737826,3071.211554407257,3527.846208809932
2460822.83125,-3219.1986154838596,2942.165270522263,3284.5915188407225
2460822.831944444,-3597.6717875542345,2789.5399096614296,3014.9442962187454
2460822.832638889,-3947.3376306020496,2614.552684180891,2721.064016989905
2460822.834027778,-4549.263038707042,2203.2532669758634,2070.206731249151
2460822.8347222223,-4796.684469499184,1970.2331025934172,1718.4555369292468
2460822.8354166667,-5005.663008590528,1721.4089026934898,1352.8807760387554
2460822.836111111,-5174.521125145383,1458.7769920787612,976.4227190059675
2460822.8368055555,-5301.906061362644,1184.445619990293,592.1101329878202
2460822.8375,-5386.801224559122,900.6175724550035,203.03520300282437
2460822.8381944443,-5428.534621002465,609.5719155065331,-187.67215345165312
2460822.8388888887,-5426.784229843346,313.6450539960177,-576.870315618107
2460822.839583333,-5381.580257984456,15.211309758046514,-961.4320527325195
2460822.840277778,-5293.304266635686,-283.33677368495165,-1338.2704061634772
2460822.8409722224,-5162.68520536057,-579.608194447678,-1704.364095763739
2460822.841666667,-4990.792435743007,-871.2331137804123,-2056.7821881961695
2460822.842361111,-4779.025868667243,-1155.8821404920118,-2392.707791611879
2460822.8430555556,-4529.103372426913,-1431.285097523961,-2709.460565891873
2460822.84375,-4243.045643255258,-1695.2490994881753,-3004.517856348103
2460822.8444444444,-3923.158746172391,-1945.6757983854654,-3275.5342990388117
2460822.845138889,-3572.014553239721,-2180.577668665226,-3520.3597677466996
2460822.845833333,-3192.4293112311,-2398.093227534592,-3737.0555663727323
2460822.8465277776,-2787.440566315629,-2596.5011086618388,-3923.9087992880213
2460822.847222222,-2360.282677070289,-2774.2329201863777,-4079.4448701515444
2460822.847916667,-1914.361123752129,-2929.884842122503,-4202.43808770179
2460822.8486111113,-1453.2258168223161,-3062.2279256751012,-4291.9203663692315
2460822.8493055557,-980.5435858027296,-3170.2170699901967,-4347.18802299291
2460822.85,-500.07002164969504,-3252.998655752948,-4367.806674806847
2460822.8506944445,-15.62082167372216,-3309.916821150342,-4353.614247490112
2460822.851388889,468.95721339668495,-3340.5183628334407,-4304.722098287065
2460822.8520833333,949.8153924665129,-3344.5562445400265,-4221.514256845003
2460822.8527777777,1423.132420307474,-3321.991692189122,-4104.644780951883
2460822.853472222,1885.143608892524,-3272.9948509911005,-3955.033221889396
2460822.8541666665,2332.1698708416134,-3197.9439770014246,-3773.8581889595894
2460822.854861111,2760.6463169408325,-3097.4231357287904,-3562.549009449905
2460822.855555556,3167.150290517259,-2972.2183792903093,-3322.7754770386678
2460822.85625,3548.4286264437674,-2823.3123816054417,-3056.4357007738236
2460822.8569444446,3901.4239247941123,-2651.877516941415,-2765.642074473211
2460822.857638889,4223.299605505665,-2459.2673797393004,-2452.7054078279866
2460822.8583333334,4511.463496452559,-2247.0067613971773,-2120.11728689939
2460822.859027778,4763.589707179634,-2016.7801155182126,-1770.5307529221768
2460822.859722222,4977.638531364679,-1770.4185703794033,-1406.7394261118666
2460822.8604166666,5151.87413689351,-1509.8855655840755,-1031.6552222698278
2460822.861111111,5284.879810818983,-1237.2612179424955,-648.2848453015037
2460822.8618055554,5375.570549507395,-954.7255494419338,-259.7052708587618
2460822.8625,5423.20281998152,-664.5407219783004,130.96155496825688
2460822.863194444,5427.381346643107,-369.0324591147949,520.5745367012004
2460822.863888889,5388.062826397868,-70.5708376583168,905.9995109110499
2460822.8645833335,5305.55651662887,228.44934645578874,1284.1353079513615
2460822.865277778,5180.521689298525,525.6284318348121,1651.9395206902939
2460822.8659722223,5013.961991186083,818.5817543535751,2006.453709702023
2460822.8666666667,4807.216795306348,1104.9593134779352,2344.827789100008
2460822.867361111,4561.949668787492,1382.4650458175552,2664.3433563268177
2460822.8680555555,4280.134120060843,1648.8755199098814,2962.4357495784056
2460822.86875,3964.0368159962286,1902.0578856022294,3236.7146470477114
2460822.8694444443,3616.1984813126455,2139.9869295731532,3484.9830501130755
2460822.8701388887,3239.412705947845,2360.7611091081017,3705.2545223378734
2460822.870833333,2836.7028965043787,2562.617454496431,3895.768582447282
2460822.871527778,2411.297603459136,2743.9452535900577,4055.004179557381
2460822.8722222224,1966.6044531096386,2903.2984475737903,4181.691199352282
2460822.872916667,1506.1829022672807,3039.406683118418,4274.8199695374715
2460822.873611111,1033.7160242411735,3151.184977361495,4333.648746369157
2460822.8743055556,552.981520193857,3237.741962115654,4357.7091746831275
2460822.8756944444,-417.88431734621463,3332.6339011805976,4301.0370661489205
2460822.876388889,-900.2552427947176,3340.2079553370427,4220.755497799069
2460822.877083333,-1375.4335446127773,3321.0450227722395,4106.6042348005285
2460822.8777777776,-1839.6178730196943,3275.293891552557,3959.492750272007
2460822.878472222,-2289.092576956551,3203.3151362236267,3780.5940518918555
2460822.879166667,-2720.2571887987124,3105.6787016566773,3571.3359400079244
2460822.8798611113,-3129.6552387443003,2983.1598715927275,3333.390252884701
2460822.8805555557,-3514.0021744178275,2836.733609996768,3068.6601255323176
2460822.88125,-3870.2121489572887,2667.567275060235,2779.265306755699
2460822.8819444445,-4195.423435369248,2477.011717716614,2467.525596411718
2460822.882638889,-4487.0222079941095,2266.590798069631,2135.9424968466024
2460822.8833333333,-4742.664441177707,2037.989369173554,1787.1791922441919
2460822.8840277777,-4960.295669531813,1793.0398068860115,1424.0390094124011
2460822.884722222,-5138.168377992148,1533.7071820016138,1049.4425321639624
2460822.8854166665,-5274.856803277268,1262.0731990387417,666.4035758316896
2460822.886111111,-5369.268958156515,980.3190498886181,278.00425402459695
2460822.886805556,-5420.655727087676,690.707348599723,-112.63061382174946
2460822.8875,-5428.616920619169,395.5633316965222,-502.3594892664767
2460822.8881944446,-5393.104220539749,97.25552430531222,-888.0502189796526
2460822.888888889,-5314.420995940406,-201.8239230435603,-1266.6059821755507
2460822.8895833334,-5193.219016030017,-499.27901871929583,-1634.9908115679489
2460822.890277778,-5030.492133497265,-792.7296240420364,-1990.2544227846838
2460822.890972222,-4827.567051234109,-1079.8308643280463,-2329.5561187597277
2460822.8916666666,-4586.091327319936,-1358.2920629290707,-2650.187541636519
2460822.892361111,-4308.018797436176,-1625.895034209178,-2949.5940884536262
2460822.8930555554,-3995.5926240488466,-1880.5115783446677,-3225.3948215627215
2460822.89375,-3651.3261951534378,-2120.12004796275,-3475.400742988082
2460822.894444444,-3277.982099034926,-2342.8208797933403,-3697.631333240858
2460822.895138889,-2878.549411781249,-2546.85099800878,-3890.329275159764
2460822.8958333335,-2456.2195211318517,-2730.597022344824,-4051.9733160341834
2460822.896527778,-2014.3607021145835,-2892.607228262494,-4181.289238849867
2460822.8972222223,-1556.4916481342382,-3031.60221973617,-4277.258929259425
2460822.8979166667,-1086.2541454349953,-3146.4842866267836,-4339.127537227046
2460822.898611111,-607.3850577290978,-3236.345426983088,-4366.4087395512315
2460822.8993055555,-123.68778423548474,-3300.474015198026,-4358.888109638428
2460822.9,360.99666754662024,-3338.3601008990277,-4316.624601856292
2460822.9006944443,842.8188503868906,-3349.6993196144695,-4239.9501530523585
2460822.9013888887,1317.9501515800002,-3334.395394652884,-4129.467399882003
2460822.902083333,1782.612029185316,-3292.5612055553834,-3986.0455065409697
2460822.902777778,2233.1050647704465,-3224.5183953100723,-3810.814093512517
2460822.9034722224,2665.8376618010716,-3130.795487950166,-3605.1552620125635
2460822.904166667,3077.354221089471,-3012.1244875827147,-3370.693707780465
2460822.904861111,3464.3625910299365,-2869.4359349174347,-3109.2849311874916
2460822.9055555556,3823.760580355418,-2703.852404669115,-2823.001562565846
2460822.90625,4152.661303453186,-2516.6804386431795,-2514.117840558071
2460822.9069444444,4448.417117697423,-2309.4009227840456,-2185.0923014956948
2460822.907638889,4708.641895218576,-2083.657940532461,-1838.5487730873363
2460822.908333333,4931.23138506269,-1841.2461473510937,-1477.2557798599676
2460822.9090277776,5114.381409710326,-1584.096745780659,-1104.104515513837
2460822.909722222,5256.603667135409,-1314.262155259828,-722.0855516799038
2460822.910416667,5356.738920738623,-1033.8995046053635,-334.26449448860933
2460822.9111111113,5413.967395401898,-745.2530892714518,56.24318805136987
2460822.9118055557,5427.816227102735,-450.6359662474435,446.2979103168129
2460822.9125,5398.163858986398,-152.41086843559054,832.7620245054819
2460822.9131944445,5325.241318846531,147.02936087707366,1212.5259102597017
2460822.913888889,5209.630361297701,445.28160664985325,1582.5338225588707
2460822.9145833333,5052.258504591109,739.9523847768528,1939.8092278087518
2460822.9152777777,4854.391037628357,1028.6776009951716,2281.479368098366
2460822.915972222,4617.620115388554,1309.1419656456499,2604.798811320617
2460822.917361111,4035.2863088032304,1836.3836066770214,3186.1729936304723
2460822.918055556,3694.4064524899595,2078.9406130635607,3439.5670737601586
2460822.91875,3323.9498598905802,2304.8298870069093,3665.3260262233766
2460822.9194444446,2926.8898511993775,2512.2471773912566,3861.6450444114157
2460822.920138889,2506.4104153853286,2699.5370281644664,4026.956346536627
2460822.9208333334,2065.880445618885,2865.2055446473273,4159.941062213667
2460822.921527778,1608.826753048895,3007.931829892353,4259.539121879472
2460822.922222222,1138.9060641366934,3126.578046931331,4324.957130626312
2460822.9229166666,659.8762021028846,3220.198069052357,4355.674215692127
2460822.923611111,175.56663536450574,3288.0446891084957,4351.445845199151
2460822.9243055554,-310.15142962927166,3329.575361108552,4312.305617578274
2460822.925,-793.3952419233123,3344.456449357906,4238.565022013091
2460822.925694444,-1270.3008181868192,3332.565959957458,4130.811169105191
2460822.926388889,-1737.0532006683413,3293.994728760738,3989.902490765151
2460822.9270833335,-2189.916482174569,3229.0460401243417,3816.96240966394
2460822.927777778,-2625.263410312926,3138.2336516445675,3613.370981420012
2460822.9284722223,-3039.604366182982,3022.27820365472,3380.754520865917
2460822.9291666667,-3429.6154978556883,2882.101999509454,3120.973236453302
2460822.929861111,-3792.165779554639,2718.822151245678,2836.106910383946
2460822.9305555555,-4124.342746264177,2533.7421017181437,2528.4386883509833
2460822.93125,-4423.4766576202655,2328.3415470279783,2200.437059199641
2460822.9319444443,-4687.162828442471,2104.2648089813893,1854.7361424696364
2460822.9326388887,-4913.281879016116,1863.307724732842,1494.114421916778
2460822.933333333,-5100.017661425629,1607.4031494794576,1121.4721002988413
2460822.934027778,-5245.872643710057,1338.6051874960363,739.8072712609196
2460822.9347222224,-5349.68055457859,1059.0722956896002,352.191137832688
2460822.935416667,-5410.616129421376,771.0494217687439,-38.25747704762719
2460822.936111111,-5428.201836359925,476.84935757190294,-428.3980659854221
2460822.9368055556,-5402.311504554275,178.83350562194093,-815.0945422148238
2460822.9375,-5333.170824796827,-120.6077388311456,-1195.2412418599927
2460822.9381944444,-5221.354739024607,-419.07477800632125,-1565.788546818257
2460822.938888889,-5067.781781831224,-714.1785683609451,-1923.7678692707727
2460822.939583333,-4873.705479945197,-1003.5601412713626,-2266.3157508889844
2460822.9402777776,-4640.702954393086,-1284.9096971632353,-2590.6968531007956
2460822.940972222,-4370.660903059555,-1555.985097361001,-2894.3256403204446
2460822.941666667,-4065.7591626591247,-1814.629600169837,-3174.7865912634825
2460822.9423611113,-3728.452073179025,-2058.788700426783,-3429.8527948791534
2460822.9430555557,-3361.447871384266,-2286.52596082373,-3657.502826451902
2460822.94375,-2967.6863458354424,-2496.03773989528,-3855.935822699505
2460822.9444444445,-2550.314980712124,-2685.6667427322554,-4023.5847019078774
2460822.945138889,-2112.6638065172992,-2853.914337819195,-4159.127496645042
2460822.9458333333,-1658.2191624253503,-2999.451598109763,-4261.4967837856875
2460822.9465277777,-1190.5965605371675,-3121.129035504312,-4329.887208680216
2460822.947222222,-713.5128257213149,-3217.9850061317984,-4363.761108140746
2460822.9479166665,-230.75766919285863,-3289.2527681596266,-4362.852239661876
2460822.948611111,253.83515215137984,-3334.3661741271894,-4327.167623400543
2460822.949305556,736.4169527359911,-3352.9639803852906,-4256.987501265657
2460822.95,1213.153373534661,-3344.8927523163147,-4152.863412132065
2460822.9506944446,1680.2536339349272,-3310.2083406727525,-4015.6143782487507
2460822.951388889,2133.999632125026,-3249.175901542316,-3846.3211953057644
2460822.9520833334,2570.774737415476,-3162.2684299022862,-3646.3188169065197
2460822.952777778,2987.0920933762263,-3050.163778111337,-3417.186830941506
2460822.953472222,3379.6222467150187,-2913.740132175117,-3160.738028383956
2460822.9541666666,3745.219885621799,-2754.0699272011157,-2879.0050828178137
2460822.954861111,4080.9494629667684,-2572.412192992035,-2574.2253736805033
2460822.9555555554,4384.109464351613,-2370.203334609171,-2248.82400792228
2460822.95625,4652.255067567247,-2149.046373302138,-1905.3951248952649
2460822.956944444,4883.218944371212,-1910.6986901194607,-1546.6815909215268
2460822.957638889,5075.129950664359,-1657.0583432141225,-1175.553228800159
2460822.959027778,5335.885191927783,-1112.103947141213,-408.0265843326241
2460822.9597222223,5402.602125614179,-825.1482917673034,-17.789857836707494
2460822.9604166667,5426.030706701651,-531.5812288727126,372.5892798805305
2460822.961111111,5405.971863045115,-233.75684582544542,759.9706690362291
2460822.9618055555,5342.57897535726,65.9353124574911,1141.2372476263695
2460822.9625,5236.356702934121,365.0900540143401,1513.3209681176206
2460822.9631944443,5088.1566942924355,661.3064699201108,1873.22825485027
2460822.9638888887,4899.170250468049,952.2077705072556,2218.064733935755
2460822.964583333,4670.918048414971,1235.4608309418354,2545.0589968595855
2460822.965277778,4405.2370732686695,1508.7952510713615,2851.5851691258126
2460822.9659722224,4104.264937678243,1770.0217556807916,3135.184088801196
2460822.966666667,3770.4217922456814,2017.049776538615,3393.5829248878836
2460822.967361111,3406.390048671548,2247.904077711252,3624.713095467609
2460822.9680555556,3015.0921452195585,2460.740307332931,3826.726375939179
2460822.96875,2599.6665899785767,2653.859376896603,3998.009112754832
2460822.9694444444,2163.442508950401,2825.7205908957176,4137.194485466314
2460822.970138889,1709.9129260117452,2974.95346178112,4243.172776348159
2460822.970833333,1242.7069816939502,3100.368163369799,4315.099627173962
2460822.9715277776,765.5612914208613,3200.9645827558556,4352.402270859847
2460822.972222222,282.2906333814505,3275.9399385159413,4354.783733917369
2460822.972916667,-203.2418622876689,3324.694939028243,4322.225009871633
2460822.9736111113,-687.1548485325342,3346.83845378193,4254.985202960112
2460822.9743055557,-1165.579051757346,3342.1906721995742,4153.599642235142
2460822.975,-1634.6875491686023,3310.784723877527,4018.8759650461798
2460822.9756944445,-2090.7258561778476,3252.8667332072923,3851.888169169841
2460822.976388889,-2530.0416352513903,3168.8942824693363,3653.968636626833
2460822.9770833333,-2949.1138265833742,3059.533260462872,3426.698138453589
2460822.9777777777,-3344.580983332647,2925.653080146134,3171.8938419164033
2460822.978472222,-3713.2685854546276,2768.3202564707663,2891.5953539520483
2460822.9791666665,-4052.215083169005,2588.7903514246777,2588.048860483444
2460822.979861111,-4358.696423502854,2388.4983065636775,2263.6894387248503
2460822.980555556,-4630.248800350291,2169.047206002875,1921.121652402279
2460822.98125,-4864.689377571275,1932.1955320133993,1563.098563497573
2460822.9819444446,-5060.1347377013835,1679.8430039595366,1192.4993311835751
2460822.982638889,-5215.016834379799,1414.0151097870494,812.3055877574142
2460822.9833333334,-5328.096244563456,1136.8464693499827,425.5768170865433
2460822.984027778,-5398.472554392675,850.5631847766338,35.42497417854793
2460822.984722222,-5425.591746501255,557.4643608050087,-355.01138621882734
2460822.9854166666,-5409.250504715793,259.9029818056036,-742.59320894188
2460822.986111111,-5349.597393795211,-39.733645787277915,-1124.206982265824
2460822.9868055554,-5247.130922107364,-339.043679267007,-1496.7904560259942
2460822.9875,-5102.694540683649,-635.6305435346427,-1857.3577678310385
2460822.988194444,-4917.468676135987,-927.1225498773779,-2203.0237289137376
2460822.988888889,-4692.959933800773,-1211.1921366608278,-2531.0270420823867
2460822.9895833335,-4430.987642391301,-1485.5745514565306,-2838.7522474355087
2460822.990277778,-4133.667936437688,-1748.085814806621,-3123.750223470294
2460822.9909722223,-3803.3955934507203,-1996.6398233178977,-3383.757098323509
2460822.9916666667,-3442.8238516446227,-2229.2644734309692,-3616.711458832056
2460822.992361111,-3054.8424410881157,-2444.116705425826,-3820.769770730556
2460822.9930555555,-2642.554056466789,-2639.4963894959537,-3994.3199520099483
2460822.99375,-2209.249489465628,-2813.858994103459,-4135.993064038902
2460822.9944444443,-1758.3816306707993,-2965.8269897708205,-4244.673100892467
2460822.9951388887,-1293.5385315917333,-3094.199955937139,-4319.504872875361
2460822.995833333,-818.4157051886268,-3197.9633653841806,-4359.89998707972
2460822.996527778,-336.7878264924399,-3276.2960268140882,-4365.54093255362
2460822.9972222224,147.5200175826997,-3328.5761677882865,-4336.38327724164
2460822.997916667,630.6613850840457,-3354.386139035638,-4272.655981128911
2460822.998611111,1108.7977077398436,-3353.515719505871,-4174.859825747026
2460822.9993055556,1578.1275477896177,-3325.9639972947875,-4043.7639561879896
2460823.0006944444,2475.52226961307,-3191.8606359750047,-3686.0574475543604
2460823.001388889,2896.4306800952763,-3086.350141095454,-3462.2692115125196
2460823.002083333,3294.275883934017,-2956.233961139932,-3210.8058266651174
2460823.0027777776,3665.8711045939867,-2802.53409013879,-2933.659844475927
2460823.003472222,4008.233765582985,-2626.461627084907,-2633.0315274207346
2460823.004166667,4318.610074932488,-2429.407960635819,-2311.312202331262
2460823.0048611113,4594.498056904703,-2212.934399896558,-1971.065877669998
2460823.0055555557,4833.668777724497,-1978.7602908674373,-1615.009229859017
2460823.00625,5034.18551450569,-1728.7496809695892,-1245.990093440444
2460823.0069444445,5194.42062646004,-1464.8966179263432,-866.9646191658959
2460823.007638889,5313.069903276216,-1189.3091966255427,-480.9732966650394
2460823.0083333333,5389.164193422224,-904.1924904437241,-91.11606244688244
2460823.0090277777,5422.078147483927,-611.8305246135204,299.4732651468709
2460823.009722222,5411.535949132158,-314.5674722212864,687.6529600922048
2460823.0104166665,5357.613951147726,-14.788263581489081,1070.299503890279
2460823.011111111,5260.740179164522,285.1011838612548,1444.3335614981254
2460823.011805556,5121.690713959149,582.6939074383017,1806.7455466334272
2460823.0125,4941.583009098762,875.6018027963476,2154.620510961332
2460823.0131944446,4721.86624436635,1161.475285149037,2485.1621084516064
2460823.013888889,4464.308855533993,1438.0225130272677,2795.7154055473957
2460823.0145833334,4170.983410810078,1703.0279976886475,3083.7883377214116
2460823.015277778,3844.249037579341,1954.3704304921578,3347.0716317491933
2460823.015972222,3486.7316112126236,2190.0395915373283,3583.4570554336365
2460823.0166666666,3101.301941057424,2408.152211095906,3791.053872351192
2460823.017361111,2691.052182078616,2606.9666855385494,3968.203417848973
2460823.0180555554,2259.27070632449,2784.8965619865826,4113.4917306088355
2460823.01875,1809.4156543463478,2940.5227270798305,4225.760199529748
2460823.019444444,1345.0873854416564,3072.604245010209,4304.114198668328
2460823.020138889,870.0000226644445,3180.087805801726,4347.92969941123
2460823.0208333335,387.9522840185339,3262.1157488773088,4356.857853619138
2460823.021527778,-97.20222099382036,3318.032632919235,4330.827546815252
2460823.0222222223,-581.5850567173868,3347.390325269032,4270.045921973434
2460823.0229166667,-1061.3232240517505,3349.9515848601395,4174.996873531408
2460823.023611111,-1532.5794480154843,3325.692110978049,4046.437510412895
2460823.0243055555,-1991.5823146346997,3274.801030573188,3885.3925878409905
2460823.025,-2434.6560743542173,3197.6797970248103,3693.146909380411
2460823.0256944443,-2858.2499113792373,3094.939475988041,3471.235707969057
2460823.0263888887,-3258.966470852234,2967.3963981242287,3221.4330219897083
2460823.027083333,-3633.589409157342,2816.0661694993046,2945.7381026942394
2460823.027777778,-3979.109733537029,2642.156039783815,2646.3599018965683
2460823.0284722224,-4292.750676488513,2447.055646311491,2325.6997171269127
2460823.029166667,-4571.990849668067,2232.3261706551375,1986.3320964484005
2460823.029861111,-4814.585423523489,1999.6879655037308,1630.9841329095893
2460823.0305555556,-5018.585084697008,1751.0067350624936,1262.5133109232222
2460823.03125,-5182.3525421545355,1488.278374785021,883.8840926400221
2460823.0319444444,-5304.5763743528805,1213.6126023242875,498.1434620230313
2460823.032638889,-5384.282042247821,929.2155331724537,108.39566572514018
2460823.033333333,-5420.8399297697115,637.3713748029872,-282.22359132904853
2460823.0340277776,-5413.970315837253,340.42342991200934,-670.5732247302848
2460823.034722222,-5363.745227972257,40.75460966536353,-1053.5328489453268
2460823.035416667,-5270.5871744634815,-259.2323337574688,-1428.02857915778
2460823.0361111113,-5135.26479940368,-557.134645725387,-1791.05828979223
2460823.0368055557,-4958.885549273896,-850.5692735420478,-2139.716077512485
2460823.0375,-4742.88547933477,-1137.1922412528477,-2471.215697391652
2460823.0381944445,-4489.016364850172,-1414.717509866963,-2782.91276189422
2460823.038888889,-4199.330308703061,-1680.9351588149632,-3072.3255249612826
2460823.0395833333,-3876.162057452738,-1933.7287427542267,-3337.154101634756
2460823.0402777777,-3522.109250453821,-2171.0916987626447,-3575.298003832763
2460823.040972222,-3140.0108350315118,-2391.142698281345,-3784.8719002174557
2460823.042361111,-2304.0989746498567,-2772.493773423957,-4111.925791593926
2460823.043055556,-1856.9545233404008,-2930.779240369557,-4226.826801501919
2460823.04375,-1395.0499679025172,-3065.7457687683477,-4308.018219973374
2460823.0444444446,-922.0582798840646,-3176.326722035632,-4354.861543068444
2460823.045138889,-441.7377880266464,-3261.6471450933236,-4366.988549703086
2460823.0458333334,42.09647193219045,-3321.030233498484,-4344.303850029184
2460823.046527778,525.6017474875666,-3354.002429172505,-4286.985549405128
2460823.047222222,1004.9367625555924,-3360.2971216998544,-4195.4840289322465
2460823.0479166666,1476.2909734090554,-3339.8569304749526,-4070.518839093174
2460823.048611111,1935.9137438451712,-3292.8345398565393,-3913.0736994222443
2460823.0493055554,2380.1432840450457,-3219.59205685231,-3724.3895960878594
2460823.05,2805.435186862974,-3120.698859656012,-3505.9559699876086
2460823.050694444,3208.3903714758453,-2996.9279082510866,-3259.499996926729
2460823.051388889,3585.7822367878584,-2849.250491701833,-2986.9739678666106
2460823.0520833335,3934.582796985068,-2678.8293984280235,-2690.540799249789
2460823.052777778,4251.987569776947,-2487.010504835205,-2372.5577162132004
2460823.0534722223,4535.438962831167,-2275.3127993002167,-2035.5581855254436
2460823.0541666667,4782.647911022423,-2045.4168731236693,-1682.232193141396
2460823.054861111,4991.613508193382,-1799.151937129016,-1315.4049988088766
2460823.0555555555,5160.6403905781035,-1538.4814447096624,-938.0145264248075
2460823.05625,5288.3536436437325,-1265.4874279414546,-553.087579528458
2460823.0569444443,5373.711028168383,-982.3536783976585,-163.7150988742127
2460823.0576388887,5416.0123532106645,-691.3479265994991,226.97329863380705
2460823.058333333,5414.905860806631,-394.8031938086684,615.8352424752406
2460823.059027778,5370.391529762406,-95.09850949161915,999.7417186515739
2460823.0597222224,5282.821252275448,205.36080737102301,1375.6030969810115
2460823.060416667,5152.895884061734,504.1630893157727,1740.394794309322
2460823.061111111,4981.659215635103,798.9102769603342,2091.1823112323846
2460823.0618055556,4770.488955878874,1087.2376845846672,2425.1453891289348
2460823.0625,4521.084861251054,1366.8333756593759,2739.6010526445198
2460823.0631944444,4235.454175610535,1635.4569674585534,3032.0253330417772
2460823.063888889,3915.8945749852014,1890.9576966891868,3300.073490677312
2460823.064583333,3564.9748318492507,2131.2915981806627,3541.598585542065
2460823.0652777776,3185.5134269423247,2354.5376687015596,3754.6682741326417
2460823.065972222,2780.5553381511027,2558.9129107235253,3937.5797414448584
2460823.066666667,2353.347241338098,2742.786165836842,4088.8726980299994
2460823.0673611113,1907.3113440482598,2904.690669675391,4207.3403986704725
2460823.0680555557,1446.0180739416858,3043.33526960639,4292.0386522377985
2460823.06875,973.1578169751058,3157.6142645515183,4342.292810748383
2460823.0694444445,492.5119034274638,3246.6158282353117,4357.702729020312
2460823.070138889,7.923020231936039,3309.628986610881,4338.145694630095
2460823.0708333333,-476.7347806595021,3346.1491218799206,4283.777328095807
2460823.0715277777,-957.5863050330329,3355.881975003929,4195.030452972578
2460823.072222222,-1430.7855037351849,3338.7461196337285,4072.611935324594
2460823.0729166665,-1892.5456516964339,3294.873878910651,3917.4974912300017
2460823.073611111,-2339.169232522793,3224.6106571443847,3730.9244644075084
2460823.074305556,-2767.0773388099897,3128.5126598020406,3514.382578778027
2460823.075,-3172.8383715287982,3007.3429810413904,3269.602684267782
2460823.0756944446,-3553.1958197801328,2862.066044457799,2998.5435234224838
2460823.076388889,-3905.094878493441,2693.8403955585904,2703.376568739201
2460823.0770833334,-4225.70765700654,2504.0098584197626,2386.469000397495
2460823.077777778,-4512.456721770043,2294.093088358184,2050.3649220095917
2460823.078472222,-4763.036716435937,2065.771574775326,1697.7649416198956
2460823.0791666666,-4975.433814471903,1820.8761675256508,1331.5042680671788
2460823.079861111,-5147.942763505877,1561.3722329522661,954.5295149526214
2460823.0805555554,-5279.181314883512,1289.3435607351676,569.8744167646166
2460823.08125,-5368.101852476383,1006.9751733429968,180.63469728523827
2460823.081944444,-5414.0000756022555,716.5352061667393,-210.0576571998402
2460823.082638889,-5416.520630453397,420.3560478882353,-599.0604478368639
2460823.084027778,-5291.764057988208,-179.68577614755753,-1359.5338710816723
2460823.0847222223,-5165.528065058116,-478.7384857684318,-1724.9025655692785
2460823.0854166667,-4997.986281407283,-773.9501133090193,-2076.4278328627993
2460823.086111111,-4790.504222354093,-1062.9616005066537,-2411.2994775318607
2460823.0868055555,-4544.765970927968,-1343.4669370562297,-2726.8451703189485
2460823.0875,-4262.759314506708,-1613.2315499835402,-3020.5515085549973
2460823.0881944443,-3946.7585457548203,-1870.109903708332,-3290.0835365113485
2460823.0888888887,-3599.3051516014384,-2112.0621803994723,-3533.3026004216335
2460823.089583333,-3223.1866179977037,-2337.169933451863,-3748.2824444213966
2460823.090277778,-2821.413581759347,-2543.650624175939,-3933.323477436797
2460823.0909722224,-2397.195551644286,-2729.8709734109084,-4086.965167895188
2460823.091666667,-1953.9154105910584,-2894.359075303331,-4207.9965418211505
2460823.092361111,-1495.1028986443514,-3035.815233429395,-4295.464774640845
2460823.0930555556,-1024.4072553925237,-3153.1214913281974,-4348.681878534681
2460823.09375,-545.5691930435396,-3245.349833048005,-4367.229490362843
2460823.0944444444,-62.39235401281843,-3311.769034704663,-4350.961768611943
2460823.095138889,421.2856080931141,-3351.850148454838,-4300.0064050198735
2460823.095833333,901.6221769667534,-3365.270596074356,-4214.763752561745
2460823.0965277776,1374.7992205768444,-3351.9168489713347,-4095.9040673031886
2460823.097222222,1837.052189246543,-3311.8856660406486,-3944.362857809082
2460823.097916667,2284.6991163237394,-3245.4838585145253,-3761.334332968426
2460823.0986111113,2714.1692508384263,-3153.2265499787827,-3548.26294257133
2460823.0993055557,3122.0311461494807,-3035.833900004462,-3306.8330066805784
2460823.1,3505.019997778633,-2894.2262659607436,-3038.9564448197084
2460823.1006944445,3860.064018337676,-2729.517783688315,-2746.758625579002
2460823.101388889,4184.309612024739,-2543.008361641487,-2432.562381468622
2460823.1020833333,4475.145104394577,-2336.1740978990815,-2098.870255139407
2460823.1027777777,4730.222773685469,-2110.6561496326763,-1748.345071958334
2460823.103472222,4947.478931140105,-1868.2481058472765,-1383.7889617299352
2460823.1041666665,5125.151802629413,-1610.88193958991,-1008.1209846314922
2460823.104861111,5261.796979382458,-1340.6126411849384,-624.3535462639774
2460823.105555556,5356.300229553095,-1059.6016563510207,-235.56781058480652
2460823.10625,5407.887489153691,-770.0992809097127,155.1116500298382
2460823.1069444446,5416.131890292006,-474.42618173840754,544.5427135603842
2460823.107638889,5380.9577252622485,-174.95423040925107,929.5918088560418
2460823.1083333334,5302.641289850673,125.91314884605163,1307.1599805628211
2460823.109027778,5181.808597372848,425.76090826596817,1674.2086423782735
2460823.109722222,5019.430001630926,722.1823729980806,2027.7847508104398
2460823.1104166666,4816.81181129762,1012.7990976535116,2365.0451443045577
2460823.111111111,4575.585019997445,1295.280382495416,2683.279810119034
2460823.1118055554,4297.691312066299,1567.362262190194,2979.933866349835
2460823.1125,3985.3665324496037,1826.865796579306,3252.6280741991177
2460823.113194444,3641.121831862552,2071.7145105126683,3499.1777235320064
2460823.113888889,3267.7227092588228,2299.950852280027,3717.6097668172433
2460823.1145833335,2868.166187816339,2509.751555124064,3906.1780995475933
2460823.115277778,2445.6563514215,2699.4418131255075,4063.3769188447295
2460823.1159722223,2003.5784703592822,2867.508194957057,4187.952108839083
2460823.1166666667,1545.4719323530965,3012.610236797057,4278.9106224974785
2460823.117361111,1075.00218605939,3133.590666833872,4335.527842601033
2460823.1180555555,595.9318882844232,3229.4842242123254,4357.3529150346485
2460823.11875,112.09143779586776,3299.525039894983,4344.212051851104
2460823.1194444443,-372.6509302220971,3343.152550387974,4296.209804126821
2460823.1201388887,-854.4193201851733,3360.0159164244187,4213.728304800697
2460823.120833333,-1329.36045495135,3349.97691835866,4097.424480727022
2460823.121527778,-1793.6738852734397,3313.1112990825613,3948.225232710449
2460823.1222222224,-2243.641947342403,3249.7085254367566,3767.320584626649
2460823.122916667,-2675.6592786073065,3160.2699404130676,3556.1548060771047
2460823.123611111,-3086.2616821277015,3045.5052827271343,3316.4155231773316
2460823.1243055556,-3472.154117591296,2906.3275578977446,3050.0208449615275
2460823.1256944444,-4157.634659306308,2559.358912304195,2445.999385074449
2460823.126388889,-4451.7133897457825,2354.3410792167674,2113.2186195775944
2460823.127083333,-4710.109365367405,2130.4346860307214,1763.4358861101198
2460823.1277777776,-4930.745634362693,1889.4349306542142,1399.46355000496
2460823.128472222,-5111.850279115488,1633.275752372063,1024.229727018919
2460823.129166667,-5251.971412125435,1364.014025018153,640.7541816934288
2460823.1298611113,-5349.989409672028,1083.8126083684808,252.12332904356887
2460823.1305555557,-5405.126226438383,794.9224255834092,-138.53540491850546
2460823.13125,-5416.951678137449,499.66375038670526,-528.0795973986923
2460823.1319444445,-5385.386623367023,200.40689980500338,-913.3779452654478
2460823.132638889,-5310.7030220060105,-100.44745905182702,-1291.336204808067
2460823.1333333333,-5193.520895356007,-400.48817960665644,-1658.9226861733694
2460823.1340277777,-5034.802259284661,-697.3134733137891,-2013.1930411897265
2460823.134722222,-4835.842142422946,-988.5505156980074,-2351.31410789421
2460823.1354166665,-4598.256840472269,-1271.8746283335481,-2670.586590853114
2460823.136111111,-4323.969586604027,-1545.027864841153,-2968.4663895585486
2460823.136805556,-4015.1938434756357,-1805.8368438673722,-3242.5844121584914
2460823.1375,-3674.4144359754428,-2052.2296955712413,-3490.764745644756
2460823.1381944446,-3304.3667545218123,-2282.252006554494,-3711.041080293228
2460823.138888889,-2908.0142578767636,-2494.081671109355,-3901.6713163597824
2460823.1395833334,-2488.5244981416613,-2686.042575900003,-4061.1503053122547
2460823.140277778,-2049.243886610831,-2856.6170592123926,-4188.220695874719
2460823.140972222,-1593.6713950627764,-3004.4571055648566,-4281.881876081507
2460823.1416666666,-1125.431383092762,-3128.3942413329037,-4341.397008415638
2460823.142361111,-648.2457172304516,-3227.448108678926,-4366.298165106332
2460823.1430555554,-165.90533911429748,-3300.8336962335916,-4356.3895703875605
2460823.14375,317.7585674519707,-3347.9672061112365,-4311.748956272627
2460823.144444444,798.9036788849814,-3368.4705372978638,-4232.727034811811
2460823.145138889,1273.7057595881686,-3362.1743596419465,-4119.945084660461
2460823.1458333335,1738.387876530976,-3329.119750977782,-3974.2906461225725
2460823.146527778,2189.249448774627,-3269.5583662153454,-3796.911316783471
2460823.1472222223,2622.694971067382,-3183.9511055663324,-3589.206639644758
2460823.1479166667,3035.262232652468,-3072.965249293607,-3352.8180800917826
2460823.148611111,3423.6498303859707,-2937.4700315836553,-3089.617100016179
2460823.1493055555,3784.743767686767,-2778.530631298763,-2801.691346288203
2460823.15,4115.642903252814,-2597.400570958299,-2491.328995139475
2460823.1506944443,4413.683008351927,-2395.512528626715,-2161.001313089416
2460823.1513888887,4676.459178951627,-2174.467587412045,-1813.343524440121
2460823.152083333,4901.84634880902,-1936.0229686469859,-1451.1341036234614
2460823.152777778,5088.017654513866,-1682.0783191087987,-1077.272641542351
2460823.1534722224,5233.460417888643,-1414.6606456919228,-694.7564619553128
2460823.154166667,5336.989527963561,-1135.9080216269567,-306.6562002717443
2460823.154861111,5397.758039376536,-848.0522047591381,83.90942932114633
2460823.1555555556,5415.264834087046,-553.4003364932355,473.79942256909413
2460823.15625,5389.359236914385,-254.31590515287783,859.8765639025654
2460823.1569444444,5320.2425194643065,46.80082832273849,1239.0335207051592
2460823.157638889,5208.466273693509,347.5327353195229,1608.2186769436794
2460823.158333333,5054.927683996572,645.4658435012187,1964.461434365402
2460823.1590277776,4860.861772085743,938.2092714647434,2304.8967235983428
2460823.159722222,4627.830729196256,1223.4148738420402,2626.7884866630957
2460823.160416667,4357.710492066778,1498.7964012166697,2927.5519075092025
2460823.1611111113,4052.674741342737,1762.1480067912269,3204.7742080361195
2460823.1618055557,3715.176531522846,2011.3619381397482,3456.2338422122807
2460823.1625,3347.927775053416,2244.4452775922346,3679.917957080878
2460823.1631944445,2953.876808561933,2459.5356163636316,3874.0380191973245
2460823.163888889,2536.184274195509,2654.9155641639677,4037.043528389319
2460823.1645833333,2098.1975436136554,2829.026015721139,4167.633765814519
2460823.1652777777,1643.4239017038633,2980.4781120597936,4264.7675429559595
2460823.165972222,1175.5027021520605,3108.0638448957,4327.670931272264
2460823.167361111,215.26262820515328,3287.7622701169926,4349.059316539104
2460823.168055556,-269.3784373854911,3338.438907062045,4307.373932396572
2460823.16875,-751.8713756405963,3362.388219950932,4231.118651390225
2460823.1694444446,-1228.3571942191074,3359.415554711658,4120.900782392414
2460823.170138889,-1695.0232757400604,3329.540326306149,3977.598654255773
2460823.1708333334,-2148.1333992177147,3272.9962068758587,3802.355132880702
2460823.171527778,-2584.0573601641245,3190.2297073932427,3596.569110746908
2460823.172222222,-2999.299986201629,3081.8971276627362,3361.8849809866083
2460823.1729166666,-3390.52933031527,2948.8598554043124,3100.1801194135114
2460823.173611111,-3754.603805126516,2792.1780062425687,2813.550417077637
2460823.1743055554,-4088.5980162222804,2613.1024082098943,2504.2939230511647
2460823.175,-4389.827035834171,2413.0649543902737,2174.8926876026535
2460823.175694444,-4655.868863142917,2193.6673652917925,1827.9929187131477
2460823.176388889,-4884.584817199643,1956.6684265941835,1466.3835967244947
2460823.1770833335,-5074.137620159874,1703.9697929988774,1092.9737222046613
2460823.177777778,-5223.0069496346505,1437.6004720821306,710.7683976602971
2460823.1784722223,-5330.002263664993,1159.7001277560387,322.84397163931817
2460823.1791666667,-5394.272736569267,872.5013650143411,-67.67750540608408
2460823.179861111,-5415.31418409304,578.3111743644016,-457.65425151280857
2460823.1805555555,-5392.972898665403,279.49173266993046,-843.9508736052592
2460823.18125,-5327.44636358085,-21.559234879501034,-1223.464362081809
2460823.1819444443,-5219.280861790763,-322.42832178411777,-1593.149687456246
2460823.1826388887,-5069.366040234793,-620.7063281818915,-1950.0447393705017
2460823.183333333,-4878.926536284052,-914.0079617071815,-2291.2943583042643
2460823.184027778,-4649.51080650697,-1199.991165286795,-2614.1732464679562
2460823.1847222224,-4382.977335569374,-1476.3758874843536,-2916.1075546481898
2460823.185416667,-4081.478423299765,-1740.9621396287964,-3194.6949836386843
2460823.186111111,-3747.441768871855,-1991.6471977045835,-3447.723261595665
2460823.1868055556,-3383.550077907794,-2226.4418318311637,-3673.1868928893227
2460823.1875,-2992.7189225261527,-2443.4854648839178,-3869.3020998110783
2460823.1881944444,-2578.0730814649933,-2641.060181607683,-4034.5199042013796
2460823.188888889,-2142.921570989856,-2817.6035307153466,-4167.537320527857
2460823.189583333,-1690.7315774407073,-2971.7200701579545,-4267.306642532729
2460823.1902777776,-1225.101471074695,-3102.1916254050125,-4333.042824642017
2460823.190972222,-749.7330810139202,-3207.986231244454,-4364.228960503631
2460823.191666667,-268.4033835252922,-3288.265737475119,-4360.619867796641
2460823.1923611113,215.06424457851588,-3342.392056453934,-4322.243785136258
2460823.1930555557,696.8290696068801,-3369.932031607711,-4249.402185060295
2460823.19375,1173.0622049762621,-3370.6609022563257,-4142.6677016708
2460823.1944444445,1639.975831527807,-3344.5643365196743,-4002.8801682205853
2460823.195138889,2093.8522896727104,-3291.839001403606,-3831.140756393826
2460823.1958333333,2531.0728837728525,-3212.8916360683943,-3628.804208363044
2460823.1965277777,2948.1462180900585,-3108.3365955280383,-3397.4691592369977
2460823.197222222,3341.7358759868807,-2978.991834251486,-3138.9665524494226
2460823.1979166665,3708.687229016371,-2825.873306007339,-2855.3461657135695
2460823.198611111,4046.053147476285,-2650.187766922863,-2548.8612829810636
2460823.199305556,4351.1183698743735,-2453.323983501368,-2221.9515708598556
2460823.2,4621.422281557709,-2236.8423643246633,-1877.2242422118436
2460823.2006944446,4854.779846582252,-2002.4630566473847,-1517.433620766465
2460823.201388889,5049.30044226148,-1752.052572314939,-1145.4592498729683
2460823.2020833334,5203.4043568087745,-1487.6090332272024,-764.282719748474
2460823.202777778,5315.836731431437,-1211.2461499465203,-376.96341324837
2460823.203472222,5385.6787531324935,-925.176073245878,13.38660145263946
2460823.2041666666,5412.355939225017,-631.6912826586796,403.6282792665977
2460823.204861111,5395.643396290163,-333.1456888714003,790.6216486709505
2460823.2055555554,5335.667977646826,-31.935149052897415,1171.2519256241555
2460823.20625,5232.907311446917,269.52240195148505,1542.45541817682
2460823.206944444,5088.185719716998,568.8069890616725,1901.2449434003565
2460823.207638889,4902.667091694711,863.5166003282269,2244.7345045192856
2460823.209027778,4415.528952226098,1429.810778474188,2874.9165767165805
2460823.2097222223,4117.830712910689,1696.8566082005764,3156.5499421852437
2460823.2104166667,3787.14463523926,1950.2866300130815,3412.8056162947523
2460823.211111111,3426.1284846369554,2188.073742025305,3641.631837113629
2460823.2118055555,3037.681224612637,2408.317521770835,3841.19850155518
2460823.2125,2624.919250932419,2609.2590616782886,4009.911228928974
2460823.2131944443,2191.151120468399,2789.294582228095,4146.42346771295
2460823.2138888887,1739.850996610601,2946.9877550248207,4249.64660721778
2460823.214583333,1274.6310203830224,3081.080683016923,4318.758072962737
2460823.215277778,799.2128055583771,3190.503494979525,4353.2073953279105
2460823.2159722224,317.39824152442907,3274.382519331579,4352.7202482545235
2460823.216666667,-166.9602196217056,3332.047005406608,4317.300457056103
2460823.217361111,-649.9896187165666,3363.0343620959184,4247.229975796884
2460823.2180555556,-1127.8267253515367,3367.093885061424,4143.066833732209
2460823.21875,-1596.6482797947112,3344.18894139723,4005.641049668417
2460823.2194444444,-2052.7010648919486,3294.4975812414546,3836.0485142256325
2460823.220138889,-2492.3316216069916,3218.411546077715,3635.6428426098864
2460823.220833333,-2912.0154039117765,3116.533646796123,3406.025209113428
2460823.2215277776,-3308.3851593210115,2989.673490023735,3149.0321841447603
2460823.222222222,-3678.2583037223208,2838.8415401914776,2866.7216107826666
2460823.222916667,-4018.663042163964,2665.241519902383,2561.3565820149606
2460823.2236111113,-4326.862988524451,2470.2611643693867,2235.3875972922724
2460823.2243055557,-4600.380023310684,2255.46136819308,1891.4330100541088
2460823.225,-4837.015134635734,2022.56378536765,1532.2579063996575
2460823.2256944445,-5034.866999561692,1773.4369659437755,1160.7515819220441
2460823.226388889,-5192.348078074926,1510.0811388452955,779.903814299727
2460823.2270833333,-5308.198017290117,1234.6117761272685,392.7801569641955
2460823.2277777777,-5381.494198637573,949.2420920101109,2.4964944248829806
2460823.228472222,-5411.659294855905,656.2646586843384,-387.80687082724205
2460823.2291666665,-5398.4657522534135,358.03232383120064,-774.991337453589
2460823.229861111,-5342.0371548850335,56.93864099001058,-1155.946043455055
2460823.230555556,-5242.846478066277,-244.6019835857287,-1527.6135578881094
2460823.23125,-5101.711283737455,-544.1742130904931,-1887.014956669866
2460823.2319444446,-4919.785953304451,-839.3815696959759,-2231.274039520492
2460823.232638889,-4698.551095121753,-1127.865891533559,-2557.6404566888145
2460823.2333333334,-4439.800293528601,-1407.326279908092,-2863.511550364648
2460823.234027778,-4145.624396960589,-1675.537368591178,-3146.4527344835674
2460823.234722222,-3818.3935585840873,-1930.3667727249967,-3404.216273831779
2460823.2354166666,-3460.737253472716,-2169.7915944854644,-3634.7583516346035
2460823.236111111,-3075.522504152468,-2391.913880761112,-3836.254340569131
2460823.2368055554,-2665.8305389319867,-2594.9749522866746,-4007.1122225002346
2460823.2375,-2234.9321008615952,-2777.3685395893385,-4145.984122020099
2460823.238194444,-1786.2616122506793,-2937.652676780178,-4251.7759368739635
2460823.238888889,-1323.3903874526347,-3074.5603154713817,-4323.655060650544
2460823.2395833335,-849.9990665404529,-3187.0086316941183,-4361.056202602794
2460823.240277778,-369.8494312787404,-3274.1070021099335,-4363.685311458805
2460823.2409722223,113.24424754735433,-3335.1636281707124,-4331.521610275019
2460823.2416666667,595.4441887699559,-3369.690786189707,-4264.817746829126
2460823.242361111,1072.9182724719806,-3377.4086794364107,-4164.09805914184
2460823.2430555555,1541.8692606872778,-3358.2478634453296,-4030.1549515723436
2460823.24375,1998.5639225663904,-3312.3502135228646,-3864.0433740297676
2460823.2444444443,2439.3619077618423,-3240.0684003558454,-3667.0733954578477
2460823.2451388887,2860.7441922973726,-3141.9638396799137,-3440.800867457637
2460823.245833333,3259.3409114148944,-3018.8030834923898,-3187.016178437399
2460823.246527778,3631.958366214134,-2871.5526275700804,-2907.731115028622
2460823.2472222224,3975.604982534749,-2701.372118331589,-2605.163860755718
2460823.247916667,4287.515979868195,-2509.605957007433,-2281.7221867525955
2460823.248611111,4565.17650201547,-2297.773315068778,-1939.9849120771837
2460823.2493055556,4806.342952296633,-2067.5565978788213,-1582.681743638397
2460823.2506944444,5171.688999449631,-1559.4371335085552,-832.9198033478532
2460823.251388889,5292.899638924411,-1285.5911526601742,-446.47369800680343
2460823.252083333,5371.704555177222,-1001.441982374177,-56.437977854638106
2460823.2527777776,5407.456811291295,-709.2663367839823,334.05108750480656
2460823.253472222,5399.858073416859,-411.4073856937963,721.851634843121
2460823.254166667,5348.961414481127,-110.25537021057383,1103.8423326553436
2460823.2548611113,5255.1709921426445,191.77221560064046,1476.9483442603496
2460823.2555555557,5119.23861057592,492.2506676205504,1838.166856113715
2460823.25625,4942.257222134734,788.7681275826731,2184.5919066071365
2460823.2569444445,4725.6514690461345,1078.9454454824836,2513.4382672394895
2460823.257638889,4471.16540289058,1360.4556535631066,2822.064151698156
2460823.2583333333,4180.847554709771,1631.0428673235258,3107.9925499325964
2460823.2590277777,3857.0335513415744,1888.5404504455748,3368.9310176191893
2460823.259722222,3502.326496079878,2130.888294926861,3602.789775591559
2460823.2604166665,3119.575338851776,2356.1490922003923,3807.698007766424
2460823.261111111,2711.851468350139,2562.52348793884,3982.0182703331657
2460823.261805556,2282.4237549453646,2748.364033812545,4124.358951516273
2460823.2625,1834.7322619882814,2912.1878675656144,4233.584742758186
2460823.2631944446,1372.3608456865168,3052.6880613089884,4308.825094388144
2460823.263888889,899.0088326633403,3168.7435974561145,4349.480647388542
2460823.2645833334,418.46196914795047,3259.4279317810024,4355.227634247772
2460823.265277778,-65.43718238207477,3324.0161117315183,4326.020248926663
2460823.265972222,-548.8192292169853,3361.990419382164,4262.090986065358
2460823.2666666666,-1027.818146590679,3373.044508428373,4163.9489494871505
2460823.267361111,-1498.6015253600629,3357.086004657735,4032.376128017808
2460823.2680555554,-1957.4006846382524,3314.237537597872,3868.421639327064
2460823.26875,-2400.5404709362033,3244.836172743483,3673.3939432495868
2460823.269444444,-2824.468543027059,3149.431215080427,3448.8510331121015
2460823.270138889,-3225.783926869956,3028.7803607653273,3196.5886254035154
2460823.2708333335,-3601.2646153003125,2883.844181370916,2918.6263806794773
2460823.271527778,-3947.893967069718,2715.778938671753,2617.192211551994
2460823.2722222223,-4262.885654741209,2525.92774322906,2294.704755303819
2460823.2729166667,-4543.706906206884,2315.8100880950924,1953.7541138376591
2460823.273611111,-4788.099780406379,2087.109814004791,1597.080997700549
2460823.2743055555,-4994.100230984376,1841.6615854126105,1227.554438044864
2460823.275,-5160.054729723507,1581.4359780120665,848.1482538964228
2460823.2756944443,-5284.634237702855,1308.523310596026,461.91650026243695
2460823.2763888887,-5366.84535106548,1025.1163711466459,71.96813540212665
2460823.277083333,-5406.038482331939,733.4922094995143,-318.5588333614594
2460823.277777778,-5401.912980582374,435.99318583678115,-706.5234541041866
2460823.2784722224,-5354.519140187929,135.00747972288224,-1088.807904726813
2460823.279166667,-5264.257095403213,-167.05073632353722,-1462.343269263335
2460823.279861111,-5131.872643687254,-467.76124419377095,-1824.1347448762501
2460823.2805555556,-4958.450086447912,-764.7176419864703,-2171.2860294609973
2460823.28125,-4745.402214934425,-1055.5469230463461,-2501.022660893525
2460823.2819444444,-4494.457604261,-1337.9285860232437,-2810.714101392569
2460823.282638889,-4207.645405675781,-1609.613108138258,-3097.8943907488497
2460823.283333333,-3887.2778486045568,-1868.4396316938187,-3360.2812205257464
2460823.2840277776,-3535.9306755828134,-2112.352736125192,-3595.7933132812564
2460823.284722222,-3156.4217390065114,-2339.41818812036,-3802.566018941988
2460823.285416667,-2751.787983516179,-2547.8375845650403,-3978.9650687108683
2460823.2861111113,-2325.2610402672813,-2735.961815822566,-4123.59844460949
2460823.2868055557,-1880.2416323661118,-2902.3033020328526,-4235.326349753287
2460823.2875,-1420.2729899459491,-3045.5469593162065,-4313.269270179882
2460823.2881944445,-949.0134517367228,-3164.559866442317,-4356.814132101513
2460823.288888889,-470.20841429458864,-3258.3996079231365,-4365.618561927789
2460823.2895833333,12.338219376244819,-3326.3212708567694,-4339.613255940141
2460823.2902777777,494.7929481078341,-3367.783073081761,-4279.002464747504
2460823.290972222,973.3218045299823,-3382.4505987265516,-4184.2625930011145
2460823.292361111,1903.4389099397963,-3331.117420708517,-3895.6403689031204
2460823.293055556,2347.6193381115286,-3265.5027474922977,-3704.032510787614
2460823.29375,2773.1157329189236,-3173.864085887937,-3482.828472676513
2460823.2944444446,3176.5263253737717,-3056.9164955455744,-3233.7780752413096
2460823.295138889,3554.619889623621,-2915.5768160908387,-2958.8550177560883
2460823.2958333334,3904.361938899346,-2750.9572762969256,-2660.2422006976176
2460823.296527778,4222.939677852215,-2564.3574954610963,-2340.315231907485
2460823.297222222,4507.785472804638,-2357.2548832934526,-2001.6241829327985
2460823.2979166666,4756.598575683245,-2131.2934731289206,-1646.8737058856254
2460823.298611111,4967.364854926553,-1888.2712385997363,-1278.9016371820585
2460823.2993055554,5138.374284647596,-1630.1259739947868,-900.6562543334893
2460823.3,5268.235964491078,-1358.9198416927327,-515.1723770378586
2460823.300694444,5355.890465506064,-1076.8227163713018,-125.54653249772832
2460823.301388889,5400.619329834527,-786.0944767712692,265.088575600904
2460823.3020833335,5402.051587835188,-489.0664205027598,653.5900315523504
2460823.302777778,5360.167200872534,-188.12199073351886,1036.830836010475
2460823.3034722223,5275.297383105151,114.32298150611953,1411.7259201292914
2460823.3041666667,5148.121802634688,415.840311824212,1775.2577734402485
2460823.304861111,4979.662709402361,714.009560205389,2124.5014166412316
2460823.3055555555,4771.276081298474,1006.4379853706452,2456.648469854844
2460823.30625,4524.63991939239,1290.7801569466315,2769.0300862325853
2460823.3069444443,4241.739857164159,1564.7570394948789,3059.1385455428826
2460823.3076388887,3924.8522783615335,1826.1743768545425,3324.647328217744
2460823.308333333,3576.525153454138,2072.9402290333082,3563.429525148665
2460823.309027778,3199.5568214425057,2303.0815286981956,3773.574462174123
2460823.3097222224,2796.972948451711,2514.759546556309,3953.402448741576
2460823.310416667,2372.0018877225193,2706.284176892599,4101.477587805277
2460823.311111111,1928.0486709204397,2876.126965132918,4216.6185996520235
2460823.3118055556,1468.667835878023,3022.9328222239383,4297.907636789099
2460823.3125,997.5352991883527,3145.5303745444444,4344.697073297091
2460823.3131944444,518.4194577419161,3242.940912149413,4356.614264785793
2460823.313888889,35.15170212951984,3314.3858997481525,4333.564276916193
2460823.314583333,-448.40348988898523,3359.293019678324,4275.730583129771
2460823.3152777776,-928.3787108165207,3377.300715235481,4183.573731024659
2460823.315972222,-1400.933861639227,3368.26120274673,4057.8279768670664
2460823.316666667,-1862.2862999336987,3332.241920284532,3899.495887081312
2460823.3173611113,-2308.740712604639,3269.5253804746803,3709.840908360432
2460823.3180555557,-2736.71851740445,3180.6073971516835,3490.3779136796725
2460823.31875,-3142.786581397305,3066.193660456479,3242.8617419191087
2460823.3194444445,-3523.6850330976395,2927.194641978483,2969.2737611145517
2460823.320138889,-3876.3539249816067,2764.718824329612,2671.806507364344
2460823.3208333333,-4197.9584979347765,2580.0642637621672,2352.8464717643087
2460823.3215277777,-4485.912789894427,2374.708513879985,2014.955135823648
2460823.322222222,-4737.901332594293,2150.296959487394,1660.8483831877945
2460823.3229166665,-4951.898684685626,1908.629635581204,1293.3744485173115
2460823.323611111,-5126.18656953594,1651.6466271131205,915.490586481675
2460823.324305556,-5259.368401242042,1381.4121762170078,530.2386805618623
2460823.325,-5350.381018662448,1100.0976419976423,140.7200263685046
2460823.3256944446,-5398.503480155603,809.963481709118,-249.9304530699337
2460823.326388889,-5403.362813976463,513.3404409089828,-638.5702886061304
2460823.3270833334,-5364.936665408165,212.61015057498517,-1022.075569158863
2460823.327777778,-5283.5528276360255,-89.81465985718957,-1397.3667919479794
2460823.328472222,-5159.885691144069,-391.5101221784543,-1761.434190288425
2460823.3291666666,-4994.9496913757275,-690.0611534823917,-2111.362285106902
2460823.329861111,-4790.089874236453,-983.0811453364274,-2444.3534275345924
2460823.3305555554,-4546.969737477088,-1268.2312260390215,-2757.7501185041397
2460823.33125,-4267.556531343463,-1543.2389273310619,-3049.05592775267
2460823.331944444,-3954.1042274177616,-1805.9160989366674,-3315.954856435878
2460823.332638889,-3609.134375710975,-2054.1759396041375,-3556.3290233600032
2460823.334027778,-2835.9383080513,-2499.6982890137965,-3950.1157982303475
2460823.3347222223,-2413.895786060447,-2693.432744425037,-4100.4172628827955
2460823.3354166667,-1972.6536408659001,-2865.7201216948815,-4217.99418875768
2460823.336111111,-1515.7260312615233,-3015.198148998887,-4301.92081238975
2460823.3368055555,-1046.7479206835096,-3140.6845816662512,-4351.536885304804
2460823.3375,-569.4471677232488,-3241.1859074822196,-4366.452266794167
2460823.3381944443,-87.61608207113242,-3315.90471257216,-4346.549625449947
2460823.3388888887,394.91740819705984,-3364.2456840579594,-4291.985254255729
2460823.339583333,874.3188387756549,-3385.820225037722,-4203.188001339885
2460823.340277778,1346.7764084159464,-3380.4496544190383,-4080.856312620178
2460823.3409722224,1808.5301447474735,-3348.1669592489893,-3925.9533804351454
2460823.341666667,2255.900889896206,-3289.2170655337054,-3739.7003890627466
2460823.342361111,2685.3189392889203,-3204.055590652281,-3523.567849153324
2460823.3430555556,3093.3521416070635,-3093.3460440322247,-3279.265024168007
2460823.34375,3476.7332716469714,-2957.955443815527,-3008.727452739391
2460823.3444444444,3832.3864457572545,-2798.9483287645144,-2714.102596647368
2460823.345138889,4157.452349159218,-2617.579154983975,-2397.7336581598342
2460823.345833333,4449.31202751646,-2415.2830834203955,-2062.141636499003
2460823.3465277776,4705.608989502866,-2193.665182739503,-1710.0057192339482
2460823.347222222,4924.269362193912,-1954.4880981905535,-1344.142139783698
2460823.347916667,5103.519855357979,-1699.658257458242,-967.4816553863367
2460823.3486111113,5241.903301416694,-1431.210711235867,-583.045832060276
2460823.3493055557,5338.291559440921,-1151.292734434329,-193.92235436886364
2460823.35,5391.8956049790195,-862.1463349595515,196.76040323751894
2460823.3506944445,5402.272662733999,-566.0898386175545,585.8592873580998
2460823.351388889,5369.330280384502,-265.498737870591,970.2424880206056
2460823.3520833333,5293.3272881225275,37.213994026353056,1346.8155950238881
2460823.3527777777,5174.87163506447,339.6179172688635,1712.5473159738115
2460823.353472222,5014.915141401365,639.2852528779767,2064.494583483403
2460823.3541666665,4814.745247893736,933.8109186066052,2399.826803121639
2460823.354861111,4575.973887984718,1220.8322673659804,2715.8490022798414
2460823.355555556,4300.523640438931,1498.0483418512724,3010.023673609304
2460823.35625,3990.611350815758,1763.2384704125525,3279.991128863522
2460823.3569444446,3648.7294293997684,2014.2800502418481,3523.5882112239656
2460823.357638889,3277.625052340364,2249.1653794261433,3738.8652392966515
2460823.3583333334,2880.277488911579,2466.0174278607246,3924.1010925328906
2460823.359027778,2459.8737912939573,2663.1044459773484,4077.816363306409
2460823.359722222,2019.7830656317572,2838.8533371457843,4198.784532174472
2460823.3604166666,1563.5295419894098,2991.861729069815,4286.041135390201
2460823.361111111,1094.7646437985036,3120.90869474231,4338.890909804508
2460823.3618055554,617.2382529310196,3224.9640797751726,4356.912907575198
2460823.3625,134.76934324947962,3303.196402665763,4339.963580120229
2460823.363194444,-348.78383676332027,3354.979292889647,4288.177830380417
2460823.363888889,-829.5538709090579,3379.89643666111,4201.968033964509
2460823.3645833335,-1303.6943992531178,3377.744997191992,4082.021028304136
2460823.365277778,-1767.4102910836593,3348.537476716738,3929.293068230607
2460823.3659722223,-2216.9875795544795,3292.501986935921,3745.0027502178664
2460823.3666666667,-2648.8229717047316,3210.080896014955,3530.621909286012
2460823.367361111,-3059.452717088373,3101.9278251880955,3287.8645067056414
2460823.3680555555,-3445.5806211943936,2968.902973233532,3018.6735331119567
2460823.36875,-3804.1049580880267,2812.066760231897,2725.2059771000986
2460823.3694444443,-4132.144035846138,2632.6717957037927,2409.8159279702604
2460823.3701388887,-4427.060160877287,2432.1531929190073,2075.0359053997245
2460823.370833333,-4686.481739592545,2212.1172754046615,1723.556542691256
2460823.371527778,-4908.323268032179,1974.328742693817,1358.2047748812226
2460823.3722222224,-5090.8029698874325,1720.6963886503258,981.9207149027496
2460823.372916667,-5232.457865380497,1453.2574904330327,597.7334276800898
2460823.373611111,-5332.156081512395,1174.1610111988596,208.73583751926168
2460823.3743055556,-5389.106250711006,885.6497784056234,-181.94098071141605
2460823.3756944444,-5373.33464360395,289.71109040900166,-955.7736231055846
2460823.376388889,-5300.774518132565,-12.932324096185948,-1332.7110830279437
2460823.377083333,-5185.786882272098,-315.4621084041784,-1698.942398832307
2460823.3777777776,-5029.316556497548,-615.4557219563943,-2051.5338239842126
2460823.378472222,-4832.640952401321,-910.5141798280171,-2387.6654341072945
2460823.379166667,-4597.358462359787,-1198.2814586283955,-2704.653676544678
2460823.3798611113,-4325.374273427399,-1476.4633444003732,-2999.972545473134
2460823.3805555557,-4018.8838058132765,-1742.8455678129865,-3271.2732285850525
2460823.38125,-3680.3539997912007,-1995.3110833552694,-3516.402092117602
2460823.3819444445,-3312.5026713969532,-2231.8563823089276,-3733.416913509381
2460823.382638889,-2918.276169255254,-2450.6067385399865,-3920.6012863893784
2460823.3833333333,-2500.825552006436,-2649.8303129379665,-4076.477154811292
2460823.3840277777,-2063.481497691284,-2827.951056620771,-4199.815450760876
2460823.384722222,-1609.7281457680112,-2983.560366196637,-4289.644823946371
2460823.3854166665,-1143.1760507400056,-3115.4274580114957,-4345.25846561776
2460823.386111111,-667.5344168896431,-3222.50843243926,-4366.21903138985
2460823.386805556,-186.58277113563904,-3303.954003806331,-4352.361670888215
2460823.3875,295.85778772392314,-3359.1158741269023,-4303.795170624938
2460823.3881944446,775.953617317922,-3387.551724107806,-4220.901212091202
2460823.388888889,1249.8877074305797,-3389.0287947950983,-4104.331742712137
2460823.3895833334,1713.8888566458625,-3363.5260272841224,-3955.004453412857
2460823.390277778,2164.260701017352,-3311.234725956702,-3774.0963544673095
2460823.390972222,2597.41043125306,-3232.5577084140414,-3563.035441976482
2460823.3916666666,3009.8770168159435,-3128.1069061402227,-3323.490453165567
2460823.392361111,3398.3587393764433,-2998.6993836843385,-3057.3587179047863
2460823.3930555554,3759.739820645664,-2845.351750907445,-2766.752127486792
2460823.39375,4091.1159085754957,-2669.27295583595,-2453.981264391015
2460823.394444444,4389.8181806955345,-2471.855458336687,-2121.53775508727
2460823.395138889,4653.435806377429,-2254.6648073865513,-1772.0749419681401
2460823.3958333335,4879.836515868437,-2019.4276638453334,-1408.3869941984926
2460823.396527778,5067.185026519436,-1768.0183350975608,-1033.3866085760437
2460823.3972222223,5213.959087700164,-1502.4439163020502,-650.081485660582
2460823.3979166667,5318.962930852802,-1224.8281565105312,-261.54979062775226
2460823.398611111,5381.337939439394,-937.3941905391324,129.08516954256314
2460823.3993055555,5400.5703865194655,-642.4463045764011,518.6807941492706
2460823.4,5376.496131544569,-342.35091764199495,904.1012964863122
2460823.4006944443,5309.30221122656,-39.51697756939421,1282.2437949130103
2460823.4013888887,5199.525307104634,263.6240196041239,1650.0641096321913
2460823.402083333,5048.047118093022,564.6381786942203,2004.6019997587064
2460823.402777778,4856.086713999337,861.1093070325124,2343.00557698579
2460823.4034722224,4625.189984309252,1150.6587706272621,2662.5546645824056
2460823.404166667,4357.216336871164,1430.9649076573949,2960.6828816121097
2460823.404861111,4054.322826311635,1699.7818260102092,3234.99826957715
2460823.4055555556,3718.9459197109495,1954.9574219964245,3483.3022992798537
2460823.40625,3353.7811191740457,2194.450481895859,3703.6071309014587
2460823.4069444444,2961.760668492325,2416.3467471758763,3894.151027573652
2460823.407638889,2546.0295746049023,2618.873842241988,4053.411847556539
2460823.408333333,2109.9201689410356,2800.4149830575843,4180.11856464206
2460823.4090277776,1656.9254238273475,2959.521401062082,4273.260785362906
2460823.409722222,1190.6712286741401,3094.9234288573075,4332.096245050621
2460823.410416667,714.8878211014887,3205.5402031375793,4356.156274354847
2460823.4111111113,233.3805529732693,3290.4879482899237,4345.249234447949
2460823.4118055557,-249.99983347368018,3349.08680627996,4299.461920700148
2460823.4125,-731.3872544716282,3380.8661806853975,4219.158934752605
2460823.4131944445,-1206.9304855823723,3385.5685611403114,4104.9800246090035
2460823.413888889,-1672.823348968639,3363.1517952430495,3957.8353913178385
2460823.4145833333,-2125.3347032827733,3313.7897734016237,3778.89896323263
2460823.4152777777,-2560.83804907946,3237.8714935584776,3569.599641605828
2460823.415972222,-2975.840540007861,3135.998476402739,3331.6105319767416
2460823.417361111,-3731.2079789028044,2857.829699250888,2777.3979046328927
2460823.418055556,-4065.5038004705975,2683.752854123374,2465.61714068529
2460823.41875,-4367.21067151903,2488.1421823428805,2133.997140385942
2460823.4194444446,-4633.902274358163,2272.564377230322,1785.2028900742778
2460823.420138889,-4863.434376989766,2038.7481345794745,1422.039551091992
2460823.4208333334,-5053.96296039479,1788.5701928461754,1047.4295440373014
2460823.421527778,-5203.959815791005,1524.0400122102108,664.3884961503809
2460823.422222222,-5312.225420506416,1247.2832267987508,276.0002772097795
2460823.4229166666,-5377.89892956644,960.5240308811515,-114.6086236584757
2460823.423611111,-5400.465161240209,666.0666795812309,-504.2951128330585
2460823.4243055554,-5379.758499946829,366.2762997676922,-889.9256232763296
2460823.425,-5315.963685689566,63.55921219841222,-1268.4020910610172
2460823.425694444,-5209.61350623797,-239.65701709165072,-1636.6874964558476
2460823.426388889,-5061.583454376712,-540.943592370188,-1991.8307187220528
2460823.4270833335,-4873.083455505142,-837.8903610524258,-2330.990456775532
2460823.427777778,-4645.646808458644,-1128.1253509793576,-2651.4579991129244
2460823.4284722223,-4381.116514204085,-1409.333791632031,-2950.678650366636
2460823.4291666667,-4081.6291903484707,-1679.276458059174,-3226.27165275334
2460823.429861111,-3749.5967901559266,-1935.8071923478233,-3476.048466928946
2460823.4305555555,-3387.6863478889545,-2176.889484957765,-3698.0293135720062
2460823.43125,-2998.797981171793,-2400.612012185057,-3890.4578977944166
2460823.4319444443,-2586.0413696191904,-2605.2030517311546,-4051.814269528793
2460823.4326388887,-2152.710927392033,-2789.04371030104,-4180.825788693253
2460823.433333333,-1702.2598658043933,-2950.6799171237635,-4276.476184950023
2460823.434027778,-1238.273332784954,-3088.8331447687697,-4338.012709608644
2460823.4347222224,-764.4408027408305,-3202.409826928684,-4364.951384901144
2460823.435416667,-284.5278656922385,-3290.509450398207,-4357.080359466573
2460823.436111111,197.6524292950199,-3352.431294606755,-4314.461375332425
2460823.4368055556,678.2685462189314,-3387.6797958653474,-4237.429350082433
2460823.4375,1153.4996062659388,-3395.968506778765,-4126.590072322333
2460823.4381944444,1619.5645658773972,-3377.2226198690246,-3982.8160050995007
2460823.438888889,2072.7512825500858,-3331.5800199861715,-3807.240188041055
2460823.439583333,2509.445300174781,-3259.3908285457674,-3601.2482325924707
2460823.4402777776,2926.1581866725983,-3161.2154018105807,-3366.468403580077
2460823.440972222,3319.555218885085,-3037.8207499832365,-3104.7597962363093
2460823.441666667,3686.482209923135,-2890.1753484456763,-2818.198624157682
2460823.4423611113,4023.9912417829014,-2719.442325991017,-2509.0626600470187
2460823.4430555557,4329.36506561965,-2526.9710261087334,-2179.8138863139266
2460823.44375,4600.139912879616,-2314.286958706788,-1833.0794456908004
2460823.4444444445,4834.126463241043,-2083.0801795426137,-1471.6310075172717
2460823.445138889,5029.428717107853,-1835.19215984941,-1098.3626978301875
2460823.4458333333,5184.460534609635,-1572.601231803248,-716.2677678747484
2460823.4465277777,5297.959618692974,-1297.4067262696597,-328.41421157547967
2460823.447222222,5368.998753276478,-1011.8119369013825,62.08044335641384
2460823.4479166665,5396.994136164373,-718.1060748234898,452.07491434075587
2460823.448611111,5381.71069021741,-418.6453923491445,838.4302494904067
2460823.449305556,5323.264278991681,-115.83367334397455,1218.0359425433194
2460823.45,5222.1207998378895,187.89770643286164,1587.8358044164456
2460823.4506944446,5079.092174901112,490.1099336492355,1944.8533150389596
2460823.451388889,4895.329306228824,788.3769174584991,2286.2161989899478
2460823.4520833334,4672.312102535948,1080.3052499615796,2609.1799835141373
2460823.452777778,4411.836724735502,1363.5537694108298,2911.1503173956917
2460823.453472222,4116.0002258006425,1635.8525475994493,3189.703861234678
2460823.4541666666,3787.182787466273,1895.0211357559647,3442.6075833694013
2460823.454861111,3428.0277703450697,2138.985926033827,3667.8363291351543
2460823.4555555554,3041.419804681439,2365.7965038120196,3863.5885578426555
2460823.45625,2630.4611517852413,2573.640886053801,4028.3001691191216
2460823.456944444,2198.446559670923,2760.859561070322,4160.656365278241
2460823.457638889,1748.8368349895668,2925.958257836771,4259.601513186887
2460823.459027778,811.3395502297224,3184.7121390638567,4354.376989308945
2460823.4597222223,330.95205717192505,3276.3010961317937,4349.452320325737
2460823.4604166667,-152.0891549721562,3341.653500693057,4309.6121433791595
2460823.461111111,-633.9206401134057,3380.244967708674,4235.173697345005
2460823.4618055555,-1110.6876715737922,3391.763714955512,4126.72998563144
2460823.4625,-1578.5744363456322,3376.1132411140484,3985.1454299690754
2460823.4631944443,-2033.8340694780209,3333.4134215387544,3811.5494914116684
2460823.4638888887,-2472.818344473521,3263.999987861039,3607.3282616398874
2460823.464583333,-2892.0068149902386,3168.422359908804,3374.1140361965386
2460823.465277778,-3288.035190192088,3047.439804530742,3113.7728929069053
2460823.4659722224,-3657.7227094033724,2902.01590586929,2828.390316484305
2460823.466666667,-3998.09827294335,2733.31134374399,2520.2549288891964
2460823.467361111,-4306.425072414632,2542.6749947861026,2191.8404124502313
2460823.4680555556,-4580.223462996136,2331.6333906094346,1845.785738941007
2460823.46875,-4817.291822341413,2101.878590370711,1484.8738475914618
2460823.4694444444,-5015.725150724515,1855.2545502367132,1112.0089452785805
2460823.470138889,-5173.931186346012,1593.7420966829259,730.1926288549329
2460823.470833333,-5290.643834153495,1319.4426362955548,342.49905656587526
2460823.4715277776,-5364.933739649919,1034.5607587066856,-47.95058219396095
2460823.472222222,-5396.215879226101,741.3859069774126,-438.01403717022447
2460823.472916667,-5384.2540802233225,442.2733091472445,-824.5541317937888
2460823.4736111113,-5329.162431255881,139.62437375577076,-1204.4647867430685
2460823.4743055557,-5231.40359042158,-164.13323819092372,-1574.6966569654542
2460823.475,-5091.7840449849555,-466.5656562919963,-1932.28212353471
2460823.4756944445,-4911.446419473029,-765.2527501043228,-2274.3593924692887
2460823.476388889,-4691.858968862796,-1057.807786910245,-2598.195476889068
2460823.4770833333,-4434.80242479166,-1341.8966160075472,-2901.2078675829557
2460823.4777777777,-4142.354390174963,-1615.2562116009638,-3180.984722253989
2460823.478472222,-3816.871494924207,-1875.7124281350364,-3435.303436562714
2460823.4791666665,-3460.969537246057,-2121.1968414271155,-3662.1474887283894
2460823.479861111,-3077.5018348772724,-2349.7625724464824,-3859.721480324735
2460823.480555556,-2669.5360153394654,-2559.5990049049433,-4026.46431622179
2460823.48125,-2240.329452437374,-2749.0453347006755,-4161.0604964036465
2460823.4819444446,-1793.3035594008184,-2916.6028943859474,-4262.449500392773
2460823.482638889,-1332.0171214647658,-3060.946215958062,-4329.833264394011
2460823.4833333334,-860.1388411767547,-3180.932799709146,-4362.681754838256
2460823.484027778,-381.4192567986481,-3275.611562170585,-4360.736645621882
2460823.484722222,100.3378201292585,-3344.22993915662,-4324.013106411673
2460823.4854166666,581.3042098111143,-3386.239618597995,-4252.799705445158
2460823.486111111,1057.6564720172955,-3401.300874522558,-4147.65642607364
2460823.4868055554,1525.605078879395,-3389.28547092885,-4009.4107921407576
2460823.4875,1981.4235065265439,-3350.278100147908,-3839.1520938960093
2460823.488194444,2421.4770854756634,-3284.5763178513316,-3638.2237065899785
2460823.488888889,2842.251436584545,-3192.688936541756,-3408.21349703523
2460823.4895833335,3240.3802999786485,-3075.332841890891,-3150.942322088508
2460823.490277778,3612.6725483942596,-2933.428201795404,-2868.45063475835
2460823.4909722223,3956.1381554218183,-2768.0920487847548,-2562.9832336625473
2460823.4916666667,4268.012880173569,-2580.630228515271,-2236.9722101191664
2460823.492361111,4545.781411761943,-2372.5277282325264,-1893.018179893081
2460823.4930555555,4787.198723880324,-2145.43741479963,-1533.8699055353288
2460823.49375,4990.30938024396,-1901.167242466442,-1162.4024577017383
2460823.4944444443,5153.464553324694,-1641.6660089405884,-781.5940820542176
2460823.4951388887,5275.336529220974,-1369.0077696948115,-394.5019762738232
2460823.495833333,5354.930501754475,-1085.375042914514,-4.237202779076761
2460823.496527778,5391.593490889291,-793.0409609586195,386.0610154004432
2460823.4972222224,5385.020259301532,-494.3505477455653,773.2513479078065
2460823.497916667,5335.2561457482525,-191.70131047425048,1154.2164919993518
2460823.498611111,5242.69677866253,112.47664371408615,1525.8891045373744
2460823.4993055556,5108.0846815931845,415.74076006977117,1885.277264860027
2460823.5006944444,4717.365248474546,1009.8161019642773,2555.7570396016063
2460823.501388889,4464.404819432043,1295.8608703537705,2861.4593504308255
2460823.502083333,4175.65842263426,1571.497755679755,3144.142293794093
2460823.5027777776,3853.4496533629626,1834.5191122677484,3401.539199013754
2460823.503472222,3500.369304863692,2082.8200508939417,3631.5884354834266
2460823.504166667,3119.2538476847717,2314.4150710576987,3832.4494684811057
2460823.5048611113,2713.1621377575334,2527.4536021045888,4002.5170141981075
2460823.5055555557,2285.350573652699,2720.234367263651,4140.433239500253
2460823.50625,1839.2469264425072,2891.218494140728,4245.097965580963
2460823.5069444445,1378.4230506512872,3039.041313168284,4315.676854516636
2460823.507638889,906.5666690399032,3162.522796948217,4351.607568762655
2460823.5083333333,427.4524213698383,3260.6765975551507,4352.603898449894
2460823.5090277777,-55.08765029255067,3332.7176466544147,4318.657856794573
2460823.509722222,-537.1940086791489,3378.0682834889467,4250.039743629819
2460823.5104166665,-1015.00975554833,3396.3628767867717,4147.2961765993805
2460823.511111111,-1484.7108224292813,3387.450905256929,4011.2460889231297
2460823.511805556,-1942.5360419643723,3351.3984611274077,3842.9746936075935
2460823.5125,-2384.816914647693,3288.488141362885,3643.825416634418
2460823.5131944446,-2808.00686923516,3199.2172936493516,3415.389809368422
2460823.513888889,-3208.709802123541,3084.294589653998,3159.4954612047472
2460823.5145833334,-3583.707665978114,2944.63490642672,2878.1919487793916
2460823.515277778,-3929.986861175614,2781.3525104862483,2573.7348807881713
2460823.515972222,-4244.763181105714,2595.7525529391733,2248.5681166050736
2460823.5166666666,-4525.505047613417,2389.3209073377525,1905.3042716291106
2460823.517361111,-4769.954784660931,2163.712400523488,1546.7036435800333
2460823.5180555554,-4976.147679913969,1920.737514164018,1175.651729395401
2460823.51875,-5142.428603334244,1662.3476598584662,795.1355299383146
2460823.519444444,-5267.465977868624,1390.6191533759632,408.2188621513694
2460823.520138889,-5350.26292525254,1107.736041634197,18.016927103809
2460823.5208333335,-5390.165451517376,815.9719517571018,-372.3296085157798
2460823.521527778,-5386.867576344707,517.6711555588745,-759.680739407036
2460823.5222222223,-5340.413358858079,215.22904636471938,-1140.9231875080932
2460823.5229166667,-5251.195817496715,-88.92775631998525,-1512.9961248341094
2460823.523611111,-5119.952789595541,-392.36146693733525,-1872.9162946774024
2460823.5243055555,-4947.759819915548,-692.6431475289611,-2217.8022788634953
2460823.525,-4736.020206328989,-987.3724771699109,-2544.8976864286806
2460823.5256944443,-4486.45236689065,-1274.1970874838316,-2851.5930589237782
2460823.5263888887,-4201.074716572572,-1550.8312968979133,-3135.446322841113
2460823.527083333,-3882.1882659545972,-1815.0740890571408,-3394.2016426659266
2460823.527777778,-3532.3571617687057,-2064.8262075490416,-3625.8065649673604
2460823.5284722224,-3154.3873948121454,-2298.1062571729058,-3828.427369269488
2460823.529166667,-2751.3039040398285,-2513.065719348679,-4000.4625653294333
2460823.529861111,-2326.326288081296,-2708.0028147234525,-4140.554505370396
2460823.5305555556,-1882.8433316172736,-2881.375155500214,-4247.59909160186
2460823.53125,-1424.3865359075837,-3031.8111455793646,-4320.753575185096
2460823.5319444444,-954.6028291429781,-3158.1200948447645,-4359.442450160753
2460823.532638889,-477.2266175097851,-3259.3010199752066,-4363.361449912529
2460823.533333333,3.94867650921259,-3334.550106944783,-4332.479653474959
2460823.5340277776,485.09944606670524,-3383.2668087032157,-4267.039705593844
2460823.534722222,962.4009642970909,-3405.0585500221514,-4167.5561509845475
2460823.535416667,1432.056545575616,-3399.7440081635764,-4034.8118780392037
2460823.5361111113,1890.3266555326793,-3367.354933599852,-3869.852664677281
2460823.5368055557,2333.5578159261395,-3308.1364727939585,-3673.9798176301665
2460823.5375,2758.2111324866387,-3222.5459537009992,-3448.740899608548
2460823.5381944445,3160.8902551237,-3111.2500972074267,-3195.918547408172
2460823.538888889,3538.3685677355043,-2975.120621822344,-2917.5173929928633
2460823.5395833333,3887.6153795364503,-2815.228219190063,-2615.749120193376
2460823.5402777777,4205.820879941037,-2632.8348904610075,-2293.015709028291
2460823.540972222,4490.419606213252,-2429.3846508450833,-1951.890946006929
2460823.542361111,4949.884974995673,-1965.9326208045015,-1225.4993503681753
2460823.543055556,5121.027720695716,-1709.6231489129768,-846.0507851082632
2460823.54375,5251.148396583011,-1439.6121729304234,-459.8004154234405
2460823.5444444446,5339.185631549435,-1158.060534063416,-69.85217681749651
2460823.545138889,5384.418184221432,-867.2243162603338,320.6574816355725
2460823.5458333334,5386.4714570908645,-569.4362812067192,708.5856180689162
2460823.546527778,5345.32093931807,-267.0865776876264,1090.8089364031464
2460823.547222222,5261.292535528778,37.39707961036394,1464.2497767201703
2460823.5479166666,5135.059781873237,341.5695469830404,1825.9016773873986
2460823.548611111,4967.637998975111,642.9884922670767,2172.8542453876407
2460823.5493055554,4760.375474521961,939.2345305098352,2502.3170871242573
2460823.55,4514.941805940966,1227.931055808859,2811.642574341296
2460823.550694444,4233.313572312651,1506.7635764133042,3098.347237886808
2460823.551388889,3917.7575224072507,1773.498388674462,3360.131623793791
2460823.5520833335,3570.8114970503507,2026.0004290834995,3594.8984594600006
2460823.552777778,3195.2633029852077,2262.2501780330404,3800.7690224128455
2460823.5534722223,2794.127771123539,2480.359497658564,3976.0976201540293
2460823.5541666667,2370.6222238898563,2678.586311838398,4119.484121299425
2460823.554861111,1928.1405705287168,2855.348051756014,4229.784497104904
2460823.5555555555,1470.2262429170235,3009.233803288165,4306.119347920937
2460823.55625,1000.5441700427616,3139.015105791465,4347.88040287101
2460823.5569444443,522.8519768703493,3243.655359871259,4354.734988260882
2460823.5576388887,40.970584755802264,3322.317806027341,4326.628463512544
2460823.558333333,-441.24561396111443,3374.3720383919745,4263.784625061735
2460823.559027778,-919.9388468065084,3399.3990195973734,4166.70407748042
2460823.5597222224,-1391.2781386236868,3397.1945597414656,4036.160571848539
2460823.560416667,-1851.489413137273,3367.7712243325686,3873.1953092729414
2460823.561111111,-2296.885324543242,3311.358633978659,3679.10921320448
2460823.5618055556,-2723.894627385611,3228.402121789972,3455.453177830987
2460823.5625,-3129.0908692812463,3119.5597187533463,3204.0163120989705
2460823.5631944444,-3509.2201795924148,2985.6974454478604,2926.812212981174
2460823.563888889,-3861.2279114218136,2827.8829005837424,2626.063322105258
2460823.564583333,-4182.283886748916,2647.377151298373,2304.1834412252365
2460823.5652777776,-4469.805982514503,2445.624952005525,1963.7585141138657
2460823.565972222,-4721.481805593805,2224.2433362186953,1607.5258029753293
2460823.566666667,-4935.288201433901,1985.0086553652275,1238.35162693345
2460823.5673611113,-5109.5083649365015,1729.8421594375716,859.2078507712969
2460823.5680555557,-5242.746339296862,1460.794244472078,473.1473464603867
2460823.56875,-5333.938724547996,1180.0275091828084,83.27866250534709
2460823.5694444445,-5382.363447707462,889.7987937814138,-307.25983244540345
2460823.570138889,-5387.645494211818,592.4403847668831,-695.3260645375067
2460823.5708333333,-5349.759542493526,290.34058488683814,-1077.800352590637
2460823.5715277777,-5269.029491225031,-14.076139185621408,-1451.6112089740666
2460823.572222222,-5146.124916165013,-318.3692231033986,-1813.7605817609506
2460823.5729166665,-4982.054537320501,-620.1020734096992,-2161.348283908953
2460823.573611111,-4778.15681918991,-916.8619350740437,-2491.5953771524905
2460823.574305556,-4536.087858788199,-1206.2793716002218,-2801.8663087343643
2460823.575,-4257.80674919488,-1486.0471786518883,-3089.6896174742237
2460823.5756944446,-3945.558624241765,-1753.9385781825838,-3352.777064331461
2460823.576388889,-3601.855603014082,-2007.8245585502134,-3589.0410703032016
2460823.5770833334,-3229.4558612648316,-2245.690244914781,-3796.610371546617
2460823.577777778,-2831.341054369,-2465.650206740427,-3973.843830591906
2460823.578472222,-2410.69230796364,-2665.9626284801157,-4119.342365719551
2460823.5791666666,-1970.8649851414116,-2845.0422834138476,-4231.958977136057
2460823.579861111,-1515.362421330502,-3001.472266348191,-4310.8068646206175
2460823.5805555554,-1047.80880528845,-3134.0144492572135,-4355.265639041732
2460823.58125,-571.9213654845736,-3241.618631670367,-4364.985635101828
2460823.581944444,-91.48201905821891,-3323.4303575089907,-4339.890331957491
2460823.582638889,389.6913823470868,-3378.797374419587,-4280.176887607217
2460823.584027778,1338.9634923378874,-3408.6283050490574,-4059.0426014973823
2460823.5847222223,1799.5084497798382,-3382.8372539881557,-3899.362849505733
2460823.5854166667,2245.738033462121,-3330.0944713435674,-3708.5349541699743
2460823.586111111,2674.0902403502105,-3250.805886844978,-3488.0662879463794
2460823.5868055555,3081.140056273118,-3145.58804494227,-3239.7013062796887
2460823.5875,3463.6268090371377,-3015.2641034624726,-2965.408782278986
2460823.5881944443,3818.4805724945377,-2860.858200653613,-2667.367168149898
2460823.5888888887,4142.847378386162,-2683.588179213738,-2347.948136283832
2460823.589583333,4434.112994268256,-2484.856667759708,-2009.6983683701083
2460823.590277778,4689.92500576755,-2266.240545055195,-1655.3196990219974
2460823.5909722224,4908.212951242315,-2029.4788316320198,-1287.6477430121863
2460823.591666667,5087.206259434049,-1776.4590810761379,-909.6291704453207
2460823.592361111,5225.449759886386,-1509.2023660040077,-524.2978183679685
2460823.5930555556,5321.816554928594,-1229.846984294945,-134.74986153523216
2460823.59375,5375.518077020522,-940.6310309728751,255.88171906020006
2460823.5944444444,5386.111189676276,-643.874006209212,644.4531084330043
2460823.595138889,5353.5022332807985,-341.95764458496154,1027.8358020811604
2460823.595833333,5277.9479623177,-37.306171668755496,1402.9426394722884
2460823.5965277776,5160.0533680659955,267.6338086093803,1766.753459604897
2460823.597222222,5000.766426791705,570.4135786860917,2116.340106464671
2460823.597916667,4801.369858556496,868.6025149827806,2448.8905345622065
2460823.5986111113,4563.470021086151,1159.8080361131533,2761.731784255392
2460823.5993055557,4288.983098662589,1441.6950997302258,3052.35161956108
2460823.6,3980.118773943368,1712.0050726174397,3318.418650276575
2460823.6006944445,3639.3615900537507,1968.5738177578241,3557.800790495883
2460823.601388889,3269.4502257493814,2209.3488595703393,3768.581932799512
2460823.6020833333,2873.354909402224,2432.4055113335758,3949.0767482436854
2460823.6027777777,2454.253200580906,2635.9618652946097,4097.843545019293
2460823.603472222,2015.5043576492278,2818.3925665153597,4213.695142997189
2460823.6041666665,1560.6225075569355,2978.2413026548465,4295.707735705897
2460823.604861111,1093.2488116260406,3114.231959029435,4343.227727728546
2460823.605555556,617.1228239550477,3225.278390852894,4355.876539798348
2460823.60625,136.05321351168837,3310.4927762097736,4333.553381971782
2460823.6069444446,-346.11197611247525,3369.192511818028,4276.435993984916
2460823.607638889,-825.5153592349185,3400.9056158574745,4184.979353479693
2460823.6083333334,-1298.3203733098908,3405.3746027193774,4059.912350396564
2460823.609027778,-1760.741396342379,3382.558791200003,3902.232427089814
2460823.609722222,-2209.0736365894227,3332.6350095823195,3713.1981859640246
2460823.6104166666,-2639.7226013844333,3255.996661578445,3494.3199708722073
2460823.611111111,-3049.2329313889113,3153.2511217814417,3247.3484405061495
2460823.6118055554,-3434.3163795611536,3025.215435719912,2974.2611627290403
2460823.6125,-3791.878689459263,2872.9103125655647,2677.2472829425446
2460823.613194444,-4119.045128057827,2697.5524107836104,2358.6903358332916
2460823.613888889,-4413.184410081956,2500.5449387310223,2021.1493035569874
2460823.6145833335,-4671.930759241703,2283.466610956046,1667.338045773642
2460823.615277778,-4893.203852137001,2048.0590271335864,1300.1032610424866
2460823.6159722223,-5075.226407332807,1796.2125647778562,922.4011658875543
2460823.6166666667,-5216.539202193034,1529.9509039336788,537.2731072612761
2460823.617361111,-5316.013331456054,1251.4143233713246,147.82034288263844
2460823.6180555555,-5372.859553304944,962.8419365249118,-242.82174792557691
2460823.61875,-5386.634614690006,666.5530452041602,-631.5097605710098
2460823.6194444443,-5357.244487777985,364.9278139731002,-1015.1183854370702
2460823.6201388887,-5284.94449998856,60.38747081595565,-1390.5662793232989
2460823.620833333,-5170.336384776261,-244.6257552134781,-1754.8414211206646
2460823.621527778,-5014.362326587684,-547.6687452672296,-2105.025693028281
2460823.6222222224,-4818.296114230378,-846.3174489782459,-2438.318455491169
2460823.622916667,-4583.731553454508,-1138.1864953201396,-2752.058903691922
2460823.623611111,-4312.568318912006,-1420.948278511301,-3043.74702332798
2460823.6243055556,-4006.9954480047104,-1692.3513592696272,-3311.062992686904
2460823.6256944444,-3302.7099730583095,-2192.561000913445,-3764.304735083033
2460823.626388889,-2909.6450938254443,-2417.39888824948,-3946.6424388878536
2460823.627083333,-2493.4200526775867,-2622.9707903295903,-4097.458216006962
2460823.6277777776,-2057.356036845617,-2807.649526573455,-4215.562841665363
2460823.628472222,-1604.9273714431172,-2969.9737081270555,-4300.026101632993
2460823.629166667,-1139.7345747283039,-3108.6585309719558,-4350.183318317999
2460823.6298611113,-665.4766908782569,-3222.605270126353,-4365.639976029115
2460823.6305555557,-185.92304909609277,-3310.9094487751477,-4346.27445346738
2460823.63125,295.1154032685922,-3372.8676543520523,-4292.238868712722
2460823.6319444445,773.8150635996756,-3407.9829746549535,-4203.958038176186
2460823.632638889,1246.3687863253074,-3415.969020666493,-4082.126547049471
2460823.6333333333,1709.0150121894617,-3396.7525018932174,-3927.703923520793
2460823.6340277777,2158.0667554626216,-3350.4743145386547,-3741.9079092008806
2460823.634722222,2589.9402875643955,-3277.4891022857937,-3526.205818257864
2460823.6354166665,3001.183333617009,-3178.3632495436586,-3282.303984203496
2460823.636111111,3388.502580177379,-3053.8712714751455,-3012.135304546166
2460823.636805556,3748.790277510347,-2904.990572139357,-2717.844907248887
2460823.6375,4079.149700789276,-2732.894553912763,-2401.7739841113203
2460823.6381944446,4376.919221797597,-2538.9440776022084,-2066.441861322338
2460823.638888889,4639.69473727652,-2324.6772912648485,-1714.526403467443
2460823.6395833334,4865.350197475754,-2091.797868637024,-1348.8428779198111
2460823.640277778,5052.055985140347,-1842.161722580544,-972.3214365287397
2460823.640972222,5198.294907877933,-1577.76228718874,-587.9834044908469
2460823.6416666666,5302.8755933462135,-1300.7144822328578,-198.91658466638722
2460823.642361111,5364.943099082974,-1013.2375079472795,191.75017643785986
2460823.6430555554,5383.986591851681,-717.6366307294278,580.872910775916
2460823.64375,5359.843987821654,-416.2841466201151,965.3186650295866
2460823.644444444,5292.703492417211,-111.59972149616671,1341.9915748424135
2460823.645138889,5183.102024721414,193.96968512840326,1707.8586033341176
2460823.6458333335,5031.920558016143,497.97009851248424,2059.974673701203
2460823.646527778,4840.37645367984,797.9607973985223,2395.5069411800987
2460823.6472222223,4610.0129062773385,1091.534368517029,2711.75797041332
2460823.6479166667,4342.685651644149,1376.3363545717093,3006.187609370297
2460823.648611111,4040.547124343863,1650.0843119245221,3276.4333716877723
2460823.6493055555,3706.028265044637,1910.5861222825095,3520.329179745665
2460823.65,3341.8181993699823,2155.757413092704,3735.922340436483
2460823.6506944443,2950.842014864004,2383.6379653824783,3921.4886585778454
2460823.6513888887,2536.23686165331,2592.407007860939,4075.5456191468893
2460823.652083333,2101.326599072244,2780.397312488507,4196.863590371582
2460823.652777778,1649.5952027613826,2946.10802212158,4284.475017991829
2460823.6534722224,1184.6591322498034,3088.2161549641037,4337.681595608147
2460823.654166667,710.2388514195958,3205.5867379586816,4356.059403719797
2460823.654861111,230.12968032197233,3297.281528942959,4339.462016146883
2460823.6555555556,-251.82785115388896,3362.5662900894017,4288.021573675118
2460823.65625,-731.7779763392024,3400.91657543091,4202.147825176066
2460823.6569444444,-1205.8798317662856,3412.0219966937143,4082.525134769956
2460823.657638889,-1670.3375828646037,3395.7889284923876,3930.10745532046
2460823.658333333,-2121.4303654726646,3352.341615500547,3746.111267280568
2460823.6590277776,-2555.541840891465,3282.021644124691,3532.006490985333
2460823.659722222,-2969.1891642900987,3185.385745236471,3289.505385358008
2460823.660416667,-3359.0511395083818,3063.2019013064655,3020.5494627310118
2460823.6611111113,-3721.9953237782843,2916.443741875707,2727.2944664071447
2460823.6618055557,-4055.103834884102,2746.283224545185,2412.0934783971306
2460823.6625,-4355.697599568358,2554.0816190631404,2077.4782555894667
2460823.6631944445,-4621.358789327896,2341.3788296490993,1726.1389136878431
2460823.663888889,-4849.951186297564,2109.8811173707777,1360.9021140517539
2460823.6645833333,-5039.638237149171,1861.4473100796306,984.7079376144059
2460823.6652777777,-5188.898576126898,1598.0736103318475,600.5856531285341
2460823.665972222,-5296.538822920266,1321.8771378119634,211.62861359616286
2460823.667361111,-5383.881916618565,739.9826545142156,-568.2505469144762
2460823.668055556,-5362.912053345589,438.9609993988028,-952.8984618977211
2460823.66875,-5298.981236925737,134.4303322800311,-1329.8847927311592
2460823.6694444446,-5192.623808022124,-171.1665427979008,-1696.1843564342403
2460823.670138889,-5044.7157363209635,-475.38109236519836,-2048.8619286969015
2460823.6708333334,-4856.466327850597,-775.7790893883202,-2385.095998824806
2460823.671527778,-4629.407161590251,-1069.96034806993,-2702.201342366311
2460823.672222222,-4365.378433161485,-1355.5779704779918,-2997.6502173959407
2460823.6729166666,-4066.5129028159545,-1630.3569450803273,-3269.092031083025
2460823.673611111,-3735.2176618240746,-1892.1119529561488,-3514.3713483959414
2460823.6743055554,-3374.1539440668103,-2138.764255654806,-3731.544142229028
2460823.675,-2986.215203949973,-2368.357565987153,-3918.892218408322
2460823.675694444,-2574.50368359625,-2579.0728162777204,-4074.9357671950675
2460823.676388889,-2142.3056781255864,-2769.2417598699167,-4198.444016964368
2460823.6770833335,-1693.0656934000658,-2937.3593555871507,-4288.443980111133
2460823.677777778,-1230.3596850139277,-3082.0948921471077,-4344.227289476838
2460823.6784722223,-757.8675393295804,-3202.3018233643543,-4365.3551337566605
2460823.6791666667,-279.3449517557167,-3297.026284661341,-4351.661298393394
2460823.679861111,201.40515116638574,-3365.5142629883594,-4303.253317943814
2460823.6805555555,680.5615114498692,-3407.2173924055373,-4220.511742425924
2460823.68125,1154.313619941932,-3421.797342936363,-4104.087515809315
2460823.6819444443,1618.890844643877,-3409.1287678332524,-3954.8974589261384
2460823.6826388887,2070.591446213677,-3369.3007693511104,-3774.1178504889867
2460823.683333333,2505.8113289206785,-3302.6168422607457,-3563.176096202134
2460823.684027778,2921.072337288747,-3209.5932543382733,-3323.740486995774
2460823.6847222224,3313.0499108757645,-3090.955825234899,-3057.7080499397416
2460823.685416667,3678.5998741444714,-2947.6350734872904,-2767.1905168095627
2460823.686111111,4014.7841319822996,-2780.75971163134,-2454.498450842085
2460823.6868055556,4318.895025083516,-2591.6484843688395,-2122.123596788539
2460823.6875,4588.478092002522,-2381.8003625290326,-1772.719544956762
2460823.6881944444,4821.352976660091,-2152.8831317823856,-1409.0808364468503
2460823.688888889,5015.632236765287,-1906.7204315290398,-1034.1206534585092
2460823.689583333,5169.737806196739,-1645.2773368635728,-650.8472877245533
2460823.6902777776,5282.414900460343,-1370.6445889193467,-262.3395857072896
2460823.690972222,5352.743169027509,-1085.0216183711443,128.27838413277686
2460823.691666667,5380.144943116715,-790.6985180074129,517.8631953148713
2460823.6923611113,5364.390462199706,-490.0371486424377,903.2781852726879
2460823.6930555557,5305.600009727137,-185.45157302652095,1281.4195620933535
2460823.69375,5204.2429340929,120.61197400399315,1649.2422183180513
2460823.6944444445,5061.133578675609,425.69536595890884,2003.7849811649792
2460823.695138889,4877.424188962056,727.3489051911579,2342.1950444321897
2460823.6958333333,4654.59490810956,1023.1514738339731,2661.751340609513
2460823.6965277777,4394.441006823742,1310.7303210825735,2959.8866415500315
2460823.697222222,4099.057527841257,1587.7803006028953,3234.2081959977827
2460823.6979166665,3770.82154205837,1852.0823976609352,3482.516750557485
2460823.698611111,3412.3722369846296,2101.5213952208383,3702.823820199103
2460823.699305556,3026.5890604224082,2334.102555822594,3893.3671110975947
2460823.7,2616.5681449510525,2547.9672129988735,4052.6240218316043
2460823.7006944446,2185.5972410309546,2741.407181232503,4179.3231698647205
2460823.701388889,1737.1293665083622,2912.8779163983254,4272.453914712261
2460823.7020833334,1274.7553808871362,3061.010364669282,4331.273857573825
2460823.702777778,802.1756765059807,3184.6214513896907,4355.314310317617
2460823.703472222,323.1711638250904,3282.7231687440053,4344.383731971338
2460823.7041666666,-158.42627328623777,3354.5302221710654,4298.569131865473
2460823.704861111,-638.7636847186241,3399.4661986056803,4218.235440031875
2460823.7055555554,-1113.9971588776102,3417.1682194100144,4104.022844155452
2460823.70625,-1580.321955086752,3407.4900391973765,3956.842091466554
2460823.706944444,-2034.0024804137145,3370.5035514790084,3777.8677573119567
2460823.707638889,-2471.4019283452362,3306.4986629313266,3568.529483108813
2460823.709027778,-3283.4780569104532,3099.670926903219,3065.688358085129
2460823.7097222223,-3651.6327789405655,2958.4933307456863,2776.213217315344
2460823.7104166667,-3990.5158933952953,2793.575709885195,2464.398245737003
2460823.711111111,-4297.401905772349,2606.2370356403253,2132.7477353806503
2460823.7118055555,-4569.822262443089,2397.977943782159,1783.9277411159358
2460823.7125,-4805.586123870042,2170.468805006772,1420.744497789351
2460823.7131944443,-5002.798873877527,1925.5362538489328,1046.121488201788
2460823.7138888887,-5159.878134564595,1665.148287058153,663.0753744290728
2460823.714583333,-5275.567092828527,1391.3980587432004,274.6910153673001
2460823.715277778,-5348.944968615165,1106.486533011797,-115.90417059670915
2460823.7159722224,-5379.434501487477,812.7041661689557,-505.5662379255691
2460823.716666667,-5366.806371040765,512.4118151743068,-891.1608609811309
2460823.717361111,-5311.180515982679,208.02107489951658,-1269.589322297402
2460823.7180555556,-5213.024362283382,-98.02574337688432,-1637.8140689184029
2460823.71875,-5073.148017358594,-403.2757796988314,-1992.883576859515
2460823.7194444444,-4892.696529322987,-705.2857324545994,-2331.9562829585793
2460823.720138889,-4673.139350767991,-1001.6417027136808,-2652.323361246242
2460823.720833333,-4416.257174012044,-1289.9785963260092,-2951.4301577733163
2460823.7215277776,-4124.126336040099,-1567.998910081966,-3226.8961143606048
2460823.722222222,-3799.1010029592176,-1833.4907579036555,-3476.5330535780768
2460823.722916667,-3443.793357655589,-2084.3450073946665,-3698.361720074711
2460823.7236111113,-3061.0520136406217,-2318.5714215856738,-3890.6265052829276
2460823.7243055557,-2653.938877476414,-2534.313717569856,-4051.8083046341235
2460823.725,-2225.704670504622,-2729.86347378677,-4180.635479532009
2460823.7256944445,-1779.763309481313,-2903.672831463175,-4276.092911377379
2460823.726388889,-1319.6653306565213,-3054.3659479011126,-4337.429146721156
2460823.7270833333,-849.0705240842478,-3180.7491682549335,-4364.161639286735
2460823.7277777777,-371.71993903372834,-3281.8198845858465,-4356.080095737473
2460823.728472222,108.59260024650474,-3356.774056267108,-4313.24793253114
2460823.7291666665,588.049325396568,-3405.0123613567853,-4236.001846329776
2460823.729861111,1062.8375683310837,-3426.144947922066,-4124.9494964786245
2460823.730555556,1529.1788770283058,-3419.994749269801,-3980.965293941512
2460823.73125,1983.358056369814,-3386.5993241371893,-3805.1842884133216
2460823.7319444446,2421.751974486797,-3326.211179844758,-3598.99414521436
2460823.732638889,2840.857954757595,-3239.296536625656,-3364.025209925709
2460823.7333333334,3237.321563515901,-3126.5324934357413,-3102.1386646865594
2460823.734027778,3607.963578317695,-2988.802561988041,-2815.412796206792
2460823.734722222,3949.8059075956676,-2827.190545852646,-2506.1274132037042
2460823.7354166666,4260.096215606518,-2642.972757083894,-2176.746476638406
2460823.736111111,4536.331005938979,-2437.6085763482024,-1829.8990242105883
2460823.7368055554,4776.276896522082,-2212.72939268067,-1468.358515828307
2460823.7375,4977.989841966404,-1970.125973476087,-1095.0207389472146
2460823.738194444,5139.832056784894,-1711.7343475559653,-712.8804550281804
2460823.738888889,5260.486416682287,-1439.6203098868245,-325.0069946043047
2460823.7395833335,5338.968143867851,-1155.9626789453566,65.4809711951983
2460823.740277778,5374.63361305187,-863.0354646497914,455.4412291769409
2460823.7409722223,5367.18615588958,-563.1891247603044,841.7341255551779
2460823.7416666667,5316.67878563548,-258.83110311374026,1221.248696172168
2460823.742361111,5223.513809593277,47.594144503987245,1590.928548568552
2460823.7430555555,5088.439344550011,353.6254234692057,1947.7972229520365
2460823.74375,4912.542795237206,656.8051612802913,2288.9827749039487
2460823.7444444443,4697.241399996833,954.6996446956949,2611.7413346061394
2460823.7451388887,4444.2699838306135,1244.918936027856,2913.4794266281087
2460823.745833333,4155.666090542597,1525.1362826069303,3191.7748576866347
2460823.746527778,3833.7526928816724,1793.106848080075,3444.3960067383136
2460823.7472222224,3481.11869323031,2046.6856175287523,3669.3193861041077
2460823.747916667,3100.597437714593,2283.8443461061956,3864.745368650549
2460823.748611111,2695.243474586866,2502.6874378643015,4029.1120008011344
2460823.7493055556,2268.3077723153747,2701.466668036782,4161.106851585966
2460823.7506944444,1363.519425042649,3032.657111298691,4324.036152000225
2460823.751388889,892.9105546926693,3162.423559781112,4353.671854097107
2460823.752083333,415.15048706883323,3266.856905393394,4348.347837791882
2460823.7527777776,-65.938637486538,3345.121388332285,4308.106457842986
2460823.753472222,-546.5078480684607,3396.5891414391717,4233.268246878192
2460823.754166667,-1022.7114101551304,3420.8452266536933,4124.429577674982
2460823.7548611113,-1490.736949254172,3417.6911231595163,3982.4582913558247
2460823.7555555557,-1946.8354627019123,3387.1466284141325,3808.487290406264
2460823.75625,-2387.3510261606707,3329.4501319595583,3603.906101074267
2460823.7569444445,-2808.7499956805805,3245.057225152323,3370.3504157430807
2460823.757638889,-3207.6494822256523,3134.637616456142,3109.689641685591
2460823.7583333333,-3580.8448751193896,2999.07032856306,2824.012491757003
2460823.7590277777,-3925.3361588017688,2839.437169785671,2515.6106834983575
2460823.759722222,-4238.352774720336,2657.014485591093,2186.9608288068207
2460823.7604166665,-4517.376764792423,2453.263219053474,1840.7046309408945
2460823.761111111,-4760.163940900944,2229.8173308399387,1479.6275317973545
2460823.761805556,-4964.762834632428,1988.4706529532853,1106.6359801828255
2460823.7625,-5129.531193909197,1731.1622810871345,724.7335277210618
2460823.7631944446,-5253.1498258329575,1459.9606300588946,336.99597455649945
2460823.763888889,-5334.633611762783,1177.0463045883807,-53.45418512809713
2460823.7645833334,-5373.33956054108,884.6939598020239,-443.47375124729166
2460823.765277778,-5368.971810331924,585.2533399107379,-829.9249682208049
2460823.765972222,-5321.583533569771,281.1296979755098,-1209.7015606880555
2460823.7666666666,-5231.5757475766995,-25.236189517777515,-1579.7543777721555
2460823.767361111,-5099.693079471324,-331.38820408625867,-1937.1163884710188
2460823.7680555554,-4927.016577752884,-634.8750498296779,-2278.926778720906
2460823.76875,-4714.9537009278065,-933.2702027415243,-2602.4539303342153
2460823.769444444,-4465.225649006227,-1224.191453487104,-2905.117081504921
2460823.770138889,-4179.8522270029625,-1505.3198749902647,-3184.506504620578
2460823.7708333335,-3861.1344501602903,-1774.4180610142746,-3438.402062399397
2460823.771527778,-3511.6351131999913,-2029.3475025965763,-3664.7900340487054
2460823.7722222223,-3134.1575439772228,-2268.0849947250013,-3861.878135910364
2460823.7729166667,-2731.722766858193,-2488.7379786957395,-4028.1086798715787
2460823.773611111,-2307.545287055421,-2689.5587493379558,-4162.169839862466
2460823.7743055555,-1865.0076970977493,-2868.9574695883734,-4263.005011474191
2460823.775,-1407.6342913220187,-3025.513947701451,-4329.8202621556275
2460823.7756944443,-939.0638630490342,-3157.988139975152,-4362.089876209692
2460823.7763888887,-463.02183620824826,-3265.32935042966,-4359.560003178048
2460823.777083333,16.7081155468953,-3346.68409644996,-4322.250415385206
2460823.777777778,496.31282765325005,-3401.402612738658,-4250.454379059754
2460823.7784722224,971.9786443161562,-3429.043961121057,-4144.736637724612
2460823.779166667,1439.9205179013827,-3429.3797104554405,-4005.9295032650675
2460823.779861111,1896.4110677315775,-3402.3961475798274,-3835.1270453745624
2460823.7805555556,2337.8094317655336,-3348.2949768621725,-3633.6773734822577
2460823.78125,2760.589747302433,-3267.492465382682,-3403.1730039198387
2460823.7819444444,3161.369060790229,-3160.6169931745203,-3145.4393191906483
2460823.782638889,3536.9344654058154,-3028.5049719179838,-2862.5211321984766
2460823.783333333,3884.2692307391826,-2872.195107712046,-2556.6673948083326
2460823.7840277776,4200.577689374862,-2692.9209941689055,-2230.3141042195025
2460823.784722222,4483.308625568229,-2492.102040995115,-1886.0654913597475
2460823.785416667,4730.176906954452,-2271.3327659338565,-1526.673606456461
2460823.7861111113,4939.183109534312,-2032.3704969197795,-1155.016438848627
2460823.7868055557,5108.630885580368,-1777.1215643740256,-774.074751052991
2460823.7875,5237.141852974411,-1507.6260809045032,-386.907820737573
2460823.7881944445,5323.667799806197,-1226.0414423985171,3.3716730359288434
2460823.788888889,5367.500039793048,-934.6246970529592,393.62337942909005
2460823.7895833333,5368.275785697205,-635.7139617389893,780.7053485780046
2460823.7902777777,5325.981455810226,-331.7090722524749,1161.5001799079098
2460823.790972222,5240.952872161776,-25.051676043868117,1532.9409629486959
2460823.792361111,4945.7627822668455,586.3666618588883,2235.8972425404054
2460823.793055556,4737.978660823478,886.2180186992405,2561.7566077056963
2460823.79375,4492.194425630697,1178.9430630352706,2866.9959341187564
2460823.7944444446,4210.390051712318,1462.1945182990812,3149.1643985945834
2460823.795138889,3894.8342219067104,1733.7027919505229,3405.9988136868974
2460823.7958333334,3548.065243796666,1991.2941107889403,3635.4414730228536
2460823.796527778,3172.8699409164133,2232.907727312622,3835.6561764032617
2460823.797222222,2772.260743950343,2456.6120827584423,4005.042353006404
2460823.7979166666,2349.4512074000186,2660.6198301934596,4142.247224429262
2460823.798611111,1907.8301648554068,2843.3016408617336,4246.175971747898
2460823.7993055554,1450.9347334568972,3003.1987266854435,4315.999883002799
2460823.8,982.4223608648579,3139.0340264430747,4351.162471539504
2460823.800694444,506.0420994171582,3249.72200935936,4351.383561218486
2460823.801388889,25.60528320617267,3334.377054838161,4316.661338246472
2460823.8020833335,-455.04422895745324,3392.3203702727733,4247.27236952973
2460823.802777778,-932.0600681212061,3423.0854060920196,4143.7695876988855
2460823.8034722223,-1401.623472462238,3426.4217305651878,4006.978240550614
2460823.8041666667,-1859.9733181748875,3402.297322016024,3837.9898064565464
2460823.804861111,-2303.4358899435065,3350.8992390386225,3638.1538765578516
2460823.8055555555,-2728.4541833412145,3272.6326298131758,3409.0680154476277
2460823.80625,-3131.616526074686,3168.1180477915627,3152.5656219643206
2460823.8069444443,-3509.684291544504,3038.187047802003,2870.701824966621
2460823.8076388887,-3859.618454213246,2883.87605109415,2565.7374753859863
2460823.808333333,-4178.6047375315175,2706.418481896587,2240.1213141622143
2460823.809027778,-4464.077093557788,2507.235198618729,1896.4704261734403
2460823.8097222224,-4713.739256432536,2287.923265047023,1537.5491183872148
2460823.810416667,-4925.584117378943,2050.243134654048,1166.2463948472164
2460823.811111111,-5097.910693811038,1796.1043395836616,785.55221740256
2460823.8118055556,-5229.338475748394,1527.5498133967694,398.53278624003593
2460823.8125,-5318.8189776587105,1246.7389874318878,8.305074389738982
2460823.8131944444,-5365.644349706859,955.9298364999746,-381.9891113217184
2460823.813888889,-5369.4529529855445,657.4600565566013,-769.2092769349185
2460823.814583333,-5330.231844221302,353.7275780014417,-1150.2423150106038
2460823.8152777776,-5248.316164424208,47.170624148085096,-1522.028231797335
2460823.815972222,-5124.385471546921,-259.75247301573415,-1881.585264732755
2460823.816666667,-4959.457102640639,-564.5834857395496,-2226.0341380933437
2460823.8173611113,-4754.876688624668,-864.8843331506793,-2552.6212352129287
2460823.8180555557,-4512.305981613874,-1158.2567583541245,-2858.7404812987606
2460823.81875,-4233.708180404481,-1442.361466763231,-3141.9537669613865
2460823.8194444445,-3921.3309602632207,-1714.9365687475845,-3400.0097698465775
2460823.820138889,-3577.687425754232,-1973.8151901798408,-3630.861062196579
2460823.8208333333,-3205.535211614105,-2216.942134715761,-3832.6794205504916
2460823.8215277777,-2807.853950295977,-2442.3895052304615,-4003.869282783964
2460823.822222222,-2387.8213236442334,-2648.3712053768695,-4143.079315333289
2460823.8229166665,-1948.7879004595243,-2833.2562619854984,-4249.212074731292
2460823.823611111,-1494.250948896919,-2995.5809207347934,-4321.431759252073
2460823.824305556,-1027.8273966603795,-3134.0594773904913,-4359.170054669984
2460823.825,-553.2260990900182,-3247.5938122311195,-4362.130081239108
2460823.8256944446,-74.21956395706965,-3335.2815980734404,-4330.288449164492
2460823.826388889,405.38472957290145,-3396.4231528272026,-4263.895426891067
2460823.8270833334,881.7732783655915,-3430.5269038765523,-4163.473222201439
2460823.827777778,1351.1556353943952,-3437.3134293235576,-4029.8123712162196
2460823.828472222,1809.7934741956592,-3416.718036009561,-3863.966227994592
2460823.8291666666,2254.0294845780413,-3368.8918321084425,-3667.243546113661
2460823.829861111,2680.3159280233776,-3294.2012503226006,-3441.1991470196335
2460823.8305555554,3085.242664668496,-3193.225979343226,-3187.6226773373082
2460823.83125,3465.5644458846127,-3066.7552658479813,-2908.525469122511
2460823.831944444,3818.227246649226,-2915.7825585460882,-2606.125535458709
2460823.832638889,4140.393399362718,-2741.49847799306,-2282.8307539183015
2460823.834027778,4683.107268322158,-2328.6906684940027,-1584.0245623759738
2460823.8347222223,4899.265793709003,-2093.4474981995904,-1214.10330253589
2460823.8354166667,5076.187105617605,-1841.4286127405792,-834.422853987079
2460823.836111111,5212.432652060862,-1574.6477404935351,-448.03193189078445
2460823.8368055555,5306.891792205596,-1295.2400747781578,-58.03665043323189
2460823.8375,5358.791689204917,-1005.4448544107167,332.42512723819124
2460823.8381944443,5367.704244644854,-707.5869460684162,720.2098294298827
2460823.8388888887,5333.549979216433,-404.0576168947795,1102.194333251572
2460823.839583333,5256.598810677013,-97.29470172773223,1475.3019590006
2460823.840277778,5137.467727995389,210.2376252037417,1836.5280290923329
2460823.8409722224,4977.115405027885,516.0692622929835,2182.9647297669608
2460823.841666667,4776.833843793508,817.7445595309196,2511.825021428203
2460823.842361111,4538.237172364897,1112.8424668861314,2820.465378598916
2460823.8430555556,4263.247762316226,1398.9962532019297,3106.407150770248
2460823.84375,3954.079850815114,1673.9126248132795,3367.356377783848
2460823.8444444444,3613.2208782264333,1935.3900816101554,3601.2219123727355
2460823.845138889,3243.410760019705,2181.336373966192,3806.131738394859
2460823.845833333,2847.61931719092,2409.784942022848,3980.4473986997173
2460823.8465277776,2429.022093093664,2618.91023517797,4122.776469350367
2460823.847222222,1990.974768954986,2807.0418329237614,4231.983042753641
2460823.847916667,1536.986393054155,2972.6772954733724,4307.196192957475
2460823.8486111113,1070.6916136197929,3114.493691564661,4347.816413556733
2460823.8493055557,595.822105682981,3231.3577532166373,4353.520021950793
2460823.85,116.1773668606104,3322.3346156766384,4324.261529947665
2460823.8506944445,-364.40495111783525,3386.6951030214104,4260.273980939338
2460823.851388889,-842.0790069924305,3423.921519190029,4162.067253160885
2460823.8520833333,-1313.02086368535,3433.7119044206775,4030.424328193667
2460823.8527777777,-1773.4585389629726,3415.9827157586133,3866.395523602722
2460823.853472222,-2219.7018253034958,3370.869890123588,3671.29069307846
2460823.8541666665,-2648.1716861927143,3298.7282503931574,3446.669401647443
2460823.854861111,-3055.4290143634166,3200.129218804732,3194.329095419601
2460823.855555556,-3438.202521315807,3075.8568110168453,2916.291302386846
2460823.85625,-3793.4155232712787,2926.901893146041,2614.785914172939
2460823.8569444446,-4118.211362043547,2754.4547031747793,2292.2336319661053
2460823.857638889,-4409.977207356214,2559.8956542755764,1951.2266787106178
2460823.8583333334,-4666.365980828575,2344.784460506323,1594.50791147932
2460823.859027778,-4885.316147628287,2110.847651836191,1224.9485005720592
2460823.859722222,-5065.069141660987,1859.964568048136,845.5243649366017
2460823.8604166666,-5204.184207620528,1594.1519507676628,459.2915863557577
2460823.861111111,-5301.5504768968885,1315.5472750440267,69.3610428869376
2460823.8618055554,-5356.39612882737,1026.3909861643683,-321.12747752065025
2460823.8625,-5368.294531072727,729.0078253583362,-709.0314123356203
2460823.863194444,-5337.1672976854725,425.78744571528176,-1091.2315288782067
2460823.863888889,-5263.284250864488,119.16452347015174,-1464.6577277448919
2460823.8645833335,-5147.260318401385,-188.4014178296797,-1826.3142731619107
2460823.865277778,-4990.049444308617,-494.4462605118382,-2173.3042019895843
2460823.8659722223,-4792.935629100544,-796.5214189574334,-2502.852681802163
2460823.8666666667,-4557.521255055418,-1092.2136401003213,-2812.329107523077
2460823.867361111,-4285.712874528045,-1379.1643057980677,-3099.267766764437
2460823.8680555555,-3979.704667863163,-1655.0880703320017,-3361.3869201383295
2460823.86875,-3641.959784609985,-1917.7906968723112,-3596.6061845828112
2460823.8694444443,-3275.189793908823,-2165.185970114192,-3803.0621290627946
2460823.8701388887,-2882.3324614990324,-2395.3115897426546,-3979.1220252567095
2460823.870833333,-2466.5280752020667,-2606.343959804605,-4123.3957111461095
2460823.871527778,-2031.0945171316703,-2796.6118148358205,-4234.745551920223
2460823.8722222224,-1579.5012778051253,-2964.6086295979126,-4312.294489838867
2460823.872916667,-1115.342586606046,-3109.003773520295,-4355.432187009576
2460823.873611111,-642.3098203833208,-3228.65237627168,-4363.8192681442015
2460823.8743055556,-164.16333902782915,-3322.6038742919563,-4337.389670759665
2460823.8756944444,792.256295184477,-3430.6266380007073,-4181.183640240968
2460823.876388889,1262.9225259487341,-3443.8261418134402,-4052.6363661890086
2460823.877083333,1723.5467468099253,-3429.592357761159,-3891.7222012268076
2460823.8777777776,2170.4564538702894,-3388.0260260134705,-3699.7107591561953
2460823.878472222,2600.08332021849,-3319.4438868100574,-3478.119317413565
2460823.879166667,3008.991330069785,-3224.3769905692384,-3228.701869962212
2460823.8798611113,3393.904217792423,-3103.5673806297295,-2953.436280263645
2460823.8805555557,3751.731991083808,-2957.9631172194267,-2654.509562709227
2460823.88125,4079.5963011017325,-2788.7116231124146,-2334.301341797053
2460823.8819444445,4374.854408830811,-2597.151348219408,-1995.3655646546238
2460823.882638889,4635.121491341818,-2384.8017703738915,-1640.4105704179522
2460823.8833333333,4858.291033574018,-2153.3517705141717,-1272.2776465883278
2460823.8840277777,5042.553052091074,-1904.646450600769,-893.9182411602147
2460823.884722222,5186.409920954412,-1640.6724825588226,-508.3700175862984
2460823.8854166665,5288.689584740441,-1363.5421104768586,-118.73197863016573
2460823.886111111,5348.5559808344415,-1075.4759460507491,271.8611037166854
2460823.886805556,5365.516525014885,-778.784725516661,660.2646887147
2460823.8875,5339.426558576909,-475.85021420345765,1043.3506250281434
2460823.8881944446,5270.490700191729,-169.1054566791423,1418.0331924925124
2460823.888888889,5159.261092373193,138.98541439225062,1781.2947482973984
2460823.8895833334,5006.632578253498,445.947600925626,2130.210716722223
2460823.890277778,4813.834891290766,749.3160746809123,2461.97366400658
2460823.890972222,4582.421976433221,1046.6558260229092,2773.9162364087683
2460823.8916666666,4314.258600868802,1335.5817253656373,3063.5327494087906
2460823.892361111,4011.5044357269244,1613.7778215798576,3328.4992555083545
2460823.8930555554,3676.595819261588,1879.0159092252018,3566.6919370463174
2460823.89375,3312.225408820122,2129.1732321294567,3776.203715692621
2460823.894444444,2921.3199599012505,2362.249187724249,3955.358976345444
2460823.895138889,2507.0164444076745,2576.3809391364657,4102.726350438958
2460823.8958333335,2072.636735425049,2769.857842451865,4217.129509485434
2460823.896527778,1621.6610610789464,2941.134622673902,4297.655946099838
2460823.8972222223,1157.7004327260754,3088.843236122484,4343.663726400399
2460823.8979166667,684.468229827463,3211.8033720812277,4354.786210162061
2460823.898611111,205.75111933636825,3309.031548934422,4330.934736845427
2460823.8993055555,-274.6205195801886,3379.748763429134,4272.299277686635
2460823.9,-752.8025002559374,3423.3866531107105,4179.3470538878
2460823.9006944443,-1224.9668952307657,3439.5921309767637,4052.819120095403
2460823.9013888887,-1687.3320955680574,3428.2304504513945,3893.7249115487025
2460823.902083333,-2136.1926746014874,3389.3866580673043,3703.334758144276
2460823.902777778,-2567.948869210494,3323.3653930202,3483.1703706531907
2460823.9034722224,-2979.1354608940355,3230.688996543147,3234.9933190728325
2460823.904166667,-3366.449837864117,3112.093900604943,2960.791532305614
2460823.904861111,-3726.7789935784413,2968.5252771309206,2662.7638719780184
2460823.9055555556,-4057.2252111097782,2801.129943765238,2343.3028547573954
2460823.90625,-4355.130177642815,2611.247538998748,2004.9756212506784
2460823.9069444444,-4618.097263865277,2400.4000053930295,1650.5032863222657
2460823.907638889,-4844.0117214393,2170.2794376246784,1282.7388233133452
2460823.908333333,-5031.058552207479,1922.734385027362,904.6436770081798
2460823.9090277776,-5177.737833311224,1659.7547199950166,519.2633184941269
2460823.909722222,-5282.87730852148,1383.4552084984234,129.70197873563225
2460823.910416667,-5345.642088816005,1096.0579469266963,-260.9031767812233
2460823.9111111113,-5365.541350063923,799.8738446308823,-649.4081647086712
2460823.9118055557,-5342.431958033791,497.2833486704111,-1032.688315521315
2460823.9125,-5276.518997860809,190.7166201506579,-1407.664142073846
2460823.9131944445,-5168.353232709995,-117.36662561131094,-1771.3266780193126
2460823.913888889,-5018.825560631654,-424.4974025742803,-2120.7620324070585
2460823.9145833333,-4829.15858058049,-728.2176527388259,-2453.1749249933355
2460823.9152777777,-4600.895414268168,-1026.1001642404049,-2765.910993787657
2460823.915972222,-4335.885961193031,-1315.7680254590948,-3056.4776920613444
2460823.917361111,-3704.4628534118347,-1861.3158362949564,-3562.0561967666663
2460823.918055556,-3343.127328789738,-2112.858913425716,-3773.057500563399
2460823.91875,-2955.1596729252087,-2347.5469102247816,-3953.8983455107254
2460823.9194444446,-2543.66224317771,-2563.51962231456,-4103.1504198611865
2460823.920138889,-2111.9196063848685,-2759.066337202334,-4219.636545980179
2460823.9208333334,-1663.3727595964583,-2932.6385534174265,-4302.439025257754
2460823.921527778,-1201.592435835042,-3082.861453814041,-4350.906074830653
2460823.922222222,-730.2516567233482,-3208.5440986267754,-4364.65636311571
2460823.9229166666,-253.0976838879099,-3308.6883063403834,-4343.581651227668
2460823.923611111,226.07648778924118,-3382.4961915404015,-4287.847545872087
2460823.9243055554,703.4609616026347,-3429.37632814123,-4197.892365056328
2460823.925,1175.2579555628613,-3448.948501594365,-4074.424113452441
2460823.925694444,1637.7108655280424,-3441.0470108861145,-3918.4155600971976
2460823.926388889,2087.1332214509566,-3405.722476775074,-3731.097410114438
2460823.9270833335,2519.937370362399,-3343.2421114975746,-3513.949564677024
2460823.927777778,2932.6627098487543,-3254.088404438339,-3268.6904658248413
2460823.9284722223,3322.003262180386,-3138.9561833864227,-2997.264540301771
2460823.9291666667,3684.8343790762096,-2998.7480163978257,-2701.8277640775977
2460823.929861111,4018.2383358044904,-2834.5679326518384,-2384.7313968096846
2460823.9305555555,4319.5285700563,-2647.7134544199394,-2048.503954706398
2460823.93125,4586.2723069361155,-2439.6659536035154,-1695.8315225710112
2460823.9319444443,4816.311315147351,-2212.0793667802054,-1329.536531254202
2460823.9326388887,5007.780540689846,-1966.7673306215786,-952.5551623920431
2460823.933333333,5159.124383123852,-1705.688822405756,-567.9135657731401
2460823.934027778,5269.110396949323,-1430.9324196544385,-178.70310670160669
2460823.9347222224,5336.840231012849,-1144.699319748404,211.945114535407
2460823.935416667,5361.757656818178,-849.2852786538963,600.8862176801592
2460823.936111111,5343.653574381323,-547.061653798587,984.9876972906974
2460823.9368055556,5282.667931256906,-240.45574778859242,1361.1555024613042
2460823.9375,5179.288536176108,68.06933782011451,1726.3597649295928
2460823.9381944444,5034.346796285628,376.03512368923873,2077.659906362318
2460823.938888889,4849.010450526861,680.9682375373699,2412.2288739537935
2460823.939583333,4624.773413460052,980.4207528436777,2727.376268287743
2460823.9402777776,4363.44288085937,1271.9901826321645,3020.5701531130235
2460823.940972222,4067.1238735594566,1553.3389487801157,3289.4573693303355
2460823.941666667,3738.2014244890725,1822.213156043753,3531.8821958505123
2460823.9423611113,3379.3206224606984,2076.460527437302,3745.9032383093204
2460823.9430555557,2993.364736153416,2314.0473732063506,3929.808450274187
2460823.94375,2583.431644155786,2533.07448475858,4082.1282174649245
2460823.9444444445,2152.808788128393,2731.791865694139,4201.64646004172
2460823.945138889,1704.9468636342274,2908.6122239968363,4287.409723042508
2460823.9458333333,1243.4324425694558,3062.1231670474026,4338.734241576721
2460823.9465277777,771.9597243475837,3191.09804397705,4355.210972288941
2460823.947222222,294.3015847761728,3294.5053936610148,4336.708591457237
2460823.9479166665,-185.7199015507918,3371.5169537509837,4283.374458421871
2460823.948611111,-664.2632974415525,3421.514190051163,4195.633545344699
2460823.949305556,-1137.4978397018103,3444.093306015224,4074.185331568028
2460823.95,-1601.633496150152,3439.0686880706803,3919.998662316857
2460823.9506944446,-2052.9508681158,3406.4747446193137,3734.30457255251
2460823.951388889,-2487.8307445029923,3346.5660961553617,3518.587082352791
2460823.9520833334,-2902.783100984229,3259.81607740198,3274.571978865827
2460823.952777778,-3294.475318966266,3146.9135193724874,3004.213615314117
2460823.953472222,-3659.759389392837,3008.7577887702932,2709.6797733181866
2460823.9541666666,-3995.6978478699366,2846.4520776383642,2393.3346612104233
2460823.954861111,-4299.5881875430705,2661.2949518670803,2057.7201417353044
2460823.9555555554,-4568.985486049451,2454.770190820942,1705.535316607256
2460823.95625,-4801.7229913054025,2228.5349743220936,1339.6146238024385
2460823.956944444,-4995.930426252977,1984.4064955760628,962.9046274243873
2460823.957638889,-5150.049785276359,1724.3471104322678,578.4397168119564
2460823.959027778,-5333.429316197969,1164.9125868492915,-201.32971700651285
2460823.9597222223,-5361.23824941239,870.0366342322641,-590.3555027168602
2460823.9604166667,-5346.068060503172,568.1906376724924,-974.6309694700055
2460823.961111111,-5288.0597023519185,261.79929996645956,-1351.0679424327834
2460823.9618055555,-5187.700264601214,-46.67844855672992,-1716.644950785016
2460823.9625,-5045.817974684594,-354.76975321553095,-2068.4319193748174
2460823.9631944443,-4863.57428744507,-660.0080993717622,-2403.613877069209
2460823.9638888887,-4642.453205767639,-959.9533354522671,-2719.5134645794724
2460823.964583333,-4384.248002407862,-1252.211272918127,-3013.6120601512293
2460823.965277778,-4091.0455395566983,-1534.452692401253,-3283.5693638950897
2460823.9659722224,-3765.2083987730985,-1804.4316071328178,-3527.241314945556
2460823.966666667,-3409.355040911113,-2060.002656791968,-3742.696246477064
2460823.967361111,-3026.3382177403873,-2299.1375242828035,-3928.229209589039
2460823.9680555556,-2619.2218543105596,-2519.940286424308,-4082.37442052287
2460823.96875,-2191.256608377143,-2720.661629435936,-4203.9158077172915
2460823.9694444444,-1745.8543020324835,-2899.711873078063,-4291.895648816906
2460823.970138889,-1286.5614074932512,-3055.672758428082,-4345.621298198889
2460823.970833333,-817.0317469724238,-3187.307964740866,-4364.670012210799
2460823.9715277776,-340.99856868943255,-3293.5723195679757,-4348.8918783923245
2460823.972222222,137.75386836243973,-3373.6196745775965,-4298.410856050076
2460823.972916667,615.4190586574197,-3426.8094122544667,-4213.623929068147
2460823.9736111113,1088.1972274312095,-3452.7115481216515,-4095.1983688750993
2460823.9743055557,1552.3243808010845,-3451.11038915445,-3944.067101526317
2460823.975,2004.1012841266158,-3422.006704959299,-3761.422168857947
2460823.9756944445,2439.9221975685105,-3365.6183655903847,-3548.7062787155814
2460823.976388889,2856.303197152517,-3282.379400293835,-3307.6024401958794
2460823.9770833333,3249.9098791613565,-3172.937434098438,-3040.0216933661654
2460823.9777777777,3617.584232072653,-3038.1494665166215,-2748.088957206801
2460823.978472222,3956.370448034445,-2879.075965073156,-2434.1270348382195
2460823.9791666665,4263.539419383633,-2696.9732652788566,-2100.638848429468
2460823.979861111,4536.6116713694655,-2493.2842834863513,-1750.287993818705
2460823.980555556,4773.378471392143,-2269.62757299867,-1385.8777394436477
2460823.98125,4971.920860356917,-2027.7847797969168,-1010.3286260143993
2460823.9819444446,5130.626367865516,-1769.6865777808894,-626.6548484013465
2460823.982638889,5248.203189305833,-1497.397193516289,-237.93963450261188
2460823.9833333334,5323.691634150733,-1213.0976526651004,152.69014587984083
2460823.984027778,5356.472686323414,-919.067909551497,542.0898818672727
2460823.984722222,5346.273561010596,-617.6680358564081,927.1233671814765
2460823.9854166666,5293.170184108809,-311.31866648833864,1304.6889109926046
2460823.986111111,5197.5865683005695,-2.480908537107332,1671.7451394382065
2460823.9868055554,5060.291105892791,306.36407254433414,2025.3362174161937
2460823.9875,4882.389844567902,612.735574181461,2362.6162332427025
2460823.988194444,4665.316853175901,914.1737768671234,2680.8725105517174
2460823.988888889,4410.82182119623,1208.2598630147113,2977.547633892593
2460823.9895833335,4120.95506727795,1492.635646583721,3250.260000551323
2460823.990277778,3798.0501543272026,1765.0225446711247,3496.8227428614896
2460823.9909722223,3444.70432417514,2023.2397406035132,3715.260894101663
2460823.9916666667,3063.756974894421,2265.2214066204547,3903.826698580733
2460823.992361111,2658.2664033973056,2489.0328757461402,4061.012994538546
2460823.9930555555,2231.485036058261,2692.885668066066,4185.564619150643
2460823.99375,1786.8333555243337,2875.1512966836644,4276.487806539971
2460823.9944444443,1327.8727294780433,3034.37378707961,4333.057560177584
2460823.9951388887,858.2773260075819,3169.280858387599,4354.82299351545
2460823.995833333,381.80530267626614,3278.7937166597044,4341.610635554807
2460823.996527778,-97.73056801378578,3362.035419935232,4293.525702609096
2460823.9972222224,-576.4926639772451,3418.337771096748,4210.9513356505995
2460823.997916667,-1050.6485095851622,3447.2466975449797,4094.545802211124
2460823.998611111,-1516.400824070893,3448.526073437044,3945.2376632405585
2460823.9993055556,-1970.01745654906,3422.1599416139993,3764.2189029235396
2460824.0006944444,-2826.4179173542934,3287.529948059331,3313.0791603260723
2460824.001388889,-3222.32686900352,3180.33175180899,3046.569114366053
2460824.002083333,-3592.4061507940387,3047.6119799112794,2755.54256414563
2460824.0027777776,-3933.679848193776,2890.4300225344246,2442.3353079270323
2460824.003472222,-4243.402540594283,2710.043103753902,2109.463755474014
2460824.004166667,-4519.082261333219,2507.896480348945,1759.604750421932
2460824.0048611113,-4758.501463449112,2285.611967604497,1395.5738781264768
2460824.0055555557,-4959.735745100889,2044.9748679832048,1020.3024386291369
2460824.00625,-5121.170106952048,1787.9194053407132,636.8132928036697
2460824.0069444445,-5241.512540170669,1516.5127942708984,248.19581563578734
2460824.007638889,-5319.804778874123,1232.9380954033966,-142.41979382025474
2460824.0083333333,-5355.430086874908,939.4760340351522,-531.8885740286829
2460824.0090277777,-5348.117995298026,638.4859709445166,-917.0769629743203
2460824.009722222,-5297.94595131878,332.386232549931,-1294.888780146495
2460824.0104166665,-5205.337886626935,23.63401121240061,-1662.290759073546
2460824.011111111,-5071.059759566413,-285.2949491806713,-2016.3373699615465
2460824.011805556,-4896.212168180073,-591.9266716424924,-2354.194691522883
2460824.0125,-4682.220167933126,-893.8090686624971,-2673.1631166554757
2460824.0131944446,-4430.8204621334335,-1188.5316773676063,-2970.6986982374838
2460824.013888889,-4144.0461563911185,-1473.7448369740143,-3244.4329761505464
2460824.0145833334,-3824.209287210092,-1747.1781548145223,-3492.19115413451
2460824.015277778,-3473.881340967874,-2006.6581312299684,-3712.008528164974
2460824.015972222,-3095.8719907828036,-2250.124826796219,-3902.145089051318
2460824.0166666666,-2693.206262578972,-2475.64748610932,-4061.098256686585
2460824.017361111,-2269.1003460522393,-2681.4390393160893,-4187.613714295467
2460824.0180555554,-1826.936240796233,-2865.869426954521,-4280.694334559748
2460824.01875,-1370.2354253480494,-3027.4776979989724,-4339.6071946272705
2460824.019444444,-902.6317150589902,-3164.9828442633457,-4363.88868717275
2460824.020138889,-427.8434592298511,-3277.2933386730097,-4353.347735291143
2460824.0208333335,50.354773162794295,-3363.515343474404,-4308.067116695878
2460824.021527778,528.1608845214391,-3422.959556775289,-4228.402900680436
2460824.0222222223,1001.7741828944713,-3455.146661608814,-4114.981995298187
2460824.0229166667,1467.424415023176,-3459.8113370120464,-3968.6977994836507
2460824.023611111,1921.400756547253,-3436.9047883474323,-3790.703950874087
2460824.0243055555,2360.0805934183004,-3386.5957502201536,-3582.406163059952
2460824.025,2779.957924201195,-3309.2699150498456,-3345.452147206382
2460824.0256944443,3177.671183195731,-3205.527742754709,-3081.719626136906
2460824.0263888887,3550.03027376897,-3076.18061304867,-2793.3024606210133
2460824.027083333,3894.042580230749,-2922.2452921698036,-2482.494928281733
2460824.027777778,4206.937716845789,-2744.936698295347,-2151.7742151994985
2460824.0284722224,4486.190753172631,-2545.658972279001,-1803.781215824529
2460824.029166667,4729.543666122568,-2325.994875284902,-1441.2997526358376
2460824.029861111,4935.024755927856,-2087.6935680149845,-1067.2343739899825
2460824.0305555556,5100.9657889574155,-1832.6568443071205,-684.5869033851947
2460824.03125,5226.016640152645,-1562.9239242101103,-296.4319515265531
2460824.0319444444,5309.157238550124,-1280.6549350015814,94.10837768653646
2460824.032638889,5349.706651008426,-988.1132373483349,483.8903298058151
2460824.033333333,5347.329181700817,-687.646767497958,869.7746301767856
2460824.0340277776,5302.037404901275,-381.6685930589909,1248.6526199336736
2460824.034722222,5214.192097697888,-72.63688612985204,1617.4721236869143
2460824.035416667,5084.499085260856,236.96547189569995,1973.2627762762095
2460824.0361111113,4914.003055346229,544.6514422179243,2313.1605536127595
2460824.0368055557,4704.078444918211,847.9503194256786,2634.431259616599
2460824.0375,4456.4175347409855,1144.4279651151337,2934.4927597094693
2460824.0381944445,4173.015922940782,1431.706590738991,3210.9357659583443
2460824.038888889,3856.155569851805,1707.4839187600035,3461.5430150929706
2460824.0395833333,3508.385627915861,1969.551564438705,3684.306704922773
2460824.0402777777,3132.5012749534044,2215.812506066169,3877.444089275554
2460824.040972222,2731.520774948449,2444.2975272646872,4039.4111542934565
2460824.042361111,1867.3115414715858,2840.792666812372,4264.920156079927
2460824.043055556,1411.0078645737435,3005.635141805332,4326.663028202201
2460824.04375,943.4032804917308,3146.390763061395,4353.650773664546
2460824.0444444446,468.2403352287455,3261.9340590136894,4345.6682965858845
2460824.045138889,-10.678468108759633,3351.3399987627417,4302.779146935258
2460824.0458333334,-489.52035468027606,3413.8912436035243,4225.325062035798
2460824.046527778,-964.4522286268705,3449.0838935022643,4113.923472636479
2460824.047222222,-1431.6707092105717,3456.6316824641012,3969.462973306019
2460824.0479166666,-1887.4320845152429,3436.4685795258847,3793.0967563903023
2460824.048611111,-2328.0819903097636,3388.749750030208,3586.2340141932177
2460824.0493055554,-2750.0846112727945,3313.850835468818,3350.5293223325225
2460824.05,-3150.051189247591,3212.36551494538,3087.8700278061347
2460824.050694444,-3524.7676023293056,3085.101320672286,2800.361684706771
2460824.051388889,-3871.220769584729,2933.0736925191186,2490.311600204972
2460824.0520833335,-4186.623625686393,2757.4982729753506,2160.2105784111063
2460824.052777778,-4468.438402006788,2559.7814662586316,1812.7129814500518
2460824.0534722223,-4714.397961468125,2341.5093042990748,1450.6152482149898
2460824.0541666667,-4922.524931594936,2104.434695074373,1076.8330543929164
2460824.054861111,-5091.148412319888,1850.463145536832,694.3773082380477
2460824.0555555555,-5218.918046243051,1581.6370883090617,306.3292201258542
2460824.05625,-5304.815282103732,1300.1189566401508,-84.18531086083847
2460824.0569444443,-5348.161693657751,1008.1731808770727,-474.02172381136376
2460824.0576388887,-5348.624262250107,708.1472952788758,-860.0429622391977
2460824.058333333,-5306.217576445426,402.4523573054165,-1239.1455035535353
2460824.059027778,-5221.302948878899,93.54289244676687,-1608.2849769949134
2460824.0597222224,-5094.584496605242,-216.103422871036,-1964.501111068074
2460824.060416667,-4927.102274843,-524.0061264049863,-2304.9417639665025
2460824.061111111,-4720.222592776771,-827.7021802189481,-2626.885817019147
2460824.0618055556,-4475.625673001825,-1124.7658340080093,-2927.7647362962034
2460824.0625,-4195.290842388844,-1412.8279660395228,-3205.1826368969523
2460824.0631944444,-3881.4794606297264,-1689.5947451232164,-3456.9347150036897
2460824.063888889,-3536.7158058701366,-1952.8654757371824,-3681.0239413910926
2460824.064583333,-3163.7661353273184,-2200.5495139531135,-3875.675942698363
2460824.0652777776,-2765.616143486744,-2430.6821550101154,-4039.352015764975
2460824.065972222,-2345.4470251423536,-2641.43941802426,-4170.760247408127
2460824.066666667,-1906.61034314426,-2831.151664930418,-4268.86472495962
2460824.0673611113,-1452.6018870348198,-2998.3160039986715,-4332.892835758418
2460824.0680555557,-987.0346853695639,-3141.6074405202085,-4362.340662015689
2460824.06875,-513.6113378444364,-3259.8887357540784,-4356.97647673388
2460824.0694444445,-36.09580180765251,-3352.2189455926637,-4316.842349125526
2460824.070138889,441.71522100325586,-3417.8606029373072,-4242.253861934168
2460824.0708333333,916.0211681658959,-3456.285509493843,-4133.7979395300945
2460824.0715277777,1383.0466270358534,-3467.1790961398956,-3992.3287817604382
2460824.072222222,1839.070330856902,-3450.443308972348,-3818.9618948960283
2460824.0729166665,2280.453980897364,-3406.197973742997,-3615.06621150327
2460824.073611111,2703.670718850299,-3334.780591157252,-3382.2542962821694
2460824.074305556,3105.333061253825,-3236.7445169325574,-3122.3706412026054
2460824.075,3482.220083329454,-3112.8554859366714,-2837.4780687691423
2460824.0756944446,3831.303624363159,-2964.0864493569698,-2529.8422802098085
2460824.076388889,4149.773274433429,-2791.610705977578,-2201.914605547768
2460824.0770833334,4435.0598834269695,-2596.7933298123553,-1856.3130464283795
2460824.077777778,4684.857342166012,-2381.180911614741,-1495.801719504813
2460824.078472222,4897.142373152274,-2146.4896625046845,-1123.268851901812
2460824.0791666666,5070.192088688221,-1894.5919493488848,-741.7035009512878
2460824.079861111,5202.599087035877,-1627.501361180438,-354.1712040315247
2460824.0805555554,5293.283885047824,-1347.3564302485813,36.2112139625252
2460824.08125,5341.504516092717,-1056.4031597952778,426.3014217680139
2460824.081944444,5346.863163157058,-756.9765284390306,812.9576888364719
2460824.082638889,5309.309738169783,-451.48116405052724,1193.065039963872
2460824.084027778,5107.004775487032,167.86914987964346,1921.4619375395298
2460824.0847222223,4943.880654259462,476.74804860007174,2263.885895365065
2460824.0854166667,4741.08505030586,781.7847044390861,2588.0780852166185
2460824.086111111,4500.252963934937,1080.5306520356785,2891.432402485071
2460824.0868055555,4223.325285290668,1370.5894932349138,3171.512624136148
2460824.0875,3912.5322738415502,1649.6362362438526,3426.0718332399156
2460824.0881944443,3570.3747838241056,1915.4358913017754,3653.0701233863074
2460824.0888888887,3199.6034579032275,2165.8611801626216,3850.690472353782
2460824.089583333,2803.196109368952,2398.9092426982143,4017.3527076078
2460824.090277778,2384.333516821966,2612.7172378695955,4151.7255058385645
2460824.0909722224,1946.3738425763418,2805.576757561011,4252.736392290527
2460824.091666667,1492.8258807492127,2975.94698263053,4319.579718241728
2460824.092361111,1027.3213280194245,3122.466523141782,4351.722607129116
2460824.0930555556,553.5862573572934,3243.9638929389694,4348.908866206403
2460824.09375,75.41197091082115,3339.4665718477595,4311.160863205255
2460824.0944444444,-403.37460667351087,3408.208613414021,4238.7793682382835
2460824.095138889,-878.9408214747888,3449.636752822201,4132.341360675951
2460824.095833333,-1347.4783098782082,3463.4149722711113,3992.6957995785524
2460824.0965277776,-1805.2329654672355,3449.4274772493227,3820.9573575043682
2460824.097222222,-2248.53466705378,3407.7800385183036,3618.498121656034
2460824.097916667,-2673.826568948239,3338.799656440104,3386.9372730911614
2460824.0986111113,-3077.693739284791,3243.0325084515566,3128.128765533287
2460824.0993055557,-3456.890911139788,3121.240149827104,2844.1470448347045
2460824.1,-3808.369105755575,2974.393948992212,2537.2708667577117
2460824.1006944445,-4129.300869667956,2803.6677559745344,2209.9652993891214
2460824.101388889,-4417.10386803609,2610.4288209127812,1864.8620202903105
2460824.1020833333,-4669.46257221859,2396.2270046722124,1504.738052477852
2460824.1027777777,-4884.347793144832,2162.782346801037,1132.4931086699462
2460824.103472222,-5060.033825499157,1911.9710831383416,751.125743422637
2460824.1041666665,-5195.112990852974,1645.81023360421,363.7085410374527
2460824.104861111,-5288.507401795747,1366.44090313096,-26.637415752950503
2460824.105555556,-5339.4778040206,1076.1104639166003,-416.7685309760549
2460824.10625,-5347.629396831277,777.1538037451913,-803.5448627417975
2460824.1069444446,-5312.914576988997,471.9738447859183,-1183.8561908080897
2460824.107638889,-5235.6325992451675,163.021539957386,-1554.6477153454757
2460824.1083333334,-5116.426191476704,-147.22443709374704,-1912.9451212574888
2460824.109027778,-4956.275207348278,-456.2780947942887,-2255.8787604568142
2460824.109722222,-4756.487439511615,-761.6664127473329,-2580.7067269079694
2460824.1104166666,-4518.686747981524,-1060.9493255243603,-2884.836628741835
2460824.111111111,-4244.798689280067,-1351.7392181877804,-3165.8458831469543
2460824.1118055554,-3937.033848606142,-1631.7197756441594,-3421.5003975355016
2460824.1125,-3597.869092356268,-1898.6640436356797,-3649.7715258738244
2460824.113194444,-3230.026959186269,-2150.451584125613,-3848.8512217183256
2460824.113888889,-2836.4534112376846,-2385.084623063122,-4017.165330633077
2460824.1145833335,-2420.2941565298433,-2600.70311083426,-4153.384990239012
2460824.115277778,-1984.8697409620863,-2795.5986316257226,-4256.436122820449
2460824.1159722223,-1533.6495974660768,-2968.227109015493,-4325.507016373704
2460824.1166666667,-1070.2252255848582,-3117.220265347789,-4360.053998581394
2460824.117361111,-598.2826539478127,-3241.395800878008,-4359.805212090214
2460824.1180555555,-121.57433839889892,-3339.76625683231,-4324.7624971518635
2460824.11875,356.10937183938506,-3411.546530868288,-4255.2013861926935
2460824.1194444443,830.969060932975,-3456.160007555297,-4151.669209348061
2460824.1201388887,1299.225228686016,-3473.243264477616,-4014.9813066290944
2460824.120833333,1757.1472887201235,-3462.649310392904,-3846.2153375824278
2460824.121527778,2201.0824190041426,-3424.4493078198666,-3646.703682179797
2460824.1222222224,2627.484102211952,-3358.9327318435576,-3418.023925692043
2460824.122916667,3032.9401599558837,-3266.605917765843,-3161.987432978323
2460824.123611111,3414.2000791883297,-3148.188954510139,-2880.626025481546
2460824.1243055556,3768.201399712377,-3004.6108907816392,-2576.1767976061305
2460824.1256944444,4383.268520797138,-2646.691720873459,-1907.8859445853175
2460824.126388889,4639.369181508083,-2435.186429949641,-1549.3834304935413
2460824.127083333,4858.323214955617,-2204.170185695588,-1178.4291814155038
2460824.1277777776,5038.354188844375,-1955.4854118308917,-797.9991172019169
2460824.128472222,5177.9984733779975,-1691.1194715283104,-411.14926751278375
2460824.129166667,5276.1181496153295,-1413.188634695595,-20.990686678171677
2460824.1298611113,5331.911112495734,-1123.9208128258956,369.33626195726066
2460824.1305555557,5344.918228808261,-825.6372330790457,756.6879834621942
2460824.13125,5315.027455707929,-520.7332365000224,1137.9438202819008
2460824.1319444445,5242.4748692396715,-211.65840518043183,1510.0320318798708
2460824.132638889,5127.842599897265,99.10377228861527,1869.95531438116
2460824.1333333333,4972.053717582112,409.05648083001233,2214.8155958793695
2460824.1340277777,4776.364153973957,715.7101879801415,2541.837858112169
2460824.134722222,4542.351786242194,1016.6030798361672,2848.3927653022993
2460824.1354166665,4271.902841584328,1309.3211258257863,3132.0178982705165
2460824.136111111,3967.195812034738,1591.5175891837234,3390.4374212186945
2460824.136805556,3630.68307785138,1860.9318288069587,3621.580048637096
2460824.1375,3265.070464819754,2115.407240572789,3823.595192412546
2460824.1381944446,2873.294952613067,2352.9082209934663,3994.867211464323
2460824.138888889,2458.500756715638,2571.536047155651,4134.0277027965485
2460824.1395833334,2024.0139999864562,2769.5435855798996,4239.9657951469
2460824.140277778,1573.3161774493183,2945.348758924583,4311.8364234898645
2460824.140972222,1110.0166108225515,3097.5467088272994,4349.066572576374
2460824.1416666666,637.8240738137298,3224.920603716343,4351.359486064783
2460824.142361111,160.51776436308597,3326.451043700965,4318.69684033061
2460824.1430555554,-318.08221102311956,3401.3240187915903,4251.338883423198
2460824.14375,-794.1446743828681,3448.937375739986,4149.822538619709
2460824.144444444,-1263.8573679016158,3468.905748627081,4014.9574717415903
2460824.145138889,-1723.456928226838,3461.0639071379205,3847.8201213537905
2460824.1458333335,-2169.2586562624724,3425.468475893527,3649.7456954734453
2460824.146527778,-2597.6858893969484,3362.3979799672297,3422.3181427857894
2460824.1472222223,-3005.2987576248916,3272.3511760506235,3167.3581209320805
2460824.1479166667,-3388.822099382955,3156.043636117584,2886.9089962630883
2460824.148611111,-3745.172290122546,3014.402562861975,2583.2209336977985
2460824.1493055555,-4071.4827345460903,2848.5598297251045,2258.733153910982
2460824.15,-4365.127755569463,2659.8432615275956,1916.0544713895297
2460824.1506944443,-4623.744628221546,2449.7661884253484,1557.942243443783
2460824.1513888887,-4845.253498073448,2220.015338056734,1187.2799045663276
2460824.152083333,-5027.874951833566,1972.437150770118,807.0532766140583
2460824.152777778,-5170.145022774083,1709.0226330068454,420.3258786379581
2460824.1534722224,-5270.927445374753,1431.890890072657,30.213482651850832
2460824.154166667,-5329.423011887053,1143.2714997114135,-360.14182593635735
2460824.154861111,-5345.1759224485795,845.4859121918305,-747.5978068949373
2460824.1555555556,-5318.077067474904,540.9280730181011,-1129.0381693629017
2460824.15625,-5248.364226275474,232.04448118879844,-1501.3983422272083
2460824.1569444444,-5136.619213303204,-78.68610565832472,-1861.6906494257942
2460824.157638889,-4983.762048377321,-388.77310105942956,-2207.0286353614624
2460824.158333333,-4791.04226402608,-695.73445400354,-2534.6503206006187
2460824.1590277776,-4560.027505539144,-997.1167392388293,-2841.9401721656045
2460824.159722222,-4292.589598386509,-1290.514802281974,-3126.449626678548
2460824.160416667,-3990.8882860087438,-1573.5907883744187,-3385.916015042277
2460824.1611111113,-3657.3528518869175,-1844.092412251253,-3618.2797766484264
2460824.1618055557,-3294.661845354007,-2099.870345701429,-3821.699879076485
2460824.1625,-2905.7211293373457,-2338.8946200607948,-3994.5673850980766
2460824.1631944445,-2493.6404651134544,-2559.269957532731,-4135.517129701333
2460824.163888889,-2061.7088319052414,-2759.249966132339,-4243.437491213077
2460824.1645833333,-1613.3686758701213,-2937.2501405619246,-4317.4782495242125
2460824.1652777777,-1152.1892524502848,-3091.8596297626514,-4357.056537840253
2460824.165972222,-681.839233267844,-3221.851728462121,-4361.860892603422
2460824.167361111,271.369242375329,-3404.051438128238,-4267.270018939281
2460824.168055556,746.647346433058,-3454.8022952948145,-4168.618850999707
2460824.16875,1215.9930579029997,-3478.0337686818557,-4036.676736844879
2460824.1694444446,1675.667563953378,-3473.5502678160806,-3872.483786961862
2460824.170138889,2122.004657703292,-3441.374555755987,-3677.3360699794325
2460824.1708333334,2551.439336106624,-3381.7482681851498,-3452.7763742832917
2460824.171527778,2960.5359279131903,-3295.1308255543004,-3200.5830574785296
2460824.172222222,3346.015551066104,-3182.1966937885295,-2922.7569960275086
2460824.1729166666,3704.7826757345665,-3043.830956819963,-2621.5066657692673
2460824.173611111,4033.950553173961,-2881.1231769652136,-2299.2314064090024
2460824.1743055554,4330.865261538236,-2695.3595344603414,-1958.502946228609
2460824.175,4593.128108745516,-2488.0132593742633,-1602.0452954890218
2460824.175694444,4818.616137879786,-2260.73338975649,-1232.7131417430712
2460824.176388889,5005.500481889313,-2015.331919032901,-853.4689172207637
2460824.1770833335,5152.262334449875,-1753.7694200651745,-467.3587326409019
2460824.177777778,5257.706324616584,-1478.1392617858826,-77.4874009206779
2460824.1784722223,5320.971114252776,-1190.6505588841574,313.0072053687124
2460824.1791666667,5341.5370729067,-893.6100199749793,700.9801995146765
2460824.179861111,5319.230927514175,-589.4028801203712,1083.3058545819408
2460824.1805555555,5254.227329738739,-280.4731158993612,1456.9036310811227
2460824.18125,5147.0473293899195,30.69684548695491,1818.7637823452878
2460824.1819444443,4998.553789649872,341.60670680704436,2165.972271593657
2460824.1826388887,4809.943823887353,649.7589566936765,2495.734751970635
2460824.183333333,4582.738372969256,952.6793929730904,2805.399382503641
2460824.184027778,4318.769077309184,1247.9373143380128,3092.47827616792
2460824.1847222224,4020.1626247903637,1533.1651977444044,3354.6674066100327
2460824.185416667,3689.3227797678746,1806.0776928767489,3589.864826401444
2460824.186111111,3328.9103029301496,2064.489792550624,3796.1870868251576
2460824.1868055556,2941.8209902835497,2306.334045465576,3971.983765682558
2460824.1875,2531.16204647847,2529.6767088318675,4115.850045456781
2460824.1881944444,2100.2270138845347,2732.7327465429194,4226.637297268763
2460824.188888889,1652.4694582665893,2913.879601490479,4303.461648771623
2460824.189583333,1191.4756113603794,3071.669676241631,4345.710521463171
2460824.1902777776,720.9361527920861,3204.841469339402,4353.047133591015
2460824.190972222,244.61730702638152,3312.3293184786107,4325.41296758134
2460824.191666667,-233.66857658203324,3393.2717051578793,4263.028202433059
2460824.1923611113,-710.0927982789108,3447.0180763162507,4166.3901104601555
2460824.1930555557,-1180.8402661113796,3473.134136372855,4036.26941778765
2460824.19375,-1642.1394703864696,3471.405563744854,3873.704627484919
2460824.1944444445,-2090.2922891906364,3441.8401039564724,3679.9943078178067
2460824.195138889,-2521.7034304036156,3384.6679934794265,3456.6873540440893
2460824.1958333333,-2932.9093015832614,3300.340671530544,3205.5712413019855
2460824.1965277777,-3320.606076760441,3189.527744988177,2928.6583044731624
2460824.197222222,-3681.676724089399,3053.1121814046155,2628.170095757144
2460824.1979166665,-4013.216736831072,2892.1837217293937,2306.519899984333
2460824.198611111,-4312.558312921147,2708.0305206759253,1966.2935080891589
2460824.199305556,-4577.292717713482,2502.12904816029,1610.2283858592898
2460824.2,-4805.290580159022,2276.1323057416807,1241.1913960582115
2460824.2006944446,-4994.71987778407,2031.8564425221914,862.155269325299
2460824.201388889,-5144.061391964192,1771.2658805855601,476.17404283817837
2460824.2020833334,-5252.121444865372,1496.4570831782587,86.3577046591522
2460824.202777778,-5318.041760910413,1209.6411265502988,-304.1536940390455
2460824.203472222,-5341.306338642319,913.1252577914546,-692.2161845167074
2460824.2041666666,-5321.745264713615,609.2936308611373,-1074.7080128961989
2460824.204861111,-5259.535445713922,300.58743459311006,-1448.5554763349646
2460824.2055555554,-5155.1982814028215,-10.515379853584541,-1810.7582044463031
2460824.20625,-5009.594348827893,-321.5205480851548,-2158.413622094742
2460824.206944444,-4823.9152054025935,-629.9379177390484,-2488.7403731627173
2460824.207638889,-4599.67245693054,-933.3016445647737,-2799.1004914537752
2460824.209027778,-4043.059499083741,-1515.244444193927,-3350.208780499881
2460824.2097222223,-3715.1797162934295,-1789.1883558215595,-3586.5766302042293
2460824.2104166667,-3357.679239061648,-2048.8443874170202,-3794.250354562565
2460824.211111111,-2973.423495302909,-2292.15124588085,-3971.5868995678884
2460824.2118055555,-2565.48587176811,-2517.1792626383826,-4117.185442463056
2460824.2125,-2137.123266778747,-2722.144868685001,-4229.897437835973
2460824.2131944443,-1691.7505367607857,-2905.4238891155183,-4308.834751355327
2460824.2138888887,-1232.9140147490616,-3065.5636103588126,-4353.375883896184
2460824.214583333,-764.2642560330215,-3201.2935840287005,-4363.170294598396
2460824.215277778,-289.5281640307715,-3311.535130051174,-4338.140829065349
2460824.2159722224,187.5193655939589,-3395.4095052965986,-4278.48425805948
2460824.216666667,663.0841443037218,-3452.244700719272,-4184.669927774829
2460824.217361111,1133.3816026824388,-3481.5808280901592,-4057.436517470833
2460824.2180555556,1594.6657680178018,-3483.1740513000623,-3897.786897889329
2460824.21875,2043.2581617849146,-3456.999015177808,-3706.9810807252957
2460824.2194444444,2475.576444703784,-3403.2497215487247,-3486.5272546970414
2460824.220138889,2888.1626324380313,-3322.3388029245743,-3238.1709064709794
2460824.220833333,3277.710675361124,-3214.8951476829498,-2963.8820398968787
2460824.2215277776,3641.0931863867004,-3081.7598371997506,-2665.8405192509463
2460824.222222222,3975.387074755551,-2923.98036897516,-2346.419589214274
2460824.222916667,4277.897844367702,-2742.803151447027,-2008.1676394390934
2460824.2236111113,4546.182291787207,-2539.664280829573,-1653.7883216929583
2460824.2243055557,4778.069349870772,-2316.178629885393,-1286.119148991733
2460824.225,4971.678825160897,-2074.1273041757495,-908.1087382387756
2460824.2256944445,5125.437789084441,-1815.4435506224074,-522.7928910535503
2460824.226388889,5238.094408253423,-1542.197228001328,-133.26973011927268
2460824.2270833333,5308.729026429231,-1256.5779768814873,257.3258657627082
2460824.2277777777,5336.762347441958,-960.8772489278581,645.8482691909362
2460824.228472222,5321.960608585621,-657.4693798222186,1029.1672786842905
2460824.2291666665,5264.437680031012,-348.79190004583376,1404.194188036525
2460824.229861111,5164.654071234406,-37.325297282882204,1767.9074692567522
2460824.230555556,5023.412872497492,274.42755774049147,2117.3778066705304
2460824.23125,4841.852703823182,583.9621048292236,2449.792228149644
2460824.2319444446,4621.43778463398,888.7926964644363,2762.477101770809
2460824.232638889,4363.945272682967,1186.4729086643172,3052.919792291987
2460824.2333333334,4071.4500489013176,1474.6153744225687,3318.7887993045533
2460824.234027778,3746.3071488028463,1750.910968432411,3557.9522263807185
2460824.234722222,3391.1320531299734,2013.147193899727,3768.4944633428136
2460824.2354166666,3008.7790566121816,2259.2256414934614,3948.7309909529595
2460824.236111111,2602.3179398271923,2487.1784059966294,4097.221239860387
2460824.2368055554,2175.009155883352,2695.1833705520407,4212.779462597374
2460824.2375,1730.2777443939624,2881.5782773944234,4294.483589680558
2460824.238194444,1271.686164972627,3044.873522369511,4341.682057637077
2460824.238888889,802.9062410900968,3183.763614790775,4353.998601917851
2460824.2395833335,327.69038676280206,3297.137254579573,4331.335014503328
2460824.240277778,-150.1577147003685,3384.0859795869046,4273.871865952186
2460824.2409722223,-626.8128138318517,3443.9113372229162,4182.06719187399
2460824.2416666667,-1098.4580159066934,3476.130534540283,4056.6531428949006
2460824.242361111,-1561.3147479117513,3480.4805191071205,3898.6305973523977
2460824.2430555555,-2011.6725930278383,3456.920442503085,3709.261737648009
2460824.24375,-2445.9187957133577,3405.6324590194654,3490.060598711269
2460824.2444444443,-2860.5672336110365,3327.0208155677087,3242.781604082128
2460824.2451388887,-3252.2866285697983,3221.70919528416,2969.4061222678347
2460824.245833333,-3617.927761781907,3090.536286725116,2672.127091139181
2460824.246527778,-3954.5494338748654,2934.5495679626597,2353.331789465783
2460824.2472222224,-4259.4429223239595,2754.9973075371277,2015.5828472784885
2460824.247916667,-4530.154664514076,2553.3188126564555,1661.5976319479992
2460824.248611111,-4764.506917672772,2331.132973246654,1294.2261622936398
2460824.2493055556,-4960.616147312784,2090.2251820925517,916.4277433444668
2460824.2506944444,-5232.135129527238,1560.1288356505743,141.78628334113864
2460824.251388889,-5305.378316380201,1275.2053838641923,-248.81549164066752
2460824.252083333,-5336.063092306471,980.0546839641173,-637.4136446742755
2460824.2527777776,-5323.959459228158,677.050309625153,-1020.881547685418
2460824.253472222,-5269.184072560881,368.6273058337635,-1396.136990661825
2460824.254166667,-5172.198437568629,57.2619504697399,-1760.1675583799026
2460824.2548611113,-5033.804104462854,-254.54870823708075,-2110.0552275063205
2460824.2555555557,-4855.134964541823,-564.3073305057521,-2442.999953017266
2460824.25625,-4637.646787899595,-869.5365748160272,-2756.3420295439287
2460824.2569444445,-4383.104172068237,-1167.7990125557483,-3047.5830476647143
2460824.257638889,-4093.5650972945937,-1456.7164930771492,-3314.4052894667266
2460824.2583333333,-3771.36329421943,-1733.9888115330134,-3554.689445624829
2460824.2590277777,-3419.0886469490993,-1997.4115419890547,-3766.5305555732457
2460824.259722222,-3039.565845664749,-2244.8929301243634,-3948.252110273126
2460824.2604166665,-2635.8315063382493,-2474.469750599833,-4098.418272552404
2460824.261111111,-2211.109961463964,-2684.322056117343,-4215.844193706114
2460824.261805556,-1768.7879104323406,-2872.7867600824707,-4299.604419099643
2460824.2625,-1312.388113609895,-3038.3700012619506,-4349.039382524068
2460824.2631944446,-845.5422847686561,-3179.7582541659517,-4363.759998379474
2460824.263888889,-371.9633386385631,-3295.828145834886,-4343.650357641029
2460824.2645833334,104.5828695365003,-3385.654945579971,-4288.868533857783
2460824.265277778,580.3061741151284,-3448.5196901316563,-4199.845500487864
2460824.265972222,1051.4209659428413,-3483.9149048287454,-4077.2821563623384
2460824.2666666666,1514.175154582463,-3491.5488763271114,-3922.1444522989777
2460824.267361111,1964.8790749325024,-3471.348429059308,-3735.6566110288086
2460824.2680555554,2399.934178402432,-3423.460155088249,-3519.29243249909
2460824.26875,2815.861325195808,-3348.2500462844932,-3274.7646843263747
2460824.269444444,3209.3284796365037,-3246.3014811212893,-3004.012587049402
2460824.270138889,3577.1775916221864,-3118.411524722909,-2709.1874191215807
2460824.2708333335,3916.4504285378907,-2965.5855121574486,-2392.636288280864
2460824.271527778,4224.413112370304,-2789.0298987469178,-2056.8841374504304
2460824.2722222223,4498.579102738569,-2590.1433820319444,-1704.6140853496147
2460824.2729166667,4736.730369188091,-2370.5063210132184,-1338.6462281183701
2460824.273611111,4936.936498362056,-2131.868504411046,-961.9150608722881
2460824.2743055555,5097.571495198598,-1876.1353465011273,-577.4457074673295
2460824.275,5217.328058464437,-1605.3526154321291,-188.32917266784534
2460824.2756944443,5295.229137250019,-1321.6898285992766,202.303140838796
2460824.2763888887,5330.636612911334,-1027.4224698088221,591.3053961098291
2460824.277083333,5323.256988530662,-724.9132078308207,975.5434936698566
2460824.277777778,5273.144013705981,-416.5923133149331,1351.9211728163991
2460824.2784722224,5180.698218335945,-104.93747851632789,1717.4057708013272
2460824.279166667,5046.6633766139985,207.54673904549156,2069.0533636544556
2460824.279861111,4872.1199653365675,518.3496402784052,2404.0330433210784
2460824.2805555556,4658.475724298614,824.975057452838,2719.6500891207993
2460824.28125,4407.4534618571915,1124.9617756645505,3013.3678261542755
2460824.2819444444,4121.0762773814495,1415.9035144280977,3282.827989160403
2460824.282638889,3801.650397934324,1695.468294083088,3525.869436282356
2460824.283333333,3451.745839207288,1961.4170344255842,3740.5450909936903
2460824.2840277776,3074.1751112645984,2211.6212497521906,3925.1370160526944
2460824.284722222,2671.9701877018892,2444.0797268737397,4078.1695517113567
2460824.285416667,2248.357957833892,2656.9340869585503,4198.420469581126
2460824.2861111113,1806.7343697828435,2848.483151267236,4284.930114366088
2460824.2868055557,1350.637462804671,3017.196042915022,4337.0085180574015
2460824.2875,883.7194730673996,3161.723967539651,4354.240480070361
2460824.2881944445,409.71819778387203,3280.9106186513195,4336.4886107916
2460824.288888889,-67.5722216879195,3373.8011635347416,4283.894340090005
2460824.2895833333,-544.3309290248636,3439.6497614498458,4196.876889774387
2460824.2902777777,-1016.7402291127472,3477.9255673972093,4076.1302094318175
2460824.290972222,-1481.0155421831812,3488.3171736252684,3922.6178748234524
2460824.292361111,-2370.37029812322,3425.3146640423697,3522.4538170102164
2460824.293055556,-2788.3131822898654,3352.4120466344334,3279.0029952148643
2460824.29375,-3183.9063732009827,3252.605410924307,3009.163968424593
2460824.2944444446,-3553.9696667203475,3126.689147304799,2715.101078215346
2460824.295138889,-3895.526376421886,2975.668366049137,2399.175545977177
2460824.2958333334,-4205.828053357539,2800.751259810791,2063.926722947132
2460824.296527778,-4482.377479824945,2603.339698849379,1712.0516929987864
2460824.297222222,-4722.949681419748,2385.0181046827224,1346.3833806323717
2460824.2979166666,-4925.61070905289,2147.5406759764787,969.8673498920514
2460824.298611111,-5088.733964128253,1892.8170670252405,585.537505993567
2460824.2993055554,-5211.013867778975,1622.89664333271,196.49093211009105
2460824.3,-5291.476704376482,1339.951469529793,-194.1378778436175
2460824.300694444,-5329.4885141839095,1046.2581992666728,-583.2031275022242
2460824.301388889,-5324.759948848796,744.1790619839295,-967.5738864159498
2460824.3020833335,-5277.348052378687,436.1421507743963,-1344.1600432760174
2460824.302777778,-5187.654976346945,124.62122569396513,-1709.9377723770822
2460824.3034722223,-5056.423682577512,-187.8847549288596,-2061.9742598462662
2460824.3041666667,-4884.730730949894,-498.87215697094825,-2397.4514446779126
2460824.304861111,-4673.97628507336,-805.8530480636556,-2713.688566913949
2460824.3055555555,-4425.871503036901,-1106.3752342991813,-3008.1633310807038
2460824.30625,-4142.423501077638,-1398.0417850547065,-3278.531532142663
2460824.3069444443,-3825.9181008096043,-1678.5298852383773,-3522.6450127078506
2460824.3076388887,-3478.9005718452386,-1945.6088849297735,-3738.567860064195
2460824.308333333,-3104.1545937387427,-2197.157426113705,-3924.5907687868576
2460824.309027778,-2704.679647549702,-2431.179555725949,-4079.2435279052916
2460824.3097222224,-2283.6670463560763,-2645.8197447424272,-4201.305605208965
2460824.310416667,-1844.4747952721857,-2839.3767531055123,-4289.814820563265
2460824.311111111,-1390.6014637750422,-3010.316288181419,-4344.0741077587645
2460824.3118055556,-925.6592292436568,-3157.2824174038496,-4363.656372533284
2460824.3125,-453.3462497507943,-3279.1076949474004,-4348.407453094565
2460824.3131944444,22.581496415258133,-3374.821968637635,-4298.447190055171
2460824.313888889,498.3387667809984,-3443.6598293602196,-4214.168607521571
2460824.314583333,970.139872637444,-3485.0666631526497,-4096.235202695087
2460824.3152777776,1434.2276176147354,-3498.7032615137387,-3945.576337953944
2460824.315972222,1886.9022120118805,-3484.448942255278,-3763.3807264637053
2460824.316666667,2324.5500001390287,-3442.403129500396,-3551.0880041004325
2460824.3173611113,2743.6718224742726,-3372.885341274681,-3310.3783860643593
2460824.3180555557,3140.91081780463,-3276.4335353020742,-3043.1604156850385
2460824.31875,3513.079450491083,-3153.80076941095,-2751.5568280341154
2460824.3194444445,3857.185529669969,-3005.950143588836,-2437.8885716694085
2460824.320138889,4170.456975589279,-2834.0480045749828,-2104.6570542099994
2460824.3208333333,4450.365076843334,-2639.455412739241,-1754.5247060448455
2460824.3215277777,4694.6459797112775,-2423.7178930489126,-1390.2939857965646
2460824.322222222,4901.320155055997,-2188.553516308318,-1014.8849808335668
2460824.3229166665,5068.7095976738465,-1935.8393858139593,-631.3117895837867
2460824.323611111,5195.452536815294,-1667.5966275651904,-242.65789291596954
2460824.324305556,5280.515457917642,-1385.9740148593942,147.94924440274968
2460824.325,5323.202274014689,-1093.2303794042075,537.364088184269
2460824.3256944446,5323.160523261018,-791.7159833475217,922.4491967644756
2460824.326388889,5280.384512294699,-483.85304673047824,1300.1013520863064
2460824.3270833334,5195.215372186946,-172.11563664232867,1667.2773835690932
2460824.327777778,5068.338039575688,140.9908687265495,2021.0194160351602
2460824.328472222,4900.775222597378,452.9505205673639,2358.479280391333
2460824.3291666666,4693.878449594313,761.2575376295613,2676.9418569050035
2460824.329861111,4449.3163405163805,1063.436829913495,2973.8471291293986
2460824.3305555554,4169.060268101508,1357.0641196074055,3246.810766777828
2460824.33125,3855.3676004521462,1639.7854826173357,3493.6430796348463
2460824.331944444,3510.7627359381827,1909.336150528072,3712.3662128739174
2460824.332638889,3138.016145729555,2163.5584374700516,3901.229487541114
2460824.334027778,2320.272122549876,2618.023025273243,4183.5881119991745
2460824.3347222223,1881.8338970536972,2814.6321803611504,4274.828759770205
2460824.3354166667,1428.3199699243576,2988.6747231113654,4331.716965177867
2460824.336111111,963.3622934589984,3138.759243571056,4353.799141434329
2460824.3368055555,490.68327341790325,3263.685066102379,4340.899231488249
2460824.3375,14.066661711681931,3362.4515690596254,4293.1199988298595
2460824.3381944443,-462.67199149132136,3434.2660448835927,4210.842282351543
2460824.3388888887,-935.7151638846813,3478.550053874011,4094.7222146967742
2460824.339583333,-1401.2732968369298,3494.9442227217396,3945.6864027836777
2460824.340277778,-1855.614663387925,3483.3114378999626,3764.9250710909346
2460824.3409722224,-2295.0949798140045,3443.7383843773246,3553.8831728419455
2460824.341666667,-2716.186555636605,3376.5353826881596,3314.2494837332197
2460824.342361111,-3115.5067659935517,3282.2344823981257,3047.943703602161
2460824.3430555556,-3489.845609346476,3161.5857790351647,2757.1016110649707
2460824.34375,-3836.1921006902658,3015.5519356629507,2444.058339371023
2460824.3444444444,-4151.759247121203,2845.3009054120334,2111.329862712647
2460824.345138889,-4434.007339976489,2652.1968745535887,1761.5928169555987
2460824.345833333,-4680.665308461102,2437.7894667641067,1397.6628019323489
2460824.3465277776,-4889.749883319425,2203.801278008775,1022.4713479177952
2460824.347222222,-5059.582341430984,1952.1138363895584,639.0417524187019
2460824.347916667,-5188.802625394999,1684.7521092696616,250.46402040866704
2460824.3486111113,-5276.380665110015,1403.867705796728,-140.13083827578924
2460824.3493055557,-5321.62476768201,1111.7209433648059,-529.5968892723827
2460824.35,-5324.186983075284,810.6619698618977,-914.7994521494645
2460824.3506944445,-5284.065400976148,503.1111437474522,-1292.6411020493922
2460824.351388889,-5201.603379520935,191.53888407004948,-1660.0872232176723
2460824.3520833333,-5077.485752871106,-121.55479182149476,-2014.1908527200765
2460824.3527777777,-4912.732107898207,-433.66082974721706,-2352.1165741574755
2460824.353472222,-4708.68725726281,-742.2815945010442,-2671.1632450209145
2460824.3541666665,-4467.009071439111,-1044.9510221360088,-2968.7853629714127
2460824.354861111,-4189.653854056501,-1339.2542944290683,-3242.612914236187
2460824.355555556,-3878.859466832602,-1622.8468727054892,-3490.4695700396837
2460824.35625,-3537.1264180214193,-1893.4727534152214,-3710.3891321521137
2460824.3569444446,-3167.1971338319,-2148.9818256095273,-3900.6301536773603
2460824.357638889,-2772.0336261187585,-2387.3462331022774,-4059.688688278052
2460824.3583333334,-2354.7937671623627,-2606.675658068747,-4186.30913844164
2460824.359027778,-1918.8063609855587,-2805.2314647247044,-4279.493193945941
2460824.359722222,-1467.5451980131381,-2981.4396468063496,-4338.506857556056
2460824.3604166666,-1004.6022546814355,-3133.9025378939145,-4362.88556550433
2460824.361111111,-533.6601948532335,-3261.4092443849645,-4352.437409591787
2460824.3618055554,-58.464313074566284,-3362.9447658663503,-4307.244467782989
2460824.3625,417.20594379776946,-3437.697765121342,-4227.6622454674625
2460824.363194444,889.5657382471526,-3485.066946989789,-4114.31722612572
2460824.363888889,1354.853755039877,-3504.6660031438014,-3968.1025248242936
2460824.3645833335,1809.3611154343823,-3496.3270734676207,-3790.17163632217
2460824.365277778,2249.4601341086995,-3460.1026729242258,-3581.9302704153333
2460824.3659722223,2671.6327448835937,-3396.2660313923793,-3345.0262711762693
2460824.3666666667,3072.4984020293,-3305.309795413005,-3081.3376260329924
2460824.367361111,3448.841243217302,-3187.943046751058,-2792.95858630357
2460824.3680555555,3797.636287200092,-3045.0866013896334,-2482.1839371855867
2460824.36875,4116.0744196559845,-2877.866567088375,-2151.4914814337917
2460824.3694444443,4401.585914015876,-2687.6061547628624,-1803.5228256156167
2460824.3701388887,4651.862226673373,-2475.8157618672026,-1441.0625900701557
2460824.370833333,4864.875812319548,-2244.1813687351546,-1067.0161904938418
2460824.371527778,5038.897712223247,-1994.5513169489257,-684.3863722374924
2460824.3722222224,5172.5126876727745,-1728.9215663850814,-296.24870624254396
2460824.372916667,5264.631697470919,-1449.4195537448866,94.2737212104487
2460824.373611111,5314.5015502230735,-1158.2868017998815,484.03617107680947
2460824.3743055556,5321.711601300292,-857.8604524116741,869.8983968388214
2460824.3756944444,5208.241301468368,-238.83681022881535,1617.5403179329662
2460824.376388889,5088.469881255741,74.78549074382931,1973.2957595613984
2460824.377083333,4927.848484110219,387.79266449281096,2313.152359006749
2460824.3777777776,4727.672720280134,697.6702041890478,2634.3752744823173
2460824.378472222,4489.557210003877,1001.9300429686526,2934.381834148003
2460824.379166667,4215.421682157385,1298.1308081834368,3210.7623340070627
2460824.3798611113,3907.474625688574,1583.8975282008953,3461.29922420015
2460824.3805555557,3568.1946986419334,1856.9406325305972,3683.9845544495834
2460824.38125,3200.310111235347,2115.074102646223,3877.0355752207306
2460824.3819444445,2806.7762059943248,2356.2326489960237,4038.9084171460345
2460824.382638889,2390.7514475586495,2578.4878141996423,4168.309799171684
2460824.3833333333,1955.5720365027714,2780.0629121787088,4264.206729452356
2460824.3840277777,1504.7253475243429,2959.346730931176,4325.834181148683
2460824.384722222,1041.8223807442985,3114.905937330028,4352.700734843382
2460824.3854166665,570.5694060217644,3245.496129050229,4344.592184685703
2460824.386111111,94.73897074557804,3350.0714838166164,4301.573108285874
2460824.386805556,-381.85956440987417,3427.7929580561586,4223.986400391676
2460824.3875,-855.4097953955308,3478.034986352831,4112.450769952007
2460824.3881944446,-1322.1181858599266,3500.3906330975383,3967.856199247395
2460824.388888889,-1778.243942565407,3494.675145382641,3791.357365206626
2460824.3895833334,-2220.1286681174884,3460.9278566556295,3584.365027418204
2460824.390277778,-2644.225588558366,3399.412392872155,3348.535396074882
2460824.390972222,-3047.1281444973415,3310.615136739987,3085.757501637712
2460824.3916666666,-3425.597703778112,3195.2419156906226,2798.138612636334
2460824.392361111,-3776.59015770954,3054.2128899197564,2487.987760698093
2460824.3930555554,-4097.2811390444585,2888.655635007089,2157.7974643929774
2460824.39375,-4385.089603587683,2699.896432235804,1810.2237662254206
2460824.394444444,-4637.699512440538,2489.449805717553,1448.064732297431
2460824.395138889,-4853.079368106028,2259.0063675184574,1074.2375863700502
2460824.3958333335,-5029.499367310875,2010.4190624414664,691.754685211147
2460824.396527778,-5165.545961259441,1745.6879301272943,303.6985647012358
2460824.3972222223,-5260.133645401935,1466.9435277642885,-86.80369312616253
2460824.3979166667,-5312.513838123117,1176.4291799023267,-476.60650649653644
2460824.398611111,-5322.280749771366,876.4822410597978,-862.5719795489462
2460824.3993055555,-5289.374188661971,569.5145755546783,-1241.59594604021
2460824.4,-5214.079298718318,257.9924636558306,-1610.6336018074207
2460824.4006944443,-5097.023268122265,-55.58384864288138,-1966.724462702115
2460824.4013888887,-4939.169091990764,-368.7007420941386,-2307.0164047520416
2460824.402083333,-4741.806512407414,-678.8517485388288,-2628.788562817924
2460824.402777778,-4506.540291060097,-983.557812550394,-2929.4728957935704
2460824.4034722224,-4235.275996703912,-1280.3871082691333,-3206.674252176444
2460824.404166667,-3930.203510322434,-1566.9742468107427,-3458.18879983594
2460824.404861111,-3593.7784604277917,-1841.0387325354163,-3682.020716717827
2460824.4055555556,-3228.70180760756,-2100.402544329535,-3876.3970648184604
2460824.40625,-2837.8977907742856,-2343.0067419169086,-4039.7807981176934
2460824.4069444444,-2424.4904488439956,-2566.927009081833,-4170.881871267989
2460824.407638889,-1991.7789089416106,-2770.3880702143097,-4268.666439106243
2460824.408333333,-1543.2116248847435,-2951.77692367247,-4332.364143740794
2460824.4090277776,-1082.35973844957,-3109.6548447767354,-4361.473493884488
2460824.409722222,-612.8897104354846,-3242.768122201357,-4355.765345627383
2460824.410416667,-138.53537344306346,-3350.0574871652225,-4315.2844900393
2460824.4111111113,336.93046299371383,-3430.6662001736195,-4240.349351672599
2460824.4118055557,809.7247172338585,-3483.9467537643286,-4131.5497963919415
2460824.4125,1276.0829154605751,-3509.4661474756463,-3989.743042816416
2460824.4131944445,1732.2880989667358,-3507.009686258964,-3816.047669959194
2460824.413888889,2174.6996064140694,-3476.5832509737274,-3611.8357120708847
2460824.4145833333,2599.7815563465115,-3418.413987012526,-3378.7228368854117
2460824.4152777777,3004.1308375532226,-3332.949359356559,-3118.556613256389
2460824.415972222,3384.504402102944,-3220.854526367879,-2833.402884465048
2460824.417361111,4061.30952662777,-2920.495525323528,-2197.3929636783514
2460824.418055556,4352.28649485002,-2734.602294821658,-1851.611585142372
2460824.41875,4608.424427076264,-2526.8033056453264,-1490.9527513886899
2460824.4194444446,4827.648857612763,-2298.7521015793322,-1118.3069616809248
2460824.420138889,5008.180928937886,-2052.2678399652455,-736.6653021481914
2460824.4208333334,5148.552938050811,-1789.3208184828961,-349.0950684088855
2460824.421527778,5247.621259805687,-1512.016571824058,41.285452864502815
2460824.422222222,5304.576470843606,-1222.5786844955203,431.3327899779672
2460824.4229166666,5318.950537791954,-923.3304895368517,817.9044115904204
2460824.423611111,5290.6209768617655,-616.6758387995998,1197.8848993839001
2460824.4243055554,5219.811935768211,-305.07914898506175,1568.2118887450351
2460824.425,5107.092197038481,8.955062138075796,1925.901503048524
2460824.425694444,4953.370146359894,322.90293564572914,2268.073024520569
2460824.426388889,4759.88579378992,634.2421083270978,2591.9725539555407
2460824.4270833335,4528.199973792468,940.4724190005967,2894.995440452818
2460824.427777778,4260.180882548893,1239.1362866508696,3174.707286941178
2460824.4284722223,3957.98813741063,1527.8385772404454,3428.8633655829904
2460824.4291666667,3624.054563428269,1804.2657930126493,3655.4263064452393
2460824.429861111,3261.0659189963835,2066.204441335759,3852.581955374748
2460824.4305555555,2871.9387838674825,2311.558453293233,4018.7533184366666
2460824.43125,2459.796824279429,2538.365547640223,4152.612539938049
2460824.4319444443,2027.945647599635,2744.8124487686587,4253.090877267758
2460824.4326388887,1579.8464492477774,2929.248882637116,4319.386652073856
2460824.433333333,1119.0886405056751,3090.200287442705,4350.9711685847105
2460824.434027778,649.3616430717033,3226.379180706104,4347.592595186961
2460824.4347222224,174.4260128785347,3336.6951349998467,4309.277809987842
2460824.435416667,-301.9159325518347,3420.2633100617077,4236.332209615898
2460824.436111111,-775.8498239442206,3476.4114943983814,4129.337481454627
2460824.4368055556,-1243.5791214855908,3504.68560618585,3989.147337527358
2460824.4375,-1701.3549891983585,3504.853601823193,3816.881210928314
2460824.4381944444,-2145.505983577747,3476.907741321264,3613.9159169809427
2460824.438888889,-2572.467352824695,3421.065159982561,3381.875291146023
2460824.439583333,-2978.8097330785286,3337.766701219648,3122.6178266135403
2460824.4402777776,-3361.2670120001126,3227.673972777779,2838.2223504644035
2460824.440972222,-3716.7631156799534,3091.664600011459,2530.97179769293
2460824.441666667,-4042.4374599683433,2930.8256673275846,2203.3351707240276
2460824.4423611113,-4335.668808847709,2746.445356910376,1857.9477948182891
2460824.4430555557,-4594.097278240134,2540.0028175052043,1497.5900117397512
2460824.44375,-4815.644230770731,2313.1563231055325,1125.1644859286555
2460824.4444444445,-4998.529826963715,2067.7298053580694,743.6723203470492
2460824.445138889,-5141.288016099878,1805.6978747922687,356.1882120683572
2460824.4458333333,-5242.778785346621,1529.1694678398521,-34.16510809798021
2460824.4465277777,-5302.19751856147,1240.3702846450878,-424.2428846830011
2460824.447222222,-5319.081360458692,941.6242012454722,-810.90452134669
2460824.4479166665,-5293.312526200367,635.3338534297241,-1191.0396648194724
2460824.448611111,-5225.118542321737,323.9606071739195,-1561.5939093609916
2460824.449305556,-5115.069452379189,10.004127932581964,-1919.5938632072819
2460824.45,-4964.072063703617,-304.018233314952,-2262.171327364257
2460824.4506944446,-4773.361351895049,-615.5920278677037,-2586.5863628399916
2460824.451388889,-4544.489173936297,-922.2260714139113,-2890.2490476573716
2460824.4520833334,-4279.310468510866,-1221.4723957553176,-3170.739754199068
2460824.452777778,-3979.9671423569393,-1510.9456234015554,-3425.827807928922
2460824.453472222,-3648.869854957191,-1788.3416174989347,-3653.488418219026
2460824.4541666666,-3288.677917054145,-2051.4552822519086,-3851.917802410176
2460824.454861111,-2902.2775214960734,-2298.1974053964914,-4019.546446680443
2460824.4555555554,-2492.7585120470276,-2526.6104582743633,-4155.050473434399
2460824.45625,-2063.3898919674803,-2734.8832799876677,-4257.361097871256
2460824.456944444,-1617.5942517207072,-2921.3645913285827,-4325.672172735595
2460824.457638889,-1158.9212927443157,-3084.5752875010126,-4359.445823829941
2460824.459027778,-217.6137805335961,-3336.1941956959454,-4322.591244179449
2460824.4597222223,257.5337937384235,-3422.597848522355,-4252.25278672253
2460824.4604166667,730.6416783782454,-3481.7371899169257,-4147.954465807422
2460824.461111111,1197.9431725080287,-3513.1329465385616,-4010.5179644472323
2460824.4618055555,1655.714222736818,-3516.523945229529,-3841.0272589449028
2460824.4625,2100.302221589951,-3491.869723217801,-3640.820970382178
2460824.4631944443,2528.1545391609666,-3439.351562593176,-3411.482799355834
2460824.4638888887,2935.846598720357,-3359.3718953162643,-3154.8300473194226
2460824.464583333,3320.10928758447,-3252.5520301319107,-2872.9002421750447
2460824.465277778,3677.855483871747,-3119.728159320708,-2567.9358986568323
2460824.4659722224,4006.205451229742,-2961.945618306234,-2242.367474555739
2460824.466666667,4302.510856154813,-2780.4513845217048,-1898.794600329156
2460824.467361111,4564.377144684703,-2576.6848254904467,-1539.965696652593
2460824.4680555556,4789.684021669036,-2352.2667288276507,-1168.7561211266693
2460824.46875,4976.60378324968,-2108.986672600339,-788.1450151919319
2460824.4694444444,5123.6172673214205,-1848.7888233870206,-401.1910535556021
2460824.470138889,5229.5272122682645,-1573.756275019611,-11.007321054996975
2460824.470833333,5293.4688426778475,-1286.0940714152057,379.26443048159825
2460824.4715277776,5314.91754124876,-988.1110757340675,766.4798845274167
2460824.472222222,5293.693505176056,-682.2008714773326,1147.5183456997183
2460824.472916667,5229.963332075037,-370.8219003846851,1519.3087268895254
2460824.4736111113,5124.238526406479,-56.47704144716454,1878.8550734209673
2460824.4743055557,4977.370964418813,258.30714233045234,2223.2613492879345
2460824.475,4790.545397220506,571.0012813692817,2549.755249693353
2460824.4756944445,4565.269112986843,879.09398493389,2855.7108092085236
2460824.476388889,4303.358912591967,1180.1123354137615,3138.669609132339
2460824.4770833333,4006.9255780306803,1471.6419075127742,3396.360416399979
2460824.4777777777,3678.356037199227,1751.3461403917995,3626.717111022786
2460824.478472222,3320.293434855118,2016.9849172748511,3827.8947953491092
2460824.4791666665,2935.6153306327824,2266.4322199297903,3998.2839995100494
2460824.479861111,2527.4102432234963,2497.6927471392337,4136.522924823902
2460824.480555556,2098.9527483315205,2708.917406746186,4241.507689091656
2460824.48125,1653.677336940602,2898.4176000004813,4312.400549356206
2460824.4819444446,1195.1512282455053,3064.6782314425195,4348.636091802744
2460824.482638889,727.0463109440911,3206.3693897422513,4349.9253862084715
2460824.4833333334,253.1103942711868,3322.3566430106785,4316.2581028402965
2460824.484027778,-222.86207227021927,3411.7099016389743,4247.902593090698
2460824.484722222,-697.0596427452228,3473.7107976782986,4145.403933117987
2460824.4854166666,-1165.6837190903304,3507.858531028719,4009.579929340734
2460824.486111111,-1624.978421859225,3513.8741302397025,3841.5150855083457
2460824.4868055554,-2071.2603051965084,3491.7030757309844,3642.5525341784924
2460824.4875,-2500.9477189434892,3441.5162342055432,3414.2839424728645
2460824.488194444,-2910.589606511781,3363.7090567510727,3158.537412481654
2460824.488888889,-3296.893506239002,3258.8990013161037,2877.3634155281356
2460824.4895833335,-3656.7525219224035,3127.9211490948433,2573.0188120328626
2460824.490277778,-3987.270995203807,2971.8220044726927,2247.9490474320887
2460824.4909722223,-4285.788633535998,2791.8514805629025,1904.7686227147633
2460824.4916666667,-4549.90282166666,2589.4531017916015,1546.2399857136606
2460824.492361111,-4777.48886604009,2366.2524771022,1175.2510092988146
2460824.4930555555,-4966.717934170182,2124.044122116932,794.7912492253572
2460824.49375,-5116.072465401128,1864.7767433630559,407.9272128641893
2460824.4944444443,-5224.358869854342,1590.5371145734657,17.776875805257763
2460824.4951388887,-5290.717359062398,1303.53270790958,-372.5162854911634
2460824.495833333,-5314.628797913391,1006.0732595659524,-759.8094736224766
2460824.496527778,-5295.918510573538,700.5514676176913,-1140.98668464118
2460824.4972222224,-5234.757019780809,389.4230316265556,-1512.9844819246844
2460824.497916667,-5131.657745217155,75.18624976364676,-1872.8171642385278
2460824.498611111,-4987.471731261155,-239.6386094295752,-2217.6010778419295
2460824.4993055556,-4803.379514045549,-552.529950697666,-2544.5778465599833
2460824.5006944444,-4321.778453171568,-1162.541416403243,-3134.8330295538317
2460824.501388889,-4028.168015115056,-1454.7937637926786,-3393.411128877673
2460824.502083333,-3702.414588965401,-1735.4154113666912,-3624.8175025998817
2460824.5027777776,-3347.1356816208986,-2002.17501420972,-3827.218164032619
2460824.503472222,-2965.17919363729,-2252.9538951083737,-3999.011761218583
2460824.504166667,-2559.6004420254435,-2485.7620935676923,-4138.8411973237635
2460824.5048611113,-2133.637888544775,-2698.7533153715926,-4245.603342616234
2460824.5055555557,-1690.687763295629,-2890.2387207013803,-4318.456832386221
2460824.50625,-1234.2777515317234,-3058.6995039352537,-4356.82795622606
2460824.5069444445,-768.0399025787572,-3202.7982218444977,-4360.414645304909
2460824.507638889,-295.6829083833442,-3321.3888309103104,-4329.188564956864
2460824.5083333333,179.03611305539133,-3413.5253961202334,-4263.395317090021
2460824.5090277777,652.3401930025552,-3478.4694297285,-4163.552752189001
2460824.509722222,1120.4613109155575,-3515.6958159051096,-4030.4473867078723
2460824.5104166665,1579.6692755754625,-3524.897272793903,-3865.128918295053
2460824.511111111,2026.3005393421668,-3505.987299360146,-3668.902828920832
2460824.511805556,2456.786769179583,-3459.101552021329,-3443.321073564324
2460824.5125,2867.682999568817,-3384.5975969387896,-3190.1708529339803
2460824.5131944446,3255.695157220906,-3283.052986598612,-2911.461486156653
2460824.513888889,3617.7067350992,-3155.261618066018,-2609.4094157574127
2460824.5145833334,3950.804381807589,-3002.2283401205423,-2286.4213946427203
2460824.515277778,4252.302149788928,-2825.161795047871,-1945.0759375318783
2460824.515972222,4519.764146481939,-2625.465499831813,-1588.1031434209192
2460824.5166666666,4751.025332094027,-2404.7271929323197,-1218.3630232524215
2460824.517361111,4944.210206954197,-2164.70650412055,-838.8225069342362
2460824.5180555554,5097.749155500516,-1907.321026725391,-452.5313222203488
2460824.51875,5210.392230282659,-1634.630902932671,-62.596971130704055
2460824.519444444,5281.220191089735,-1348.8220594052436,327.8409491130471
2460824.520138889,5309.652651310036,-1052.1882540409645,715.6368182868435
2460824.5208333335,5295.4532241673,-747.1121138730288,1097.6651875714042
2460824.521527778,5238.73160583333,-436.0453689374823,1470.8468108905279
2460824.5222222223,5139.942580419546,-121.48848630085344,1832.1742471109046
2460824.5229166667,4999.881976595475,194.03007422796267,2178.7367621047165
2460824.523611111,4819.679650140107,507.9747675183668,2507.744284660492
2460824.5243055555,4600.789606972184,817.8238200709956,2816.5501875109035
2460824.525,4344.977416055398,1121.0898337366154,3102.6726917943006
2460824.5256944443,4054.3050874751543,1415.339949508742,3363.8147236181208
2460824.5263888887,3731.1136162858297,1698.2153959521224,3597.8820755839465
2460824.527083333,3378.0033998064177,1967.4502734676978,3802.999762975322
2460824.527777778,2997.812751310138,2220.8894360884346,3977.5264839526553
2460824.5284722224,2593.5947211896023,2456.5053623327444,4120.067126894247
2460824.529166667,2168.592445408738,2672.4139130676554,4229.483280065298
2460824.529861111,1726.21321823509,2866.8888999681944,4304.901722956289
2460824.5305555556,1270.0014895179488,3038.3753916639134,4345.720884673056
2460824.53125,803.6109635844341,3185.5017009899498,4351.615266649507
2460824.5319444444,330.7759754643522,3307.089997995463,4322.537827992764
2460824.532638889,-144.71768835159511,3402.1654979795703,4258.7203341760805
2460824.533333333,-619.0623657956702,3469.9641754466734,4160.671668372422
2460824.5340277776,-1088.45832004643,3509.93895125942,4029.17410488213
2460824.534722222,-1549.1435995411916,3521.764301985686,3865.2775438002836
2460824.535416667,-1997.4237749097201,3505.339237598143,3670.2917088232084
2460824.5361111113,-2429.701356487702,3460.788595077103,3445.7763174313463
2460824.5368055557,-2842.504682735136,3388.4625993198174,3193.529243034689
2460824.5375,-3232.516057018575,3288.9346484482144,2915.572701301326
2460824.5381944445,-3596.5988841480194,3162.9972931327047,2614.1375194154807
2460824.538888889,-3931.8235632656842,3011.65639130442,2291.645560417792
2460824.5395833333,-4235.491867620065,2836.123442371035,1950.690414229334
2460824.5402777777,-4505.159556420379,2637.806123290593,1594.0164847174226
2460824.540972222,-4738.656959719878,2418.2970761837864,1224.4966386607714
2460824.542361111,-5089.942475688476,1922.9203262347328,458.91039387161624
2460824.543055556,-5204.916280230649,1651.0390733240422,69.01481654580364
2460824.54375,-5278.114614457587,1365.9059329583124,-321.4363566262186
2460824.5444444446,-5308.962859348023,1069.8158673787898,-709.29860627874
2460824.545138889,-5297.230163718447,765.1509512217742,-1091.4507985347848
2460824.5458333334,-5243.030675934608,454.3604890988848,-1464.8210202819744
2460824.546527778,-5146.821730839164,139.9406472463426,-1826.4118439888275
2460824.547222222,-5009.399055132618,-175.58618197858985,-2173.3247679055585
2460824.5479166666,-4831.889095147522,-489.69207154697665,-2502.7836026729165
2460824.548611111,-4615.738609238883,-799.8640994044175,-2812.1565944125155
2460824.5493055554,-4362.701693216589,-1103.624550266687,-3098.9771119325715
2460824.55,-4074.824432798297,-1398.5506028675754,-3360.962747452205
2460824.550694444,-3754.4273909170042,-1682.2933490199266,-3596.03271502666
2460824.551388889,-3404.086143626257,-1952.596012009118,-3802.3234602667594
2460824.5520833335,-3026.610082862806,-2207.311248646797,-3978.2024184593074
2460824.552777778,-2625.019693918343,-2444.417443469345,-4122.2798852518
2460824.5534722223,-2202.52251044049,-2662.033916533952,-4233.418979062887
2460824.5541666667,-1762.4879327918939,-2858.4349838601215,-4310.743690490644
2460824.554861111,-1308.4210833665363,-3032.062818828282,-4353.645021281384
2460824.5555555555,-843.9358606253039,-3181.539069936711,-4361.785219939862
2460824.55625,-372.7273338555614,-3305.6751971874596,-4335.1001220444405
2460824.5569444443,101.45637562501915,-3403.481485416462,-4273.79959961321
2460824.5576388887,574.8426015501516,-3474.1746963172986,-4178.366119996653
2460824.558333333,1043.662882457901,-3517.184311984134,-4049.5514111500697
2460824.559027778,1504.1818239365962,-3532.1573236080276,-3888.3712249406935
2460824.5597222224,1952.7259166334031,-3518.961511149417,-3696.0981905361878
2460824.560416667,2385.7121478365552,-3477.6871589599814,-3474.252751060845
2460824.561111111,2799.67621997391,-3408.6471520000305,-3224.5921861029465
2460824.5618055556,3191.3001814996373,-3312.375399694267,-2949.0977291668987
2460824.5625,3557.4392422814053,-3189.6235427183015,-2649.95981314268
2460824.5631944444,3895.1475458717214,-3041.3559065738573,-2329.561488140496
2460824.563888889,4201.702640060543,-2868.74268504671,-1990.4600929877045
2460824.564583333,4474.628393547442,-2673.1513533263314,-1635.367280681403
2460824.5652777776,4711.716099422145,-2456.136333669523,-1267.1275303559978
2460824.565972222,4911.043509149775,-2219.4269647754063,-888.6953130399608
2460824.566666667,5070.991558843108,-1964.913851322939,-503.1111033114711
2460824.5673611113,5190.258568686061,-1694.6336995287832,-113.47645855615865
2460824.5680555557,5267.871726712165,-1410.7527692107703,277.07159342054746
2460824.56875,5303.195700893667,-1115.5491026002233,665.3865930076809
2460824.5694444445,5295.938267261754,-811.3937072130099,1048.3388438911827
2460824.570138889,5246.152884211751,-500.73089023115017,1422.8414860335433
2460824.5708333333,5154.23819015978,-186.05795443644408,1785.876170282948
2460824.5715277777,5020.934447772698,130.09552879723407,2134.518069291745
2460824.572222222,4847.317003216159,445.1886493011262,2465.9599709765566
2460824.5729166665,4634.786867870497,756.6900798096269,2777.535227543108
2460824.573611111,4385.0585671516255,1062.0987821028887,3066.7393518057256
2460824.574305556,4100.145428768965,1358.964307363347,3331.2500851895825
2460824.575,3782.342507019338,1644.9065137235361,3568.945788142453
2460824.5756944446,3434.20734806474,1917.6345489452763,3777.92203887197
2460824.576388889,3058.5388187516332,2174.9649552240294,3956.5063451326446
2460824.5770833334,2658.3542128658023,2414.838782777218,4103.270908474472
2460824.577777778,2236.864846845085,2635.337612399014,4217.043397300936
2460824.578472222,1797.4503545828916,2834.698400126035,4296.915701033703
2460824.5791666666,1343.6318717016798,3011.327075748254,4342.250654020554
2460824.579861111,879.0442941269188,3163.8108325797184,4352.686723021977
2460824.5805555554,407.4077860089765,3290.9290529753907,4328.140657236463
2460824.58125,-67.50129735205506,3391.662818345832,4268.8081014021345
2460824.581944444,-541.879908661312,3465.2029526998585,4175.162171557575
2460824.582638889,-1011.928065255743,3510.95654777304,4047.9499922316945
2460824.584027778,-1924.0273624409906,3517.841921950593,3697.150382021414
2460824.5847222223,-2358.7617890998354,3478.905626708689,3476.3675519048825
2460824.5854166667,-2774.590772891451,3412.048213290564,3227.606524755528
2460824.586111111,-3168.1724726928446,3317.7991306819945,2952.8613790754794
2460824.5868055555,-3536.341705909692,3196.908432632079,2654.3369628468295
2460824.5875,-3876.136041959423,3050.3412884206027,2334.43155232536
2460824.5881944443,-4184.820432164992,2879.270662613624,1995.7177564872918
2460824.5888888887,-4459.910108001997,2685.068185669562,1640.9218024892782
2460824.589583333,-4699.19149456113,2469.2932587919727,1272.9013591043317
2460824.590277778,-4900.740892324168,2233.6804647061645,894.622088459211
2460824.5909722224,-5062.940700346745,1980.1253852842756,509.1331454336142
2460824.591666667,-5184.492985815905,1710.6689486580158,119.54185875528783
2460824.592361111,-5264.430231517967,1427.480462870099,-271.0121393473592
2460824.5930555556,-5302.1231401580435,1132.8395061131214,-659.3830705895882
2460824.59375,-5297.285412905329,829.116869849865,-1042.4451729149016
2460824.5944444444,-5249.9754682575485,518.7547583928837,-1417.1185954202049
2460824.595138889,-5160.595112618725,204.2464633392436,-1780.394752769107
2460824.595833333,-5029.88521965059,-111.88427265480996,-2129.3608887140263
2460824.5965277776,-4858.918517121185,-427.10398615135324,-2461.2236118840306
2460824.597222222,-4649.089616272947,-738.8901127413817,-2773.3311963746105
2460824.597916667,-4402.102450040021,-1044.7513019385315,-3063.1944646388984
2460824.5986111113,-4119.955309317716,-1342.2472510052794,-3328.50610232288
2460824.5993055557,-3804.9236838904417,-1629.0078986981296,-3567.1582833902544
2460824.6,-3459.541119677058,-1902.7518439734301,-3777.2585166044655
2460824.6006944445,-3086.578311133956,-2161.3038693647436,-3957.1436462632687
2460824.601388889,-2689.0206370213646,-2402.6114745812456,-4105.39196908018
2460824.6020833333,-2270.044342761361,-2624.7603391011853,-4220.833444396566
2460824.6027777777,-1832.991558428559,-2825.9886492387195,-4302.557990880533
2460824.603472222,-1381.3443269005875,-3004.7002367189357,-4349.921872097166
2460824.6041666665,-918.6978020446495,-3159.476483756884,-4362.552177772917
2460824.604861111,-448.73276825238565,-3289.0869526922847,-4340.349408067363
2460824.605555556,24.812381902002496,-3392.4987017189364,-4283.488166678143
2460824.60625,498.17007794424217,-3468.8842452359836,-4192.415963436702
2460824.6069444446,967.5722706922588,-3517.628113413363,-4067.8501238355243
2460824.607638889,1429.2792704587862,-3538.3319637364207,-3910.772796784517
2460824.6083333334,1879.6085639066944,-3530.8181897333848,-3722.424054307268
2460824.609027778,2314.9634560371533,-3495.131972424416,-3504.2930746571074
2460824.609722222,2731.8613529405216,-3431.541717217508,-3258.107409237273
2460824.6104166666,3126.961488134333,-3340.5378222423583,-2985.820343300975
2460824.611111111,3497.091873032033,-3222.8297308285055,-2689.5963782189456
2460824.6118055554,3839.275240263365,-3079.341230479506,-2371.7948805278143
2460824.6125,4150.753730136057,-2911.2039759245517,-2034.951970014754
2460824.613194444,4429.012061754431,-2719.749233906046,-1681.7607483899703
2460824.613888889,4671.79893238844,-2506.497867685961,-1315.0499951771155
2460824.6145833335,4877.1463865935,-2273.148608333398,-937.7614951806032
2460824.615277778,5043.386915882165,-2021.5646830368178,-552.926183421855
2460824.6159722223,5169.168063953696,-1753.7589032417081,-163.63932881559498
2460824.6166666667,5253.464345069597,-1471.8773380057369,226.9650067825655
2460824.617361111,5295.586313340551,-1178.1817308527768,615.7399681330861
2460824.6180555555,5295.186665643819,-875.030830408456,999.5521015927375
2460824.61875,5252.263299802548,-564.8608335609483,1375.3074618525366
2460824.6194444443,5167.159299480797,-250.16514980821967,1739.9773539327614
2460824.6201388887,5040.55986212641,66.52630053106064,2090.623446506368
2460824.620833333,4873.486230507325,382.66803406958184,2424.4220004675803
2460824.621527778,4667.28673148249,695.7199810681036,2738.686977533752
2460824.6222222224,4423.625060219001,1003.1682863974123,3030.891822780288
2460824.622916667,4144.465978035569,1302.5457403049377,3298.6897398355277
2460824.623611111,3832.058616336375,1591.4516594562817,3539.9323060950974
2460824.6243055556,3488.9175939481142,1867.571058713708,3752.6863067692807
2460824.6256944444,2721.6935947788334,2372.7278162666958,4086.159611256289
2460824.626388889,2303.7710418006077,2597.723645861317,4204.213410189098
2460824.627083333,1867.38604158211,2801.881295793566,4288.467679356425
2460824.6277777776,1416.0358999535247,2983.5682539439476,4338.250222156445
2460824.628472222,953.3361103004775,3141.3312520878944,4353.164007244149
2460824.629166667,482.9919965018214,3273.907499612669,4333.090079430365
2460824.6298611113,8.769745040577265,3380.2345105655027,4278.188433718394
2460824.6305555557,-465.53301743201587,3459.458473908588,4188.896851548578
2460824.63125,-936.1169250245248,3510.941111503167,4065.927699191881
2460824.6319444445,-1399.2106964154193,3534.2649732200534,3910.2626860369687
2460824.632638889,-1851.1008916509463,3529.2371123416488,3723.1455862279695
2460824.6333333333,-2288.1614223669653,3495.8910880817407,3506.0729276905536
2460824.6340277777,-2706.8826036403993,3434.487242063475,3260.7826657145906
2460824.634722222,-3103.899524056935,3345.5112033138275,2989.240873071151
2460824.6354166665,-3476.019503944894,3229.670584048597,2693.6264915436645
2460824.636111111,-3820.248384758979,3087.889843570081,2376.3142201072965
2460824.636805556,-4133.8153938980695,2921.3033145092586,2039.8556363336977
2460824.6375,-4414.196323043782,2731.2464066728826,1686.9586770565893
2460824.6381944446,-4659.134758813871,2519.2450301890667,1320.4656376932016
2460824.638888889,-4866.6611217957825,2287.003302589702,943.3298717667025
2460824.6395833334,-5035.1092808602,2036.3896370768955,558.5914089582923
2460824.640277778,-5163.130543065205,1769.4213314938638,169.35172458674097
2460824.640972222,-5249.70484671022,1488.2478100910778,-221.25207659327955
2460824.6416666666,-5294.149030343943,1195.1326832103634,-610.0734012788225
2460824.642361111,-5296.122086785587,892.4348221133416,-993.9823462971153
2460824.6430555554,-5255.627363029258,582.5886498377195,-1369.8916443831547
2460824.64375,-5173.011709761231,268.0838623111409,-1734.7821065643582
2460824.644444444,-5048.961631233584,-48.55519923543212,-2085.7273007327703
2460824.645138889,-4884.496528034255,-364.7903122525043,-2419.91723350549
2460824.6458333335,-4680.959162591643,-678.0900639887709,-2734.6808210342574
2460824.646527778,-4440.003509128967,-985.9502736601695,-3027.506963675894
2460824.6472222223,-4163.580175098351,-1285.913964886945,-3296.0640688583726
2460824.6479166667,-3853.9195946157106,-1575.5907302376943,-3538.217900584069
2460824.648611111,-3513.5132114576095,-1852.6753412759472,-3752.0476557115367
2460824.6493055555,-3145.0928609603993,-2114.965490021313,-3935.8602053627533
2460824.65,-2751.6085675737118,-2360.378555734753,-4088.20245338037
2460824.6506944443,-2336.2049579263075,-2586.9673173136143,-4207.871790831953
2460824.6513888887,-1902.196479614791,-2792.9345435527803,-4293.924637276659
2460824.652083333,-1453.0416057189393,-2976.646404183209,-4345.6830692347485
2460824.652777778,-992.3161819637158,-3136.6446577270394,-4362.739543809601
2460824.6534722224,-523.6860715163896,-3271.6575716026573,-4344.959723901139
2460824.654166667,-50.87923594877731,-3380.609535450818,-4292.483411709112
2460824.654861111,422.342617847893,-3462.629327101771,-4205.723591526838
2460824.6555555556,892.2126812924287,-3517.0569839995173,-4085.3635797363704
2460824.65625,1354.9878499649305,-3543.4492336963735,-3932.3522746002122
2460824.6569444444,1806.9775388581443,-3541.5834287371026,-3747.8974977044913
2460824.657638889,2244.5723478703744,-3511.4599300406157,-3533.4574199645267
2460824.658333333,2664.272399660117,-3453.302881440198,-3290.7300710158506
2460824.6590277776,3062.7151571473246,-3367.559319383466,-3021.640938837442
2460824.659722222,3436.7024979487883,-3254.8965691727185,-2728.3286883261103
2460824.660416667,3783.2268248061705,-3116.197886015266,-2413.129036042003
2460824.6611111113,4099.49595417174,-2952.556317415649,-2078.556856771508
2460824.6618055557,4382.9565336418445,-2765.266778758163,-1727.2866138532538
2460824.6625,4631.315727355556,-2555.8163568342443,-1362.1312390787089
2460824.6631944445,4842.5609111248095,-2325.872882991697,-986.0196209864265
2460824.663888889,5014.9771337095,-2077.2718435370857,-601.972887211882
2460824.6645833333,5147.162119196069,-1812.001722233295,-213.07969323968538
2460824.6652777777,5238.038609841696,-1532.187900411118,177.52924141477007
2460824.665972222,5286.863885132845,-1240.0752635179451,566.7070940286083
2460824.667361111,5257.098973597965,-628.4185959430915,1328.25881631584
2460824.668055556,5178.739949588535,-313.79079901955265,1694.493672776608
2460824.66875,5058.789908701452,3.3441769171015467,2047.070436315451
2460824.6694444446,4898.21641671943,320.4370458112657,2383.149440059762
2460824.670138889,4698.315448566289,634.9397873087676,2700.025872461237
2460824.6708333334,4460.700105302834,944.3265371210316,2995.1517423172254
2460824.671527778,4187.286722018021,1246.114139295151,3266.1563538776822
2460824.672222222,3880.27855297683,1537.8821832766996,3510.865141407614
2460824.6729166666,3542.14723926024,1817.292361203768,3727.3167362770105
2460824.673611111,3175.6122740714704,2082.107000757727,3913.7781691955815
2460824.6743055554,2783.6186810357067,2330.2066504982295,4068.7581380382467
2460824.675,2369.313120962913,2559.6066102359223,4191.018292053535
2460824.675694444,1936.0186325993293,2768.4723177437054,4279.5825033914825
2460824.676388889,1487.2082041874874,2955.1335156534115,4333.7441096044795
2460824.6770833335,1026.4773611772332,3118.097133271285,4353.071120113679
2460824.677777778,557.5159491985769,3256.058824056433,4337.409384755572
2460824.6784722223,84.07927337904279,3367.913107319701,4286.883724999235
2460824.6791666667,-390.04123512383046,3452.7620589064322,4201.89702737973
2460824.679861111,-861.0476678444086,3509.9224999203134,4083.1272984660154
2460824.6805555555,-1325.1654314689847,3538.931628220497,3931.522680668823
2460824.68125,-1778.6730107902383,3539.5510378654208,3748.2944293422106
2460824.6819444443,-2217.931513724823,3511.769070458261,3534.9078562981563
2460824.6826388887,-2639.413790435413,3455.8014451070767,3293.071256466838
2460824.683333333,-3039.732914327851,3372.0901185823773,3024.7228427092055
2460824.684027778,-3415.6697824548514,3261.3003366565426,2732.0157383904366
2460824.6847222224,-3764.199592713514,3124.3158496091564,2417.3010930956743
2460824.685416667,-4082.5169355229627,2962.23228326708,2083.109418546738
2460824.686111111,-4368.059239835156,2776.3486770056743,1732.1302666473011
2460824.6868055556,-4618.528313893942,2568.15722405879,1367.1904017844936
2460824.6875,-4831.909728566047,2339.3312780974065,991.2306527110775
2460824.6881944444,-5006.489814147684,2091.7117140585815,607.2816502015138
2460824.688888889,-5140.870060816001,1827.2917631032037,218.43868890299953
2460824.689583333,-5233.978749802831,1548.2004638293877,-172.16403536341244
2460824.6902777776,-5285.0796770288525,1256.6849002391693,-561.3795401165654
2460824.690972222,-5293.777876772925,955.0914119510896,-946.0742497044162
2460824.691666667,-5260.022296049052,645.8459812223389,-1323.1539884107106
2460824.6923611113,-5184.105418169567,331.4340107502991,-1689.589501350546
2460824.6930555557,-5066.659879219089,14.379708832908603,-2042.4412462227049
2460824.69375,-4908.652163838128,-302.7747005377185,-2378.8832148467
2460824.6944444445,-4711.373505347046,-617.4897326908425,-2696.2255684857114
2460824.695138889,-4476.428146789756,-927.24916499058,-2991.9358994051936
2460824.6958333333,-4205.719146205741,-1229.5801428430273,-3263.658958348354
2460824.6965277777,-3901.431927103622,-1522.072704638851,-3509.2347201493308
2460824.697222222,-3566.015783285361,-1802.398582940362,-3726.714690639625
2460824.6979166665,-3202.163556984076,-2068.329153599421,-3914.3763805112994
2460824.698611111,-2812.7896982252687,-2317.7524329152916,-4070.7359036759563
2460824.699305556,-2401.0069102656366,-2548.6890353227495,-4194.558672545001
2460824.7,-1970.1015745084396,-2759.3070208202457,-4284.868179574016
2460824.7006944446,-1523.508132500599,-2947.9355754327808,-4340.952866124392
2460824.701388889,-1064.782585003723,-3113.077477776597,-4362.371085066276
2460824.7020833334,-597.5752668563958,-3253.4203052306516,-4348.95416362808
2460824.702777778,-125.60303099076417,-3367.846342211903,-4300.80757390623
2460824.703472222,347.3790190805789,-3455.441146673804,-4218.310212609974
2460824.7041666666,817.6061160405814,-3515.500730653992,-4102.111788115265
2460824.704861111,1281.3325980996724,-3547.5373059376907,-3953.128308479132
2460824.7055555554,1734.8607163777256,-3551.2835413939897,-3772.5356614272123
2460824.70625,2174.56931828638,-3526.6952749488555,-3561.7612799693397
2460824.706944444,2596.94223557231,-3473.952622397247,-3322.473890317559
2460824.707638889,2998.5961831870627,-3393.4594257981803,-3056.571348983117
2460824.709027778,3727.0406858049214,-3151.9400643945937,-2453.5717368568867
2460824.7097222223,4047.9689384270855,-2992.811043578696,-2121.280404967744
2460824.7104166667,4336.5023568606575,-2809.7123711620443,-1771.948350577902
2460824.711111111,4590.30762672499,-2604.0971636079926,-1408.3725270146567
2460824.7118055555,4807.328486813739,-2377.6020859686632,-1033.4687362079126
2460824.7125,4985.803542700988,-2132.034545394456,-650.2480488124166
2460824.7131944443,5124.281656106651,-1869.3582908864248,-261.79220084752484
2460824.7138888887,5221.634702830168,-1591.6775436979167,128.77178987793354
2460824.714583333,5277.067533068333,-1301.2197978666777,518.2975423166174
2460824.715277778,5290.124998166115,-1000.3174668569106,903.6454869486865
2460824.7159722224,5260.695957048904,-691.388562610188,1281.7090252147586
2460824.716666667,5189.014218079335,-376.916612143798,1649.4403956106305
2460824.717361111,5075.656419057213,-59.430026928118885,2003.8759747684408
2460824.7180555556,4921.536894575792,258.5188542948213,2342.160753775095
2460824.71875,4727.899620177492,574.3748356925898,2661.571755114643
2460824.7194444444,4496.307362492988,885.600833146589,2959.5401706559674
2460824.720138889,4228.628195018424,1189.6985439943526,3233.672034501732
2460824.720833333,3927.019564781685,1484.2286327606146,3481.7672711210625
2460824.7215277776,3593.9101128066404,1766.8302661590456,3701.8369896200797
2460824.722222222,3231.9794583616504,2035.2398522656035,3892.1189255565964
2460824.722916667,2844.136170351351,2287.308850164501,4051.0909520478813
2460824.7236111113,2433.494128210202,2521.0205499640747,4177.48261622148
2460824.7243055557,2003.3474943806511,2734.505719904858,4270.284661646025
2460824.725,1557.144480392336,2926.0570525227686,4328.75652579767
2460824.7256944445,1098.4601086458774,3094.142333640494,4352.431799775488
2460824.726388889,630.9681329172386,3237.4162816529756,4341.121651404038
2460824.7270833333,158.41229631582564,3354.7309970640804,4294.916209751944
2460824.7277777777,-315.4229163158534,3445.1449717614664,4214.183911991011
2460824.728472222,-786.7418634400013,3507.9306029636687,4099.568812096302
2460824.7291666665,-1251.7675102127337,3542.580158555106,3951.9858492025
2460824.729861111,-1706.771186203578,3548.81013592115,3772.6140777435407
2460824.730555556,-2148.102159492682,3526.5639591396484,3562.8878625012326
2460824.73125,-2572.216819971596,3476.012958982916,3324.4860533890987
2460824.7319444446,-2975.7072588841893,3397.5555856566757,3059.319164439866
2460824.732638889,-3355.329006192217,3291.814813022713,2769.5146035370994
2460824.7333333334,-3708.0276857673352,3159.633703897968,2457.40001428578
2460824.734027778,-4030.9643237657406,3002.069125060241,2125.4848260712847
2460824.734722222,-4321.539054610223,2820.3836179518744,1776.4401269234368
2460824.7354166666,-4577.41295846056,2616.0354585542145,1413.077013046806
2460824.736111111,-4796.527782358621,2390.6669626802773,1038.3235901659216
2460824.7368055554,-4977.123307684395,2146.0911229976364,655.2008353279379
2460824.7375,-5117.752153072964,1884.2766912413927,266.7975509460789
2460824.738194444,-5217.291833011671,1607.3318459095967,-123.75533640515549
2460824.738888889,-5274.953929741411,1317.4866103204758,-513.3108645872146
2460824.7395833335,-5290.290278531827,1017.074204051103,-898.7322388682968
2460824.740277778,-5263.196110279616,708.5115347859046,-1276.9188641515693
2460824.7409722223,-5193.910144002365,394.2790348842671,-1644.8319447659164
2460824.7416666667,-5083.01166566235,76.90006912930957,-1999.5193801285236
2460824.742361111,-4931.414674551215,-241.07987418748627,-2338.1397208481703
2460824.7430555555,-4740.359215043702,-557.1139977157728,-2657.9849659514734
2460824.74375,-4511.400048628735,-868.6748092771588,-2956.502003792188
2460824.7444444443,-4246.392843032029,-1173.274355373117,-3231.312539949057
2460824.7451388887,-3947.478078015512,-1468.483902594084,-3480.231376382195
2460824.745833333,-3617.0628773985227,-1751.9529196806034,-3701.2829408460957
2460824.746527778,-3257.8009818226114,-2021.4272323918701,-3892.715992437922
2460824.7472222224,-2872.5710722740155,-2274.7662451789656,-4053.016455306565
2460824.747916667,-2464.453652951085,-2509.9591376680623,-4180.91835011622
2460824.748611111,-2036.7066819793906,-2725.1399668277695,-4275.412813882532
2460824.7493055556,-1592.7401343808986,-2918.60161197142,-4335.755205386838
2460824.7506944444,-670.3894744878396,-3234.4081726115223,-4352.3556040969015
2460824.751388889,-199.34468329192023,-3354.2413285367925,-4308.482725256846
2460824.752083333,273.2969311944362,-3447.3508443581104,-4230.196919571654
2460824.7527777776,743.7734180164083,-3512.989181650578,-4118.11469531177
2460824.753472222,1208.337390226226,-3550.624460005811,-3973.1195389023906
2460824.754166667,1663.2848177426365,-3559.945033163821,-3796.3557305795193
2460824.7548611113,2104.9837257530794,-3540.8625263107565,-3589.2202453910872
2460824.7555555557,2529.902625434828,-3493.513275684727,-3353.352736716203
2460824.75625,2934.638488393393,-3418.258112384884,-3090.6236071287162
2460824.7569444445,3315.9440519583713,-3315.680437151412,-2803.1201880510494
2460824.757638889,3670.754231748205,-3186.582540618437,-2493.1310643450943
2460824.7583333333,3996.2113930703918,-3031.9801383292333,-2163.128609411062
2460824.7590277777,4289.68923127608,-2853.0951052791015,-1815.749816868105
2460824.759722222,4548.8149998197505,-2651.346416872168,-1453.7755477722956
2460824.7604166665,4771.489825724945,-2428.3393297814,-1080.1083455427877
2460824.761111111,4955.906868233363,-2185.8528578269384,-697.7489913333101
2460824.761805556,5100.567082659295,-1925.825634540987,-309.77201585074505
2460824.7625,5204.292387090178,-1650.3402730150156,80.69960753547275
2460824.7631944446,5266.236053028195,-1361.6063680959448,470.5203301109176
2460824.763888889,5285.890183281476,-1061.9423064555558,856.5481892099687
2460824.7645833334,5263.090181623155,-753.7560720038595,1235.670986890654
2460824.765277778,5198.016163938898,-439.5252480323499,1604.8322102600584
2460824.765972222,5091.191307370215,-121.77643365744798,1961.0564167176026
2460824.7666666666,4943.4771786368,196.93571170832465,2301.4738304871985
2460824.767361111,4756.066127612428,514.049571229726,2623.343901463927
2460824.7680555554,4530.470867622024,827.0176141651389,2924.077614414705
2460824.76875,4268.51139879808,1133.327175032511,3201.258353082204
2460824.769444444,3972.2994563966286,1430.5207814250418,3452.6611570379073
2460824.770138889,3644.2206829095094,1716.2158620635237,3676.270239763617
2460824.7708333335,3286.9147371351755,1988.1236822766768,3870.294662410151
2460824.771527778,2903.2535534235394,2244.067378054619,4033.182088340375
2460824.7722222223,2496.3179671324456,2481.9989742592825,4163.630563459003
2460824.7729166667,2069.372913634856,2700.0152923142878,4260.598289083198
2460824.773611111,1625.841399922569,2896.372666341917,4323.3113682594685
2460824.7743055555,1169.2774342185726,3069.500399425525,4351.269517040887
2460824.775,703.3380961119336,3218.012896455294,4344.249737149558
2460824.7756944443,231.75491130717398,3340.7204196732455,4302.307950877488
2460824.7763888887,-241.69530280766972,3436.638411470549,4225.778597800723
2460824.777083333,-713.219958854796,3504.995330552212,4115.272192816233
2460824.777777778,-1179.0404219443562,3545.2389460267764,3971.6708447159003
2460824.7784722224,-1635.4217616508868,3557.0410329481183,3796.121735081468
2460824.779166667,-2078.7023492968697,3540.3004114466753,3590.0285609132466
2460824.779861111,-2505.3230954210003,3495.144273495839,3355.040955714985
2460824.7805555556,-2911.8561225657404,3421.9277454344474,3093.0419091256554
2460824.78125,-3295.032631946435,3321.231642321781,2806.1332309167374
2460824.7819444444,-3651.769726044924,3193.8583815096886,2496.619118496897
2460824.782638889,-3979.1959271017613,3040.8260394549766,2166.9879177310545
2460824.783333333,-4274.675129969497,2863.360556016608,1819.8921933851404
2460824.7840277776,-4535.828730479268,2662.886112157056,1458.1272519760419
2460824.784722222,-4760.555671628628,2441.0137364810444,1084.6082965636424
2460824.785416667,-4947.050172905014,2199.5282200414695,702.3464135846133
2460824.7861111113,-5093.81692661817,1940.3734481529775,314.42362078078844
2460824.7868055557,-5199.683574324946,1665.6362892857524,-76.03276775583669
2460824.7875,-5263.8103196595375,1377.529195853023,-465.87620315852746
2460824.7881944445,-5285.696567010861,1078.371705056669,-851.9671058125515
2460824.788888889,-5265.184526557807,770.5710367077289,-1231.1989380647285
2460824.7895833333,-5202.4597700948925,456.60200041739586,-1600.5238707206688
2460824.7902777777,-5098.04876807199,138.98642810394028,-1956.9777830196601
2460824.790972222,-4952.813482434362,-179.72764725618967,-2297.7043477486136
2460824.792361111,-4544.943260380592,-810.2531893210755,-2921.2254620290305
2460824.793055556,-4285.622333462697,-1117.0243636738728,-3199.0460548676415
2460824.79375,-3992.075977637725,-1414.8536399810944,-3451.229995726517
2460824.7944444446,-3666.669150339807,-1701.36898859591,-3675.7752425360013
2460824.795138889,-3312.016407346857,-1974.2914421060054,-3870.9024070434616
2460824.7958333334,-2930.9604941100347,-2231.4525353313215,-4035.0678194891
2460824.796527778,-2526.5494645597555,-2470.810738461725,-4166.974694510559
2460824.797222222,-2102.01252412321,-2690.4668067355533,-4265.582384085793
2460824.7979166666,-1660.7347729573682,-2888.6779878412863,-4330.113717422999
2460824.798611111,-1206.2310221507444,-3063.871031630983,-4360.060430883689
2460824.7993055554,-742.1188326576246,-3214.65395913651,-4355.186697083281
2460824.8,-272.0909205230828,-3339.8265476725264,-4315.530759384782
2460824.800694444,200.11293478136602,-3438.3894890354254,-4241.40467526269
2460824.801388889,670.7343473897519,-3509.5521761823256,-4133.392167496204
2460824.8020833335,1136.0250123594428,-3552.739069042203,-3992.344577447696
2460824.802777778,1592.2754786901828,-3567.594585535473,-3819.374912753745
2460824.8034722223,2035.8438555448156,-3553.986460723607,-3615.8499810839844
2460824.8041666667,2463.1842820167944,-3512.007514038386,-3383.3806052318814
2460824.804861111,2870.874969507187,-3441.9757653495262,-3123.8099250534246
2460824.8055555555,3255.6456106736946,-3344.432845038114,-2839.1998040926696
2460824.80625,3614.403931864644,-3220.1406502073246,-2531.815375161097
2460824.8069444443,3944.261142746778,-3070.0762132901527,-2204.1077871490616
2460824.8076388887,4242.556033953877,-2895.424764557725,-1858.695236179557
2460824.808333333,4506.877462199542,-2697.5709913957407,-1498.3423961529907
2460824.809027778,4735.084962690038,-2478.088522478976,-1125.9383955052667
2460824.8097222224,4925.327239314428,-2238.727690507001,-744.473514604347
2460824.810416667,5076.058297562418,-1981.4016553359681,-357.01480741624965
2460824.811111111,5186.051007330151,-1708.1710002652076,33.319119612910534
2460824.8118055556,5254.407916984917,-1421.2269374351908,423.3839239773181
2460824.8125,5280.569173940096,-1122.8732862275688,810.0356706642132
2460824.8131944444,5264.317450263046,-815.5074107554819,1190.1570250702346
2460824.813888889,5205.779817049663,-501.6003132050944,1560.6832230672885
2460824.814583333,5105.426557052802,-183.6761024457486,1918.6275366271568
2460824.8152777776,4964.0669507848215,135.70895028417002,2261.1059819727907
2460824.815972222,4782.842115260846,453.98754382599077,2585.361019128843
2460824.816666667,4563.215013018122,768.6024563808386,2888.784024630913
2460824.8173611113,4306.957781619578,1077.0274281057316,3168.9363425341026
2460824.8180555557,4016.1365639358187,1376.787623779482,3423.5687444139007
2460824.81875,3693.094032040539,1665.4795082724709,3650.639167206024
2460824.8194444445,3340.4298208958235,1940.789973180427,3848.3286149543014
2460824.820138889,2960.979080562154,2200.514586962901,4015.0551506089246
2460824.8208333333,2557.789364130378,2442.574849186525,4149.485918493715
2460824.8215277777,2134.0960599265436,2665.0343510173325,4250.547162024943
2460824.822222222,1693.2965656584795,2866.113759675078,4317.432216689394
2460824.8229166665,1238.923395963097,3044.2045539001297,4349.607467697325
2460824.823611111,774.6164000228079,3197.8814487286368,4346.816269749895
2460824.824305556,304.0942580347721,3325.9134520679827,4309.0808282598255
2460824.825,-168.87457577386652,3427.2734967944566,4236.70204227253
2460824.8256944446,-640.5013259736123,3501.1465951182186,4130.257308635204
2460824.826388889,-1107.0065758648552,3546.936458123321,3990.596286597685
2460824.8270833334,-1564.650007141947,3564.2705238418253,3818.834621864648
2460824.827777778,-2009.7600106708383,3553.003334851781,3616.34563510181
2460824.828472222,-2438.762979115735,3513.218208603998,3384.749983116795
2460824.8291666666,-2848.212059407928,3445.2271466148286,3125.9033187771925
2460824.829861111,-3234.815143637161,3349.5689363655947,2841.8819856319587
2460824.8305555554,-3595.461849956713,3227.005411032901,2534.9668093102823
2460824.83125,-3927.249241400108,3078.5158470967067,2207.625068624931
2460824.831944444,-4227.506018794688,2905.28950026756,1862.490760325842
2460824.832638889,-4493.814927230946,2708.716302427594,1502.343298347453
2460824.834027778,-4916.310236809019,2252.0241955353895,748.7163047268864
2460824.8347222223,-5069.103989666356,1995.580238107536,361.31270915218516
2460824.8354166667,-5181.193043561695,1723.1090290744346,-29.00259167875095
2460824.836111111,-5251.687063395061,1436.8049652112202,-419.08383647084804
2460824.8368055555,-5280.033798929207,1138.9733616997553,-805.7890800450971
2460824.8375,-5266.023145611178,832.0111624640787,-1186.0063006640976
2460824.8381944443,-5209.788158031317,518.3869221363151,-1556.679130643253
2460824.8388888887,-5111.803040666694,200.62027141353445,-1914.8319533721808
2460824.839583333,-4972.878184490587,-118.73890924187002,-2257.5941117057546
2460824.840277778,-4794.152357190389,-437.1313986408458,-2582.2230091370693
2460824.8409722224,-4577.082190869521,-752.0094176099512,-2886.1259001370213
2460824.841666667,-4323.429138914688,-1060.8570951046602,-3166.8802011806483
2460824.842361111,-4035.2440944814484,-1361.2104435665697,-3422.2521831748477
2460824.8430555556,-3714.8498771496415,-1650.6766880494047,-3650.2139355898817
2460824.84375,-3364.8218003112884,-1926.952814634624,-3848.9585218631005
2460824.8444444444,-2987.966531436484,-2187.8432239060535,-4016.913271366785
2460824.845138889,-2587.299451512385,-2431.2763942307915,-4152.751175098648
2460824.845833333,-2166.0207078163053,-2655.320477530354,-4255.400370140908
2460824.8465277776,-1727.4901454932794,-2858.1977614920133,-4324.0517088115585
2460824.847222222,-1275.2012843334837,-3038.29794619032,-4358.164418216568
2460824.847916667,-812.754492896475,-3194.190189091696,-4357.4698575139755
2460824.8486111113,-343.8295119489652,-3324.633871819812,-4321.97337931837
2460824.8493055557,127.8425479207957,-3428.588049895457,-4251.954299823597
2460824.85,598.507590444904,-3505.219536150778,-4147.963976921541
2460824.8506944445,1064.4171736732874,-3553.9095714003583,-4010.821991249854
2460824.851388889,1521.8572609907521,-3574.259027231617,-3841.610422022054
2460824.8520833333,1967.1769311918167,-3566.092083201761,-3641.666209255612
2460824.8527777777,2396.816877138284,-3529.458318253001,-3412.5715988925363
2460824.853472222,2807.337512730447,-3464.633156115919,-3156.142671724893
2460824.8541666665,3195.4464793542493,-3372.1166074032158,-2874.4159732825487
2460824.854861111,3558.025327027741,-3252.6302599603873,-2569.633280273896
2460824.855555556,3892.155136831624,-3107.1124786300675,-2244.224555389101
2460824.85625,4195.140826091605,-2936.7117944393344,-1900.7891771000052
2460824.8569444446,4464.533881280953,-2742.7784814463835,-1542.0755528012426
2460824.857638889,4698.15325705939,-2526.854345075585,-1170.9592587444786
2460824.8583333334,4894.1041900766195,-2290.660771150897,-790.419877719685
2460824.859027778,5050.79468928944,-2036.0851137146656,-403.51673599131277
2460824.859722222,5166.949487476167,-1765.1655286330263,-13.36376728120008
2460824.8604166666,5241.621269440827,-1480.0743858966678,376.89624924660114
2460824.861111111,5274.1990268955315,-1183.1004218717076,764.117809375114
2460824.8618055554,5264.413433131447,-876.6298120880884,1145.1788892004586
2460824.8625,5212.33917404782,-563.126363182865,1517.0069579503313
2460824.863194444,5118.394218802934,-245.11103793198055,1876.6045212899276
2460824.863888889,4983.3360595985105,74.85896974870067,2221.0739339290603
2460824.8645833335,4808.254992281043,394.2113911810041,2547.6412358363596
2460824.865277778,4594.564551368393,710.3800517485355,2853.6787836558715
2460824.8659722223,4343.989245208994,1020.8258490111333,3136.726482242856
2460824.8666666667,4058.5497657133114,1323.0573462739453,3394.511445202082
2460824.867361111,3740.545868011404,1614.6508051029589,3624.965944132146
2460824.8680555555,3392.5371259540166,1893.2695013479258,3826.2435375669743
2460824.86875,3017.321780330694,2156.682183815972,3996.733294047772
2460824.8694444443,2617.913891162792,2402.7805593585495,4135.072052834228
2460824.8701388887,2197.519005689882,2629.5957010367715,4240.154682603826
2460824.870833333,1759.5085371457474,2835.313296551301,4311.142317627111
2460824.871527778,1307.3930532602703,3018.287658251326,4347.4685580537325
2460824.8722222224,844.7946428434675,3177.054436111072,4348.843633200551
2460824.872916667,375.4185410133758,3310.3419698268754,4315.256525356581
2460824.873611111,-96.97583019414397,3417.0812274938276,4246.975055455134
2460824.8743055556,-568.6042399165988,3496.414273603973,4144.543929727041
2460824.8756944444,-1494.480097269923,3570.525534527655,3840.7699625249597
2460824.876388889,-1941.3019914657318,3564.6978497159107,3641.8548225804575
2460824.877083333,-2372.565776654892,3530.257877215581,3413.6272592806235
2460824.8777777776,-2784.806597775374,3467.4747085403696,3157.9157887811116
2460824.878472222,-3174.710038239115,3376.845252418271,2876.7714346633975
2460824.879166667,-3539.139252745133,3259.090838144496,2572.4517399605347
2460824.8798611113,-3875.1608766061895,3115.1519524323103,2247.402947556369
2460824.8805555557,-4180.069448935774,2946.1811064049543,1904.240459104044
2460824.88125,-4451.410088602047,2753.533851333433,1545.727709837579
2460824.8819444445,-4686.999165097434,2538.757988297201,1174.7536287404862
2460824.882638889,-4884.942722395031,2303.5810429752855,794.3088793698402
2460824.8833333333,-5043.652431743208,2049.896107310345,407.46110710682206
2460824.8840277777,-5161.858880929918,1779.7461753298396,17.329436859381914
2460824.884722222,-5238.622040661451,1495.307127539867,-372.94151520372594
2460824.8854166665,-5273.338789694707,1198.8695406267973,-760.2078421234851
2460824.886111111,-5265.747424384302,892.8195178377546,-1141.3524807172437
2460824.886805556,-5215.929124404212,579.618748978816,-1513.3110048996364
2460824.8875,-5124.306392570934,261.784017005818,-1873.0968120416953
2460824.8881944446,-4991.638531034909,-58.133629546592715,-2217.8254526253454
2460824.888888889,-4819.014256901832,-377.5698223165053,-2544.7378748177002
2460824.8895833334,-4607.841595656092,-693.9677301955097,-2851.2223819606234
2460824.890277778,-4359.835220116167,-1004.7986333189675,-3134.8351290607197
2460824.890972222,-4077.0014264123347,-1307.582034760731,-3393.31901362831
2460824.8916666666,-3761.620947795546,-1599.9051560941846,-3624.6208522241004
2460824.892361111,-3416.2298218734563,-1879.4416734887973,-3826.9067539181283
2460824.8930555554,-3043.5985219269232,-2143.969579360956,-3998.5756357431155
2460824.89375,-2646.7095563358357,-2391.3880728020295,-4138.270845735648
2460824.894444444,-2228.733737929349,-2619.73339394292,-4244.889873662652
2460824.895138889,-1793.0053018491542,-2827.1935396752892,-4317.592147905625
2460824.8958333335,-1342.9960456355798,-3012.1218025375592,-4355.804920660094
2460824.896527778,-882.2886455046046,-3173.0490861531907,-4359.227249769436
2460824.8972222223,-414.5492953287971,-3308.6949521661077,-4327.832084217076
2460824.8979166667,56.50019857878867,-3417.9773561811467,-4261.866457570218
2460824.898611111,527.1107278418152,-3500.0210252062197,-4161.849789694472
2460824.8993055555,993.5344723959164,-3554.164429576558,-4028.5702914371996
2460824.9,1452.053621478364,-3579.9652932683985,-3863.0794658500386
2460824.9006944443,1899.009083085899,-3577.204586138815,-3666.684695878549
2460824.9013888887,2330.8290097001827,-3545.8889361055785,-3440.939914583425
2460824.902083333,2744.0569612952963,-3486.25140034221,-3187.634358478785
2460824.902777778,3135.379499382998,-3398.75053724668,-2908.779420106973
2460824.9034722224,3501.652996059028,-3284.067727189229,-2606.593628521507
2460824.904166667,3839.9294154235004,-3143.1027023725446,-2283.4858137866813
2460824.904861111,4147.480820259659,-2976.967260607154,-1942.036532144731
2460824.9055555556,4421.822342140761,-2786.9771595964985,-1584.977862508968
2460824.90625,4660.733359247393,-2574.6422085943937,-1215.1717078965091
2460824.9069444444,4862.27662337429,-2341.6546049539184,-835.5867750876118
2460824.907638889,5024.8150983262685,-2089.8755882999035,-449.2744283242926
2460824.908333333,5147.0262914003515,-1821.3205132514704,-59.343639575869496
2460824.9090277776,5227.913886342847,-1538.1424730829312,331.06471444056206
2460824.909722222,5266.816525029742,-1242.6146283831192,718.8039481427476
2460824.910416667,5263.4136233946,-937.1114213565781,1100.7477788516437
2460824.9111111113,5217.728152901686,-624.0888710996105,1473.8163788162512
2460824.9118055557,5130.1263638047,-306.0641610748234,1835.0019912270363
2460824.9125,5001.314473411235,14.405261975081409,2181.3938439986678
2460824.9131944445,4832.332385789817,334.74285933588766,2510.2021146227125
2460824.913888889,4624.544550091997,652.3742235440618,2818.7807167970113
2460824.9145833333,4379.6280994501785,964.7481458508007,3104.648707722982
2460824.9152777777,4099.558440340139,1269.3573332536505,3365.5101433072064
2460824.915972222,3786.592486319333,1563.7585937718613,3599.2722357530633
2460824.917361111,3072.291427586695,2112.601221381377,3978.2392220669985
2460824.918055556,2676.697938192526,2362.647895059532,4120.411919013762
2460824.91875,2259.644706737023,2593.7316176983986,4229.44387031295
2460824.9194444446,1824.4768150041164,2804.0037804840704,4304.464574568486
2460824.920138889,1374.6824555271455,2991.7821865032934,4344.875393823825
2460824.9208333334,913.8654562734577,3155.5640446593084,4350.353955696985
2460824.921527778,445.71703217248404,3294.03761550268,4320.856516712811
2460824.922222222,-26.01306869350118,3406.092450790411,4256.618286935887
2460824.9229166666,-497.54586767948916,3490.828172149685,4158.151715354982
2460824.923611111,-965.1027361711322,3547.5617297311987,4026.2427357626148
2460824.9243055554,-1424.935093358448,3575.8330842210976,3861.9449714868415
2460824.925,-1873.3540362114593,3575.4092508295153,3666.5719018090845
2460824.925694444,-2306.7597096193213,3546.2866462701586,3441.686999082443
2460824.926388889,-2721.670209916322,3488.6916820257015,3189.09185511371
2460824.9270833335,-3114.749793961261,3403.0795535404386,2910.8123328875736
2460824.927777778,-3482.8361565659006,3290.131184907148,2609.0827967488326
2460824.9284722223,-3822.9665217444813,3150.748303196537,2286.328500463016
2460824.9291666667,-4132.402286582584,2986.0466357425294,1945.146239977441
2460824.929861111,-4408.651959357389,2797.3472432249523,1588.283401258752
2460824.9305555555,-4649.492126085342,2586.1660326673314,1218.6155762026888
2460824.93125,-4852.986208029005,2354.201514255545,839.1229320632407
2460824.9319444443,-5017.500779877359,2103.3208998490013,452.86555915081306
2460824.9326388887,-5141.719250515648,1835.544668776392,62.958042016379444
2460824.933333333,-5224.652744997991,1553.029748054589,-327.4564898978817
2460824.934027778,-5265.648061022967,1258.0514838185243,-715.2325543300439
2460824.9347222224,-5264.392620655335,952.9845957534675,-1097.2484752005444
2460824.935416667,-5220.916382526591,640.2833225393899,-1470.4322317718395
2460824.936111111,-5135.590725538066,322.4609721566828,-1831.7867337335097
2460824.9368055556,-5009.124361496991,2.0691035815297565,-2178.4142620592233
2460824.9375,-4842.556372346533,-318.3234534059639,-2507.5398566831404
2460824.9381944444,-4637.246508162386,-636.1515207615149,-2816.5334333849655
2460824.938888889,-4394.862907617709,-948.8742480109416,-3102.930461405087
2460824.939583333,-4117.367429151563,-1253.9953568367453,-3364.4510504997925
2460824.9402777776,-3806.9987948209605,-1549.0827941022553,-3599.017332613377
2460824.940972222,-3466.253757462963,-1831.7876517060788,-3804.76905083823
2460824.941666667,-3097.866503074653,-2099.8622322623355,-3980.077295139026
2460824.9423611113,-2704.7864947306675,-2351.177159773335,-4123.556347633409
2460824.9430555557,-2290.1549575336103,-2583.7374502518983,-4234.073617551375
2460824.94375,-1857.2801873643564,-2795.6974751623843,-4310.757661553284
2460824.9444444445,-1409.6118562941476,-2985.3747590435864,-4353.004291732507
2460824.945138889,-950.714472390303,-3151.2625620280874,-4360.48077887811
2460824.9458333333,-484.24013753743867,-3292.04120291018,-4333.128158588413
2460824.9465277777,-13.900743151452861,-3406.5880773840713,-4271.161644742506
2460824.947222222,456.5602647896107,-3493.986326325391,-4175.06915122401
2460824.9479166665,923.3964196088897,-3553.5321047753737,-4045.6079174164715
2460824.948611111,1382.8869251727172,-3584.740396940014,-3883.7992303490746
2460824.949305556,1831.3653568074426,-3587.349319360739,-3690.9212350423095
2460824.95,2265.2482098445375,-3561.3228506468918,-3468.4998262433437
2460824.9506944446,2681.0631112185606,-3506.8519254047947,-3218.297623878396
2460824.951388889,3075.4764989067826,-3424.3538324652172,-2942.301042695761
2460824.9520833334,3445.320545391994,-3314.4698642957032,-2642.705488039152
2460824.952777778,3787.61909488425,-3178.0611739734723,-2321.8987249244014
2460824.953472222,4099.61236024679,-3016.202812717161,-1982.4424992458485
2460824.9541666666,4378.780123657009,-2830.1759396458465,-1627.0525145219976
2460824.954861111,4622.863182477645,-2621.45821706582,-1258.5768959786365
2460824.9555555554,4829.882779570093,-2391.7124359378377,-879.9733140294618
2460824.95625,4998.157782436106,-2142.773435960809,-494.28495287041954
2460824.956944444,5126.3193841621005,-1876.633420651274,-104.61555091404637
2460824.957638889,5213.323132379608,-1595.425795923466,285.89623980029046
2460824.959027778,5261.353285631186,-996.9412542168858,1056.874372499826
2460824.9597222223,5221.980536911603,-684.4741861759134,1431.1239183975088
2460824.9604166667,5140.65502268889,-366.519266250561,1793.8340314053785
2460824.961111111,5018.032214308139,-45.63354613099603,2142.081332644755
2460824.9618055555,4855.102070478732,275.6028441890122,2473.060683360171
2460824.9625,4653.18031646605,594.6079666467002,2784.108120573174
2460824.9631944443,4413.8969847078915,908.8192260885922,3072.722435723446
2460824.9638888887,4139.182383550954,1215.7142037026401,3336.58521898037
2460824.964583333,3831.2506836501043,1512.830990486671,3573.5792218631577
2460824.965277778,3492.58132457433,1797.7878585511994,3781.8049221203464
2460824.9659722224,3125.8984558915868,2068.302123348237,3959.595199506519
2460824.966666667,2734.1486237466256,2322.208074072897,4105.528060424905
2460824.967361111,2320.4769140247613,2557.4738635683325,4218.437367587871
2460824.9680555556,1888.2017533176427,2772.217267184464,4297.421549665637
2460824.96875,1440.788559716645,2964.7202324633117,4341.850277748688
2460824.9694444444,981.8224237763465,3133.4421519787284,4351.369103587875
2460824.970138889,514.9799934666107,3277.0317970356596,4325.902058447949
2460824.970833333,44.000725645091386,3394.337855408538,4265.652213166214
2460824.9715277776,-427.342332771296,3484.4180155284803,4171.100199098412
2460824.972222222,-895.2720738176475,3546.5465399410027,4043.0006885538887
2460824.972916667,-1356.0369950186362,3580.220267799918,3882.376834819477
2460824.9736111113,-1805.940830742544,3585.1629868536033,3690.5126726924227
2460824.9743055557,-2241.3719539948515,3561.328113665285,3468.9434879107343
2460824.975,-2658.83234399709,3508.8996241266304,3219.4441728237443
2460824.9756944445,-3054.965894495694,3428.2911819743263,2944.015602087031
2460824.976388889,-3426.5858267331896,3320.1434225020016,2644.869079402058
2460824.9770833333,-3770.700954051256,3185.319362747167,2324.4089319240347
2460824.9777777777,-4084.540540711929,3024.8979264021314,1985.2133526066186
2460824.978472222,-4365.577487409861,2840.16559614018,1630.0136261318662
2460824.9791666665,-4611.549589023085,2632.6062280301435,1261.6718960073663
2460824.979861111,-4820.478614735173,2403.8890918320517,883.1576648430911
2460824.980555556,-4990.686981265004,2155.855229826486,497.52324670945137
2460824.98125,-5120.811818746916,1890.502252251484,107.8784093447867
2460824.9819444446,-5209.816257705486,1609.9677198772497,-282.6355284182479
2460824.982638889,-5256.997810508419,1316.5112797881984,-670.8718792764047
2460824.9833333334,-5261.9937581835775,1012.4957481541855,-1053.7047673927002
2460824.984027778,-5224.783502667763,700.3673465399136,-1428.0550286897155
2460824.984722222,-5145.687890154441,382.635304958227,-1790.915566196916
2460824.9854166666,-5025.365555107875,61.85105268259138,-2139.3759045541156
2460824.986111111,-4864.80637743986,-259.4127842088132,-2470.645709000675
2460824.9868055554,-4665.322181582855,-578.5833690343919,-2782.0770617241465
2460824.9875,-4428.534837824853,-893.1084241230569,-3071.1853137222806
2460824.988194444,-4156.361948639813,-1200.4766022142417,-3335.6683635463596
2460824.988888889,-3851.000322189717,-1498.2372921018477,-3573.4242406054664
2460824.9895833335,-3514.907439838381,-1784.0197170176514,-3782.5669056106244
2460824.990277778,-3150.781132478035,-2055.5511978862874,-3961.4402017252005
2460824.9909722223,-2761.537669130767,-2310.6744808354665,-4108.629919554259
2460824.9916666667,-2350.2884590782774,-2547.364039614796,-4222.973952736744
2460824.992361111,-1920.31555514908,-2763.7412815694015,-4303.570537830241
2460824.9930555555,-1475.046125472861,-2958.0886008503653,-4349.784582334989
2460824.99375,-1018.0260593245997,-3128.8622240083496,-4361.25208595084
2460824.9944444443,-552.8928473368661,-3274.703805162529,-4337.882664025464
2460824.9951388887,-83.34787995568846,-3394.450723248375,-4279.860177734556
2460824.995833333,386.87170845394996,-3487.145037341121,-4187.641472387823
2460824.996527778,854.0215132996123,-3552.041049057922,-4061.9532202972896
2460824.9972222224,1314.3785172372234,-3588.611418746034,-3903.786860446331
2460824.997916667,1764.2697780447816,-3596.551776054354,-3714.391628038257
2460824.998611111,2200.1009957383326,-3575.7837638073943,-3495.265663981624
2460824.9993055556,2618.38476579134,-3526.4564512717816,-3248.145209653346
2460825.0006944444,3389.0606463378176,-3343.853918041547,-2677.97812551784
2460825.001388889,3735.258397495035,-3212.0026836627185,-2359.4706956360405
2460825.002083333,4051.5709456127943,-3054.430663144189,-2022.0125630603352
2460825.0027777776,4335.443717560667,-2872.3843554107875,-1668.3030246529474
2460825.003472222,4584.57991538441,-2667.3091477435137,-1301.1763413174624
2460825.004166667,4796.960243990345,-2440.8382282171237,-923.5790013658053
2460825.0048611113,4970.860419564888,-2194.779774054297,-538.5458075821839
2460825.0055555557,5104.866230324688,-1931.1025128078393,-149.17501212532193
2460825.00625,5197.885955273214,-1651.9197745956412,241.39726534465262
2460825.0069444445,5249.1599739423955,-1359.4721867735311,630.0230718120958
2460825.007638889,5258.2674430294965,-1056.1091836105888,1013.5688355524427
2460825.0083333333,5225.129958419657,-744.2695215367643,1388.941485934286
2460825.0090277777,5150.012166613266,-426.4610121201118,1753.1141961503336
2460825.009722222,5033.519335975273,-105.23968398756992,2103.1514882128663
2460825.0104166665,4876.591942758379,216.81140032581226,2436.2334405824013
2460825.011111111,4680.4973680605935,537.103456266261,2749.6787688716463
2460825.011805556,4446.818838209307,853.0632053241945,3040.966570699979
2460825.0125,4177.441771816934,1162.1538186240869,3307.756554242734
2460825.0131944446,3874.5377180469463,1461.8953930995785,3547.9076016824024
2460825.013888889,3540.5460912910503,1749.8847896775458,3759.494543665476
2460825.0145833334,3178.1539080380703,2023.8146911705212,3940.823056860923
2460825.015277778,2790.27374321591,2281.4917466936217,4090.4426137325618
2460825.015972222,2380.0201156777803,2520.853693802398,4207.157441244845
2460825.0166666666,1950.6845001588415,2739.9853676413677,4290.035462829364
2460825.017361111,1505.7091656618234,2937.1335120448034,4338.415206524668
2460825.0180555554,1048.6600164075692,3110.7203266300644,4351.9106756814235
2460825.01875,583.198611553107,3259.355684916555,4330.414179914626
2460825.019444444,113.05352647138017,3381.847965737331,4274.097126936854
2460825.020138889,-358.0087813891893,3477.213439587952,4183.408775003879
2460825.0208333335,-826.2134407371027,3544.6841519056306,4059.0729451364687
2460825.021527778,-1287.8068019272214,3583.7142433562467,3902.0826921403054
2460825.0222222223,-1739.086062607218,3593.9846456992623,3713.6929360441136
2460825.0229166667,-2176.4286959133765,3575.406091831326,3495.411060379487
2460825.023611111,-2596.3214751870414,3528.120380335544,3248.985494324459
2460825.0243055555,-2995.388875131629,3452.499840420313,2976.392309351388
2460825.025,-3370.420612810744,3349.1449520502274,2679.819880010303
2460825.0256944443,-3718.398077987657,3218.8800896011257,2361.651682113995
2460825.0263888887,-4036.5193948588662,3062.74737442495,2024.4473266956336
2460825.027083333,-4322.222850823092,2881.9986438376277,1670.9219589692277
2460825.027777778,-4573.208433516713,2678.0855678554926,1303.9241789973066
2460825.0284722224,-4787.4572238652045,2452.647974577839,926.4126748118692
2460825.029166667,-4963.248417743089,2207.5004684276787,541.4317766704465
2460825.029861111,-5099.173764828813,1944.6174616107417,152.08617888639412
2460825.0305555556,-5194.149255284022,1666.1167582517444,-238.4849194995232
2460825.03125,-5247.423916849181,1374.2418600617318,-627.1339817704888
2460825.0319444444,-5258.5856298635545,1071.3431837608553,-1010.7313283892311
2460825.032638889,-5227.563914211774,759.8583911283127,-1386.1910872789977
2460825.033333333,-5154.629686343167,442.2920492341244,-1750.496625919622
2460825.0340277776,-5040.392031267806,121.19484028256133,-2100.725210034737
2460825.034722222,-4885.792075473362,-200.85746155628152,-2434.0716542539035
2460825.035416667,-4692.094085901112,-521.2850305722473,-2747.8707494453165
2460825.0361111113,-4460.873949749776,-837.5248492455274,-3039.6182866682043
2460825.0368055557,-4194.0052157812115,-1147.0511996068028,-3306.9905220611695
2460825.0375,-3893.6428970737875,-1447.3956163955495,-3547.8619579629044
2460825.0381944445,-3562.2052410644988,-1736.1661572213343,-3760.3213497198067
2460825.038888889,-3202.353678024019,-2011.0658610458718,-3942.6858705287123
2460825.0395833333,-2816.971157291202,-2269.910286039974,-4093.5133909813103
2460825.0402777777,-2409.139071287759,-2510.6440377738845,-4211.612851175098
2460825.040972222,-1982.1129488854406,-2731.3562176084642,-4296.052719072604
2460825.042361111,-1084.218372949168,-3105.87935880805,-4361.562539944331
2460825.043055556,-620.4991494927725,-3256.713690413877,-4342.116429888464
2460825.04375,-151.82975883896327,-3381.595626677071,-4287.982182418904
2460825.0444444446,318.0596002875959,-3479.526653312072,-4199.586016824896
2460825.045138889,785.4272711493728,-3549.71968661977,-4077.624448728032
2460825.0458333334,1246.5487546336462,-3591.6054865823544,-3923.0594447807903
2460825.046527778,1697.745385596143,-3604.8375720219383,-3737.111666238686
2460825.047222222,2135.4129070496742,-3589.2955746298703,-3521.251795042795
2460825.0479166666,2556.049765148933,-3545.086968470726,-3277.189942377341
2460825.048611111,2956.2849361231706,-3472.5471121212972,-3006.863146014646
2460825.0493055554,3332.9050635832455,-3372.237546200707,-2712.4209848879327
2460825.05,3682.880678387656,-3244.9424987518037,-2396.209354763874
2460825.050694444,4003.391255330162,-3091.663564021431,-2060.7524737273957
2460825.051388889,4291.848847093488,-2913.612540177042,-1708.733217730291
2460825.0520833335,4545.920038943004,-2712.2024310924735,-1342.971909777293
2460825.052777778,4763.545961094823,-2489.036647873001,-966.403727426759
2460825.0534722223,4942.960118052342,-2245.8964668820026,-582.0549094986468
2460825.0541666667,5082.703802475848,-1984.726835689683,-193.01798219179116
2460825.054861111,5181.638892299133,-1707.620645205976,197.5737559230675
2460825.0555555555,5238.957862809906,-1416.8016115704827,586.572234049873
2460825.05625,5254.190882084736,-1114.6059404481418,970.8408188497307
2460825.0569444443,5227.20990343416,-803.4629591707003,1347.2804624562389
2460825.0576388887,5158.229711760947,-485.87492896943934,1712.8555035569009
2460825.058333333,5047.805929059223,-164.3962489953031,2064.6188584526153
2460825.059027778,4896.830027503078,158.38772517625983,2399.73634446256
2460825.0597222224,4706.521441091006,479.88202844593377,2715.5099000884966
2460825.060416667,4478.4169040054585,797.5033847398529,3009.3994907953556
2460825.061111111,4214.357173278074,1108.701256564752,3279.043518752154
2460825.0618055556,3916.4713215635193,1410.97845415761,3522.2775791633067
2460825.0625,3587.1587946339587,1701.9111407120417,3737.151444807546
2460825.0631944444,3229.0694504018793,1979.168074551608,3921.9441762760644
2460825.063888889,2845.0817836580613,2240.528965333848,4075.1772953775408
2460825.064583333,2438.2795537813267,2483.9018242600855,4195.625969218167
2460825.0652777776,2011.9270130184038,2707.3392165657533,4282.328179392699
2460825.065972222,1569.4429328766378,2909.053330900393,4334.591858987861
2460825.066666667,1114.3736071941698,3087.42979645299,4351.999992030542
2460825.0673611113,650.3650102521285,3241.0401809289274,4334.4136727797995
2460825.0680555557,181.1342703838587,3368.6531118404246,4281.973125751523
2460825.06875,-289.55937510839726,3469.24396082769,4195.096686138429
2460825.0694444445,-757.9439841405854,3542.0030331191233,4074.477740215759
2460825.070138889,-1220.2645106908199,3586.342201921579,3921.0796235076327
2460825.0708333333,-1672.8124183141078,3601.8999242267214,3736.1284799827795
2460825.0715277777,-2111.9551305760033,3588.5445773338,3521.1040853992886
2460825.072222222,-2534.165105460777,3546.3760540986527,3277.728653318586
2460825.0729166665,-2936.048324656899,3475.7255611372802,3007.9536487170512
2460825.073611111,-3314.3719518365715,3377.153573225113,2713.9446624510783
2460825.074305556,-3666.0909240162355,3251.4459078818777,2398.0644092832645
2460825.075,-3988.373206552477,3099.607904046492,2062.8539526199015
2460825.0756944446,-4278.623456577593,2922.8567066378205,1711.0122753987034
2460825.076388889,-4534.50482825162,2722.6116868992262,1345.3743569659237
2460825.0770833334,-4753.95867362124,2500.4830507066436,968.8879344318796
2460825.077777778,-4935.221899452406,2258.2587210531196,584.5891663222699
2460825.078472222,-5076.841773779564,1997.8896041988705,195.57743007587305
2460825.0791666666,-5177.6880017672265,1721.4733805074343,-195.0104877114981
2460825.079861111,-5236.961930999321,1431.236984943722,-584.0265381138441
2460825.0805555554,-5254.202788799531,1129.5179592058773,-968.3376217911309
2460825.08125,-5229.290896493807,818.7448844244851,-1344.8515795923659
2460825.081944444,-5162.447855443015,501.4171025561647,-1710.542698970325
2460825.082638889,-5054.233742189444,180.0839495861879,-2062.476473682718
2460825.084027778,-4717.587906537413,-464.27742404420167,-2713.9314457727487
2460825.0847222223,-4491.903486342445,-782.1463969663336,-3008.2474558803838
2460825.0854166667,-4230.317851742897,-1093.7437926186424,-3278.43658238191
2460825.086111111,-3934.9443608315746,-1396.5839825760302,-3522.3503691586207
2460825.0868055555,-3608.1620849458263,-1688.2545519168937,-3738.052938640074
2460825.0875,-3252.5960326917016,-1966.4349458900774,-3923.8353650691533
2460825.0881944443,-2871.0957332544517,-2228.9142154480614,-4078.2281666920207
2460825.0888888887,-2466.712381111748,-2473.6077681510974,-4200.011891402418
2460825.089583333,-2042.674727430312,-2698.5730508252855,-4288.225787986482
2460825.090277778,-1602.3638968842874,-2902.024098151053,-4342.174562227536
2460825.0909722224,-1149.2872895875082,-3082.3448946524422,-4361.433225262683
2460825.091666667,-687.0517157162407,-3238.1015020822665,-4345.8500417706655
2460825.092361111,-219.33590297877834,-3368.0529052587676,-4295.547583410747
2460825.0930555556,250.13748453892836,-3471.1605283704152,-4210.921890681964
2460825.09375,717.6301986579793,-3546.59637582057,-4092.6397391310006
2460825.0944444444,1179.4169776802323,-3593.749738281517,-3941.634004950839
2460825.095138889,1631.8142027615563,-3612.2324084341453,-3759.0971203981812
2460825.095833333,2071.208477786779,-3601.88234221316,-3546.472612232846
2460825.0965277776,2494.084961088853,-3562.765700981471,-3305.4447203256577
2460825.097222222,2897.055252475227,-3495.177211032647,-3037.9261064504612
2460825.097916667,3276.884630228662,-3399.6387809285206,-2746.0436728511577
2460825.0986111113,3630.5184008160486,-3276.896327260964,-2432.1225377460673
2460825.0993055557,3955.1071225561027,-3127.914771483762,-2098.6682311253044
2460825.1,4248.030445068672,-2953.8711889669794,-1748.3472064620507
2460825.1006944445,4506.919303482669,-2756.1461137926963,-1383.9657933818407
2460825.101388889,4729.676209566197,-2536.3130278573635,-1008.4477461621104
2460825.1020833333,4914.493392448213,-2296.126088978438,-624.8105706548836
2460825.1027777777,5059.868555284565,-2037.5061848232388,-236.14084581293804
2460825.103472222,5164.618043468042,-1762.5254256777114,154.43122489945014
2460825.1041666665,5227.887250095706,-1473.3902182809932,543.7577745106189
2460825.104861111,5249.158123328353,-1172.4230858430285,928.699477601523
2460825.105555556,5228.253681583252,-862.0434242815645,1306.1517189137867
2460825.10625,5165.339489385231,-544.7473980137735,1673.0704496642684
2460825.1069444446,5060.922091527574,-223.08718977776172,2026.4974620935209
2460825.107638889,4915.844449299805,100.3501714761495,2363.5848215652427
2460825.1083333334,4731.278463448915,422.9641875413126,2681.6182225470056
2460825.109027778,4508.714707648354,742.1622545617662,2978.039050992623
2460825.109722222,4249.949527088189,1055.3808101646396,3250.464968348331
2460825.1104166666,3957.069680790303,1360.1060749557264,3496.7088607683386
2460825.111111111,3632.4347281842165,1653.8942119291848,3714.7960231720244
2460825.1118055554,3278.657364373264,1934.3907543490493,3902.9794835666344
2460825.1125,2898.581918460754,2199.349164358037,4059.7533926464653
2460825.113194444,2495.2612235934794,2446.6484077690798,4183.86443050136
2460825.113888889,2071.9320636941775,2674.30944498041,4274.32119912643
2460825.1145833335,1631.9893885451804,2880.510554909264,4330.401584864617
2460825.115277778,1178.9594835440173,3063.601416714393,4351.658082516599
2460825.1159722223,716.4722668880049,3222.1158844590746,4337.921079667334
2460825.1166666667,248.23288022410125,3354.7833935736426,4289.300101226693
2460825.117361111,-222.00726511102687,3460.5389396706837,4206.183014303206
2460825.1180555555,-690.479825757571,3538.5315704369023,4089.2331927498017
2460825.11875,-1153.4290852810961,3588.1313297515217,3939.3846395088717
2460825.1194444443,-1607.1415529811757,3608.9345902258788,3757.8350696725543
2460825.1201388887,-2047.9754305313704,3600.767712608554,3546.0369557269405
2460825.120833333,-2472.389732492071,3563.6889681579405,3305.6865528890467
2460825.121527778,-2876.9728513157715,3497.9886675135085,3038.7109299868466
2460825.1222222224,-3258.4703329900462,3404.1874459677388,2747.2530509260555
2460825.122916667,-3613.8116157943323,3283.0326675844904,2433.6549741804033
2460825.123611111,-3940.1354742911517,3135.4929273586554,2100.4392638413015
2460825.1243055556,-4234.813905496942,2962.7506514996912,1750.288734514575
2460825.1256944444,-4720.018921742128,2547.399857640537,1010.583771235884
2460825.126388889,-4906.643627792046,2308.132784506147,626.9938177393309
2460825.127083333,-5053.851997362807,2050.3187163343578,238.3486554503915
2460825.1277777776,-5160.468306912526,1776.0348663866505,-152.21761700848862
2460825.128472222,-5225.647032862952,1487.4912013626745,-541.556764177222
2460825.129166667,-5248.879502643318,1187.0119371895273,-926.5326324771469
2460825.1298611113,-5229.997531258888,877.0160744223567,-1304.0471835227706
2460825.1305555557,-5169.1740302399085,559.9971882042181,-1671.0660674279316
2460825.13125,-5066.920621930069,238.50269075595347,-2024.643478689049
2460825.1319444445,-4924.082334042813,-84.88721338588707,-2361.946053407322
2460825.132638889,-4741.829489880264,-407.5806611387892,-2680.2755873451215
2460825.1333333333,-4521.6469402282955,-726.9951522394939,-2977.0903890924633
2460825.1340277777,-4265.320813290355,-1040.5782618060027,-3250.025102644143
2460825.134722222,-3974.922973334769,-1345.8278749461729,-3496.9088742514155
2460825.1354166665,-3652.79339582621,-1640.3117847918734,-3715.7817595434135
2460825.136111111,-3301.520667701053,-1921.6865221138692,-3904.90930104449
2460825.136805556,-2923.9208194298203,-2187.7153033574323,-4062.795228994389
2460825.1375,-2523.0146922563913,-2436.2849997404473,-4188.192257075523
2460825.1381944446,-2102.0040283077956,-2665.4220506549186,-4280.11096355463
2460825.138888889,-1664.2464611518064,-2873.30725510127,-4337.826757123564
2460825.1395833334,-1213.2295697488184,-3058.289385673024,-4360.8849336606745
2460825.140277778,-752.544142204597,-3218.8975770446855,-4349.1038318438
2460825.140972222,-285.8567964562285,-3353.8524390275907,-4302.57609343096
2460825.1416666666,183.11791717187262,-3462.075850514179,-4221.668031405268
2460825.142361111,650.6457957023085,-3542.699381975325,-4107.0171031602995
2460825.1430555554,1113.0015087962774,-3595.0712921185855,-3959.527483524561
2460825.14375,1566.4972314770098,-3618.7620406743144,-3780.3637283991643
2460825.144444444,2007.5112267921807,-3613.5682532020514,-3570.94252113742
2460825.145138889,2432.5162031830096,-3579.515072630967,-3332.922500653925
2460825.1458333335,2838.107263470638,-3516.856832760978,-3068.192174849445
2460825.146527778,3221.029228533818,-3426.0759929315677,-2778.8559438834877
2460825.1472222223,3578.203113863237,-3307.8802812014924,-2467.2182707222196
2460825.1479166667,3906.7515113934546,-3163.198007048118,-2135.766065722769
2460825.148611111,4204.022624671551,-2993.1715210794882,-1787.1493749371518
2460825.1493055555,4467.612696755905,-2799.14882065664,-1424.1604926831221
2460825.15,4695.386569463652,-2582.6733271547487,-1049.7116527715657
2460825.1506944443,4885.496126908108,-2345.471884674564,-666.8114760739173
2460825.1513888887,5036.396386244936,-2089.441063318387,-278.5403887633078
2460825.152083333,5146.859028660515,-1816.6318743868746,111.97475841181853
2460825.152777778,5215.983189967196,-1529.2330383484118,501.58661017848857
2460825.1534722224,5243.203371739448,-1229.552965999976,887.1535014748368
2460825.154166667,5228.294372845477,-920.000641550398,1265.5656450371532
2460825.154861111,5171.37318831841,-603.065606336248,1633.7710392251183
2460825.1555555556,5072.897867199389,-281.29726167145674,1988.8008192958714
2460825.15625,4933.663367037609,42.71629094130455,2327.7937966204686
2460825.1569444444,4754.794485226515,366.3696490340294,2648.0199434751316
2460825.157638889,4537.735984974929,687.0615327659732,2946.9026082404744
2460825.158333333,4284.240066421261,1002.2160257710142,3222.039270696735
2460825.1590277776,3996.3513613705277,1309.3034383542613,3471.2206752033608
2460825.159722222,3676.3896438675083,1605.860621417441,3692.4482150367066
2460825.160416667,3326.9304665222608,1889.5105698187715,3883.949462538735
2460825.1611111113,2950.783929507115,2157.9811818329385,4044.191773579731
2460825.1618055557,2550.9717974574346,2409.1230509831576,4171.893911159885
2460825.1625,2130.703163521376,2640.9261927480184,4266.035658706585
2460825.1631944445,1693.3488568130313,2851.5356174275616,4325.865403569303
2460825.163888889,1242.414780736245,3039.2656724773524,4350.905682365682
2460825.1645833333,781.5143513231853,3202.6130899618556,4340.956686793637
2460825.1652777777,314.34020831469184,3340.268673920098,4296.097729035427
2460825.165972222,-155.36464425457748,3451.1275698789127,4216.686667557882
2460825.167361111,-1087.3184943936799,3589.1087903302805,3957.014666300607
2460825.168055556,-1542.0941208863617,3615.114461551986,3778.828431619765
2460825.16875,-1984.5127716067204,3612.0997625680875,3570.2240707540595
2460825.1694444446,-2411.02086628261,3580.081639406656,3332.8721496872076
2460825.170138889,-2818.19009562895,3519.309746833724,3068.6755612498623
2460825.1708333334,-3202.745304631044,3430.2650618082084,2779.754812312054
2460825.171527778,-3561.591371487686,3313.656614882817,2468.431422567897
2460825.172222222,-3891.8388325854353,3170.4163142728094,2137.209520519556
2460825.1729166666,-4190.827983856973,3001.6918602962924,1788.7557605054126
2460825.173611111,-4456.151202386803,2808.837768240953,1425.8777039287938
2460825.1743055554,-4685.673228655882,2593.4045480342897,1051.5008472048837
2460825.175,-4877.549173004296,2357.1261140547854,668.6444991746214
2460825.175694444,-5030.24002736271,2101.905530109035,280.39674178333195
2460825.176388889,-5142.5254963120815,1829.799220884522,-110.11127505396698
2460825.1770833335,-5213.51399647227,1542.9998078041726,-499.73143688773916
2460825.177777778,-5242.649714503054,1243.8177501495009,-885.3248897883201
2460825.1784722223,-5229.716658903242,934.6619909965192,-1263.7881080256848
2460825.1791666667,-5174.839686881523,618.0198180983717,-1632.0785335758303
2460825.179861111,-5078.482532602325,296.43616090093514,-1987.239523616831
2460825.1805555555,-4941.442907359935,-27.507455609081855,-2326.4243630843725
2460825.18125,-4764.84478046824,-351.21408491172144,-2646.9191234991836
2460825.1819444443,-4550.127985486987,-672.0924499880042,-2946.164171271767
2460825.1826388887,-4299.035320880751,-987.5777612485371,-3221.774165631618
2460825.183333333,-4013.597337982987,-1295.1520806463752,-3471.5564091151937
2460825.184027778,-3696.1150179238707,-1592.3640775165761,-3693.5274504429653
2460825.1847222224,-3349.1405473237232,-1876.8480373368238,-3885.9278632004834
2460825.185416667,-2975.4564022466543,-2146.342005560688,-4047.235150096888
2460825.186111111,-2578.0529378582337,-2398.70497185877,-4176.174746296147
2460825.1868055556,-2160.10467962105,-2631.9330094659754,-4271.729106671079
2460825.1875,-1724.9454887609315,-2844.1743059242785,-4333.144878319304
2460825.1881944444,-1276.0427697108962,-3033.7430253568355,-4359.93816235079
2460825.188888889,-816.9708685690596,-3199.1319530450505,-4351.89787357226
2460825.189583333,-351.38380243289714,-3339.023874684274,-4309.087204332028
2460825.1902777776,117.0125439192384,-3452.3016415839,-4231.843195633619
2460825.190972222,584.4886268444515,-3538.0568728805056,-4120.774413794456
2460825.191666667,1047.3197182039098,-3595.5972387097177,-3976.7567277906674
2460825.1923611113,1501.8145138795724,-3624.4522669306507,-3800.9271766283723
2460825.1930555557,1944.3437103190672,-3624.3776074828434,-3594.6759216525534
2460825.19375,2371.3683861153977,-3595.357690205562,-3359.6362795823857
2460825.1944444445,2779.468004914484,-3537.606709192599,-3097.672838600356
2460825.195138889,3165.367822661511,-3451.5678713340258,-2810.8676814366613
2460825.1958333333,3525.965479539228,-3337.9108550880997,-2501.504751565104
2460825.1965277777,3858.3565357598377,-3197.527436466377,-2172.052422561981
2460825.197222222,4159.858694733153,-3031.525257204606,-1825.1443607358524
2460825.1979166665,4428.034454049112,-2841.219731154547,-1463.5587989889714
2460825.198611111,4660.711925969206,-2628.1241084960225,-1090.196368682982
2460825.199305556,4856.003573801194,-2393.9377463659685,-708.0566700538469
2460825.2,5012.322629733969,-2140.5326605580913,-320.2137849460489
2460825.2006944446,5128.39697788067,-1869.9384675937422,70.20903004883336
2460825.201388889,5203.280323277366,-1584.3258475952312,460.06522325069255
2460825.2020833334,5236.360498525464,-1285.988691704438,846.211126806588
2460825.202777778,5227.364805115663,-977.3251128156918,1225.5321639158735
2460825.203472222,5176.362328657047,-660.8175258130793,1594.9687990096666
2460825.2041666666,5083.763215126224,-339.0120051691285,1951.5419656337235
2460825.204861111,4950.314939230368,-14.497144601305994,2292.3777061525175
2460825.2055555554,4777.095639998949,310.1173602318847,2614.7307822457633
2460825.20625,4565.504636598245,632.2221888897828,2916.0070374214624
2460825.206944444,4317.2502713014355,949.2297235737659,3193.7843177888694
2460825.207638889,4034.3352530037428,1258.595031820579,3445.8317878048347
2460825.209027778,3373.9020455121067,1844.5547392176259,3864.8741659934904
2460825.2097222223,3001.6981397260283,2116.453278959874,4028.5128960726956
2460825.2104166667,2605.4185526345927,2371.354832723781,4159.735111333921
2460825.211111111,2188.244488253649,2607.2191247280616,4257.492335913543
2460825.2118055555,1753.5223812685256,2822.158532945008,4321.004005340649
2460825.2125,1304.7374026804882,3014.4526895095573,4349.763230060197
2460825.2131944443,845.4860461712798,3182.5617947251662,4343.540518556459
2460825.2138888887,379.4479576885776,3325.1385833142863,4302.38546033792
2460825.214583333,-89.64282416842588,3441.0388795414333,4226.626368725867
2460825.215277778,-558.0270628119738,3529.3306827003817,4116.867882892664
2460825.2159722224,-1021.9497854370632,3589.301719148268,3973.986528228968
2460825.216666667,-1477.6898445238044,3620.465397853017,3799.1242346812955
2460825.217361111,-1921.5893944201782,3622.565103873108,3593.6798176316133
2460825.2180555556,-2350.083088709751,3595.5767657153992,3359.2984324739996
2460825.21875,-2759.726784216515,3539.7096354198225,3097.8590272748397
2460825.2194444444,-3147.225522110554,3455.4052277944274,2811.459834983971
2460825.220138889,-3509.4605441437825,3343.3343759526547,2502.4019663178246
2460825.220833333,-3843.5150871983965,3204.392375937542,2173.1711913055838
2460825.2215277776,-4146.698693514742,3039.6922133614853,1826.418025627189
2460825.222222222,-4416.56977534441,2850.555887572148,1464.9362655280027
2460825.222916667,-4650.95617664224,2638.5038760344105,1091.6401471089018
2460825.2236111113,-4847.973489502353,2405.2428102965255,709.54033422825
2460825.2243055557,-5006.040907001469,2152.651461475738,321.7189607896035
2460825.225,-5123.894418515059,1882.7651662317473,-68.6960175496868
2460825.2256944445,-5200.597194485094,1597.7588454016436,-458.55690037996806
2460825.226388889,-5235.547044370122,1299.9287944600683,-844.722470348134
2460825.2270833333,-5228.48087734202,991.6734419445834,-1224.084094448224
2460825.2277777777,-5179.476140965531,675.4732888261453,-1593.5914219603596
2460825.228472222,-5088.949259061727,353.87024411718045,-1950.2774207912644
2460825.2291666665,-4957.651132814164,29.446580818043003,-2291.282502900815
2460825.229861111,-4786.659810413545,-295.19626942069124,-2613.8775157084547
2460825.230555556,-4577.370464463023,-617.4588743342407,-2915.485404218129
2460825.23125,-4331.482842469554,-934.7647176743617,-3193.701378681814
2460825.2319444446,-4050.9863826299447,-1244.580688427729,-3446.311445333983
2460825.232638889,-3738.1431927975937,-1544.4369886962031,-3671.309200349647
2460825.2333333334,-3395.46910354841,-1831.9463155170954,-3866.910805080324
2460825.234027778,-3025.7130020247114,-2104.822198453921,-4031.5680920018635
2460825.234722222,-2631.8346473865276,-2360.896392600275,-4163.97977067001
2460825.2354166666,-2216.981163255478,-2598.1352406849655,-4263.100718319017
2460825.236111111,-1784.462380512346,-2814.6549386535507,-4328.149355441153
2460825.2368055554,-1337.725200572087,-3008.735642332612,-4358.613109420562
2460825.2375,-880.327128017859,-3178.8343654615314,-4354.251975119577
2460825.238194444,-415.9091143128302,-3323.5966200744324,-4315.100178737585
2460825.238888889,51.83215038895112,-3441.8667501481377,-4241.46594877906
2460825.2395833335,519.1723721600009,-3532.696909970306,-4133.929392805562
2460825.240277778,982.3880768137282,-3595.354630652888,-3993.338474546009
2460825.2409722223,1437.7851827613088,-3629.3289160289123,-3820.803083601212
2460825.2416666667,1881.7275728950322,-3634.3348042879247,-3617.687189106714
2460825.242361111,2310.66549714568,-3610.3163282129403,-3385.5990730254593
2460825.2430555555,2721.1636189004785,-3557.447807026538,-3126.379647919829
2460825.24375,3109.9285011537922,-3476.1334062417754,-2842.0888768506634
2460825.2444444443,3473.835310153924,-3367.0049086433723,-2534.9903304114964
2460825.2451388887,3809.953494565341,-3230.917651770261,-2207.5339409161284
2460825.245833333,4115.571189657746,-3068.9446028323187,-1862.3370374655844
2460825.246527778,4388.218083882823,-2882.3685642994624,-1502.163779306426
2460825.2472222224,4625.6864912888395,-2672.6725250351046,-1129.903128976056
2460825.247916667,4826.05037357439,-2441.528201496418,-748.5455432805323
2460825.248611111,4987.68207359121,-2190.78284167262,-361.1585863934208
2460825.2493055556,5109.266544732168,-1922.4443927747002,29.13830643776601
2460825.2506944444,5228.66305080238,-1341.724137476455,805.8801370168068
2460825.251388889,5225.497562920192,-1034.0081214713398,1186.0607274115057
2460825.252083333,5180.338269801957,-717.991920158107,1556.6747715969184
2460825.2527777776,5093.548017556359,-396.21775636978185,1914.7334435915327
2460825.253472222,4965.827331421059,-71.2741551216262,2257.350489859009
2460825.254166667,4798.20815169549,254.2254869065141,2581.7659616178494
2460825.2548611113,4592.044736986357,577.6644256341276,2885.3687192080715
2460825.2555555557,4349.001875707162,896.4439800216373,3165.717515724704
2460825.25625,4071.0405785764397,1208.0046263359234,3420.5604886134843
2460825.2569444445,3760.4014398039167,1509.846599536726,3647.8529269264113
2460825.257638889,3419.5858713417606,1799.5498365312667,3845.7732043506817
2460825.2583333333,3051.3354203038944,2074.793117372541,4012.7367977076483
2460825.2590277777,2658.609377425156,2333.3722811414186,4147.4083357044165
2460825.259722222,2244.5608836868387,2573.2174074584086,4248.711640481376
2460825.2604166665,1812.5117273931303,2792.40887462593,4315.837742757213
2460825.261111111,1365.92602303527,2989.1922117271856,4348.250859058038
2460825.261805556,908.3829436037755,3161.991677236299,4345.6923291902685
2460825.2625,443.5486749292122,3309.4224985120513,4308.182512865144
2460825.2631944446,-24.852243274222477,3430.301709519296,4236.020646037897
2460825.263888889,-493.0660350001774,3523.6575271741604,4129.782656318869
2460825.2645833334,-957.3390964047159,3588.7372018011797,3990.3169367034125
2460825.265277778,-1413.9475303837314,3625.0132784203656,3818.7380768010075
2460825.265972222,-1859.2266237479764,3632.1882021506076,3616.418555375179
2460825.2666666666,-2289.6000722699223,3610.1972026672242,3384.9784055134337
2460825.267361111,-2701.608746557529,3559.209395230378,3126.2728731087295
2460825.2680555554,-3091.9387649141304,3479.6270426675765,2842.3781109810598
2460825.26875,-3457.4486395073377,3372.0829324800657,2535.57496355437
2460825.269444444,-3795.1952320442624,3237.435840145274,2208.330932718002
2460825.270138889,-4102.45826494788,3076.764066676422,1863.280432355548
2460825.2708333335,-4376.763122334552,2891.3570622123752,1503.203474221049
2460825.271527778,-4615.90167946388,2682.705176734886,1131.0029622128984
2460825.2722222223,-4817.950923653571,2452.487600569965,749.6807872301173
2460825.2729166667,-4981.28913700283,2202.5585940878623,362.3129566097373
2460825.273611111,-5104.6094496369415,1934.9321284228274,-27.975998540324927
2460825.2743055555,-5186.9306013034375,1651.7650901507602,-418.03907040837504
2460825.275,-5227.604791957488,1355.3392243058167,-804.7330022104741
2460825.2756944443,-5226.322544760638,1048.0420110879531,-1184.944417337452
2460825.2763888887,-5183.114551089738,732.3466851967438,-1555.6155757611014
2460825.277083333,-5098.3505126704895,410.7916167011751,-1913.769492679161
2460825.277777778,-4972.735040137531,85.95927512824561,-2256.534171704169
2460825.2784722224,-4807.300707729296,-239.54500389382153,-2581.165726750586
2460825.279166667,-4603.398398687561,-563.1142387562289,-2885.070193799142
2460825.279861111,-4362.685106319374,-882.1608080644611,-3165.8238604202447
2460825.2805555556,-4087.1093738784507,-1194.137064370056,-3421.1919769895294
2460825.28125,-3778.8945781876346,-1496.555385127891,-3649.145734255965
2460825.2819444444,-3440.5202569620515,-1787.007526467255,-3847.8774343206414
2460825.282638889,-3074.701695914929,-2063.1831470270135,-4015.8137922670603
2460825.283333333,-2684.3679706875455,-2322.8874060628186,-4151.627341932039
2460825.2840277776,-2272.6386403193355,-2564.057545201484,-4254.245926994945
2460825.284722222,-1842.799270216662,-2784.7783839247986,-4322.860275682323
2460825.285416667,-1398.2759525321537,-2983.296667155093,-4356.929663137115
2460825.2861111113,-942.6089750164416,-3158.034213000957,-4356.185669580773
2460825.2868055557,-479.42578253827077,-3307.599810281786,-4320.634041001034
2460825.2875,-12.413362967005096,-3430.7998182211886,-4250.554656395991
2460825.2881944445,454.70980765320917,-3526.6474161581596,-4146.499601273477
2460825.288888889,918.2221346255812,-3594.370450262813,-4009.2893415431213
2460825.2895833333,1374.4274409902944,-3633.417815497202,-3840.006991337264
2460825.2902777777,1819.6835304025221,-3643.464310624897,-3639.9906641654616
2460825.290972222,2250.430601797783,-3624.4138973903155,-3410.823905020414
2460825.292361111,3054.7384648135076,-3499.7918574686014,-2872.5296157989596
2460825.293055556,3421.8415584748095,-3395.1796350789023,-2567.683493638973
2460825.29375,3761.572861504503,-3263.383640025753,-2242.217437992434
2460825.2944444446,4071.191859598764,-3105.442217088271,-1898.7324972154495
2460825.295138889,4348.196358082202,-2922.605547835938,-1539.9787579643128
2460825.2958333334,4590.343795474093,-2716.3262889567873,-1168.8334614678536
2460825.296527778,4795.670542669706,-2488.2483848379175,-788.2778162468127
2460825.297222222,4962.508946300733,-2240.1941215113125,-401.3727074329674
2460825.2979166666,5089.501893029324,-1974.1495242937738,-11.23353751228923
2460825.298611111,5175.614709350687,-1692.2482199810854,378.9955621001767
2460825.2993055554,5220.144237230747,-1396.7539223867045,766.1678748115675
2460825.3,5222.724972789106,-1090.0417152949183,1147.1603277147476
2460825.300694444,5183.332195886029,-774.578330957864,1518.8995249783188
2460825.301388889,5102.2820659393565,-452.9016370740686,1878.3873094048868
2460825.3020833335,4980.228704042324,-127.5995482893121,2222.7255931027444
2460825.302777778,4818.158325582735,198.7114107909021,2549.140205465413
2460825.3034722223,4617.380526797818,523.407673597467,2855.0035369262146
2460825.3041666667,4379.51686418582,843.8801165493916,3137.8557779687267
2460825.304861111,4106.486892923141,1157.5552622231087,3395.4245848202686
2460825.3055555555,3800.491852211512,1461.9160161611753,3625.6430313203264
2460825.30625,3463.9961993580882,1754.521771337345,3826.6657364203484
2460825.3069444443,3099.7071997454605,2033.0277347434069,3996.883085057531
2460825.3076388887,2710.5527853440753,2295.2033455975393,4134.933481914417
2460825.308333333,2299.657881693434,2538.949679600987,4239.713602815121
2460825.309027778,1870.319403859612,2762.315741846327,4310.386619362901
2460825.3097222224,1425.9801076728654,2963.5135679729838,4346.3883869348965
2460825.310416667,970.2014721547215,3140.932062198223,4347.4315924906605
2460825.311111111,506.63578005267397,3293.1495066179145,4313.50786143877
2460825.3118055556,38.99756224507865,3418.9446775977135,4244.887823853221
2460825.3125,-428.96543967238426,3517.306509097055,4142.119139573303
2460825.3131944444,-893.5016246778426,3587.442237672957,4006.022481712031
2460825.313888889,-1350.8850365249539,3628.78396587754,3837.685477014845
2460825.314583333,-1797.4448350161888,3640.993575850738,3638.454607333434
2460825.3152777776,-2229.5945470913557,3623.9659275999948,3409.925080619965
2460825.315972222,-2643.8608847542278,3577.8302776409905,3153.928693948036
2460825.316666667,-3036.911907576945,3502.949860471827,2872.5197243755365
2460825.3173611113,-3405.5842869354706,3399.9195853192837,2567.9589061736074
2460825.3180555557,-3746.909419517996,3269.5618153101495,2242.6955762778875
2460825.31875,-4058.1381306076432,3112.920214051799,1899.348095688358
2460825.3194444445,-4336.7636997796035,2931.2516694997553,1540.6826894018313
2460825.320138889,-4580.5429550362405,2726.0163277526813,1169.5908693357896
2460825.3208333333,-4787.515184791424,2498.8658015549945,789.0656427578302
2460825.3215277777,-4956.0186455354005,2251.6296424208954,402.1767247809074
2460825.322222222,-5084.704462477978,1986.300200120915,12.045006895575344
2460825.3229166665,-5172.547761147542,1705.0160149494598,-378.1834594888796
2460825.323611111,-5218.85590305765,1410.0439173084062,-765.3636866613704
2460825.324305556,-5223.273744671345,1103.7600249687864,-1146.3779062723513
2460825.325,-5185.78588254278,788.6298482572945,-1518.161378339608
2460825.3256944446,-5106.715894921209,467.1877204319237,-1877.7275888754941
2460825.326388889,-4986.722633060054,142.01577350002745,-2222.1925881441466
2460825.3270833334,-4826.793657985005,-184.27731602250475,-2548.7982364959907
2460825.327777778,-4628.235951807071,-509.0776041671299,-2854.934161817066
2460825.328472222,-4392.664065575455,-829.7869729972953,-3138.1582493859714
2460825.3291666666,-4121.9858854668,-1143.8438588067465,-3396.215524917763
2460825.329861111,-3818.38621663979,-1448.7434464385303,-3627.0553163899626
2460825.3305555554,-3484.3083889061845,-1742.0571855619198,-3828.8466130588895
2460825.33125,-3122.4340949085286,-2021.4514992336526,-3999.9915615828863
2460825.331944444,-2735.6616593846147,-2284.7055823378255,-4139.137067523183
2460825.332638889,-2327.082936706882,-2529.7281975544365,-4245.18448276538
2460825.334027778,-1457.6948907708984,-2957.455111198055,-4354.907393839784
2460825.3347222223,-1003.8132856252462,-3136.760533794232,-4357.718206316754
2460825.3354166667,-541.9277170834971,-3291.062281959588,-4325.707567990509
2460825.336111111,-75.71498793849163,-3419.1292533465717,-4259.127474797409
2460825.3368055555,391.1127898513943,-3519.9361454522755,-4158.502431325042
2460825.3375,854.8365051445718,-3592.6715782875513,-4024.625818346835
2460825.3381944443,1311.7585465259074,-3636.744759315658,-3858.554354683121
2460825.3388888887,1758.2313491227637,-3651.790627965401,-3661.6006434167093
2460825.339583333,2190.685819618318,-3637.673410680907,-3435.323798590156
2460825.340277778,2605.6594615109843,-3594.4885183217875,-3181.5181538171164
2460825.3409722224,2999.824000833121,-3522.562718809705,-2902.2000665221476
2460825.341666667,3370.012289826483,-3422.4525248128552,-2599.5928514821258
2460825.342361111,3713.244255415931,-3294.9407464378123,-2276.1098955887674
2460825.3430555556,4026.75164063595,-3141.031174409352,-1934.3360343476502
2460825.34375,4308.001280532976,-2961.9413789395185,-1577.007298549004
2460825.3444444444,4554.7166516965835,-2759.0936330987824,-1206.9891699953127
2460825.345138889,4764.897439606709,-2534.1039961959423,-827.2535157385491
2460825.345833333,4936.836880996242,-2288.769621039326,-440.8543988731942
2460825.3465277776,5069.136658155743,-2025.0543791312932,-50.902991452708505
2460825.347222222,5160.719150470355,-1745.0729272419478,339.4581625706185
2460825.347916667,5210.836883531405,-1451.0733657108171,727.0812704146722
2460825.3486111113,5219.079055785146,-1145.418661573279,1108.8395267750784
2460825.3493055557,5185.375065480035,-830.5670346304654,1481.6531803674511
2460825.35,5109.995007721244,-509.05151253923344,1842.5151605187157
2460825.3506944445,4993.547156193952,-183.45887802410266,2188.515993973586
2460825.351388889,4836.972487930499,143.5917718898763,2516.8677669614754
2460825.3520833333,4641.536350893939,469.47063006351834,2824.926901554231
2460825.3527777777,4408.817407381216,791.5587362527018,3110.215548476005
2460825.353472222,4140.694018109049,1107.2692813427377,3370.441420076676
2460825.3541666665,3839.328249624875,1414.0684760336198,3603.5159240726616
2460825.354861111,3507.1477080812124,1709.4958108532326,3807.5704807657635
2460825.355555556,3146.8254032731465,1991.183562212609,3980.9709416535584
2460825.35625,2761.2578552378886,2256.8754103606784,4122.330045705035
2460825.3569444446,2353.5416447476705,2504.4440600612797,4230.5178756019
2460825.357638889,1926.9486097187664,2731.9077640641385,4304.670288457771
2460825.3583333334,1484.899868465929,2937.445670308764,4344.195311397419
2460825.359027778,1030.938855181519,3119.4119145442164,4348.7774956066805
2460825.359722222,568.7035304744346,3276.348394959353,4318.38022993485
2460825.3604166666,101.89792863448733,3406.9961645390454,4253.246013322356
2460825.361111111,-365.7367927391189,3510.3053762654267,4153.894686278842
2460825.3618055554,-830.4516466451356,3585.4437199214067,4021.1196202872793
2460825.3625,-1288.519285743761,3631.803283526088,3855.981863686326
2460825.363194444,-1736.2634635845752,3649.0057714145614,3659.8022483651025
2460825.363888889,-2170.0883047400257,3636.9060128724077,3434.1514642009565
2460825.3645833335,-2586.507173053695,3595.5936950647197,3180.838121603721
2460825.365277778,-2982.1709131211933,3525.3932611627256,2901.894838643232
2460825.3659722223,-3353.895229043481,3426.861923878658,2599.562406619813
2460825.3666666667,-3698.686948220586,3300.7857579702313,2276.2721128297294
2460825.367361111,-4013.768906302963,3148.1738551069307,1934.6263298745273
2460825.3680555555,-4296.603193316408,2970.250545342743,1577.3775050260713
2460825.36875,-4544.912500766973,2768.4457151410234,1207.4057151461525
2460825.3694444443,-4756.699318913702,2544.3832822666554,827.6949855590968
2460825.3701388887,-4930.262758734476,2299.8679131039494,441.3085899676035
2460825.370833333,-5064.212793302364,2036.8701011577984,51.36357939271039
2460825.371527778,-5157.481750863812,1757.5097501720186,-338.9951999689667
2460825.3722222224,-5209.3329286776725,1464.0384323972926,-726.6213247576985
2460825.372916667,-5219.366240958935,1158.8205103873495,-1108.3929727703166
2460825.373611111,-5187.520858273149,844.3133328505837,-1481.2387801163827
2460825.3743055556,-5114.074843318583,523.0467172025595,-1842.1631161401629
2460825.3756944444,-4845.164842677165,-129.40951435786292,-2516.7890685642096
2460825.376388889,-4651.907362157734,-455.36732305606995,-2825.0924739769603
2460825.377083333,-4421.44182762754,-777.663458417278,-3110.720729412382
2460825.3777777776,-4155.635722236921,-1093.7230482013836,-3371.399161483794
2460825.378472222,-3856.6354584091278,-1401.0247026388377,-3605.05577086148
2460825.379166667,-3526.8482620651616,-1697.1201884030297,-3809.836775568324
2460825.3798611113,-3168.922260814608,-1979.653318755647,-3984.120298901652
2460825.3805555557,-2785.7249836052524,-2246.37794602794,-4126.528161803825
2460825.38125,-2380.320460312007,-2495.174970047915,-4235.935764594759
2460825.3819444445,-1955.9451095716759,-2724.0682815605223,-4311.480050033155
2460825.382638889,-1515.9825761437228,-2931.2395815145624,-4352.565553741307
2460825.3833333333,-1063.9376802164675,-3115.0420158937227,-4358.86854723689
2460825.3840277777,-603.4096165088346,-3274.012578418066,-4330.339282430762
2460825.384722222,-138.0645422866134,-3406.883229242723,-4267.202341719677
2460825.3854166665,328.39231919511906,-3512.5906797960597,-4169.955093903367
2460825.386111111,792.2449220546731,-3590.284786676527,-4039.364252483326
2460825.386805556,1249.7948594166357,-3639.335496968076,-3876.460527514775
2460825.3875,1697.3898884360024,-3659.3382783077354,-3682.5313638304638
2460825.3881944446,2131.4523619731085,-3650.1179665444597,-3459.1117588472744
2460825.388888889,2548.5073861903065,-3611.730960753485,-3207.973161335708
2460825.3895833334,2945.2105055639718,-3544.46569774647,-2931.1104645301507
2460825.390277778,3318.374699209252,-3448.8413437417066,-2630.727122860447
2460825.390972222,3664.9964539328266,-3325.6046506296375,-2309.2184431475316
2460825.3916666666,3982.2806616502603,-3175.7249406336564,-1969.1531304386106
2460825.392361111,4267.664089330371,-3000.387199424562,-1613.2531887701593
2460825.3930555554,4518.8371554630185,-2800.9832837610434,-1244.3723163477218
2460825.39375,4733.763757044271,-2579.1012756043706,-865.4729616505159
2460825.394444444,4910.69890350418,-2336.5130419818306,-479.60223446494757
2460825.395138889,5048.203931307882,-2075.160090531779,-89.8668949737494
2460825.3958333335,5145.1591004931,-1797.1378405097933,300.59233291747387
2460825.396527778,5200.773408866374,-1504.6784571409908,688.6268602409064
2460825.3972222223,5214.591499591043,-1200.1324185665424,1071.106473223259
2460825.3979166667,5186.497579028223,-885.9490111835263,1444.9454321387416
2460825.398611111,5116.716309103197,-564.6559594770812,1807.1281561314463
2460825.3993055555,5005.810683354897,-238.83841128852703,2154.73422481513
2460825.4,4854.676940202541,88.88249956878596,2484.9624476904983
2460825.4006944443,4664.536607213642,415.87129114965313,2795.153771480434
2460825.4013888887,4436.9258066727,739.4997552500694,3082.812820288887
2460825.402083333,4173.6819826691535,1057.1683588759433,3345.6278928165316
2460825.402777778,3876.9282306350174,1366.3272381110328,3581.4892723906582
2460825.4034722224,3549.055428818662,1664.4966104105329,3788.505731204309
2460825.404166667,3192.7023774505706,1949.2864540243595,3965.0191416251805
2460825.404861111,2810.7341532147507,2218.415321701845,4109.617131576351
2460825.4055555556,2406.2188859061516,2469.728172106713,4221.143741232821
2460825.40625,1982.4031520662923,2701.2131222924468,4298.70805735987
2460825.4069444444,1542.6861777406612,2911.0170331475783,4341.6908112159945
2460825.407638889,1090.5930250567772,3097.4598549625316,4349.748936347339
2460825.408333333,629.746934888865,3259.047663119484,4322.818084920531
2460825.4090277776,163.8409820047224,3394.4843216782647,4261.1131028929985
2460825.409722222,-303.3907881253536,3502.681707589102,4165.12646414236
2460825.410416667,-768.2025926199326,3582.7684352680385,4035.6246617891966
2460825.4111111113,-1226.8663377520556,3634.0970117373417,3873.642557033272
2460825.4118055557,-1675.7010700049702,3656.2493564016454,3680.475686585497
2460825.4125,-2111.1022597464726,3649.0406160835596,3457.6705369607025
2460825.4131944445,-2529.5707112943674,3612.5212090218797,3207.0128050067824
2460825.413888889,-2927.7408812563644,3546.9770365807826,2930.513676529155
2460825.4145833333,-3302.408364271799,3452.927810484426,2630.394177703503
2460825.4152777777,-3650.5562969932184,3331.12345717994,2309.067675572332
2460825.415972222,-3969.3804214024126,3182.538578075321,1969.1206302783908
2460825.417361111,-4509.0421127313375,2810.002216037049,1244.449600590623
2460825.418055556,-4725.535721649553,2589.046448571522,865.5691888189064
2460825.41875,-4904.054209060678,2347.2772903424748,479.7071960191215
2460825.4194444446,-5043.16724599195,2086.6431649468404,89.9766469745047
2460825.420138889,-5141.765180504074,1809.245069956864,-300.47905248826476
2460825.4208333334,-5199.0680219983815,1517.3189969008024,-688.5123248020503
2460825.421527778,-5214.631471350817,1213.2171820614933,-1070.9976171809633
2460825.422222222,-5188.349948780697,899.3883946403602,-1444.8573063482577
2460825.4229166666,-5120.456618242816,578.3574777178046,-1807.0870444761617
2460825.423611111,-5011.52045180079,252.70436600137225,-2154.7802905816025
2460825.4243055554,-4862.44041828688,-74.95720108498675,-2485.1517981290167
2460825.425,-4674.436919484323,-402.0010502056379,-2795.559845804249
2460825.425694444,-4449.040625536022,-725.809828444201,-3083.5270373452668
2460825.426388889,-4188.0788879850215,-1043.7959475823052,-3346.7595177985318
2460825.4270833335,-3893.6599243947658,-1353.4220472757002,-3583.1644890698094
2460825.427777778,-3568.154978460448,-1652.2208244377643,-3790.865935435979
2460825.4284722223,-3214.17866230121,-1937.8140966263197,-3968.2184967017383
2460825.4291666667,-2834.567682365648,-2207.9309884777435,-4113.819450746172
2460825.429861111,-2432.3581479904346,-2460.425143899941,-4226.518783369591
2460825.4305555555,-2010.7616383075463,-2693.2908912413527,-4305.427342456375
2460825.43125,-1573.1402049468218,-2904.678289763753,-4349.923076020987
2460825.4319444443,-1122.9804607941096,-3092.9070044689383,-4359.6553635160335
2460825.4326388887,-663.8669029376235,-3256.478954934382,-4334.547447001139
2460825.433333333,-199.4546022659481,-3394.0896892171068,-4274.796967554817
2460825.434027778,266.5586063844485,-3504.6384297311156,-4180.874607664201
2460825.4347222224,730.460304925392,-3587.2367367519532,-4053.5208359240964
2460825.435416667,1188.5519077577435,-3641.215729213419,-3893.7407463481127
2460825.436111111,1637.1771639820176,-3666.131797487864,-3702.796984697809
2460825.4368055556,2072.7505915580437,-3661.770740103891,-3482.200753865013
2460825.4375,2491.7856613783265,-3628.1502530306625,-3233.7009000821777
2460825.4381944444,2890.9225376522777,-3565.520702828784,-2959.2710911085683
2460825.438888889,3266.955160424418,-3474.3641192702,-2661.095113484916
2460825.439583333,3616.8574348498846,-3355.3913531782487,-2341.5503394133907
2460825.4402777776,3937.8082810362107,-3209.537359436021,-2003.1894370979796
2460825.440972222,4227.215288755449,-3037.954582729737,-1648.7204251198898
2460825.441666667,4482.736711133728,-2842.004449636982,-1280.985208707943
2460825.4423611113,4702.301546118873,-2623.2469913862033,-902.9367540333083
2460825.4430555557,4884.127452357251,-2383.42865707347,-517.6151012604374
2460825.44375,5026.736276067249,-2124.4684001957567,-128.12243044103093
2460825.4444444445,5128.966984124368,-1848.4421566997687,262.402571635868
2460825.445138889,5189.985836604046,-1557.5658557260929,650.810786293584
2460825.4458333333,5209.293667301667,-1254.177134689617,1033.9689022911316
2460825.4465277777,5186.730186129476,-940.7159469395698,1408.7855444284455
2460825.447222222,5122.47526086733,-619.7042704010333,1772.237012904741
2460825.4479166665,5017.047182468413,-293.72513538592966,2121.392365748278
2460825.448611111,4871.297962043873,34.59880567617142,2453.437592486363
2460825.449305556,4686.405748479881,362.6269437572813,2765.6986470452384
2460825.45,4463.864493544187,687.7223949202538,3055.6631310377074
2460825.4506944446,4205.471019943315,1007.2734941664629,3321.0004512215132
2460825.451388889,3913.309670470073,1318.7149106756906,3559.5803025170544
2460825.4520833334,3589.7347390051086,1619.548204572483,3769.489352861882
2460825.452777778,3237.350881762892,1907.3616780579648,3949.0460456390056
2460825.453472222,2858.9917223950915,2179.849377880364,4096.813448557642
2460825.4541666666,2457.6968525638304,2434.8291352526276,4211.61010828979
2460825.454861111,2036.6874280571117,2670.259540206982,4292.5188832533
2460825.4555555554,1599.3405487637388,2884.2557635753633,4338.893741399292
2460825.45625,1149.16260046893,3075.1041500942606,4350.364517586171
2460825.456944444,689.7617292036803,3241.275512321176,4326.839629179283
2460825.457638889,224.8196098650433,3381.437060275218,4268.506750332301
2460825.459027778,-706.7670798116629,3579.4430517901037,4049.553756686716
2460825.4597222223,-1165.9414221070374,3635.6908746550407,3890.6827567689083
2460825.4604166667,-1615.7753752237174,3662.7489051993666,3700.489048720716
2460825.461111111,-2052.6564820548156,3660.3929649002557,3480.495239358031
2460825.4618055555,-2473.0737582943357,3628.6345139561004,3232.4643936773464
2460825.4625,-2873.6460818731775,3567.7211733276868,2958.3865018228457
2460825.4631944443,-3251.1497767576207,3478.135363324633,2660.4630155890686
2460825.4638888887,-3602.5451546583595,3360.591016591242,2341.0895212647106
2460825.464583333,-3925.0017455956076,3216.0283424318864,2002.836655747047
2460825.465277778,-4215.921957934576,3045.606640118929,1648.4293938895275
2460825.4659722224,-4472.962906485696,2850.695183847187,1280.7248669845035
2460825.466666667,-4694.05615697602,2632.8622296261606,902.6889014681894
2460825.467361111,-4877.425151480078,2393.862224838169,517.3714961121391
2460825.4680555556,-5021.600106477737,2135.6213294844183,127.88147705432064
2460825.46875,-5125.430206026477,1860.2213865358874,-262.63941066979476
2460825.4694444444,-5188.092949813455,1569.882505206254,-651.0427027846705
2460825.470138889,-5209.100558330816,1266.9444440752286,-1034.1994271812691
2460825.470833333,-5188.303383050095,953.8469957462868,-1409.0260522451977
2460825.4715277776,-5125.89031430244,633.109590792296,-1772.5098997336179
2460825.472222222,-5022.386224836022,307.31034037618576,-2121.7337701407214
2460825.472916667,-4878.646529567646,-20.935256181154095,-2453.899540954433
2460825.4736111113,-4695.848978750015,-348.9957250900184,-2766.3505315257244
2460825.4743055557,-4475.4828341789935,-674.2449438771359,-3056.59244994819
2460825.475,-4219.335603781485,-994.0831860118432,-3322.312769601399
2460825.4756944445,-3929.47752453085,-1305.9577124581276,-3561.3984166462315
2460825.476388889,-3608.243999608569,-1607.3827500110199,-3771.9516724393684
2460825.4770833333,-3258.2161927106067,-1895.958725673287,-3952.3042298636633
2460825.4777777777,-2882.199984113171,-2169.390639887228,-4101.029360595908
2460825.478472222,-2483.203483658125,-2425.5054825064262,-4216.952172011645
2460825.4791666665,-2064.4132844748015,-2662.268611151248,-4299.157946604387
2460825.479861111,-1629.1696257542312,-2877.799025371738,-4346.9985663298585
2460825.480555556,-1180.940627075567,-3070.38347502626,-4360.097027691783
2460825.48125,-723.2957344665648,-3238.4893530216236,-4338.350056688147
2460825.4819444446,-259.87851518419825,-3380.7763202357223,-4281.928828147141
2460825.482638889,205.62106425829745,-3496.1066093552377,-4191.277791189273
2460825.4833333334,669.4947533093997,-3583.5539544108506,-4067.111596857357
2460825.484027778,1128.0443835134774,-3642.4110834201674,-3910.410121622953
2460825.484722222,1577.6103459216683,-3672.1957106240893,-3722.411577899951
2460825.4854166666,2014.600022114502,-3672.6549586099104,-3504.603704144669
2460825.486111111,2435.515991371991,-3643.7681386174395,-3258.713034773051
2460825.4868055554,2836.983820942712,-3585.7478190288552,-2986.6922603756743
2460825.4875,3215.7792280076937,-3499.0391161846005,-2690.7057034418713
2460825.488194444,3568.854380980478,-3384.317150694734,-2373.1129568661395
2460825.488888889,3893.363093370531,-3242.4826266375303,-2036.450757660655
2460825.4895833335,4186.684654030458,-3074.6555093955144,-1683.413195901503
2460825.490277778,4446.446036140498,-2882.166797816,-1316.830384402416
2460825.4909722223,4670.5422188693,-2666.548418280765,-939.6457580207705
2460825.4916666667,4857.154380556576,-2429.5212893341204,-554.8921848442225
2460825.492361111,5004.765728805174,-2172.9816404171643,-165.66711087978007
2460825.4930555555,5112.174762241542,-1898.9856981479456,224.8930183587147
2460825.49375,5178.505793674949,-1609.7328758755218,613.6388063369641
2460825.4944444443,5203.216596481939,-1307.5476389961987,997.4341420726599
2460825.4951388887,5186.103084793222,-994.8602287638462,1373.1823546916623
2460825.495833333,5127.300978618127,-674.1864527987944,1737.8520047337345
2460825.496527778,5027.284453008052,-348.1067600231433,2088.502043117765
2460825.4972222224,4886.861814403407,-19.244822365894777,2422.3060847304337
2460825.497916667,4707.1682879428345,309.75415388047327,2736.5755630228778
2460825.498611111,4489.656039032899,636.2451648784416,3028.781552420353
2460825.4993055556,4236.08157941791,957.6049913485194,3296.5750824278525
2460825.5006944444,3629.2013814985958,1574.673979933076,3750.538768813087
2460825.501388889,3280.7841110327686,1865.4338862068907,3933.069587548796
2460825.502083333,2906.0411057752603,2141.2032992082763,4083.9372980460957
2460825.5027777776,2507.9833548161437,2399.7735320058505,4201.935499207
2460825.503472222,2089.8064546081982,2639.074250284751,4286.12136190624
2460825.504166667,1654.8651669235853,2857.1895269095708,4335.8226229422025
2460825.5048611113,1206.6469177745712,3052.372678197302,4350.642538082445
2460825.5055555557,748.7444077524917,3223.059811252828,4330.462793413289
2460825.50625,284.8274923485829,3367.882017515008,4275.444375231734
2460825.5069444445,-181.3855039237009,3485.676145120822,4186.026398016449
2460825.507638889,-646.1568826819487,3575.4940856330572,4062.9228899091313
2460825.5083333333,-1105.7589109002593,3636.610507377143,3907.1175350359417
2460825.5090277777,-1556.5032340789903,3668.5289664958304,3719.8563729823013
2460825.509722222,-1994.7701739891445,3670.986324640317,3502.638462773865
2460825.5104166665,-2417.03771083639,3643.955404817454,3257.204527564153
2460825.511111111,-2819.9099323638634,3587.6458208830313,2985.5236101995424
2460825.511805556,-3200.1447173436127,3502.5029239106216,2689.777787397639
2460825.5125,-3554.6804012062325,3389.2048221055857,2372.345017184575
2460825.5131944446,-3880.661170656841,3248.6574465434996,2035.7802143560525
2460825.513888889,-4175.460918068194,3081.987658506306,1682.79468596451
2460825.5145833334,-4436.705299699537,2890.5344156360284,1316.2340787471408
2460825.515277778,-4662.291739479828,2675.838045646464,939.0550302478076
2460825.515972222,-4850.407145519863,2439.6277015963155,554.3007335206614
2460825.5166666666,-4999.543123740704,2183.807106619838,165.0756579862907
2460825.517361111,-5108.508509516407,1910.4387207094396,-225.4803193303201
2460825.5180555554,-5176.439072092335,1621.7264896136019,-614.2181015045833
2460825.51875,-5202.804287860408,1319.9973636059794,-998.00559470547
2460825.519444444,-5187.411126834626,1007.6817819661605,-1373.7536971953557
2460825.520138889,-5130.404838139404,687.29334213675,-1738.4417775007678
2460825.5208333335,-5032.266768634295,361.40787574271064,-2089.1423850644446
2460825.521527778,-4893.80928890186,32.6421500765576,-2423.044961010728
2460825.5222222223,-4716.167941007994,-296.3675801185518,-2737.4783289859934
2460825.5229166667,-4500.790952879842,-622.9869664007384,-3029.9317865020907
2460825.523611111,-4249.426291867618,-944.6047077962571,-3298.0746385184852
2460825.5243055555,-3964.1064462393856,-1258.6532640490088,-3539.7740511916168
2460825.525,-3647.13113771959,-1562.6289799486224,-3753.111128771515
2460825.5256944443,-3301.0481685483223,-1854.1114854051657,-3936.3951487159934
2460825.5263888887,-2928.6326065536505,-2130.782252494597,-4088.175910877511
2460825.527083333,-2532.86450568605,-2390.4422092588643,-4207.254176868553
2460825.527777778,-2116.905344279487,-2631.028329642955,-4292.690192545516
2460825.5284722224,-1684.0733528624382,-2850.629129260692,-4343.810294289609
2460825.529166667,-1237.8178921235626,-3047.4990057043306,-4360.211605362438
2460825.529861111,-781.693025449517,-3220.071370628912,-4341.76483092282
2460825.5305555556,-319.33042111318855,-3366.970522230793,-4288.615157157854
2460825.53125,145.5882823876313,-3487.022204388033,-4201.181256076053
2460825.5319444444,609.3595193838554,-3579.2627974984284,-4080.1523931984248
2460825.532638889,1068.2861141606768,-3642.9470804907983,-3926.4836313038627
2460825.533333333,1518.705729619109,-3677.5544986673203,-3741.389121513128
2460825.5340277776,1957.019289683368,-3682.793867615505,-3526.333475317628
2460825.534722222,2379.7192061296882,-3658.6064414328484,-3283.021214737795
2460825.535416667,2783.4172147164386,-3605.167273205087,-3013.384310819768
2460825.5361111113,3164.8716098530726,-3522.884800947173,-2719.567835493133
2460825.5368055557,3521.013651613659,-3412.3985998295525,-2403.9137694673277
2460825.5375,3848.97289710291,-3274.5752553673697,-2068.9430373021755
2460825.5381944445,4146.101201979771,-3110.5023297858484,-1717.3358658210318
2460825.538888889,4409.995130964404,-2921.4804158714096,-1351.9105928741517
2460825.5395833333,4638.516517496388,-2709.0132987349652,-975.60108487113
2460825.5402777777,4829.810923775994,-2474.7962727411423,-591.4329487173578
2460825.540972222,4982.323765654612,-2220.7026939368648,-202.49875744322657
2460825.542361111,5166.364473989915,-1661.1774477997405,577.1163172511898
2460825.543055556,5196.390960723664,-1360.2394019663363,961.509137291327
2460825.54375,5184.646180981957,-1048.3749046201142,1338.1442985594056
2460825.5444444446,5131.222360104883,-728.0931899230945,1703.9829880648188
2460825.545138889,5036.550152835213,-401.9716808762892,2056.0744525351333
2460825.5458333334,4901.394694161783,-72.63458781992017,2391.5803673374285
2460825.546527778,4726.84875290817,257.26879775226166,2707.798107732995
2460825.547222222,4514.323105882213,585.0858920791807,3002.1827079439763
2460825.5479166666,4265.534281005574,908.1824823146151,3272.3673255583735
2460825.548611111,3982.489843934921,1223.9640664838307,3516.182055386712
2460825.5493055554,3667.471419809016,1529.8966911890118,3731.6709684711013
2460825.55,3323.015652569349,1823.5271261388443,3917.1072799890917
2460825.550694444,2951.893308986539,2102.502233357239,4071.0065756781946
2460825.551388889,2557.086731207469,2364.5874090159496,4192.138049879846
2460825.5520833335,2141.7658376147147,2607.683990926386,4279.533725246472
2460825.552777778,1709.2628621732633,2829.845540199917,4332.4956386226395
2460825.5534722223,1263.046011009772,3029.292917537562,4350.600986691421
2460825.5541666667,806.6922077804949,3204.4280811256635,4333.705229359778
2460825.554861111,343.8590919756673,3353.8465383455755,4281.943151409491
2460825.5555555555,-121.74357547011304,3476.3483870686186,4195.72788212887
2460825.55625,-586.3829336364365,3570.9478777421764,4075.747872503058
2460825.5569444443,-1046.332314007269,3636.8814305932474,3922.961828340944
2460825.5576388887,-1497.9006268493206,3673.6140363106592,3738.5916008578706
2460825.558333333,-1937.461658938325,3680.8439699413975,3524.1130408598256
2460825.559027778,-2361.483086643569,3658.5057477785726,3281.2448297377005
2460825.5597222224,-2766.554982002213,3606.771260596979,3011.935318621838
2460825.560416667,-3149.4175836664035,3526.0490254375823,2718.3474213133754
2460825.561111111,-3506.988086311609,3416.9815089984077,2402.8416297133053
2460825.5618055556,-3836.3861865634594,3280.4404938684397,2067.957251124874
2460825.5625,-4134.958129668976,3117.5204764918367,1716.3919856833631
2460825.5631944444,-4400.298985111741,2929.530115438689,1350.9800068906302
2460825.563888889,-4630.272905593232,2717.9817694531635,974.6687205692323
2460825.564583333,-4823.031123884622,2484.5792004557993,590.4944211269204
2460825.5652777776,-4977.027475962522,2231.203541014092,201.55707636218278
2460825.565972222,-5091.031262561036,1959.8976593691932,-189.0054991559269
2460825.566666667,-5164.137302093866,1672.849077896842,-578.0438152409287
2460825.5673611113,-5195.773066317894,1372.371627117402,-962.4229424411953
2460825.5680555557,-5185.702835872679,1060.8860358971715,-1339.0485349454207
2460825.56875,-5134.028858497598,740.8996698394888,-1704.8923706237208
2460825.5694444445,-5041.189537109075,414.98564081594327,-2057.0171477907757
2460825.570138889,-4907.954718709021,85.76151192611304,-2392.600298656199
2460825.5708333333,-4735.418192710171,-244.13218424184168,-2708.9566061633686
2460825.5715277777,-4524.9875413854525,-572.0534009965444,-3003.559433984324
2460825.572222222,-4278.371509947722,-895.3798116684861,-3274.0604141868826
2460825.5729166665,-3997.565086205497,-1211.5296386957318,-3518.3074622203094
2460825.573611111,-3684.832486664324,-1517.9819209284233,-3734.361025725409
2460825.574305556,-3342.688256799834,-1812.2960741108027,-3920.5084939192657
2460825.575,-2973.8766858199137,-2092.130627339964,-4075.2767250964357
2460825.5756944446,-2581.3497342801093,-2355.2610315707916,-4197.44266555624
2460825.576388889,-2168.2436574195904,-2599.5964572813623,-4286.042051596698
2460825.5770833334,-1737.8545009339218,-2823.195506986662,-4340.376193945709
2460825.577777778,-1293.6126222228775,-3024.28078501684,-4360.016852609101
2460825.578472222,-839.0563914083314,-3201.25226506048,-4344.809208454367
2460825.5791666666,-377.8052020955808,-3352.6994068965264,-4294.872938705768
2460825.579861111,86.46807182869779,-3477.4119667254863,-4210.601397944158
2460825.5805555554,550.0650480262963,-3574.3894468421736,-4092.6589019893963
2460825.58125,1009.2900980654327,-3642.8491226732285,-3941.976108881653
2460825.581944444,1460.4787647922774,-3682.2325831693847,-3759.7434872477415
2460825.582638889,1900.0261750771062,-3692.2107131852235,-3547.402865666525
2460825.584027778,2730.24472594041,-3623.799412191481,-3039.3575921805145
2460825.5847222223,3114.256172725293,-3545.9198186858853,-2747.690503389371
2460825.5854166667,3473.3607833783144,-3439.652493026648,-2433.9603410500577
2460825.586111111,3804.6646958206134,-3305.8300483545995,-2100.672346116673
2460825.5868055555,4105.493184969338,-3145.5077369333353,-1750.4929623891464
2460825.5875,4373.413269472261,-2959.9557833781714,-1386.2287811205845
2460825.5881944443,4606.254501533242,-2750.649812670193,-1010.8040755861919
2460825.5888888887,4802.127683341359,-2519.2594213530315,-627.2371178644648
2460825.589583333,4959.441282618474,-2267.63496023579,-238.61547947683815
2460825.590277778,5076.915328309074,-1997.7926388926408,151.92943574993413
2460825.5909722224,5153.5926102351195,-1711.8980817823278,541.2483764525608
2460825.591666667,5188.847037257097,-1412.2484974174495,926.2004732014215
2460825.592361111,5182.38905186057,-1101.25364568969,1303.679433032186
2460825.5930555556,5134.268044067262,-781.415802250569,1670.6394254495224
2460825.59375,5044.871752093388,-455.3089393068587,2024.1203838739243
2460825.5944444444,4914.922683012112,-125.55734340132445,2361.2724682054513
2460825.595138889,4745.471628582547,205.18610357957846,2679.379448376273
2460825.595833333,4537.888388464468,534.2617611617584,2975.880796363609
2460825.5965277776,4293.849848218105,859.0249690636446,3248.3922959966008
2460825.597222222,4015.3255807927935,1176.8674942474,3494.7250177470255
2460825.597916667,3704.5611633890535,1485.238500189389,3712.9025271951095
2460825.5986111113,3364.0594088178373,1781.664877582906,3901.176230842885
2460825.5993055557,2996.5597188465754,2063.7707899614857,4058.0387851920245
2460825.6,2605.0157640068496,2329.296309328064,4182.235520394862
2460825.6006944445,2192.571687930056,2576.115034073885,4272.7738480498965
2460825.601388889,1762.5370269726557,2802.2505949757065,4328.930635870737
2460825.6020833333,1318.3605269907732,3005.8919665865196,4350.257541739818
2460825.6027777777,863.6030273752856,3185.4075111183324,4336.58430566422
2460825.603472222,401.90957475185803,3339.3576864103225,4288.0199996026695
2460825.6041666665,-63.01907275867306,3466.5063504538807,4204.952235226604
2460825.604861111,-527.4553946366402,3565.8305964754754,4088.0443288271968
2460825.605555556,-987.6743469382416,3636.5290493878356,3938.2304222538164
2460825.60625,-1439.9827196935328,3678.028553009477,3756.708561015059
2460825.6069444446,-1880.7484338275704,3689.989176658523,3544.931733568413
2460825.607638889,-2306.429574700557,3672.3074690964577,3304.5968875689405
2460825.6083333334,-2713.602952521538,3625.117892750898,3037.6319488012878
2460825.609027778,-3098.991956550828,3548.7923775384775,2746.1808887861876
2460825.609722222,-3459.493457959442,3443.9379457508244,2432.586908620176
2460825.6104166666,-3792.2035057143394,3311.392375102294,2099.373831613727
2460825.611111111,-4094.441552152966,3152.2178873559155,1749.2258264829393
2460825.6118055554,-4363.772942661276,2967.6928760010564,1384.9656161124906
2460825.6125,-4598.029420101699,2759.301708807813,1009.5313459577588
2460825.613194444,-4795.327395236325,2528.722677444295,625.9523302055535
2460825.613888889,-4954.083769498862,2277.8141905486086,237.32390513910065
2460825.6145833335,-5073.029120927246,2008.5993361817432,-153.21835757806483
2460825.615277778,-5151.218097383866,1723.2489721088498,-542.5248026516408
2460825.6159722223,-5188.03690742374,1424.0635191389567,-927.4579363211128
2460825.6166666667,-5183.207839130548,1113.4536580758397,-1304.9184830066017
2460825.617361111,-5136.790784870386,793.9201414523624,-1671.8709829637824
2460825.6180555555,-5049.1817942576345,468.03294220158386,-2025.368669688431
2460825.61875,-4921.108721518015,138.40996413636643,-2362.577384808353
2460825.6194444443,-4753.624070843663,-192.30446820674268,-2680.7983161308334
2460825.6201388887,-4548.095180204327,-521.4611218459057,-2977.489362095545
2460825.620833333,-4306.191906660437,-846.4271770567757,-3250.284968952773
2460825.621527778,-4029.8720002387554,-1164.6071710448018,-3497.014305812271
2460825.6222222224,-3721.3643668806885,-1473.4633985926637,-3715.717677303303
2460825.622916667,-3383.1504173274757,-1770.5356337620274,-3904.661107600752
2460825.623611111,-3017.94371419593,-2053.4600386305183,-4062.349040314269
2460825.6243055556,-2628.668105888403,-2319.987163722558,-4187.535134332532
2460825.6256944444,-1790.5167124809943,-2795.5246483471738,-4336.71386614426
2460825.626388889,-1348.3257610355531,-3000.755629581865,-4359.530215454314
2460825.627083333,-895.3840702340696,-3182.058968506327,-4347.500343563414
2460825.6277777776,-435.29840458972876,-3337.989809627267,-4300.718900602645
2460825.628472222,28.26754393505826,-3467.3024235754115,-4219.554386266966
2460825.629166667,491.62105247362507,-3568.959911709223,-4104.64660683064
2460825.6298611113,951.0685753849627,-3642.142495499576,-3956.9022292513755
2460825.6305555557,1402.9441248456833,-3686.2543253209706,-3777.4884237592923
2460825.63125,1843.6376695768479,-3700.9287380517403,-3567.824587794553
2460825.6319444445,2269.623384990657,-3686.0318904340406,-3329.5721477349234
2460825.632638889,2677.4875657356138,-3641.664694193981,-3064.6224455399915
2460825.6333333333,3063.9559936461897,-3568.162982744776,-2775.082731835703
2460825.6340277777,3425.9205368199214,-3466.0958465288672,-2463.260305227305
2460825.634722222,3760.4647354553363,-3336.2620869776206,-2131.6448642732953
2460825.6354166665,4064.8881242868474,-3179.684754639161,-1782.8891609705179
2460825.636111111,4336.729028160553,-2997.6037595797975,-1419.788079275369
2460825.636805556,4573.785570725207,-2791.4665672866686,-1045.2562911854827
2460825.6375,4774.134645815324,-2562.9170188439557,-662.3046691010948
2460825.6381944446,4936.1486098709875,-2313.782348836354,-274.01567080053906
2460825.638888889,5058.50948436085,-2046.0584995586762,116.48207201716815
2460825.6395833334,5140.220482784901,-1761.893861228519,506.0397061547335
2460825.640277778,5180.614712929399,-1463.571598460866,891.5143763779355
2460825.640972222,5179.360949147004,-1153.4907415172095,1269.7954385547998
2460825.6416666666,5136.466411116842,-834.1462438558378,1637.830386524783
2460825.642361111,5052.276531894093,-508.108220082482,1992.6502211659583
2460825.6430555554,4927.471743756074,-178.00058946700813,2331.3940000089583
2460825.64375,4763.0613515695995,153.52065366289668,2651.3323314587988
2460825.644444444,4560.374602679729,483.7893177194066,2949.889593356881
2460825.645138889,4321.049096200881,810.1508256737542,3224.664686141079
2460825.6458333335,4047.016697664434,1129.9837638183242,3473.4501636967884
2460825.646527778,3740.48714963321,1440.720977983788,3694.2496072167937
2460825.6472222223,3403.929574343743,1739.8700558774876,3885.2931449501884
2460825.6479166667,3040.052076595992,2025.0330443401556,4045.0510398533975
2460825.648611111,2651.779650870803,2293.9252747360524,4172.245295314292
2460825.6493055555,2242.230587148713,2544.3931887081726,4265.859247901498
2460825.65,1814.6915761662976,2774.431061436003,4325.145125740677
2460825.6506944443,1372.5916848890931,2982.196546184412,4349.629568381622
2460825.6513888887,919.4753801556566,3166.0249603525626,4339.117103450243
2460825.652083333,458.97476209251903,3324.442244850475,4293.691581006412
2460825.652777778,-5.21883314457237,3456.176529090562,4213.715565829223
2460825.6534722224,-469.38370682420106,3560.168234984577,4099.827686314351
2460825.654166667,-929.7969791625355,3635.5786487388373,3952.9379399060085
2460825.654861111,-1382.7639169721588,3681.7968914182197,3774.220954311208
2460825.6555555556,-1824.6472216463087,3698.44521412495,3565.107209875668
2460825.65625,-2251.8960824989413,3685.382545997684,3327.272236346806
2460825.6569444444,-2661.074785282143,3642.7062258167143,3062.623808638577
2460825.657638889,-3048.8906420142416,3570.751855094516,2773.2871876318864
2460825.658333333,-3412.22100412767,3470.0912213773045,2461.588467963635
2460825.6590277776,-3748.139099810773,3341.528255890467,2130.036125012559
2460825.659722222,-4053.938430335766,3186.093011574608,1781.3008836164713
2460825.660416667,-4327.155470413069,3005.033666767144,1418.194049415937
2460825.6611111113,-4565.590404798522,2799.8065943107194,1043.6444925934507
2460825.6618055557,-4767.3256679576425,2572.0645561978754,660.6744805376344
2460825.6625,-4930.7420593789575,2323.6431208240438,272.37459784433054
2460825.6631944445,-5054.532243094664,2056.545427774531,-118.12199291431705
2460825.663888889,-5137.71147623348,1772.9254490105889,-507.6656861296162
2460825.6645833333,-5179.62544747702,1475.069924702267,-893.1166833815774
2460825.6652777777,-5179.955152878427,1165.3791696344583,-1271.3710812531544
2460825.665972222,-5138.718781402903,846.3469620428176,-1639.3865229206995
2460825.667361111,-4933.297093572513,190.57529466935074,-2332.987631958628
2460825.668055556,-4770.809876899997,-140.89870940127216,-2653.0159868369983
2460825.66875,-4570.136485247304,-471.2263547451839,-2951.7351120188764
2460825.6694444446,-4332.908234720696,-797.7648472099743,-3226.7627483075917
2460825.670138889,-4061.0459182779337,-1117.9055736182625,-3475.909813566133
2460825.6708333334,-3756.743338908385,-1429.09463796166,-3697.1969805534795
2460825.671527778,-3422.448914424197,-1728.8527311194148,-3888.869424968101
2460825.672222222,-3060.845549637064,-2014.7942154184902,-4049.4096997721467
2460825.6729166666,-2674.8289818750695,-2284.6453081992317,-4177.548701146977
2460825.673611111,-2267.4847778650264,-2536.2612832619234,-4272.274719703085
2460825.6743055554,-1842.0641606593558,-2767.6426103243407,-4332.8405728244725
2460825.675,-1401.958831048381,-2976.949966924533,-4358.768824290787
2460825.675694444,-950.6749214190111,-3162.5180711050493,-4349.855100546771
2460825.676388889,-491.8062342984293,-3322.868273405994,-4306.169508380137
2460825.6770833335,-29.006883256656707,-3456.7198611370386,-4228.05615816437
2460825.677777778,434.0365261348717,-3563.0000140970164,-4116.13079017012
2460825.6784722223,893.6330443839663,-3640.8523521059624,-3971.276499137439
2460825.6791666667,1346.1157227398019,-3689.644009692025,-3794.6375468340984
2460825.679861111,1787.8699928372796,-3708.971164977724,-3587.6112574049444
2460825.6805555555,2215.3619240991925,-3698.662950707293,-3351.8379892924045
2460825.68125,2625.1661671290376,-3658.78367159867,-3089.189191260067
2460825.6819444443,3013.9933799782975,-3589.633256836997,-2801.753562077197
2460825.6826388887,3378.7169154411663,-3491.7458826354973,-2491.82135113269
2460825.683333333,3716.3985245798967,-3365.886712712228,-2161.8668654848348
2460825.684027778,4024.3128297908333,-3213.046718911093,-1814.5292677702894
2460825.6847222224,4299.970301785992,-3034.435567415352,-1452.5917878734601
2460825.685416667,4541.138482010762,-2831.4725796298117,-1078.9594964252117
2460825.686111111,4745.861197290441,-2605.7758037935137,-696.6358183081991
2460825.6868055556,4912.475525328806,-2359.1492649836623,-308.69799648638025
2460825.6875,5039.626294432786,-2093.568490531604,81.72826089709054
2460825.6881944444,5126.277929880481,-1811.1644369694875,471.49469719364004
2460825.688888889,5171.723494076875,-1514.2059734133136,857.4567179729719
2460825.689583333,5175.590809031103,-1205.0811013722157,1236.4996172331807
2460825.6902777776,5137.845594015983,-886.2771064323224,1605.564544804145
2460825.690972222,5058.791595412617,-560.3598589220296,1961.6739371647961
2460825.691666667,4939.067732551978,-229.95248493014594,2301.956152905966
2460825.6923611113,4779.6423244020825,102.28636876860327,2623.669072563614
2460825.6930555557,4581.804503073729,433.68444854498483,2924.222439212553
2460825.69375,4347.152950547491,761.5777762462067,3201.198752762526
2460825.6944444445,4077.5821257658654,1083.3322927901868,3452.3725506891865
2460825.695138889,3775.2661659221326,1396.365079034354,3675.7279451598456
2460825.6958333333,3442.6406614386606,1698.1649830344766,3869.47431103029
2460825.6965277777,3082.3825059840588,1986.312506731555,4032.060049777701
2460825.697222222,2697.388030510629,2258.4988166545154,4162.1843730326755
2460825.6979166665,2290.749615477335,2512.5437703598054,4258.807075182857
2460825.698611111,1865.7309767953745,2746.4128570401135,4321.156273836122
2460825.699305556,1425.7413034225315,2958.232969404112,4348.734110719101
2460825.7,974.308423992197,3146.3069272901894,4341.320409501706
2460825.7006944446,515.0511579263615,3309.1266864569484,4298.974291286434
2460825.701388889,51.651021130473396,3445.3851590843105,4222.033747570628
2460825.7020833334,-412.17656903861206,3553.986583107974,4111.113169826659
2460825.702777778,-872.7114175753369,3634.055366271245,3967.098835207911
2460825.703472222,-1326.2578432555924,3684.9433356695713,3791.1423480439717
2460825.7041666666,-1769.1739561287127,3706.235318399971,3584.652041207856
2460825.704861111,-2197.9007256650057,3697.752979936722,3349.2823501062935
2460825.7055555554,-2608.9906311092677,3659.5568499316246,3086.921182971165
2460825.70625,-2999.135664687682,3591.9464712113663,2799.6753299665925
2460825.706944444,-3365.194445695499,3495.458618870293,2489.853974311111
2460825.707638889,-3704.2181933075904,3370.8635504033236,2159.950391588676
2460825.709027778,-4290.474178447104,3041.5638082169007,1450.6686144968858
2460825.7097222223,-4532.9843309417165,2839.5055557731694,1077.0099478491213
2460825.7104166667,-4739.0550450576275,2614.6117020274837,694.6611236794956
2460825.711111111,-4907.031843550775,2368.694880206849,306.70787208234583
2460825.7118055555,-5035.570283489717,2103.738131016676,-83.7192090203556
2460825.7125,-5123.647010326705,1821.8783387671438,-473.4707659411889
2460825.7131944443,-5170.56793754116,1525.3883110655904,-859.4049434864105
2460825.7138888887,-5175.973472909656,1216.6576988625325,-1238.4134993621208
2460825.714583333,-5139.840759322571,898.1729630256084,-1607.4475098667722
2460825.715277778,-5062.482942111088,572.4966137119575,-1963.5423965137954
2460825.7159722224,-4944.545519623586,242.2459417657061,-2303.8420351034088
2460825.716666667,-4786.999872795174,-89.92853202798734,-2625.621720943668
2460825.717361111,-4591.134105601887,-421.3646735975821,-2926.3097943878065
2460825.7180555556,-4358.541354044708,-749.4102181706165,-3203.5077640468894
2460825.71875,-4091.10574690345,-1071.443926117422,-3455.0087874264677
2460825.7194444444,-3790.986211439789,-1384.8962467253125,-3678.8144074274705
2460825.720138889,-3460.5983274853843,-1687.2693384540482,-3873.149465802932
2460825.720833333,-3102.5944316202945,-1976.1563180572457,-4036.4751432123703
2460825.7215277776,-2719.8421674414267,-2249.2596298663425,-4167.500096048611
2460825.722222222,-2315.401673156697,-2504.4084405644617,-4265.189675273263
2460825.722916667,-1892.5015757435672,-2739.574986840003,-4328.773228158483
2460825.7236111113,-1454.5139597763966,-2952.889805299792,-4357.74948591659
2460825.7243055557,-1004.9284553659595,-3142.655789409114,-4351.89004654859
2460825.725,-547.3255876224772,-3307.36101654416,-4311.240959051488
2460825.7256944445,-85.34951549919651,-3445.690292587172,-4236.122412550379
2460825.726388889,377.3197085479664,-3556.5353559863847,-4127.126528847973
2460825.7270833333,836.9942270793058,-3639.0036806219327,-3985.113253277248
2460825.7277777777,1290.0066789776984,-3692.425811949792,-3811.204334970776
2460825.728472222,1732.738561816681,-3716.3611646012705,-3606.7753885946863
2460825.7291666665,2161.648488598276,-3710.6022070745066,-3373.446034534561
2460825.729861111,2573.300159758512,-3675.1769582898046,-3113.0681203273157
2460825.730555556,2964.3898425367247,-3610.3497226043255,-2827.7120439646337
2460825.73125,3331.7731400763564,-3516.619996873532,-2519.6512138425246
2460825.7319444446,3672.490809472652,-3394.71949401824,-2191.3447060563076
2460825.732638889,3983.793374714514,-3245.6072449848207,-1845.4182083722837
2460825.7333333334,4263.164281519347,-3070.4627579423613,-1484.6433605709522
2460825.734027778,4508.341324640245,-2870.677243323177,-1111.915645841523
2460825.734722222,4717.336099063592,-2647.842935441683,-730.2310038148307
2460825.7354166666,4888.451230055744,-2403.7405751117867,-342.6613747428363
2460825.736111111,5020.295162993815,-2140.3251465071553,47.670594557852006
2460825.7368055554,5111.794321773534,-1859.7099914321639,437.61743094298635
2460825.7375,5162.202479329332,-1564.1494521846032,824.0330337872309
2460825.738194444,5171.107223801554,-1256.0202206630902,1203.7989138891637
2460825.738888889,5138.433448531678,-937.8015891161328,1573.8501958384215
2460825.7395833335,5064.443838058547,-612.0548144960727,1931.201110204639
2460825.740277778,4949.736368931379,-281.4018223519133,2272.969709258442
2460825.7409722223,4795.238885587435,51.49653001275436,2596.4015691354625
2460825.7416666667,4602.2008529998375,383.9624007347247,2898.89224999657
2460825.742361111,4372.182419306189,713.3229091972981,3178.0083249362383
2460825.7430555555,4107.040951450862,1036.9318728338949,3431.506809145015
2460825.74375,3808.915227122573,1352.1911458971915,3657.3528543142056
2460825.7444444443,3480.207479127458,1656.5713894255446,3853.735602610509
2460825.7451388887,3123.563493908159,1947.6321210306305,4019.082121537948
2460825.745833333,2741.8509716281496,2223.0409076978476,4152.069362270476
2460825.746527778,2338.1363440919695,2480.5915893841684,4251.634108553479
2460825.7472222224,1915.6602429476886,2718.2214322397735,4316.980895103597
2460825.747916667,1477.8118021832286,2934.0271231334427,4347.587885888923
2460825.748611111,1028.1019641697721,3126.2795295115743,4343.210709982515
2460825.7493055556,570.1359558023026,3293.4371510429373,4303.884254145035
2460825.7506944444,-355.84192328488433,3547.3112009396264,4121.915795480978
2460825.751388889,-816.4280866923236,3631.984164165468,3980.7273876841846
2460825.752083333,-1270.4773228982406,3687.4920502306504,3807.4861702288044
2460825.7527777776,-1714.3437591255426,3713.382662407795,3603.5786957944556
2460825.753472222,-2144.460801966505,3709.440766109035,3370.6386368290837
2460825.754166667,-2557.3698255107097,3675.6904054794795,3110.5343267467515
2460825.7548611113,-2949.7482412569325,3612.3953452447454,2825.3543352026286
2460825.7555555557,-3318.4367092145653,3520.0575824375296,2517.3911385808988
2460825.75625,-3660.465237723981,3399.4138867889246,2189.1229708603164
2460825.7569444445,-3973.0779077723255,3251.4303486567414,1843.1939710839554
2460825.757638889,-4253.755961480265,3077.2949349898267,1482.3927681827288
2460825.7583333333,-4500.238992544668,2878.40808233964,1109.629679648465
2460825.7590277777,-4710.543992622582,2656.371384813568,727.9127270285938
2460825.759722222,-4882.982030393322,2412.9744611118895,340.322690834655
2460825.7604166665,-5016.1723586980415,2150.180122433454,-50.01253696886168
2460825.761111111,-5109.053789112553,1870.1079827688027,-439.9440443439758
2460825.761805556,-5160.89320536784,1575.0166853190924,-826.3281539878712
2460825.7625,-5171.29113386533,1267.2849370376657,-1206.0525638870236
2460825.7631944446,-5140.184333540382,949.3915582471042,-1576.0621011425412
2460825.763888889,-5067.845412500593,623.8947714355014,-1933.3838195548972
2460825.7645833334,-4954.87952373766,293.41095046070706,-2275.151198586743
2460825.765277778,-4802.218230667322,-39.406946362785426,-2598.627218705629
2460825.765972222,-4611.110671195524,-371.8910381242118,-2901.2261108636494
2460825.7666666666,-4383.112175367693,-701.380077198802,-3180.533616314779
2460825.767361111,-4120.070516111799,-1025.2407060218186,-3434.325615452616
2460825.7680555554,-3824.1099852148313,-1340.8882450639903,-3660.5850197116783
2460825.76875,-3497.613498458736,-1645.8068567603832,-3857.5168447312135
2460825.769444444,-3143.202927294867,-1937.5689593022105,-4023.561415358753
2460825.770138889,-2763.7178595740397,-2213.853772740772,-4157.405666701565
2460825.7708333335,-2362.192972796151,-2472.4649079577384,-4257.9925299199485
2460825.771527778,-1941.8341985156067,-2711.346916703286,-4324.528398595239
2460825.7722222223,-1505.9938407573559,-2928.600735528069,-4356.488681128051
2460825.7729166667,-1058.1447967912732,-3122.4979648748517,-4353.621447262498
2460825.773611111,-601.854019836665,-3291.4939271954845,-4315.949175250417
2460825.7743055555,-140.75535758705297,-3434.2394484107417,-4243.76860351066
2460825.775,321.4781077908702,-3549.5913070167785,-4137.648685983267
2460825.7756944443,781.1620856038504,-3636.621288725493,-3998.426646029517
2460825.7763888887,1234.6293340045372,-3694.623780976646,-3827.202120284705
2460825.777083333,1678.257998263367,-3723.1218352947476,-3625.3293846317947
2460825.777777778,2108.4998673561636,-3721.8716227554364,-3394.4076577364544
2460825.7784722224,2521.908366845096,-3690.8652061967405,-3136.269486249425
2460825.779166667,2915.166090229611,-3630.3315544807347,-2852.9672266632488
2460825.779861111,3285.11164220546,-3540.735730917302,-2546.7576628814577
2460825.7805555556,3628.7655630978434,-3422.7761982831494,-2220.0848138175133
2460825.78125,3943.3550823528867,-3277.380197565118,-1875.5610150171333
2460825.7819444444,4226.337437465486,-3105.697180215972,-1515.946392226974
2460825.782638889,4475.4215020561705,-2909.0902951126723,-1144.1268670770912
2460825.783333333,4688.587466442364,-2689.125958765565,-763.090868399991
2460825.7840277776,4864.10432355108,-2447.561571079712,-375.9049584776297
2460825.784722222,5000.54494211089,-2186.3314632622883,14.31140276098135
2460825.785416667,5096.79852945933,-1907.531200187201,404.41170036681143
2460825.7861111113,5152.080324936902,-1613.4003850321872,791.248548446611
2460825.7868055557,5165.938403318879,-1306.3041391763638,1171.6999404119958
2460825.7875,5138.257510554372,-988.7134536335948,1542.6952846774
2460825.7881944445,5069.259900234851,-663.1846227169893,1901.2409520726776
2460825.788888889,4959.503184220712,-332.3379819752746,2244.4450712371095
2460825.7895833333,4809.875253110618,1.163825938411503,2569.5413285572736
2460825.7902777777,4621.586364530875,334.6378272129485,2873.911543551701
2460825.790972222,4396.158528025807,665.4027230246369,3155.1068294768097
2460825.792361111,3841.451503203001,1308.2189519406595,3639.1392457597535
2460825.793055556,3516.6450592095593,1615.1104530352768,3838.0924956563063
2460825.79375,3163.607816419571,1909.0142996673253,4006.133171930165
2460825.7944444446,2785.1788946196384,2187.575015311618,4141.916493521595
2460825.795138889,2384.398756785411,2448.5609805212093,4244.356762732692
2460825.7958333334,1964.4848605802913,2689.8817944785505,4312.635457728889
2460825.796527778,1528.8061258887988,2909.6044886985387,4346.207284669945
2460825.797222222,1080.8563823398185,3105.968518907813,4344.804187872705
2460825.7979166666,624.2269716349563,3277.3994560105207,4308.437315970594
2460825.798611111,162.57865492561496,3422.5213108807948,4237.396945496411
2460825.7993055554,-300.38701275263134,3540.16742077462,4132.2503609324995
2460825.8,-760.956683413423,3629.389827492213,3993.8376904999745
2460825.800694444,-1215.434428789352,3689.4670745431877,3823.265696542424
2460825.801388889,-1660.1709829971933,3719.9103472906763,3621.8995250610387
2460825.8020833335,-2091.592828390145,3720.4678818999914,3391.3524240662673
2460825.802777778,-2506.2309178358532,3691.1275693439757,3133.4734519194244
2460825.8034722223,-2900.7488049000435,3632.1176868863436,2850.3332164417507
2460825.8041666667,-3271.969946383996,3543.9056997063467,2544.2077022610856
2460825.804861111,-3616.903924287888,3427.1950886308728,2217.560269848788
2460825.8055555555,-3932.771323152226,3282.9201799910547,1873.0219403961182
2460825.80625,-4217.027003160494,3112.2389745954,1513.3701040688086
2460825.8069444443,-4467.381504098895,2916.5240023689294,1141.5058279727762
2460825.8076388887,-4681.820337120622,2697.351253884557,760.4299583504767
2460825.808333333,-4858.620931513521,2456.4872742090974,373.2182473204501
2460825.809027778,-4996.367035961144,2195.8745318382303,-17.004249935727163
2460825.8097222224,-5093.960404015272,1917.615207322474,-407.0892395325653
2460825.810416667,-5150.629635804161,1623.9535657877213,-793.8914459062032
2460825.811111111,-5165.93608555104,1317.2571093301378,-1174.2947743997472
2460825.8118055556,-5139.776794669983,999.9967130301847,-1545.2381097512036
2460825.8125,-5072.384452647093,674.7259659616262,-1903.7404821362522
2460825.8131944444,-4964.324432708863,344.059940330543,-2246.9253540431787
2460825.813888889,-4816.488989846436,10.653614655320453,-2572.043799429569
2460825.814583333,-4630.088745220398,-322.8198303398056,-2876.496374688393
2460825.8152777776,-4406.641609312328,-653.6906375827604,-3157.8535119578573
2460825.815972222,-4147.9593204880375,-979.3138269863451,-3413.8742920032164
2460825.816666667,-3856.131791722572,-1297.0901013151251,-3642.5234861328013
2460825.8173611113,-3533.509462426986,-1604.4861538321657,-3841.9867885188837
2460825.8180555557,-3182.6838611053754,-1899.0542385143353,-4010.684179445905
2460825.81875,-2806.4665727531833,-2178.4508927481156,-4147.281389477707
2460825.8194444445,-2407.866801013473,-2440.454714204638,-4250.69944722673
2460825.820138889,-1990.0677016314244,-2682.9831111037934,-4320.122307808653
2460825.8208333333,-1556.40165183151,-2904.1079562145324,-4355.002566439974
2460825.8215277777,-1110.3246034921478,-3102.070085300777,-4355.065265306808
2460825.822222222,-655.3896639693226,-3275.2925812744293,-4320.309800285717
2460825.8229166665,-195.22003239533294,-3422.39279081325,-4251.009931965832
2460825.823611111,266.5185775098999,-3542.1930146373666,-4147.711900152661
2460825.824305556,726.145897448906,-3633.729810186587,-4011.230637615204
2460825.825,1179.9953167841331,-3696.2618414528783,-3842.6440737923394
2460825.8256944446,1624.442192684243,-3729.2762024276917,-3643.2855218403624
2460825.826388889,2055.9321031353334,-3732.4931401105246,-3414.7341422935137
2460825.8270833334,2471.0088592880556,-3705.869098885164,-3158.8034872066614
2460825.827777778,2866.342078745034,-3649.5980110238906,-2877.5281406501294
2460825.828472222,3238.7541026421072,-3564.110763415557,-2573.1484884805072
2460825.8291666666,3585.246021540741,-3450.07278034033,-2248.0936722124156
2460825.829861111,3903.022556777851,-3308.379678596025,-1904.9628121102417
2460825.8305555554,4189.515543953494,-3140.1509686762656,-1546.5046060034158
2460825.83125,4442.405751896961,-2946.7218025201164,-1175.595450154361
2460825.831944444,4659.642784099472,-2729.6327924459724,-795.2162503455379
2460825.832638889,4839.462815423127,-2490.6179577101407,-408.42812662275264
2460825.834027778,5081.318928910159,-1954.6292199598736,371.881016771548
2460825.8347222223,5141.385245565178,-1661.9576315127888,759.1081805899344
2460825.8354166667,5160.112172600466,-1355.9294284529908,1140.2089826251918
2460825.836111111,5137.344990638503,-1039.0070131886557,1512.107410785033
2460825.8368055555,5073.2661586960885,-713.7413853354648,1871.8023131447549
2460825.8375,4968.393509162784,-382.7509187664163,2216.392267427356
2460825.8381944443,4823.575508856809,-48.69963466081043,2543.0994744700215
2460825.8388888887,4639.983678428082,285.7248013471544,2849.292447226432
2460825.839583333,4419.102296676906,617.8331402927726,3132.507297857357
2460825.840277778,4162.715547588434,944.9564577187599,3390.467449646476
2460825.8409722224,3872.8922861546325,1264.4677182633345,3621.101636612802
2460825.841666667,3551.9686185680384,1573.802816797227,3822.5600763802076
2460825.842361111,3202.5284962863675,1870.480941196727,3993.228735030898
2460825.8430555556,2827.3825260595468,2152.1241183107163,4131.741624550066
2460825.84375,2429.545200110752,2416.4758191155906,4236.9910926068915
2460825.8444444444,2012.2107323300763,2661.4185243546026,4308.136085594499
2460825.845138889,1578.7276869336658,2884.9901562767277,4344.608371723842
2460825.845833333,1132.5725751822563,3085.3992949421404,4346.116720794546
2460825.8465277776,677.3225792933091,3261.0391079933615,4312.64904098085
2460825.847222222,216.62756711365705,3410.4999202241825,4244.472472087649
2460825.847916667,-245.81844732743482,3532.580353812533,4142.131435415687
2460825.8486111113,-706.3062404904693,3626.2969681260333,4006.4436387197325
2460825.8493055557,-1161.1405447608713,3690.8923244941175,3838.4940365718626
2460825.85,-1606.6692716075772,3725.8414015105263,3639.6267480108822
2460825.8506944445,-2039.3126009463704,3730.856283731125,3411.434941296495
2460825.851388889,-2455.591729145362,3705.8890495368983,3155.7487080966175
2460825.8520833333,-2852.157057978644,3651.1327892883946,2874.6209618333655
2460825.8527777777,-3225.815582993302,3567.020693491395,2570.311418749831
2460825.853472222,-3573.557228826853,3454.223165735704,2245.2687448848196
2460825.8541666665,-3892.579876245339,3313.6429315126293,1902.1109738965795
2460825.854861111,-4180.3128103567,3146.408139164354,1543.604339699475
2460825.855555556,-4434.438333197471,2953.863473707727,1172.6406902326084
2460825.85625,-4652.91129162848,2737.5593321247616,792.2136781784837
2460825.8569444446,-4833.976285156784,2499.2391433125376,405.39395872022504
2460825.857638889,-4976.182353364128,2240.824939460205,15.303633735493852
2460825.8583333334,-5078.394966527377,1964.4013211947288,-374.9097883812956
2460825.859027778,-5139.805186668954,1672.197981401659,-762.0996446445005
2460825.859722222,-5159.935906883798,1366.5709759485665,-1143.1463024425186
2460825.8604166666,-5138.645121472542,1049.982947825363,-1514.983000937443
2460825.861111111,-5076.126225433145,724.9825246493751,-1874.6210808451444
2460825.8618055554,-4972.905385357092,394.1831105538307,-2219.1743566032596
2460825.8625,-4829.83606619822,60.24130420683184,-2545.8823946971024
2460825.863194444,-4648.090831613845,-274.1648461658558,-2852.132504915257
2460825.863888889,-4429.150571162721,-606.3575314852964,-3135.4802603275375
2460825.8645833335,-4174.7913241529095,-933.6806292310505,-3393.6684121168505
2460825.865277778,-3887.068894081091,-1253.520724631478,-3624.644078792207
2460825.8659722223,-3568.3014485967765,-1563.3275550194714,-3826.5741316435733
2460825.8666666667,-3221.0503105112184,-1860.633734993191,-3997.858714498832
2460825.867361111,-2848.099132455974,-2143.0736509899834,-4137.142866778217
2460825.8680555555,-2452.4316482418985,-2408.4014223296126,-4243.326229821474
2460825.86875,-2037.208175577848,-2654.507848358658,-4315.570834203887
2460825.8694444443,-1605.7410362203425,-2879.4362694666565,-4353.306971234745
2460825.8701388887,-1161.4690454199495,-3081.397279971023,-4356.237156612719
2460825.870833333,-707.931207056359,-3258.7822373611866,-4324.33819362523
2460825.871527778,-248.73975399303342,-3410.1755084014744,-4257.861339984686
2460825.8722222224,212.44734656478846,-3534.365398296873,-4157.330578320868
2460825.872916667,671.9542870816376,-3630.3536983614067,-4023.538985683263
2460825.873611111,1126.1155797297945,-3697.3637866516956,-3857.5431948063847
2460825.8743055556,1571.304340324761,-3734.847210143333,-3660.655937484795
2460825.8756944444,2420.6189919396293,-3720.209341328794,-3180.6802514897277
2460825.876388889,2817.9370453562105,-3668.168423997168,-2901.403782953475
2460825.877083333,3192.721490081341,-3586.762897033268,-2598.8314820698783
2460825.8777777776,3541.9547160079183,-3476.6253706994166,-2275.377805277049
2460825.878472222,3862.8197132130326,-3338.62001540919,-1933.6288013959543
2460825.879166667,4152.723708854496,-3173.836530985187,-1576.3218380072312
2460825.8798611113,4409.320172121339,-2983.5821531629017,-1206.3238347708061
2460825.8805555557,4630.528930293775,-2769.371719081439,-826.6081718685491
2460825.88125,4814.554146734955,-2532.915845818202,-440.23047643069833
2460825.8819444445,4959.8999372881235,-2276.1073012371007,-50.30350612412812
2460825.882638889,5065.383419544163,-2001.0056853876279,340.0286139064467
2460825.8833333333,5130.1450316845985,-1709.8205592656927,727.6165452882294
2460825.8840277777,5153.655988422293,-1404.893196068863,1109.331997024303
2460825.884722222,5135.722790273463,-1088.6771383034222,1482.0938241816075
2460825.8854166665,5076.48874292744,-763.7177788362566,1842.893676371801
2460825.886111111,4976.432491413187,-432.6311759840727,2188.8209432722306
2460825.886805556,4836.363616988265,-98.08233904124418,2517.086735908716
2460825.8875,4657.415383699137,237.23679801846225,2825.046685970927
2460825.8881944446,4441.034758927274,570.6294884722356,3110.222355391825
2460825.888888889,4188.969861818215,899.4161606885808,3370.3210844042496
2460825.8895833334,3903.255013537171,1220.9560886967276,3603.254137338437
2460825.890277778,3586.193582585489,1532.668563479684,3807.153029745802
2460825.890972222,3240.3388246984214,1832.0534062827876,3980.3839524556697
2460825.8916666666,2868.4729199892863,2116.7106827429607,4121.56023157571
2460825.892361111,2473.584405368701,2384.3594961889157,4229.552785053614
2460825.8930555554,2058.8441969786104,2632.8557519097462,4303.498551343088
2460825.89375,1627.5803842826488,2860.2088011950186,4342.806879429015
2460825.894444444,1183.2519710829406,3064.596881742301,4347.16387557298
2460825.895138889,729.4217263508268,3244.3812801874133,4316.53470642689
2460825.8958333335,269.72830640617525,3398.1191435730793,4251.163858550273
2460825.896527778,-192.14219648529797,3524.5748697158137,4151.573354396118
2460825.8972222223,-652.4851228562057,3622.7300047573135,4018.558923202508
2460825.8979166667,-1107.606364351122,3691.791572582501,3853.184126987351
2460825.898611111,-1553.85156289126,3731.1987611457002,3656.7724427578105
2460825.8993055555,-1987.6351966584396,3740.6278872938037,3430.897311813913
2460825.9,-2405.469355441853,3719.995565456634,3177.370173768131
2460825.9006944443,-2803.9919785198167,3669.4600089286673,2898.2265234335846
2460825.9013888887,-3179.9943250689757,3589.4204018684454,2595.7100423492598
2460825.902083333,-3530.4474190506985,3480.5142940512915,2272.254889364392
2460825.902777778,-3852.527215852743,3343.612987157787,1930.4662524850485
2460825.9034722224,-4143.63822198386,3179.8149048508994,1573.09930159008
2460825.904166667,-4401.43530773081,2990.4369646471123,1203.0367081956226
2460825.904861111,-4623.84346334034,2777.003996759686,823.2649254039255
2460825.9055555556,-4809.075262170665,2541.236288521284,436.8494543645964
2460825.90625,-4955.645825900681,2285.035359049255,46.909337448523054
2460825.9069444444,-5062.385112971994,2010.4681025317411,-343.40885548583543
2460825.907638889,-5128.44739295186,1719.7494627241492,-730.9572750939942
2460825.908333333,-5153.317810226614,1415.2238259573344,-1112.612994753112
2460825.9090277776,-5136.815985618376,1099.3453349950219,-1485.3038935164857
2460825.909722222,-5079.09664875493,774.6573451355366,-1846.03394744764
2460825.910416667,-4980.647339963482,443.77124515454716,-2191.9076804466067
2460825.9111111113,-4842.283260262146,109.34486825945285,-2520.1535441137944
2460825.9118055557,-4665.139386159434,-225.93928348947534,-2828.146018900415
2460825.9125,-4450.6599955994625,-559.3957929207808,-3113.4262630783337
2460825.9131944445,-4200.585776680742,-888.3578611848543,-3373.721161835113
2460825.913888889,-3916.938707092555,-1210.198442290297,-3606.960661893873
2460825.9145833333,-3602.004902263937,-1522.3508188136843,-3811.293305379589
2460825.9152777777,-3258.3156315119327,-1822.3284807447276,-3985.0999042382587
2460825.915972222,-2888.626702790096,-2107.744185078961,-4127.005316615525
2460825.917361111,-2083.2621599209047,-2625.9449432897272,-4310.889502363428
2460825.918055556,-1654.016138152707,-2854.610048297026,-4351.417390187053
2460825.91875,-1211.5798379634443,-3060.5042883610895,-4357.152464097676
2460825.9194444446,-759.4779237861208,-3241.987805451984,-4328.049425650799
2460825.920138889,-301.3113615356894,-3397.6124851069635,-4264.3375065933615
2460825.9208333334,159.26998797275846,-3526.133119352919,-4166.5188919087
2460825.921527778,618.5951949047768,-3626.5171963319094,-4035.3652421420293
2460825.922222222,1073.0003701363676,-3697.953249223429,-3871.912307565122
2460825.9229166666,1518.8569154581282,-3739.857692616108,-3677.452625668039
2460825.923611111,1952.5997566708372,-3751.880069759751,-3453.526295651058
2460825.9243055554,2370.7553810974055,-3733.9066316429276,-3201.9098323363005
2460825.925,2769.969489775875,-3686.0621699367584,-2924.6031098152616
2460825.925694444,3147.0340399726424,-3608.7100309803727,-2623.8144308555284
2460825.926388889,3498.9134576341085,-3502.4502464975026,-2301.94376670226
2460825.9270833335,3822.769763421834,-3368.1157316569893,-1961.5642501113605
2460825.927777778,4115.986358527074,-3206.766519616332,-1605.4020257749157
2460825.9284722223,4376.190207743421,-3019.6820253197566,-1236.3145957611644
2460825.9291666667,4601.272163150776,-2808.3513564880327,-857.2678247627321
2460825.929861111,4789.405177594567,-2574.4617218021785,-471.3118052804571
2460825.9305555555,4939.060180243709,-2319.885014628558,-81.55580415149205
2460825.93125,5049.019409954613,-2046.6626821454943,308.8574633197265
2460825.9319444443,5118.3870345942505,-1756.989020552955,696.7779662430112
2460825.9326388887,5146.596924239117,-1453.1930609569752,1079.0746258307297
2460825.933333333,5133.417486737697,-1137.7192360914942,1452.6614371615221
2460825.934027778,5078.953520077315,-813.1070359632737,1814.5231678514897
2460825.9347222224,4983.645080471284,-481.9698685925335,2161.74037093168
2460825.935416667,4848.263409536034,-146.9733571373374,2491.513455211471
2460825.936111111,4673.904004867521,189.18670250355518,2801.1855873114628
2460825.9368055556,4461.9769530055455,523.806502436516,3088.264221990542
2460825.9375,4214.194675621897,854.1962875327876,3350.4410831118457
2460825.9381944444,3932.5572632021117,1177.7021259812607,3585.6104500301763
2460825.938888889,3619.3355834679674,1491.7272075798635,3791.885635958304
2460825.939583333,3277.0523665733467,1793.752503089116,3967.6135671448023
2460825.9402777776,2908.4614664219766,2081.356644485644,4111.387402724363
2460825.940972222,2516.52549824097,2352.2348997740096,4222.057152721563
2460825.941666667,2104.392045671096,2604.2171336609244,4298.738269645103
2460825.9423611113,1675.3686209565888,2835.284659906296,4340.818201613261
2460825.9430555557,1232.8965507713965,3043.585902253081,4347.960902397427
2460825.94375,780.523956390172,3227.4507854257704,4320.109297191498
2460825.9444444445,321.8779838680288,3385.403785435004,4257.485704915384
2460825.945138889,-139.36355844433058,3516.1755666496497,4160.59021640156
2460825.9458333333,-599.5009964205072,3618.7131327555835,4030.197027868301
2460825.9465277777,-1054.8418605129586,3692.188417758283,3867.3487286090303
2460825.947222222,-1501.7300557693302,3736.00523939473,3673.3485448983874
2460825.9479166665,-1936.5749440675274,3749.8045369299884,3449.7505490837216
2460825.948611111,-2355.880138264032,3733.4678169745243,3198.347852204892
2460825.949305556,-2756.271790162743,3687.118734584519,2921.158813104394
2460825.95,-3134.526131370063,3611.1227462668326,2620.411321393199
2460825.9506944446,-3487.596027181678,3506.0847833088774,2298.525225788809
2460825.951388889,-3812.6362736214273,3372.8449134006537,1958.0930199616207
2460825.9520833334,-4107.027382861868,3212.471977774501,1601.8589132163363
2460825.952777778,-4368.397589457357,3026.255219241802,1232.6964545324722
2460825.953472222,-4594.642826665958,2815.693944129907,853.5849024581149
2460825.9541666666,-4783.944439009898,2582.4852895917156,467.58455820338014
2460825.954861111,-4934.784416901503,2328.5102022054452,77.81130965141594
2460825.9555555554,-5045.957975483989,2055.8177611224996,-312.58935338765554
2460825.95625,-5116.583336565599,1766.6080026727152,-700.4685844237096
2460825.956944444,-5146.108609440045,1463.2134380478983,-1082.7003964896976
2460825.957638889,-5134.315717930572,1148.0794597778765,-1456.2075833712422
2460825.959027778,-4987.575037099267,492.81567638297315,-2165.134440631741
2460825.9597222223,-4853.854220062682,157.9536136271582,-2494.8674130591075
2460825.9604166667,-4681.256777651225,-178.15577325285142,-2804.5480497303333
2460825.961111111,-4471.190797019456,-512.8198865119961,-3091.7035299219174
2460825.9618055555,-4225.361974725755,-843.3617034802575,-3354.045330460618
2460825.9625,-3945.7587601141427,-1167.141019535147,-3589.486701209694
2460825.9631944443,-3634.63544849428,-1481.5751534159174,-3796.1583452194036
2460825.9638888887,-3294.493425228006,-1784.1589722077188,-3972.422241658029
2460825.964583333,-2928.060755555187,-2072.4841168342814,-4116.883575019923
2460825.965277778,-2538.270312759032,-2344.257321962569,-4228.400749089783
2460825.9659722224,-2128.2366215543366,-2597.3177453333187,-4306.093481325525
2460825.966666667,-1701.231581444044,-2829.653232765658,-4349.348980440711
2460825.967361111,-1260.6592275873406,-3039.4154513828476,-4357.8262137168385
2460825.9680555556,-810.0296649290702,-3224.933835525907,-4331.458272848596
2460825.96875,-352.93231160796955,-3384.728285871244,-4270.452842357484
2460825.9694444444,106.99141964905604,-3517.5205634598547,-4175.29077175487
2460825.970138889,566.0758767034259,-3622.244317618714,-4046.722747286034
2460825.970833333,1020.6592244945459,-3698.0536797534724,-3885.764055895596
2460825.9715277776,1467.1116607080564,-3744.33035089886,-3693.687432859873
2460825.972222222,1901.863634468898,-3760.689106011324,-3472.013986482925
2460825.972916667,2321.4338917797954,-3746.9816352328407,-3222.502201345872
2460825.9736111113,2722.457157607618,-3703.298643314942,-2947.135030804857
2460825.9743055557,3101.711238037217,-3629.970132502967,-2648.10510957655
2460825.975,3456.143317044457,-3527.5638025676676,-2327.798132759831
2460825.9756944445,3782.895194911682,-3396.881516674551,-1988.7744814712376
2460825.976388889,4079.3272161271043,-3238.953799427983,-1633.7491963905115
2460825.9770833333,4343.040626619447,-3055.032354780135,-1265.5704308827424
2460825.9777777777,4571.8980959244855,-2846.5806218312346,-887.1965542530065
2460825.978472222,4764.042158857599,-2615.2624124635104,-501.6720962478956
2460825.9791666665,4917.911344870944,-2362.928705510285,-112.10275317328859
2460825.979861111,5032.25378619238,-2091.602706566433,278.3702955910776
2460825.980555556,5106.13813237402,-1803.4633073684222,666.5965025279268
2460825.98125,5138.961632700818,-1500.8271104190865,1049.4422209557183
2460825.9819444446,5130.455292242757,-1186.12920509085,1423.8168505258132
2460825.982638889,5080.68605094406,-861.9029012404355,1786.6985820255618
2460825.9833333334,4990.055980113771,-530.7586378977884,2135.1594751613943
2460825.984027778,4859.298535777275,-195.3622971099824,2466.38961272078
2460825.984722222,4689.471947929024,141.58685466406394,2777.720105472772
2460825.9854166666,4481.949862931369,477.3783699473662,3066.6447368863273
2460825.986111111,4238.409385043213,809.3127578724465,3330.8400732189452
2460825.9868055554,3960.8166901115405,1134.7233524068001,3568.183888027367
2460825.9875,3651.410396638696,1450.997731990763,3776.771786591138
2460825.988194444,3312.682893244122,1755.5985229574253,3954.9319377768966
2460825.988888889,2947.3598250080013,2046.0834402148187,4101.2378486978305
2460825.9895833335,2558.3779357389963,2320.1244401018553,4214.519140823155
2460825.990277778,2148.861459051028,2575.5258742613,4293.870301110682
2460825.9909722223,1722.0972449259277,2810.2415464873525,4338.6573944110705
2460825.9916666667,1281.508792181113,3022.390589898869,4348.522733046807
2460825.992361111,830.6293586463096,3210.2720831041247,4323.387501831335
2460825.9930555555,373.07429833358333,3372.3783366046137,4263.4523392538385
2460825.99375,-87.48720545632179,3507.406771053518,4169.195874683296
2460825.9944444443,-547.3608674930958,3614.270319914041,4041.3712202281527
2460825.9951388887,-1002.8563175612544,3692.1062773944836,3881.0004168523456
2460825.995833333,-1450.316238689037,3740.283515594945,3689.36683652345
2460825.996527778,-1886.145443229661,3758.4079919139726,3468.0055472202203
2460825.9972222224,-2306.839681894517,3746.3264683048606,3218.691660510461
2460825.997916667,-2709.0139742197694,3704.128369120438,2943.4266917143414
2460825.998611111,-3089.4302205473905,3632.1457115603885,2644.422987754676
2460825.9993055556,-3445.0238532162493,3530.9510553721984,2324.086294864789
2460826.0006944444,-4070.5037385720066,3244.3922699013433,1629.8871844621258
2460826.001388889,-4335.349665623585,3061.329231621128,1261.6226213401
2460826.002083333,-4565.334712402692,2853.638161648598,883.1749614072659
2460826.0027777776,-4758.609783895188,2622.9930557611115,497.59927294515126
2460826.003472222,-4913.624520501623,2371.254246715615,108.00820708680455
2460826.004166667,-5029.140160737831,2100.452905618431,-282.4539598339867
2460826.0048611113,-5104.239621400359,1812.7740222292398,-670.6375604254288
2460826.0055555557,-5138.33469110262,1510.5380449497748,-1053.4137704020338
2460826.00625,-5131.170275683072,1196.181383473244,-1427.700563365037
2460826.0069444445,-5082.825680447021,872.235990342291,-1790.488116705809
2460826.007638889,-4993.712958154179,541.3082441753944,-2138.863415655446
2460826.0083333333,-4864.572394212714,206.05736462231943,-2470.033817203276
2460826.0090277777,-4696.465236738983,-130.8264226421396,-2781.349369746213
2460826.009722222,-4490.763813602202,-466.6437511705712,-3070.3237016706385
2460826.0104166665,-4249.1392011694115,-798.7078129297349,-3334.6533328126475
2460826.011111111,-3973.5466303446156,-1124.3657045189518,-3572.2352858186564
2460826.011805556,-3666.2088237387766,-1441.0192581769886,-3781.1829089658404
2460826.0125,-3329.5974645331753,-1746.14521131309,-3959.839845382186
2460826.0131944446,-2966.4129948132495,-2037.3145904539917,-4106.792109183068
2460826.013888889,-2579.5629302662155,-2312.2112068975975,-4220.878249185115
2460826.0145833334,-2172.138873152252,-2568.649172241723,-4301.197591595062
2460826.015277778,-1747.392391335827,-2804.589358004594,-4347.116564789207
2460826.015972222,-1308.709912809272,-3018.1547361111357,-4358.273114291272
2460826.0166666666,-859.5867812986047,-3207.6445375560857,-4334.579214545907
2460826.017361111,-403.6006045733787,-3371.547172460798,-4276.221483227931
2460826.0180555554,55.61597635224706,-3508.551852534716,-4183.659899013793
2460826.01875,514.4029688407201,-3617.5588534683757,-4057.6246193549787
2460826.019444444,969.1010302073589,-3697.6883503820914,-3899.110890738486
2460826.020138889,1416.0796462146584,-3748.287753114197,-3709.3720430293024
2460826.0208333335,1851.7653319916653,-3768.937464159034,-3489.9105611882687
2460826.021527778,2272.669681908035,-3759.4549789145517,-3242.4672347488354
2460826.0222222223,2675.417080163447,-3719.8972481116434,-2969.008394335487
2460826.0229166667,3056.771854715586,-3650.56122640239,-2671.71126625367
2460826.023611111,3413.664654422752,-3551.9825388869344,-2352.9474876030667
2460826.0243055555,3743.2177936535722,-3424.932212457073,-2015.2648629415144
2460826.025,4042.7693203972976,-3270.411433115314,-1661.367454443008
2460826.0256944443,4309.895534619823,-3089.64431858739,-1294.0941479569176
2460826.0263888887,4542.431706407982,-2884.068715927298,-916.3958491111614
2460826.027083333,4738.490738824834,-2655.3250667497637,-531.3115056685467
2460826.027777778,4896.479541809494,-2405.2434134065666,-141.94317695839396
2460826.0284722224,5015.112910111121,-2135.8286468761758,248.56961100894648
2460826.029166667,5093.424724232499,-1849.2441338499525,637.0759568705481
2460826.029861111,5130.776336560113,-1547.7938792131347,1020.4398557059884
2460826.0305555556,5126.862040989693,-1233.903413029055,1395.566366112569
2460826.03125,5081.711572635015,-910.0996060175414,1759.427396483373
2460826.0319444444,4995.689627458634,-578.9896276585401,2109.0868462983567
2460826.032638889,4869.492436435901,-243.23927905646087,2441.7248414591695
2460826.033333333,4704.141469604888,94.44907693944832,2754.6608368771713
2460826.0340277776,4500.974384262001,431.3587587521874,3045.375372605959
2460826.034722222,4261.633358573469,764.7809733022452,3311.53030973295
2460826.035416667,3988.0509828788454,1092.036777884374,3550.9873889903565
2460826.0361111113,3682.433890361701,1410.498618395113,3761.8249981157933
2460826.0368055557,3347.2443283381826,1717.6112698175655,3942.353050458228
2460826.0375,2985.1798665523684,2010.9120361744117,4091.125912689927
2460826.0381944445,2599.151442354366,2288.0500782209683,4206.9533352587605
2460826.038888889,2192.259939972805,2546.8047535391884,4288.909357876365
2460826.0395833333,1767.77147890783,2785.102877723078,4336.339179080627
2460826.0402777777,1329.0915983727107,3001.0348111589333,4348.863980768918
2460826.040972222,879.7384927114418,3192.869299788931,4326.3837093096
2460826.042361111,-36.51725580143948,3498.292551112553,4177.403928832448
2460826.043055556,-496.07115356821356,3609.4253168090063,4052.0945405771686
2460826.04375,-951.6584006377147,3691.5683946109352,3894.151568538739
2460826.0444444446,-1399.6209559656563,3744.0561395137042,3704.8389314798346
2460826.045138889,-1836.359630899081,3766.4599279018175,3485.6730637329233
2460826.0458333334,-2258.362911321602,3758.592147036574,3238.4114135427135
2460826.046527778,-2662.2353252105613,3720.508326129018,2965.038951482977
2460826.047222222,-3044.725120878313,3652.507341134443,2667.7527403236886
2460826.0479166666,-3402.7510098504913,3555.1296379902938,2348.944639737331
2460826.048611111,-3733.4277165406747,3429.153435617271,2011.1822462619493
2460826.0493055554,-4034.090070810815,3275.588891452775,1657.1881984914296
2460826.05,-4302.315381163575,3095.670237255644,1289.818006665023
2460826.050694444,-4535.943834156506,2890.8459206561492,912.0365947559857
2460826.051388889,-4733.096678482375,2662.7668204141855,526.8937747422954
2460826.0520833335,-4892.191981199512,2413.272629650405,137.4988877202088
2460826.052777778,-5011.957765819133,2144.3765383589025,-253.0051218430885
2460826.0534722223,-5091.442386326189,1858.248365973907,-641.4679343377198
2460826.0541666667,-5130.022024864789,1557.1963289672067,-1024.758099441632
2460826.054861111,-5127.405250374548,1243.6476399234248,-1399.7890246988245
2460826.0555555555,-5083.634617161034,920.1281550444543,-1763.5444350253636
2460826.05625,-4999.085328534581,589.2412942817457,-2113.103047045272
2460826.0569444443,-4874.461032323737,253.64646027658873,-2445.6622230496946
2460826.0576388887,-4710.786853675857,-83.96281804237276,-2758.560391258974
2460826.058333333,-4509.399801987317,-420.880803786587,-3049.298051561477
2460826.059027778,-4271.936716556068,-754.4113269060178,-3315.5572110167095
2460826.0597222224,-4000.3199321766797,-1081.8892319544432,-3555.219129259279
2460826.060416667,-3696.740858623969,-1400.7013308569117,-3766.3802800033304
2460826.061111111,-3363.6416755218274,-1708.3067111202658,-3947.3664616101028
2460826.0618055556,-3003.6953338210747,-2002.256279204566,-4096.7450194890025
2460826.0625,-2619.7840611642773,-2280.2114240305445,-4213.335153333468
2460826.0631944444,-2214.976543606198,-2539.9617165765726,-4296.216305804011
2460826.063888889,-1792.5039580274686,-2779.4415622993843,-4344.734631590918
2460826.064583333,-1355.735004121634,-2996.7457434584985,-4358.507555995804
2460826.0652777776,-908.1500801432987,-3190.1437885619575,-4337.426429691406
2460826.065972222,-453.3147376881485,-3358.0931096755116,-4281.657285374303
2460826.066666667,5.147458816458989,-3499.250849679524,-4191.639697981924
2460826.0673611113,463.5825408774076,-3612.484376610063,-4068.0837447172007
2460826.0680555557,918.3340784221199,-3696.880356682476,-3911.9650585150575
2460826.06875,1365.771320213495,-3751.752334351742,-3724.5179653008236
2460826.0694444445,1802.317372727034,-3776.646740276968,-3507.2266998595724
2460826.070138889,2224.4772539777546,-3771.347247349617,-3261.814696791674
2460826.0708333333,2628.865623794529,-3735.877392743889,-2990.2319705608033
2460826.0715277777,3012.233990823676,-3670.5013889909433,-2694.6406058488114
2460826.072222222,3371.4971604445113,-3575.723054351573,-2377.3984090885283
2460826.0729166665,3703.758685720468,-3452.2828055030427,-2041.0407889640526
2460826.073611111,4006.3350621411787,-3301.1526740101312,-1688.2609682545778
2460826.074305556,4276.77840773835,-3123.529329267342,-1321.8886545919481
2460826.075,4512.897367439599,-2920.8251171226743,-944.8673310867869
2460826.0756944446,4712.775989963903,-2694.657152197764,-560.2303568696993
2460826.076388889,4874.790341003535,-2446.8345335269896,-171.07609651885753
2460826.0770833334,4997.622641638805,-2179.3437834120573,219.4576808851234
2460826.077777778,5080.272751186602,-1894.3326383349815,608.2198750420018
2460826.078472222,5122.0668481030525,-1594.0923542285157,992.0723215548622
2460826.0791666666,5122.663207836131,-1281.0387050644144,1367.9159801497135
2460826.079861111,5082.055016993418,-957.6918796027579,1732.7167630366343
2460826.0805555554,5000.570210440643,-626.6554947894529,2083.5307327114865
2460826.08125,4878.868361171439,-290.59494802557856,2417.528418204172
2460826.081944444,4717.934695517191,47.78465836000766,2732.0180094387197
2460826.082638889,4519.071341720534,385.76080016745345,3024.4672248799507
2460826.084027778,4014.277878716787,1049.6588844227092,3534.033507192812
2460826.0847222223,3712.422042058911,1370.2478293181664,3747.058403401232
2460826.0854166667,3380.7507633002833,1679.8100421453287,3929.8905110038963
2460826.086111111,3021.933684698249,1975.8629123799305,4081.0655645137917
2460826.0868055555,2638.8560208205745,2256.0333100181365,4199.373957252201
2460826.0875,2234.5953207774146,2518.076111946383,4283.869799182991
2460826.0881944443,1812.3969256813443,2759.8916588678117,4333.877937996377
2460826.0888888887,1375.648297367404,2979.5420532319595,4348.998936540358
2460826.089583333,927.8523876184158,3175.266216500096,4329.112005324436
2460826.090277778,472.6002017931516,3345.493633203128,4274.375890917865
2460826.0909722224,13.542716339202055,3488.856705614706,4185.227719660263
2460826.091666667,-445.6376960534133,3604.2016456544216,4062.3797959436447
2460826.092361111,-901.2561717353159,3690.5978270611267,3906.814354472446
2460826.0930555556,-1349.6544255352303,3747.3455197331778,3719.7762669256786
2460826.09375,-1787.2297994446822,3773.9819248892613,3502.763710208653
2460826.0944444444,-2210.4640946514987,3770.2854314504193,3257.5168120655367
2460826.095138889,-2615.951972499003,3736.278016887483,2986.0043041536474
2460826.095833333,-3000.428692783321,3672.2257232661073,2690.4082319075883
2460826.0965277776,-3360.796944989829,3578.637150820664,2373.1067922248094
2460826.097222222,-3694.1525143135823,3456.259927807664,2036.6553979875114
2460826.097916667,-3997.8085187605793,3306.0751368057527,1683.7660975963652
2460826.0986111113,-4269.317956939601,3129.2897009501335,1317.2855039733377
2460826.0993055557,-4506.494306299903,2927.3267646819013,940.171424650781
2460826.1,-4707.429935661538,2701.81412935194,555.4684016139205
2460826.1006944445,-4870.512108710139,2454.570840611831,166.28240581804195
2460826.101388889,-4994.436393204262,2187.5920488257434,-224.2450615266174
2460826.1020833333,-5078.217319430471,1903.0322987365787,-612.9631835665213
2460826.1027777777,-5121.196177459563,1603.187422506922,-996.7380859322766
2460826.103472222,-5123.045881987228,1290.4752383518255,-1372.4788547484004
2460826.1041666665,-5083.772881674825,967.415266130048,-1737.1630472761026
2460826.104861111,-5003.716133192027,636.6076865639371,-2087.8614340701674
2460826.105555556,-4883.543202877996,300.71176837745475,-2421.761738455374
2460826.10625,-4724.243597727808,-37.57600835597458,-2736.191156165754
2460826.1069444446,-4527.119459461771,-375.54391841276896,-3028.6374728745914
2460826.107638889,-4293.773783647521,-710.486839729198,-3296.768621485766
2460826.1083333334,-4026.0963429806948,-1039.7277983646447,-3538.4505572240587
2460826.109027778,-3726.247508399505,-1360.6390385066015,-3751.7633536839207
2460826.109722222,-3396.640165962187,-1670.6624688062197,-3935.0154532390775
2460826.1104166666,-3039.9199246843496,-1967.3293575500331,-4086.756029531348
2460826.111111111,-2658.943808132035,-2248.2791643673177,-4205.785437095342
2460826.1118055554,-2256.757608330604,-2511.2774175195086,-4291.163741061713
2460826.1125,-1836.5720684339674,-2754.232558248862,-4342.217328201932
2460826.113194444,-1401.738055131281,-2975.2116798398533,-4358.543605040878
2460826.113888889,-955.7208548319564,-3172.4551050838645,-4340.013792611936
2460826.1145833335,-502.07373454352825,-3344.3897381635184,-4286.773822040677
2460826.115277778,-44.41089325781863,-3489.64113305201,-4199.243333576507
2460826.1159722223,413.62007031996194,-3607.044215910742,-4078.112775925138
2460826.1166666667,868.3660425580827,-3695.6525933601743,-3924.3385988322593
2460826.117361111,1316.196491577998,-3754.7463731273006,-3739.1365307456613
2460826.1180555555,1753.5316254890329,-3783.838419328352,-3523.9729338938564
2460826.11875,2176.8704418253947,-3782.678960374395,-3280.554235643574
2460826.1194444443,2582.818479733307,-3751.258467585191,-3010.8144458247407
2460826.1201388887,2968.115069848071,-3689.8087256341514,-2716.900783288721
2460826.120833333,3329.6598544432504,-3598.802023031299,-2401.157456741529
2460826.121527778,3664.5383326011743,-3478.948404604636,-2066.1076719971065
2460826.1222222224,3970.0461818740296,-3331.190943236268,-1714.4339583699634
2460826.122916667,4243.712091164397,-3156.6990114804917,-1348.9569446645123
2460826.123611111,4483.318845107847,-2956.8595593272908,-972.6127427901774
2460826.1243055556,4686.922407795946,-2733.266432828422,-588.4291266525133
2460826.1256944444,4979.808337382724,-2222.1517681920823,191.03656094387068
2460826.126388889,5066.707694267475,-1938.730364785076,580.031557954542
2460826.127083333,5112.8585670362545,-1639.7219597364283,964.3441367155666
2460826.1277777776,5117.88390629056,-1327.5323900970923,1340.8713919299244
2460826.128472222,5081.741009043295,-1004.6749391668832,1706.573513709219
2460826.129166667,5004.721667537087,-673.7494039753084,2058.499043259796
2460826.1298611113,4887.449370315158,-337.42047372673835,2393.8092624095443
2460826.1305555557,4730.873622700016,1.6043533135249404,2709.801481555683
2460826.13125,4536.261494051156,340.5970837526833,3003.9310095012006
2460826.1319444445,4305.186527197853,676.8315620871438,3273.8316273143732
2460826.132638889,4039.515176187597,1007.6056106928748,3517.3344055538014
2460826.1333333333,3741.390952214163,1330.2627914785846,3732.484744346822
2460826.1340277777,3413.216473624615,1642.2136140096986,3917.557537470027
2460826.134722222,3057.6336185851883,1940.9560384447498,4071.070391763364
2460826.1354166665,2677.5019762551265,2224.095141018204,4191.79485535527
2460826.136111111,2275.8757931770956,2489.361821802965,4278.765623508509
2460826.136805556,1855.9795973764003,2734.6304553543014,4331.287708079003
2460826.1375,1421.1826763565125,2957.9353934743062,4348.941563516476
2460826.1381944446,974.9725759707012,3157.486238342541,4331.586167868036
2460826.138888889,520.9277785920143,3331.681810029717,4279.360059134255
2460826.1395833334,62.68971664376044,3479.1227334225555,4192.680326963774
2460826.140277778,-396.06572509762356,3598.6225701268,4072.2395585428035
2460826.140972222,-851.6570550486716,3689.217417095369,3919.0007384763503
2460826.1416666666,-1300.426206011608,3750.1738942422253,3734.1901022904012
2460826.142361111,-1738.7675653817685,3780.9954381175526,3519.2879510584644
2460826.1430555554,-2163.1568132378547,3781.4268216739138,3276.0174410024783
2460826.14375,-2570.1793524003156,3751.456821567083,3006.3313782057085
2460826.144444444,-2956.558103271904,3691.3189621543083,2712.3970647770275
2460826.145138889,-3319.180417808527,3601.4902762319443,2396.5792669248935
2460826.1458333335,-3655.1238543906684,3482.6880396272195,2061.421403527001
2460826.146527778,-3961.6805577232967,3335.864454521247,1709.6250740274475
2460826.1472222223,-4236.379969991299,3162.199285764476,1344.0280901181777
2460826.1479166667,-4477.009625186924,2963.0904773482794,967.581188320164
2460826.148611111,-4681.633779870118,2740.142809467725,583.3236394542595
2460826.1493055555,-4848.609659657162,2495.1546873579646,194.35799253552145
2460826.15,-4976.601130769666,2230.1031816174345,-196.17579281015048
2460826.1506944443,-5064.589637398126,1947.1274736975201,-585.126549075112
2460826.1513888887,-5111.882291309733,1648.5108763930275,-969.3581695226396
2460826.152083333,-5118.117036798303,1336.661633243046,-1345.7756540014066
2460826.152777778,-5083.264865131688,1014.0927052858581,-1711.3506670063118
2460826.1534722224,-5007.629093801698,683.4007701769201,-2063.146346768775
2460826.154166667,-4891.8417696514625,347.24466141697746,-2398.341125789994
2460826.154861111,-4736.857294068958,8.323474312752323,-2714.2513468134403
2460826.1555555556,-4543.943400659104,-330.64544505505967,-3008.352488908921
2460826.15625,-4314.66964522176,-666.9484178233488,-3278.2988426437114
2460826.1569444444,-4050.8935837576482,-997.8970720153086,-3521.941512086981
2460826.157638889,-3754.744833787918,-1320.8495254692784,-3737.344641096334
2460826.158333333,-3428.6072122502396,-1633.2309666036,-3922.7997999626937
2460826.1590277776,-3075.099148682796,-1932.5534981437418,-4076.838484709765
2460826.159722222,-2697.0525624542174,-2216.435133756237,-4198.242705768637
2460826.160416667,-2297.490387020131,-2482.617850653869,-4286.053655556544
2460826.1611111113,-1879.6029076206569,-2728.984619466449,-4339.578457083881
2460826.1618055557,-1446.7230683457199,-2953.5753408026594,-4358.394999578066
2460826.1625,-1002.3008935287191,-3154.601624724903,-4342.354868957874
2460826.1631944445,-549.8771545976227,-3330.4603547353126,-4291.584379319985
2460826.163888889,-93.05641478179598,-3479.745974017218,-4206.48370751235
2460826.1645833333,364.52042702783217,-3601.261433157189,-4087.724127979707
2460826.1652777777,819.2039587850875,-3694.027729481931,-3936.24334158672
2460826.165972222,1267.3643093347723,-3757.29196572488,-3753.238889314026
2460826.167361111,2129.862387897419,-3793.4705455911594,-3298.6953798630443
2460826.168055556,2537.2906395663454,-3766.059816870084,-3030.7644193093356
2460826.16875,2924.43181505028,-3708.501341447702,-2738.499397600617
2460826.1694444446,3288.1710565455314,-3621.236165323137,-2424.2311689765315
2460826.170138889,3625.5765059497317,-3504.9442100549695,-2090.470935562182
2460826.1708333334,3933.9237446919574,-3360.5397976229865,-1739.890688478289
2460826.171527778,4210.718773917751,-3189.1651685722645,-1375.302087112837
2460826.172222222,4453.719272800991,-2992.1819971018617,-999.633934332153
2460826.1729166666,4660.9538838321805,-2771.1609331274817,-615.9084303822676
2460826.173611111,4830.739283127241,-2527.8692351529994,-227.21642310105526
2460826.1743055554,4961.694820685039,-2264.2565870020776,163.3081088820479
2460826.175,5052.75454309104,-1982.439223106249,552.5140816515762
2460826.175694444,5103.176447194023,-1684.6825148116595,937.2595697824571
2460826.176388889,5112.5488529116255,-1373.3821994213117,1314.438025980007
2460826.1770833335,5080.7938288583355,-1051.0444469608015,1681.0041845655999
2460826.177777778,5008.1676473085445,-720.2649856198957,2033.9993703596633
2460826.1784722223,4895.258290836644,-383.70750614569357,2370.5759615149673
2460826.1791666667,4742.980074598206,-44.081578001236785,2688.0207636524588
2460826.179861111,4552.565486884908,295.87969653951563,2983.777082702449
2460826.1805555555,4325.554381391157,633.4420729500587,3255.46531196838
2460826.18125,4063.7806844778866,965.8923875886063,3500.9018726187232
2460826.1819444443,3769.356794728356,1290.5604266057355,3718.1163852574173
2460826.1826388887,3444.655871222548,1604.8402608194515,3905.3669700369633
2460826.183333333,3092.2922046564504,1906.2108967444594,4061.153607708247
2460826.184027778,2715.099870885084,2192.256104606097,4184.229510387967
2460826.1847222224,2316.109862080491,2460.6833032985865,4273.610471607641
2460826.185416667,1898.5258761624934,2709.341402267344,4328.582181062902
2460826.186111111,1465.6989442426036,2936.237505474439,4348.7054953737525
2460826.1868055556,1021.1010608797588,3139.5523962832935,4333.819663886906
2460826.1875,568.2979763018484,3317.6547256387103,4284.043509411018
2460826.1881944444,110.9213080624254,3469.1138272453386,4199.7745641716
2460826.188888889,-347.35987741619965,3592.7110858848237,4081.686159862294
2460826.189583333,-802.8678505703299,3687.449779466473,3930.722471012828
2460826.1902777776,-1251.945206228303,3752.563315623406,3748.0915125547285
2460826.190972222,-1690.983874689296,3787.521780976883,3535.2560967203863
2460826.191666667,-2116.453962290537,3792.036720619785,3293.9227630838527
2460826.1923611113,-2524.932206312179,3766.064068324128,3026.028711683678
2460826.1930555557,-2913.1298208836606,3709.8051553725454,2733.7267832054213
2460826.19375,-3277.919489558824,3623.705735552571,2419.3685544039618
2460826.1944444445,-3616.3612463214167,3508.452980651738,2085.485645521101
2460826.195138889,-3925.7269860967617,3364.9704201291534,1734.769360313005
2460826.1958333333,-4203.523339085947,3194.410823520557,1370.0488131167815
2460826.1965277777,-4447.512650923033,2998.1470524003234,994.2677266970138
2460826.197222222,-4655.73182711846,2777.7609363079127,610.4601078494427
2460826.1979166665,-4826.50881406729,2535.0302633724723,221.7250428144998
2460826.198611111,-4958.476526411792,2271.9140006111606,-168.7991385857806
2460826.199305556,-5050.584057407584,1990.535893891945,-557.9610552868814
2460826.2,-5102.105053222884,1693.166618888119,-942.6225494366709
2460826.2006944446,-5112.643172482313,1382.2046818930764,-1319.6847593006707
2460826.201388889,-5082.13459994816,1060.1562785359715,-1686.1137235434674
2460826.2020833334,-5010.847625639948,729.6143367878411,-2038.9652524122534
2460826.202777778,-4899.379344736602,393.2369697966001,-2375.4088276369407
2460826.203472222,-4748.649572741696,53.725567563608514,-2692.750311204477
2460826.2041666666,-4559.892103340374,-286.19725545176044,-2988.453276271859
2460826.204861111,-4334.643465731176,-623.8096455852312,-3260.158797448522
2460826.2055555554,-4074.7293561549727,-956.4122390888665,-3505.7035746344336
2460826.20625,-3782.248936077622,-1281.3494567318498,-3723.136287767187
2460826.206944444,-3459.5571911011384,-1596.0302137394128,-3910.732114812603
2460826.207638889,-3109.245546484619,-1897.9479107139791,-4067.005365671114
2460826.209027778,-2337.183473303781,-2454.0041594782983,-4280.899455481839
2460826.2097222223,-1921.6029879023606,-2703.719608786149,-4336.8314796520535
2460826.2104166667,-1490.6944251944744,-2931.859135200319,-4358.075150375636
2460826.211111111,-1047.8924128443443,-3136.60612533105,-4344.462913494094
2460826.2118055555,-596.7250328635638,-3316.3279261167118,-4296.101951811291
2460826.2125,-140.78695767124984,-3469.58834703307,-4213.373451693173
2460826.2131944443,316.28792506458814,-3595.158828548844,-4096.92997045297
2460826.2138888887,770.8542752614659,-3692.0282105811148,-3947.690897104625
2460826.214583333,1219.2833046223595,-3759.411024520584,-3766.8360000551115
2460826.215277778,1657.9908836528884,-3796.7542328110267,-3555.797051299716
2460826.2159722224,2083.465576804693,-3803.742330862239,-3316.2475269383385
2460826.216666667,2492.2964244657855,-3780.300728570527,-3050.0903909823082
2460826.217361111,2881.2002710572942,-3726.597329495812,-2759.4439821286596
2460826.2180555556,3247.0484080418664,-3643.0422333082183,-2446.6260504281668
2460826.21875,3586.8923028595123,-3530.285497422036,-2114.1360022503322
2460826.2194444444,3897.9881500261945,-3389.2129125433366,-1764.6354549942164
2460826.220138889,4177.8199936798765,-3220.9397647183805,-1400.9272169321205
2460826.220833333,4424.121153627599,-3026.8025854107905,-1025.9328521473997
2460826.2215277776,4634.893704265412,-2808.3489164917532,-642.6690105892524
2460826.222222222,4808.425763464282,-2567.3251501924196,-254.22273804139166
2460826.222916667,4943.306373503299,-2305.662534162672,136.27399815516432
2460826.2236111113,5038.437783984451,-2025.4614626180692,525.6703115638205
2460826.2243055557,5093.044980810527,-1728.9742063412048,910.8226534851582
2460826.225,5106.682347696281,-1418.58625658952,1288.6210485732431
2460826.2256944445,5079.237387965525,-1096.796479472598,1656.0150320675518
2460826.226388889,5010.93147997906,-766.1963014328662,2010.039009185686
2460826.2270833333,4902.31768438198,-429.4481423172304,2347.83678806158
2460826.2277777777,4754.275663323413,-89.26333266597217,2666.685037806071
2460826.228472222,4568.003810280235,251.6202607415212,2964.0154604655586
2460826.2291666665,4345.008722053718,590.4606791985638,3237.4354872975528
2460826.229861111,4087.0921715795207,924.5341766175677,3484.7473402133287
2460826.230555556,3796.3357606173367,1251.1571895780537,3703.965329085141
2460826.23125,3475.083441664382,1567.7077988181109,3893.3312866058122
2460826.2319444446,3125.922109134676,1871.6465213727681,4051.328064885711
2460826.232638889,2751.660452974945,2160.536299280784,4176.691046318656
2460826.2333333334,2355.3062738335802,2432.061558231258,4268.417634067825
2460826.234027778,1940.0424385534207,2684.0462365293997,4325.7747082016385
2460826.234722222,1509.2016556430956,2914.470687738734,4348.3040378088035
2460826.2354166666,1066.240239444654,3121.487372585371,4335.825647660868
2460826.236111111,614.7110162010016,3303.4352650258948,4288.439139925697
2460826.2368055554,158.2355348174125,3458.8528921819943,4206.522970645102
2460826.2375,-299.52427098658137,3586.4899355111525,4090.731680154319
2460826.238194444,-754.8948041480812,3685.3173121629698,3941.9910770674073
2460826.238888889,-1204.2197504294074,3754.535658194976,3761.4913750283695
2460826.2395833335,-1643.8890644247963,3793.582128936188,3550.6782890230925
2460826.240277778,-2070.3678089554783,3802.1354348969917,3311.2421028800304
2460826.2409722223,-2480.224631736412,3780.119031742315,3045.104737448153
2460826.2416666667,-2870.1596609042117,3727.7023903131635,2754.404859640065
2460826.242361111,-3237.03156678579,3645.300282914613,2441.481105255652
2460826.2430555555,-3577.8835455722055,3533.5700370852996,2108.8535019834117
2460826.24375,-3889.9679564689195,3393.406728259033,1759.2032175232678
2460826.2444444443,-4170.769349825758,3225.9363072242604,1395.3507836600122
2460826.2451388887,-4418.025630013056,3032.5066841554776,1020.2329743345167
2460826.245833333,-4629.7471034912,2814.676824192611,636.878551225398
2460826.246527778,-4804.233190304611,2574.203937148779,248.3831067216869
2460826.2472222224,-4940.086599269068,2313.028878079637,-142.11673838840966
2460826.247916667,-5036.224804677296,2033.2599018738076,-531.4695160280064
2460826.248611111,-5091.8886985897325,1737.1549461714412,-916.5351886263558
2460826.2493055556,-5106.648339226571,1427.1026337664955,-1294.2112487319887
2460826.2506944444,-5013.394832534157,775.2426093813702,-2015.325320000998
2460826.251388889,-4906.178279880612,438.68096899260047,-2352.972972484573
2460826.252083333,-4759.641856059046,98.62066417182126,-2671.6970697877814
2460826.2527777776,-4574.985890993979,-242.21076016068625,-2968.9496733249284
2460826.253472222,-4353.7143104104725,-581.0836425379454,-3242.359061277682
2460826.254166667,-4097.621317736317,-915.2880213338647,-3489.747971693404
2460826.2548611113,-3808.775928057702,-1242.1550363799024,-3709.1500811367623
2460826.2555555557,-3489.504544568325,-1559.0777669318961,-3898.8246520072626
2460826.25625,-3142.371777856761,-1863.5313635580924,-4057.269295617011
2460826.2569444445,-2770.159695960023,-2153.0923614893513,-4183.23082696821
2460826.257638889,-2375.8456854077267,-2425.457076815194,-4275.714199592564
2460826.2583333333,-1962.5790977013185,-2678.458997811508,-4333.989518766811
2460826.2590277777,-1533.65683129354,-2910.085103882331,-4357.597141341911
2460826.259722222,-1092.4979999340148,-3118.491042447802,-4346.350868403342
2460826.2604166665,-642.6178170196972,-3302.0151056836103,-4300.339238177036
2460826.261111111,-187.60082786476153,-3459.1909438092184,-4219.924921531704
2460826.261805556,268.92638909388404,-3588.7589531995327,-4105.742217645817
2460826.2625,723.3229156217441,-3689.676268064661,-3958.6926449603234
2460826.2631944446,1171.9614560032132,-3761.125285185758,-3779.938616824912
2460826.263888889,1611.2564088017075,-3802.5206390641993,-3570.8951968089564
2460826.2645833334,2037.6918926037026,-3813.5145465187525,-3333.21992841738
2460826.265277778,2447.8495407129426,-3794.0004345473244,-3068.8007454508083
2460826.265972222,2838.4358566448127,-3744.114769028974,-2779.741987759715
2460826.2666666666,3206.3089188658487,-3664.237008057224,-2468.348557025638
2460826.267361111,3548.5041886767763,-3554.9876143017123,-2137.1082806160657
2460826.2680555554,3862.2591717791443,-3417.2240776529725,-1788.6725739520286
2460826.26875,4145.036674310139,-3252.034919697286,-1425.8355219579971
2460826.269444444,4394.546392759738,-3060.731675857424,-1051.5115299193192
2460826.270138889,4608.764578884569,-2844.8388821835815,-668.7117300284356
2460826.2708333335,4785.951541227739,-2606.0821205965435,-280.5193495168298
2460826.271527778,4924.666759509396,-2346.3742117366537,109.93572058322918
2460826.2722222223,5023.781420530391,-2067.7996732717506,499.5029022406038
2460826.2729166667,5082.488217152344,-1772.5975911577852,885.0371832909497
2460826.273611111,5100.30829101259,-1463.1430806866108,1263.4253651272065
2460826.2743055555,5077.095244644307,-1141.927531356221,1631.6120299470704
2460826.275,5013.036191690362,-811.5378507350754,1986.6249523351803
2460826.2756944443,4908.649859784132,-474.63493226183266,2325.5996950892704
2460826.2763888887,4764.781801283495,-133.93157249887204,2645.8031521219136
2460826.277083333,4582.596808976549,207.82992597010298,2944.655813045267
2460826.277777778,4363.568663648707,547.9002512409287,3219.7525668847984
2460826.2784722224,4109.467370308866,883.5454633512944,3468.8818796701066
2460826.279166667,3822.344059864785,1212.0690643522166,3690.043215534299
2460826.279861111,3504.5137450317734,1530.8335800438672,3881.4626004687175
2460826.2805555556,3158.536127239613,1837.28149285521,4041.60625281211
2460826.28125,2787.194652743817,2128.9553843482613,4169.192228497581
2460826.2819444444,2393.4740083021543,2403.5171667964323,4263.200049864145
2460826.282638889,1980.5362430727578,2658.7662949153832,4322.878298878737
2460826.283333333,1551.6956944248686,2892.656862446369,4347.750166756273
2460826.2840277776,1110.3928827857478,3103.3134998045593,4337.616958319101
2460826.284722222,660.1675352865675,3289.045992821709,4292.559550720446
2460826.285416667,204.6308950249249,3448.3625448382427,4212.93780686881
2460826.2861111113,-252.56253285200393,3579.9816065707087,4099.387942902144
2460826.2868055557,-707.7436404239049,3682.8421943989806,3952.8178482454855
2460826.2875,-1157.2576146894955,3756.1126152815555,3774.400359144333
2460826.2881944445,-1597.4928989817975,3799.1975156175467,3565.5644901042697
2460826.288888889,-2024.9100271823002,3811.743169847481,3327.984635622812
2460826.2895833333,-2436.0701207598513,3793.6409266115115,3063.5677686058243
2460826.2902777777,-2827.662823441753,3745.028736864283,2774.438679133455
2460826.290972222,-3196.5334351518686,3666.2906980085313,2462.9233170109223
2460826.292361111,-3854.423007325358,3421.187184613138,1782.9309219825166
2460826.293055556,-4138.138685658142,3256.787882518097,1419.9371611624717
2460826.29375,-4388.570222281518,3066.1797614285074,1045.4789502050876
2460826.2944444446,-4603.702069866674,2850.8990219468405,662.5798323879947
2460826.295138889,-4781.805868527325,2612.6823492549515,274.3318845181569
2460826.2958333334,-4921.454861915707,2353.4524937636284,-116.13005109606186
2460826.296527778,-5021.535633611951,2075.302181271391,-505.65453464791676
2460826.297222222,-5081.257031946842,1780.4765260336305,-891.0998120662681
2460826.2979166666,-5100.156200040228,1471.3541373865683,-1269.359937097111
2460826.298611111,-5078.101670341193,1150.4271289134283,-1637.390459176937
2460826.2993055554,-5015.293527688628,820.2802542598018,-1992.2334123774333
2460826.3,-4912.2606881341435,483.5693944260019,-2331.0413651673252
2460826.300694444,-4769.855381267269,142.99962948002812,-2651.1003047712907
2460826.301388889,-4589.244957424248,-198.69688763644015,-2949.85116771568
2460826.3020833335,-4371.901170382553,-538.7830415718279,-3224.9098500838973
2460826.302777778,-4119.587108354029,-874.5386525795391,-3474.085564285238
2460826.3034722223,-3834.341959596397,-1203.2819848413765,-3695.3974404083674
2460826.3041666667,-3518.463807894979,-1522.3907052895702,-3887.08929659366
2460826.304861111,-3174.4906511790555,-1829.322157037807,-4047.642530495923
2460826.3055555555,-2805.179836829994,-2121.6328256522,-4175.787101368964
2460826.30625,-2413.4860922661696,-2396.996900823944,-4270.51059277152
2460826.3069444443,-2002.538323597746,-2653.2238452160927,-4331.065353780048
2460826.3076388887,-1575.615337172688,-2888.2748985031712,-4356.973725459687
2460826.308333333,-1136.1206299011824,-3100.278449492873,-4348.031359896666
2460826.309027778,-687.5563849259208,-3287.5442135075264,-4304.308638577148
2460826.3097222224,-233.49679723933932,-3448.5761551888613,-4226.150193142207
2460826.310416667,222.43914156915216,-3582.08409080354,-4114.172526788394
2460826.311111111,676.6152737520082,-3686.9939025487424,-3969.2597304034384
2460826.3118055556,1125.4061847012479,-3762.456290147797,-3792.5572851357883
2460826.3125,1565.2252457882555,-3807.853980297832,-3585.463942818503
2460826.3131944444,1992.552624365689,-3822.807309404007,-3349.621682229773
2460826.313888889,2403.9630842561296,-3807.178094711826,-3086.9037452307357
2460826.314583333,2796.15337296471,-3761.0717093283565,-2799.400773759361
2460826.3152777776,3165.9689773077353,-3684.8372832715672,-2489.405085691705
2460826.315972222,3510.43000866786,-3579.06596344519,-2159.393152970854
2460826.316666667,3826.7559690077073,-3444.5871807054705,-1812.0063698951137
2460826.3173611113,4112.389135906937,-3282.4628936013205,-1450.0302327647503
2460826.3180555557,4365.016308081554,-3093.97980151813,-1076.3720777392493
2460826.31875,4582.588651881645,-2880.639550613667,-694.0375606183323
2460826.3194444445,4763.339408113827,-2644.146983514298,-306.10608360316024
2460826.320138889,4905.799233429301,-2386.39651912462,84.29459308090077
2460826.3208333333,5008.8089830498175,-2109.456776392333,474.0143037738364
2460826.3215277777,5071.529772000069,-1815.5535890245083,859.9067222300635
2460826.322222222,5093.450193325533,-1507.0515839391692,1238.8556208075645
2460826.3229166665,5074.390614435274,-1186.4345160690507,1607.800867867009
2460826.323611111,5014.5045162401975,-856.2845748645059,1963.7638859948422
2460826.324305556,4914.276886147312,-519.2608861789898,2303.8723110624687
2460826.325,4774.519716058777,-178.07743459220177,2625.3836140576086
2460826.3256944446,4596.36469947077,164.51935521888714,2925.707456787955
2460826.326388889,4381.25325053112,505.77316495057585,3202.4265997536886
2460826.3270833334,4130.924001176557,842.9402362514611,3453.3161912046367
2460826.327777778,3847.3979488367695,1173.3115382949077,3676.3613090503454
2460826.328472222,3532.9614441751664,1494.2344663359597,3869.7726497074864
2460826.3291666666,3190.1472139518273,1803.1339102982602,4032.000287918123
2460826.329861111,2821.713614838345,2097.5325510808766,4161.745454632277
2460826.3305555554,2430.622312046359,2375.0702585319264,4257.970298654067
2460826.33125,2020.014566279779,2633.5224835646036,4319.905613960421
2460826.331944444,1593.1863097133526,2870.817545304185,4347.056523171952
2460826.332638889,1153.5621719645437,3085.0527309854924,4339.206115942757
2460826.334027778,250.10637702024565,3437.66508410401,4219.031053162922
2460826.3347222223,-206.47776771316967,3573.2083040980365,4107.666513409118
2460826.3354166667,-661.4195309956425,3680.0463593736467,3963.2138425286294
2460826.336111111,-1111.0659957857529,3757.315672580145,3786.828927023804
2460826.3368055555,-1551.8045430822963,3804.388807028197,3579.9244820035624
2460826.3375,-1980.0916769001162,3820.880004258619,3344.1593840409582
2460826.3381944443,-2392.481537437897,3806.6488831722904,3081.425997186922
2460826.3388888887,-2785.653874126887,3761.8022227938686,2793.8355362977477
2460826.339583333,-3156.4412439355515,3686.6937610756854,2483.7015283582678
2460826.340277778,-3501.8551770052622,3581.9219567155847,2153.5214641290436
2460826.3409722224,-3819.111051683967,3448.3256802147116,1805.9567556658585
2460826.341666667,-4105.651416055941,3286.9778227094066,1443.8111449175512
2460826.342361111,-4359.167491494288,3099.1768411035637,1070.0077451377322
2460826.3430555556,-4577.61861373688,2886.436285410889,687.5649173229746
2460826.34375,-4759.2493819020465,2650.472385725571,299.5712120709495
2460826.3444444444,-4902.604310739777,2393.1898101206534,-90.84036771485454
2460826.345138889,-5006.539818278659,2116.6657320283753,-480.5185178577493
2460826.345833333,-5070.233417217864,1823.132373834014,-866.3199206880123
2460826.3465277776,-5093.1900206760665,1514.9582184231194,-1245.1353882869182
2460826.347222222,-5075.245318497343,1194.6280951377587,-1613.9155896539273
2460826.347916667,-5016.566223901297,864.7223645095576,-1969.6960948895182
2460826.3486111113,-4917.64843484822,527.8954282977685,-2309.6214933047986
2460826.3493055557,-4779.311192990839,186.85379227918776,-2630.9683639646983
2460826.35,-4602.689360001327,-155.666091159432,-2931.1668994624706
2460826.3506944445,-4389.222958440283,-496.9199913007994,-3207.821020913196
2460826.351388889,-4140.644347476265,-834.1778784170862,-3458.726847239597
2460826.3520833333,-3858.963220345447,-1164.7455319874525,-3681.8894128494876
2460826.3527777777,-3546.449613854834,-1485.9856213739383,-3875.537560625094
2460826.353472222,-3205.615128087018,-1795.3381137675403,-4038.136955604816
2460826.3541666665,-2839.1925453209956,-2090.3398914376685,-4168.401192019717
2460826.354861111,-2450.114027832854,-2368.6434770044934,-4265.300980979633
2460826.355555556,-2041.4880705342398,-2628.0347748721806,-4328.071415444057
2460826.35625,-1616.575360752039,-2866.449758224763,-4356.217320379762
2460826.3569444446,-1178.7636918774872,-3081.9900325963686,-4349.5166946644395
2460826.357638889,-731.542069763069,-3272.9372113395757,-4308.022251626362
2460826.3583333334,-278.47413362191,-3437.766044256713,-4232.061061704219
2460826.359027778,176.82897593379064,-3575.156231390615,-4122.232295994933
2460826.359722222,630.7361808425214,-3684.0028560741207,-3979.4030646694205
2460826.3604166666,1079.624324415246,-3763.425361121393,-3804.702341712147
2460826.361111111,1519.9061770946366,-3812.7749879304993,-3599.512969024739
2460826.3618055554,1948.0584330334755,-3831.6405950784692,-3365.4617342163497
2460826.3625,2360.6495120928835,-3819.8527688870686,-3104.4075293765804
2460826.363194444,2754.366973912199,-3777.486141542707,-2818.427606998829
2460826.363888889,3126.044322018799,-3704.8598366187803,-2509.801971935437
2460826.3645833335,3472.686961184883,-3602.535973536375,-2180.9959714207052
2460826.365277778,3791.49706216668,-3471.31617654046,-1834.6411676687767
2460826.3659722223,4079.897071749178,-3312.2360546854056,-1473.5146122603142
2460826.3666666667,4335.551606994749,-3126.5576440115756,-1100.5166703057496
2460826.367361111,4556.387478013322,-2915.7598300711884,-718.6475709533015
2460826.3680555555,4740.611592141194,-2681.5268018407546,-330.9828944247082
2460826.36875,4886.726517258911,-2425.7346160873853,59.35177623936002
2460826.3694444443,4993.5435035278815,-2150.4359876393005,449.20678067991275
2460826.3701388887,5060.192801193341,-1857.8434462069301,835.4346193072939
2460826.370833333,5086.131147442673,-1550.311033302924,1214.916221694475
2460826.371527778,5071.146340904592,-1230.3147284488418,1584.5869717737057
2460826.3722222224,5015.358864108605,-900.4318194375205,1941.4622109384666
2460826.372916667,4919.2205610261135,-563.3194395477134,2282.6619583428437
2460826.373611111,4783.510417925692,-221.6924989438125,2605.434606894489
2460826.3743055556,4609.327536662537,121.69875550207787,2907.179369439736
2460826.3756944444,4151.479738729011,802.7320119430316,3438.060615526161
2460826.376388889,3871.5136969218097,1134.8996244596672,3662.9305084774437
2460826.377083333,3560.4412755166654,1457.9268451550865,3858.2728030186468
2460826.3777777776,3220.768455696033,1769.2214043729457,4022.5219178766083
2460826.378472222,2855.2286731168124,2066.2865312950485,4154.362757010501
2460826.379166667,2466.760677122087,2346.740516303596,4252.740601144095
2460826.3798611113,2058.4849845045374,2608.3352784159956,4316.868964868118
2460826.3805555557,1633.6791025002726,2848.9738417258773,4346.235411012264
2460826.38125,1195.751688641585,3066.7266324116335,4340.60531886792
2460826.3819444445,748.2158108024537,3259.846512995243,4300.023606263029
2460826.382638889,294.6614556593852,3426.7824787821733,4224.814405973703
2460826.3833333333,-161.27255491036271,3566.191934932898,4115.578695834822
2460826.3840277777,-615.9270888498008,3676.951476716661,3973.189881191241
2460826.384722222,-1065.6515042921862,3758.166089032703,3798.7873298054737
2460826.3854166665,-1506.8325513238499,3809.1766807235927,3593.7678634190347
2460826.386111111,-1935.923187355851,3829.5658681458776,3359.775217385033
2460826.386805556,-2349.47110242451,3819.1619235661224,3098.687490987617
2460826.3875,-2744.146726793238,3778.040809068883,2812.6026319661096
2460826.3881944446,-3116.7704871102897,3706.5262271323413,2503.8220153395137
2460826.388888889,-3464.3390595827204,3605.1876316561193,2174.8322027608356
2460826.3895833334,-3784.0503548538522,3474.8361637532066,1828.2850015798874
2460826.390277778,-4073.326975401685,3316.518498504199,1466.9759652651378
2460826.390972222,-4329.83788267394,3131.508616679313,1093.8215119417928
2460826.3916666666,-4551.518024375869,2921.297545436515,711.8348652589281
2460826.392361111,-4736.585691385328,2687.581143112794,324.10104688055446
2460826.3930555554,-4883.557399678972,2432.2460340713137,-66.24882952640974
2460826.39375,-4991.260123671731,2157.35383131056,-456.06369438554634
2460826.394444444,-5058.840746444825,1865.123813078793,-842.1988099780543
2460826.395138889,-5085.772635912829,1557.9142375987944,-1221.5419367370312
2460826.3958333335,-5071.859296367046,1238.2025096784869,-1591.039094132344
2460826.396527778,-5017.235093860035,908.5644150908007,-1947.7196591184816
2460826.3972222223,-4922.363094551416,571.6526533939589,-2288.720551857027
2460826.3979166667,-4788.0300966022605,230.1748979365955,-2611.3092854257297
2460826.398611111,-4615.33897068453,-113.12839392509422,-2912.9056834919
2460826.3993055555,-4405.698456673348,-455.506201102816,-3191.1020937851777
2460826.4,-4160.810580737531,-794.2189979577469,-3443.6819679667647
2460826.4006944443,-3882.6558817322216,-1126.56045972402,-3668.636692283048
2460826.4013888887,-3573.4766346814913,-1449.878659721688,-3864.1805981777597
2460826.402083333,-3235.7582682464285,-1761.5966110190363,-4028.7640963874132
2460826.402777778,-2872.2091665723256,-2059.2320307533155,-4161.084904801036
2460826.4034722224,-2485.7390353765873,-2340.416224512422,-4260.0973571707145
2460826.404166667,-2079.4360062909086,-2602.9119989100477,-4325.01978930486
2460826.404861111,-1656.542634854044,-2844.630528109521,-4355.340009213156
2460826.4055555556,-1220.430939094644,-3063.6471048808776,-4350.8188583674255
2460826.40625,-774.5766157036546,-3258.2157118727487,-4311.491871191496
2460826.4069444444,-322.5325585264003,-3426.7823522094427,-4237.669036350673
2460826.407638889,132.09819116894332,-3567.997072460418,-4129.932658848221
2460826.408333333,585.6899404399918,-3680.7246108154927,-3989.1333170662474
2460826.4090277776,1034.6221485628637,-3764.0535939966453,-3816.3839072011815
2460826.409722222,1475.3073981107,-3817.304203753636,-3613.0517662136067
2460826.410416667,1904.2193717383166,-3840.0342272270736,-3380.748869191838
2460826.4111111113,2317.920656335337,-3832.0434039617694,-3121.3201057429565
2460826.4118055557,2713.090177580689,-3793.3759835575534,-2836.8296531206774
2460826.4125,3086.550049223309,-3724.3214127430283,-2529.5454812658836
2460826.4131944445,3435.2915998894714,-3625.413080917599,-2201.9220505421513
2460826.413888889,3756.5003306848575,-3497.4250679756906,-1856.581286552645
2460826.4145833333,4047.579543403991,-3341.366858580391,-1496.2919488835068
2460826.4152777777,4306.172379751582,-3158.476010389624,-1123.9475379021367
2460826.415972222,4530.182013621139,-2950.2087913676487,-742.5429153536334
2460826.417361111,4867.470785141124,-2464.3938943550656,35.10828679178178
2460826.418055556,4978.007497735917,-2190.740785791693,425.0824269944732
2460826.41875,5048.49997955677,-1899.4687010641985,811.6240274986133
2460826.4194444446,5078.373803724032,-1592.921015097819,1191.6113527915138
2460826.420138889,5067.384866955221,-1273.565806920208,1561.9755236244068
2460826.4208333334,5015.62128977998,-943.9752952064314,1919.7260627061642
2460826.421527778,4923.502373164371,-606.804411519085,2261.97567484734
2460826.422222222,4791.774657241845,-264.7687436543069,2585.9640133239923
2460826.4229166666,4621.505166956304,79.37792281875895,2889.080212738056
2460826.423611111,4414.071964366533,422.866237931748,3168.883991018586
2460826.4243055554,4171.152155999303,762.933880222277,3423.125154123023
2460826.425,3894.7075265366548,1096.8479064658554,3649.7613659488256
2460826.425694444,3586.9679830115806,1421.9266755479648,3846.974077720582
2460826.426388889,3250.4130018413853,1735.5611807890587,4013.1825365588556
2460826.4270833335,2887.7512789997722,2035.2356389383083,4147.05581469256
2460826.427777778,2501.8987680381338,2318.547214706643,4247.522828000291
2460826.4284722223,2095.955299125244,2583.224760736774,4313.780319334532
2460826.4291666667,1673.1799500602208,2827.1464790351947,4345.29879973233
2460826.429861111,1236.9653408394367,3048.356411508184,4341.8264430110985
2460826.4305555555,790.811009195863,3245.079678753415,4303.3909341976305
2460826.43125,338.2960236977929,3415.736386634703,4230.299271990997
2460826.4319444443,-116.94901546699018,3558.9541230779632,4123.135524731373
2460826.4326388887,-571.2704326721873,3673.578964032713,3982.7565381517625
2460826.433333333,-1021.0202223700346,3758.684904166468,3810.2855964984424
2460826.434027778,-1462.5849210747788,3813.581629645942,3607.1040378154335
2460826.4347222224,-1892.4144079611924,3837.82054343763,3374.8408373920756
2460826.435416667,-2307.0504381054466,3831.198959605065,3115.36017969733
2460826.436111111,-2703.1546821173224,3793.762385224675,2830.747060455481
2460826.4368055556,-3077.536037224351,3725.804819128645,2523.2909788148386
2460826.4375,-3427.176960418285,3627.8670093690725,2195.467803768885
2460826.4381944444,-3749.2585598163587,3500.73263075165,1849.919931152729
2460826.438888889,-4041.1841824273315,3345.422366620517,1489.434873479187
2460826.439583333,-4300.6012373165795,3163.185905743736,1116.922455962434
2460826.4402777776,-4525.421004462287,2955.491893840176,735.39081897257
2460826.440972222,-4713.836192537167,2724.0159148809344,347.92146106748316
2460826.441666667,-4864.336043643469,2470.626602391594,-42.35643506676811
2460826.4423611113,-4975.718805893415,2197.3700173807024,-432.2921227008335
2460826.4430555557,-5047.101436897663,1906.452455838895,-818.7395809330379
2460826.44375,-5077.926442922009,1600.221870666119,-1198.5836977080523
2460826.4444444445,-5067.965800734759,1281.148117086358,-1568.7660664838177
2460826.445138889,-5017.321955827446,951.8022395635581,-1926.3101346969725
2460826.4458333333,-4926.4259328759435,614.83502924958,-2268.3454545731597
2460826.4465277777,-4796.032635510818,272.9550819981927,-2592.1308104205473
2460826.447222222,-4627.213448568031,-71.09341729200709,-2895.076023256425
2460826.4479166665,-4421.346284667434,-414.55297020640717,-3174.7622650186563
2460826.448611111,-4180.10324202669,-754.6748957330876,-3428.9607408033908
2460826.449305556,-3905.4360561045496,-1088.7411325474216,-3655.649631405186
2460826.45,-3599.559535414576,-1414.0855489915098,-3853.0292174347915
2460826.4506944446,-3264.933175388932,-1728.1146152312565,-4019.5351302931263
2460826.451388889,-2904.2411422104824,-2028.3273114377898,-4153.849697403757
2460826.4520833334,-2520.370806111509,-2312.3341684716816,-4254.911368703716
2460826.452777778,-2116.3899961400884,-2577.875348988365,-4321.922220720022
2460826.453472222,-1695.5231386913572,-2822.837688698574,-4354.353542837737
2460826.4541666666,-1261.126418662824,-3045.270633560708,-4351.94951510475
2460826.454861111,-816.6621065414874,-3243.4010031260614,-4314.728983019454
2460826.4555555554,-365.6721758245976,-3415.646519678863,-4242.985334151065
2460826.45625,88.2486648570189,-3560.628037788339,-4137.284475250519
2460826.456944444,541.4803961780763,-3677.180403754136,-3998.4609048740917
2460826.457638889,990.4054381868514,-3764.3618707517976,-3827.6118733849803
2460826.459027778,1861.0449472696464,-3848.007883606276,-3395.491695914114
2460826.4597222223,2275.78778216671,-3843.768837205061,-3137.649335255874
2460826.4604166667,2672.335918425942,-3808.759081262819,-2854.6139620359286
2460826.461111111,3047.5006613799487,-3743.2387225512466,-2548.641794500586
2460826.4618055555,3398.2598799665143,-3647.7127266957336,-2222.1766515077006
2460826.4625,3721.7830542050683,-3522.9279018110497,-1877.8310258796228
2460826.4631944443,4015.4550167318894,-3369.8678439517766,-1518.3655446278794
2460826.4638888887,4276.898130628978,-3189.745828961473,-1146.6669570654929
2460826.464583333,4503.9926438152,-2983.995663788841,-765.7248265381064
2460826.465277778,4694.8949720661085,-2754.26054153391,-378.60713085866144
2460826.4659722224,4848.053683936985,-2502.379973890868,11.565002009756919
2460826.466666667,4962.222982396516,-2230.374910879109,401.6431672645282
2460826.467361111,5036.473515569011,-1940.4311828244474,788.4779034029573
2460826.4680555556,5070.200382489829,-1634.8814333037537,1168.9449778839826
2460826.46875,5063.128244972418,-1316.1857320351098,1539.971460671217
2460826.4694444444,5015.313499489128,-986.9110757584903,1898.5613115577949
2460826.470138889,4927.1435078021,-649.7100021735932,2241.8202142388477
2460826.470833333,4799.332928152419,-307.2985437145379,2566.979414074343
2460826.4715277776,4632.917228832966,37.566245180874915,2871.418332548665
2460826.472222222,4429.243501547812,382.1089608744547,3152.68576146908
2460826.472916667,4189.958718223946,723.5585100321666,3408.5194713320416
2460826.4736111113,3916.995604297885,1059.1705444292252,3636.8640886793096
2460826.4743055557,3612.556305587323,1386.2494952876082,3835.8871420012497
2460826.475,3279.0940484551493,1702.170028259805,4003.9931863436695
2460826.4756944445,2919.2929815513794,2004.3977786949981,4139.835955640055
2460826.476388889,2536.046396177699,2290.509230473532,4242.328501955358
2460826.4770833333,2132.4335069628833,2558.210627901269,4310.65130272523
2460826.4777777777,1711.6949725222273,2805.35581728977,4344.258324521784
2460826.478472222,1277.2073237834793,3029.962928415559,4342.881040651649
2460826.4791666665,832.4564560779675,3230.22981415524,4306.530402293586
2460826.479861111,381.01034624000204,3404.5481643785756,4235.4967632526295
2460826.480555556,-73.50886064263997,3551.5162186544767,4130.347757977431
2460826.48125,-527.4532343597526,3669.949993740688,3991.9241318243135
2460826.4819444446,-977.177754670774,3758.892943743492,3821.333523084688
2460826.482638889,-1419.0691446805724,3817.623966079526,3619.942200316747
2460826.4833333334,-1849.5746580191872,3845.6636660649515,3389.364764918767
2460826.484027778,-2265.230615990763,3842.7787933220093,3131.4518414602235
2460826.484722222,-2662.690474837615,3808.984768345818,2848.2757946153824
2460826.4854166666,-3038.7521896913404,3744.546225944568,2542.1145301961287
2460826.486111111,-3390.384620679364,3649.9755160919917,2215.433467489956
2460826.4868055554,-3714.7527261514533,3526.0291205639037,1870.8657918150313
2460826.4875,-4009.241276463805,3373.7019667873747,1511.1911306807056
2460826.488194444,-4271.476827299122,3194.219647166024,1139.3128252280353
2460826.488888889,-4499.347701793426,2989.028580999554,758.2339962084636
2460826.4895833335,-4691.021745231823,2759.784189440431,371.0326338866889
2460826.490277778,-4844.961645359512,2508.3371823987823,-19.16404348100322
2460826.4909722223,-4959.937637440704,2236.7180914497226,-409.20569288207366
2460826.4916666667,-5035.037454504582,1947.1202089834896,-795.945136535618
2460826.492361111,-5069.673423885066,1641.8811164718902,-1176.2645620963835
2460826.4930555555,-5063.586653130573,1323.463010390968,-1547.1013520805475
2460826.49375,-5016.848295565942,994.4320425363478,-1905.473280663411
2460826.4944444443,-4929.857927954003,657.4369049269285,-2248.502825793713
2460826.4951388887,-4803.3391137234,315.18688731729196,-2573.44037197946
2460826.495833333,-4638.332261818167,-29.57036398452273,-2877.686100514404
2460826.496527778,-4436.184921161069,-374.0711703896921,-3158.8103974785354
2460826.4972222224,-4198.5396752743945,-715.5580234238136,-3414.572637421188
2460826.497916667,-3927.3198166760103,-1051.3014806296394,-3642.938233944253
2460826.498611111,-3624.712992962857,-1378.621585168713,-3842.093873681705
2460826.4993055556,-3293.1530163421417,-1694.908664585901,-4010.4608802236244
2460827.5,1494.6693266364543,2933.0258407888064,4336.572430320649
2460827.5006944444,1069.4326642648298,3171.072503942302,4294.685694084632
2460827.501388889,635.5871453402951,3383.61914053784,4218.173543483327
2460827.502083333,196.61724472989283,3568.9551655754485,4107.648095685292
2460827.5027777776,-243.95033678850163,3725.586783967715,3963.9941259845964
2460827.503472222,-682.5744292940107,3852.2491238442394,3788.362509462247
2460827.504166667,-1115.7274206523143,3947.916715567394,3582.161614088093
2460827.5048611113,-1539.9233754880875,4011.8122112385686,3347.04665640512
2460827.5055555557,-1951.7460475072885,4043.4132383159276,3084.9070448270622
2460827.50625,-2347.8765711298693,4042.457285545374,2797.851752213402
2460827.5069444445,-2725.12060081512,4008.944527280812,2488.192781350441
2460827.507638889,-3080.434654465941,3943.1385048715138,2158.4268101411244
2460827.5083333333,-3410.951401128609,3845.564601858559,1811.2151354681437
2460827.5090277777,-3714.0036310794553,3717.0062736726873,1449.3620631301794
2460827.509722222,-3987.146649354836,3558.499018832548,1075.7919184400016
2460827.5104166665,-4228.178837293158,3371.322110583143,693.5248849748227
2460827.511111111,-4435.160143830965,3156.9881422215262,305.65190448003074
2460827.511805556,-4606.428294753929,2917.230470239894,-84.69111411225053
2460827.5125,-4740.612530736161,2653.9886784371843,-474.3495018667405
2460827.5131944446,-4836.644727025362,2369.3922127423334,-860.1761795469714
2460827.513888889,-4893.767783430028,2065.742366632124,-1239.0578686257318
2460827.5145833334,-4911.541216202191,1745.4928220162508,-1607.9408855928132
2460827.515277778,-4889.843928052777,1411.228965014351,-1963.8562574835757
2460827.515972222,-4828.874173710955,1065.646208820315,-2303.943911838388
2460827.5166666666,-4729.146779143703,711.5275633394165,-2625.4757151227877
2460827.517361111,-4591.487707847381,351.72068459627377,-2925.877166327708
2460827.5180555554,-4417.026098547062,-10.88536423191165,-3202.7475759469517
2460827.51875,-4207.183921737394,-373.38342557497214,-3453.878596442752
2460827.519444444,-3963.6634219872835,-732.871429865665,-3677.2709961443306
2460827.520138889,-3688.4325168201153,-1086.4752732482375,-3871.149604842546
2460827.5208333335,-3383.708338180315,-1431.3712176288072,-4033.976372275486
2460827.521527778,-3051.939085642176,-1764.8076835466043,-4164.461517305158
2460827.5222222223,-2695.784369090231,-2084.1263034621197,-4261.5727490542995
2460827.5229166667,-2318.094193924405,-2386.7821381509953,-4324.542562810289
2460827.523611111,-1921.8867464204232,-2670.3629552957404,-4352.873613063911
2460827.5243055555,-1510.3251090213098,-2932.6074948435826,-4346.34217427946
2460827.525,-1086.693037939778,-3171.422639193104,-4304.999694572995
2460827.5256944443,-654.3699255876015,-3384.899412044528,-4229.172446551091
2460827.5263888887,-216.80505916371138,-3571.327731640313,-4119.4592733151785
2460827.527083333,222.50869700968934,-3729.209831072322,-3976.727424663164
2460827.527777778,660.0616758227503,-3857.2722601173837,-3802.106474558781
2460827.5284722224,1092.3545004848315,-3954.4763714799187,-3596.9803113131275
2460827.529166667,1515.9253409420212,-4020.0271886206547,-3362.977198462017
2460827.529861111,1927.3771709874081,-4053.3805510772418,-3101.957908406707
2460827.5305555556,2323.4048319687176,-4054.2484288209516,-2816.0019492545025
2460827.53125,2700.82169446816,-4022.602302872622,-2507.3919226460725
2460827.5319444444,3056.5856917720503,-3958.674517349372,-2178.5960723651892
2460827.532638889,3387.8244807006054,-3862.9575215497157,-1832.2491120895797
2460827.533333333,3691.8594759607927,-3736.2009397345287,-1471.1314488673058
2460827.5340277776,3966.2284952468294,-3579.406431795764,-1098.146953837745
2460827.534722222,4208.706761213888,-3393.820333887806,-716.2994539514307
2460827.535416667,4417.326005462893,-3180.9241036145568,-328.6681583850685
2460827.5361111113,4590.391444903889,-2942.422624424294,61.61775181888201
2460827.5368055557,4726.496418165434,-2680.2304616521756,451.4051132331932
2460827.5375,4824.534503121719,-2396.456195342648,837.543079136663
2460827.5381944445,4883.7089725545475,-2093.384983654897,1216.9094530133016
2460827.538888889,4903.539482194748,-1773.4595467312836,1586.4367682123018
2460827.5395833333,4883.865932323688,-1439.259769008415,1943.137850342327
2460827.5402777777,4824.849482901176,-1093.4811547151094,2284.1305860795483
2460827.540972222,4726.970747032558,-738.9123601072374,2606.661666668018
2460827.5416666665,4591.025226306514,-378.4120524538226,2908.1290728631
2460827.542361111,4418.11608521167,-14.885324715620035,3186.1031156907547
2460827.543055556,4209.644393173572,348.7400978755113,3438.3458620510387
2460827.54375,3967.2969839401712,709.5376442004942,3662.828813113757
2460827.5444444446,3693.0320983903953,1064.6054739437564,3857.748729473553
2460827.545138889,3389.0629885656303,1411.0896575642532,4021.541523359451
2460827.5458333334,3057.839660064347,1746.2067972856441,4152.894165693262
2460827.546527778,2702.0289342168467,2067.265937506453,4250.754571242662
2460827.547222222,2324.492999607055,2371.6896378267375,4314.339444433432
2460827.5479166666,1928.2666201970578,2657.0340896742887,4343.1400756171
2460827.548611111,1516.5331582301687,2921.0081704360264,4336.926085437845
2460827.5493055554,1092.5995597745093,3161.4913382016066,4295.7471175930405
2460827.55,659.870450848267,3376.5502701027967,4219.932480011119
2460827.550694444,221.82148609916632,3564.454150883358,4110.088733934289
2460827.551388889,-218.02790198525048,3723.6885140365835,3967.0952297519234
2460827.5520833335,-656.1421996305518,3852.9675354488895,3792.0975897833205
2460827.552777778,-1088.9977905918113,3951.244676126443,3586.499141595811
2460827.5534722223,-1513.1110375493677,4017.721567208529,3351.9503136316257
2460827.5541666667,-1925.0662689805904,4051.8550305986882,3090.336018048791
2460827.554861111,-2321.5434597228946,4053.3621325727636,2803.7610612803664
2460827.5555555555,-2699.345375497988,4022.223174547295,2494.5336439429843
2460827.55625,-3055.4239308912356,3958.6825385252087,2165.1470421062663
2460827.5569444443,-3386.905512038279,3863.247322454237,1818.25958072212
2460827.5576388887,-3691.1149950034396,3736.683724108403,1456.673050918964
2460827.558333333,-3965.598202296691,3580.0111593632178,1083.3097448373164
2460827.559027778,-4208.142543810038,3394.494131077411,701.1883124696342
2460827.5597222224,-4416.795600744839,3181.6319009162244,313.39867581922925
2460827.560416667,-4589.881441044647,2943.1460464293677,-76.92375309073482
2460827.561111111,-4726.014476323499,2680.9660241091847,-466.62427721389787
2460827.5618055556,-4824.110710259895,2397.2128886029745,-852.555265960047
2460827.5625,-4883.396266792187,2094.181345788993,-1231.6023741687231
2460827.5631944444,-4903.413127482219,1774.3203431910865,-1600.7103508287487
2460827.563888889,-4884.022051877672,1440.2124188250039,-1956.908172482097
2460827.564583333,-4825.402697346629,1094.5520404795902,-2297.33325492547
2460827.5652777776,-4728.050993681864,740.1231705440781,-2619.254521343988
2460827.565972222,-4592.773865233491,379.7762990037024,-2920.094123720668
2460827.566666667,-4420.681422545625,16.405168681952638,-3197.4476560146804
2460827.5673611113,-4213.17676934411,-347.0765881861196,-3449.1027205242135
2460827.5680555557,-3971.943591584954,-707.7586955485508,-3673.0557381652297
2460827.56875,-3698.9316984941206,-1062.7571868871785,-3867.5269316022514
2460827.5694444445,-3396.340698002891,-1409.2368953000375,-4030.9734234828225
2460827.570138889,-3066.601981627427,-1744.4333413397098,-4162.10042265555
2460827.5708333333,-2712.3591866326274,-2065.673896729348,-4259.870485434954
2460827.5715277777,-2336.447299231224,-2370.3981130755533,-4323.510848572067
2460827.572222222,-1941.8705469075082,-2656.1771239649097,-4352.5188407706355
2460827.5729166665,-1531.7792142959145,-2920.732038860142,-4346.665380831293
2460827.573611111,-1109.4455156981212,-3161.951246365227,-4305.996568510444
2460827.574305556,-678.2386408884851,-3377.9065536534436,-4230.833372227624
2460827.575,-241.5990931577058,-3566.8680823161967,-4121.7694119344615
2460827.5756944446,196.98756023928402,-3727.3178371315817,-3979.666831943105
2460827.576388889,634.0174019847312,-3857.961859324371,-3805.6502551429294
2460827.5770833334,1065.9952073927159,-3957.7408676661275,-3601.0988098844477
2460827.577777778,1489.4616619079202,-4025.8392839258004,-3367.6362268238245
2460827.578472222,1901.0205886593621,-4061.6925372336746,-3107.1190090159434
2460827.5791666666,2297.3659967668477,-4064.992538874012,-2821.622693514282
2460827.579861111,2675.3087399701085,-4035.6912228957526,-2513.426242916611
2460827.5805555554,3031.8025587776647,-3974.0020570725187,-2184.9946278647226
2460827.58125,3363.969269358611,-3880.3994405184303,-1838.959682213115
2460827.581944444,3669.122833617139,-3755.6159257046274,-1478.0993575891391
2460827.582638889,3944.7920625141624,-3600.637223518052,-1105.3155144578232
2460827.5833333335,4188.741684709403,-3416.694982297791,-723.6104370594821
2460827.584027778,4398.991535639259,-3205.257360437316,-336.0622743292717
2460827.5847222223,4573.833631342881,-2968.017447224722,54.20035927083724
2460827.5854166667,4711.846915243705,-2706.8796223149016,444.0243672327596
2460827.586111111,4811.909497653553,-2423.9439774819584,830.2584694830488
2460827.5868055555,4873.208243305012,-2121.488954545671,1209.7795391216487
2460827.5875,4895.245600587383,-1801.9523841673997,1579.5186945708729
2460827.5881944443,4877.843610030009,-1467.911130365917,1936.4868738462235
2460827.5888888887,4821.14507169317,-1122.05956511961,2277.799626553751
2460827.589583333,4725.611894177635,-767.1871093986795,2600.7008770972643
2460827.590277778,4592.020685970256,-406.15507596740855,2902.5854411781825
2460827.5909722224,4421.455686005874,-41.8730567787979,3181.020095620785
2460827.591666667,4215.299160165267,322.7249147895806,3433.7630372633876
2460827.592361111,3975.219410569197,684.7042116641219,3658.781598150697
2460827.5930555556,3703.156565745944,1041.1532612892622,3854.268106441271
2460827.59375,3401.306324115198,1389.2068136386758,4018.6538179188597
2460827.5944444444,3072.101833368515,1726.0686567625255,4150.620860251838
2460827.595138889,2718.193878078022,2049.033637719471,4249.112158464199
2460827.595833333,2342.4295538708143,2355.5088501146915,4313.339318624364
2460827.5965277776,1947.82958859858,2643.033875840163,4342.788463109341
2460827.597222222,1537.5644705369068,2909.2999712073524,4337.224013491376
2460827.597916667,1114.9295314356534,3152.168099772527,4296.690421490219
2460827.5986111113,683.3191316764115,3369.6857144577084,4221.51184816972
2460827.5993055557,246.20008806430812,3560.102195383177,4112.289790600045
2460827.6,-192.91550431843203,3721.8828433176645,3969.8986557435915
2460827.6006944445,-630.4979108860772,3853.7213315250942,3795.479279875041
2460827.601388889,-1063.0276853504479,3954.550507858217,3590.4303989907075
2460827.6020833333,-1487.0237117534139,4023.551441921297,3356.3980814485676
2460827.6027777777,-1899.0711674906227,4060.1606098122434,3095.263145361283
2460827.603472222,-2295.8491899324504,4064.075111206767,2809.1266038753442
2460827.6041666665,-2674.158021271304,4035.2558229716133,2500.2931982513815
2460827.604861111,-3030.9453822290775,3973.928405033921,2171.253109480407
2460827.605555556,-3363.331825074832,3880.5820919232233,1824.6619592710213
2460827.60625,-3668.6347961076253,3755.966227353017,1463.3192528360737
2460827.6069444446,-3944.391152331796,3601.084525600694,1090.145434505032
2460827.607638889,-4188.377876078232,3417.1870748187016,708.1577624924097
2460827.6083333334,-4398.6307480924115,3205.7601315368156,320.4452343844761
2460827.609027778,-4573.460763668317,2968.5137888260924,-69.85718630873743
2460827.609722222,-4711.46810289379,2707.3676363460986,-459.5947723517747
2460827.6104166666,-4811.553503192669,2424.4345605975104,-845.6193877278424
2460827.611111111,-4872.926919828205,2122.002864045124,-1224.815713332879
2460827.6118055554,-4895.113403244292,1802.5169044315762,-1594.1270680355926
2460827.6125,-4877.956164881629,1468.5564758441608,-1950.5805585326998
2460827.613194444,-4821.616845804669,1122.8151603879312,-2291.3113143751275
2460827.613888889,-4726.573042494877,768.0778945385557,-2613.5855768076326
2460827.6145833335,-4593.613179558641,407.19797967979355,-2914.822451805599
2460827.615277778,-4423.828850984852,43.07377444578914,-3192.614151982895
2460827.6159722223,-4218.604775332184,-321.37471562065974,-3444.74459385254
2460827.6166666667,-3979.6065258454814,-683.2291504386634,-3669.206244960467
2460827.617361111,-3708.7662118357885,-1039.5958798621132,-3864.2151388394527
2460827.6180555555,-3408.2662862326424,-1387.6285215112398,-4028.2240095693996
2460827.61875,-3080.5216570301973,-1724.549944894388,-4159.933513193973
2460827.6194444443,-2728.160270832729,-2047.6735390904526,-4258.301523631597
2460827.6201388887,-2354.002329388163,-2354.42365490608,-4322.550500807307
2460827.620833333,-1961.0382881071491,-2642.355127246455,-4352.172936644564
2460827.621527778,-1552.405772822292,-2909.1717941221864,-4346.934887082288
2460827.6222222224,-1131.365544248186,-3152.743931974089,-4306.877596831745
2460827.622916667,-701.2766288023014,-3371.124531609403,-4232.317220555891
2460827.623611111,-265.5707344218915,-3562.5643348202893,-4123.842639219677
2460827.6243055556,172.27393087513863,-3725.525548666653,-3982.311366056054
2460827.625,608.7593126066507,-3858.694147239632,-3808.8435339041416
2460827.6256944444,1040.3945003957265,-3960.9906641384146,-3604.81395582955
2460827.626388889,1463.7229068238057,-4031.579372779717,-3371.8422542097705
2460827.627083333,1875.3494652827815,-4069.875746463897,-3111.781063164117
2460827.6277777776,2271.967659334704,-4075.5520897952033,-2826.702322654409
2460827.628472222,2650.386176720348,-4048.541236091712,-2518.881700649751
2460827.629166667,3007.554960813467,-3989.0382133385338,-2190.7812039201813
2460827.6298611113,3340.5904198154726,-3897.4997942305185,-1845.0300619580983
2460827.6305555557,3646.799535379958,-3774.6418655582447,-1484.4040042223494
2460827.63125,3923.7026141329043,-3621.4345759222006,-1111.8030758832028
2460827.6319444445,4169.054424102504,-3439.0952479947455,-730.2281683385713
2460827.632638889,4380.863462620528,-3229.0790754474588,-342.7564746164417
2460827.6333333333,4557.409122205965,-2993.0676577221025,47.48389863325283
2460827.6340277777,4697.256543107812,-2732.9554601693085,437.33990954955107
2460827.634722222,4799.268969972087,-2450.8343217773363,823.6598799357537
2460827.6354166665,4862.617465848626,-2148.976164761157,1203.3198357026395
2460827.636111111,4886.787876710329,-1829.8140883390197,1573.2496083613673
2460827.636805556,4871.584981873797,-1495.9220519706314,1930.4584226039776
2460827.6375,4817.133808467753,-1149.9933713629132,2272.0597062916327
2460827.6381944446,4723.878130281065,-794.8182624349365,2595.2948767740377
2460827.638888889,4592.576211172355,-433.260674037308,2897.555880305082
2460827.6395833334,4424.293887030458,-68.23464524597854,3176.406291500897
2460827.640277778,4220.395111812254,297.31957688696957,3429.6008028913498
2460827.640972222,3982.530114265561,660.4594425802752,3655.102971589999
2460827.6416666666,3712.6213307400235,1018.2638201193201,3851.1011143103565
2460827.642361111,3412.8472867265664,1367.8563479093857,4016.0222732517136
2460827.6430555554,3085.6246078669865,1706.4282459522424,4148.544195612269
2460827.64375,2733.5883343988903,2031.260441025614,4247.605293792713
2460827.644444444,2359.57071317495,2339.7448696980896,4312.4125647747105
2460827.645138889,1966.578631516381,2629.4048414015438,4342.447460111165
2460827.6458333335,1557.7698493779405,2897.914354143836,4337.469703765029
2460827.646527778,1136.4281784068987,3143.1162630626327,4297.519057563367
2460827.6472222223,705.9377561106793,3363.039203061048,4222.915034720035
2460827.6479166667,269.75655284021735,3555.9131728850884,4114.254560640051
2460827.648611111,-168.61073651139026,3720.1836789682916,3972.4075804675563
2460827.6493055555,-605.6402690298141,3854.5243405003453,3798.510612587708
2460827.65,-1037.8169332848363,3957.847849001352,3593.9582516447817
2460827.6506944443,-1461.662350795104,4029.315173801929,3360.3926343727962
2460827.6513888887,-1873.7628120898355,4068.342907004201,3099.6908889214405
2460827.652083333,-2270.7969291162,4074.6086407607613,2813.9506107653647
2460827.652777778,-2649.5627777723266,4048.0542799379973,2505.4734259512875
2460827.6534722224,-3007.004286528343,3988.8872043709443,2176.7467283343262
2460827.654166667,-3340.236613226576,3897.5792131318112,1830.4237081928186
2460827.654861111,-3646.5702508253357,3774.863205941904,1469.3018158427362
2460827.6555555556,-3923.5335996278654,3621.7275840738635,1096.2998363774968
2460827.65625,-4168.893751944978,3439.4083841081615,714.4337795178154
2460827.6569444444,-4380.675248376368,3229.379192606787,326.79181684649194
2460827.657638889,-4557.176590718713,2993.3389217803306,-63.491485361497
2460827.658333333,-4696.984320197557,2733.1975636850593,-453.2613660005137
2460827.6590277776,-4798.984508495619,2451.0600697184886,-839.3692265860376
2460827.659722222,-4862.37154547817,2149.208533662399,-1218.6988634954353
2460827.660416667,-4886.654151229086,1830.0828781656892,-1588.192300588689
2460827.6611111113,-4871.658581913562,1496.2602659926167,-1944.874954916319
2460827.6618055557,-4817.529042306971,1150.433466794748,-2285.879889573717
2460827.6625,-4724.725357416144,795.3884191516677,-2608.470926754605
2460827.6631944445,-4594.017991976841,433.98122460041486,-2910.06442398819
2460827.663888889,-4426.480537055212,69.1148049927454,-3188.2495447669257
2460827.6645833333,-4223.479807896254,-296.28455652891677,-3440.8068853405643
2460827.6652777777,-3986.66371452713,-659.2905875500395,-3665.725351039193
2460827.665972222,-3717.947077929185,-1017.0001254534827,-3861.2172033827105
2460827.6666666665,-3419.49556828179,-1366.5557789262984,-4025.7312258812285
2460827.667361111,-3093.7079404402907,-1705.1680069571476,-4157.963977605577
2460827.668055556,-2743.196735942586,-2030.1364892697634,-4256.869120559049
2460827.66875,-2370.7676130625196,-2338.870677889741,-4321.664818877947
2460827.6694444446,-1979.397448003262,-2628.9094394967083,-4351.8392165037585
2460827.670138889,-1572.2113535643082,-2897.9396953240366,-4347.153999276892
2460827.6708333334,-1152.4587319824914,-3143.813987959114,-4307.646050304993
2460827.671527778,-723.4884935778024,-3364.566888958365,-4233.62720130305
2460827.672222222,-288.7235465709565,-3558.430175572081,-4125.682078773427
2460827.6729166666,148.365314645671,-3723.8466866166145,-3984.66403974615
2460827.673611111,584.2860012961193,-3859.4827694963656,-3811.689189520019
2460827.6743055554,1015.552072701593,-3964.239222479807,-3608.1284709552056
2460827.675,1438.709872081738,-4037.26062525243,-3375.5978235078337
2460827.675694444,1850.365693608593,-4077.9429517007106,-3115.946414998951
2460827.676388889,2247.2127936400766,-4085.9393548770527,-2831.242963620438
2460827.6770833335,2626.058037048344,-4061.1640173552273,-2523.760188035179
2460827.677777778,2983.847955450832,-4003.7939686735053,-2195.9574436878693
2460827.6784722223,3317.69397556291,-3914.268783853045,-1850.4616311367513
2460827.6791666667,3624.8965602334965,-3793.288097266389,-1490.046496373268
2460827.679861111,3902.968009428521,-3641.806887768955,-1117.6104635718473
2460827.6805555555,4149.653656030973,-3461.028522015703,-736.1531839098874
2460827.68125,4362.9512096731405,-3252.3955722246787,-348.75100264141173
2460827.6819444443,4541.128010538406,-3017.578461357688,41.46841973667348
2460827.6826388887,4682.73598288785,-2758.4620202823667,431.3520825011602
2460827.683333333,4786.6241027089645,-2477.1300801525495,817.7479420684904
2460827.684027778,4851.948233532677,-2175.84825059073,1197.5312572775592
2460827.6847222224,4878.178220671256,-1857.0450673511546,1567.63069849953
2460827.685416667,4865.1021784138975,-1523.291711539967,1925.0539488790469
2460827.686111111,4812.82794603895,-1177.280526888958,2266.9125294741184
2460827.6868055556,4721.7817319945525,-821.8025676640943,2590.4456052664355
2460827.6875,4592.704003665683,-459.724417076231,2893.042548903168
2460827.6881944444,4426.642717108538,-93.96451898646684,3172.2640630151245
2460827.688888889,4224.944008000192,272.5307503248756,3425.8616994300955
2460827.689583333,3989.240492057875,636.8110434288022,3651.7956336298867
2460827.6902777776,3721.4373370718795,995.9458337865696,3848.2505904609293
2460827.690972222,3423.696279354155,1347.0478503277227,4013.649840914707
2460827.691666667,3098.417764227508,1687.295982440458,4146.667213051234
2460827.6923611113,2748.2213838707994,2013.957508541919,4246.2370837967665
2460827.6930555557,2375.9247868512366,2324.409510693636,4311.562329729665
2460827.69375,1984.5212216143245,2616.159358012422,4342.120228619668
2460827.6944444445,1577.1558711599155,2886.8641492741194,4337.6663082629875
2460827.695138889,1157.1011299194251,3134.349012729735,4298.2361428673385
2460827.6958333333,727.7309616973288,3356.6241694030964,4224.145097118646
2460827.6965277777,292.49448957931764,3551.900657926711,4115.986017705836
2460827.697222222,-145.11104526317385,3718.604627261006,3974.6248705942116
2460827.6979166665,-581.5677975619882,3855.390091481513,3801.1943246692244
2460827.698611111,-1013.3651458279228,3961.1500427107267,3597.0852848887316
2460827.699305556,-1437.0276566467533,4035.0258127967586,3363.936385989106
2460827.7,-1849.1429890484167,4076.4145739594437,3103.62147170278
2460827.7006944446,-2246.3895329145244,4084.974873095255,2818.235097003257
2460827.701388889,-2625.563548036063,4060.630099466166,2510.076117222694
2460827.7020833334,-2983.605561168449,4003.569799735735,2181.6294509243426
2460827.702777778,-3317.6257680661693,3914.2487710231458,1835.5461298557636
2460827.703472222,-3624.9281772337595,3793.3838852619565,1474.6217820497195
2460827.7041666666,-3903.033233510172,3641.948626149326,1101.7737239427718
2460827.704861111,-4149.698669045404,3461.165349730547,720.016863016875
2460827.7055555554,-4362.93833827077,3252.4953158020403,332.4386452146096
2460827.70625,-4541.038822506377,3017.626568178192,-57.8267065440907
2460827.706944444,-4682.573611483956,2758.4597796986495,-447.62439124293735
2460827.707638889,-4786.414707060783,2477.092209191261,-833.8053885524168
2460827.7083333335,-4851.741533139649,2175.799946124493,-1213.2526975941616
2460827.709027778,-4878.047077095509,1857.0186422935376,-1582.9071804653743
2460827.7097222223,-4865.141230347182,1523.3229528661088,-1939.7927413583552
2460827.7104166667,-4813.151339696278,1177.4049159916956,-2281.040596974185
2460827.711111111,-4722.520020276643,822.0515129731705,-2603.912408724875
2460827.7118055555,-4594.000316571694,460.1216419202701,-2905.822083399809
2460827.7125,-4428.648330534949,94.52274352302798,-3184.3560667330926
2460827.7131944443,-4227.813459017139,-271.81270516314385,-3437.291996507364
2460827.7138888887,-3993.126399631244,-635.950624694283,-3662.6156073597253
2460827.714583333,-3726.4851003518042,-994.9785020559955,-3858.535804231076
2460827.715277778,-3430.038823888233,-1346.0281369967897,-4023.497857733066
2460827.7159722224,-3106.170506897097,-1686.2978112553533,-4156.1946849048545
2460827.716666667,-2757.4775775235153,-2013.0737611899397,-4255.576205542847
2460827.717361111,-2386.7513947221223,-2323.750838578763,-4320.856769341046
2460827.7180555556,-1996.955456562391,-2615.852265519732,-4351.520660477019
2460827.71875,-1591.2025130969182,-2887.0483984008424,-4347.325687651747
2460827.7194444444,-1172.7307121339913,-3135.1744194864327,-4308.3048660613185
2460827.720138889,-744.8789001761752,-3358.246876842239,-4234.766195455698
2460827.720833333,-311.0611898257769,-3554.4789959791456,-4127.290532948582
2460827.7215277776,125.25908317467176,-3722.294675320868,-3986.727555451633
2460827.722222222,560.5958942828718,-3860.341077088821,-3814.189802774026
2460827.722916667,991.4674174033975,-3967.499713690617,-3611.0447942762144
2460827.7236111113,1414.4231205849844,-4042.8959269407706,-3378.9052135293823
2460827.7243055557,1826.0709024007333,-4085.906650213835,-3119.6171651591017
2460827.725,2223.1040812444267,-4096.166343019537,-2835.2465226800664
2460827.7256944445,2602.328034132801,-4073.57099097208,-2528.063402108928
2460827.726388889,2960.6862584816404,-4018.280070940384,-2200.5248213007135
2460827.7270833333,3295.28561666751,-3930.7163945696398,-1855.2556302538785
2460827.7277777777,3603.420508334857,-3811.563762450765,-1495.0278298941475
2460827.728472222,3882.5957151734556,-3661.7623835199747,-1122.7384216103685
2460827.7291666665,4130.547653452762,-3482.5020455480026,-741.3859710865623
2460827.729861111,4345.263789233776,-3275.213050401918,-354.04608569979666
2460827.730555556,4524.999976057105,-3041.5549656129306,36.15395765814913
2460827.73125,4668.295503224716,-2783.4032769576706,426.06118244638867
2460827.7319444446,4773.985670343718,-2502.8340619093,812.5232103682666
2460827.732638889,4841.211739465345,-2202.1068343639354,1192.41461078288
2460827.7333333334,4869.428153801772,-1883.6457431119054,1562.663018035011
2460827.734027778,4858.406956003755,-1550.0193279330342,1920.2747422151149
2460827.734722222,4808.239380973455,-1203.9190553284843,2262.359610045777
2460827.7354166666,4719.334639900438,-848.1368690452385,2586.1547889407284
2460827.736111111,4592.415952221128,-485.5419968321779,2889.04736995489
2460827.7368055554,4428.513917470959,-119.05725272539196,3168.5955138037984
2460827.7375,4228.957348469791,248.36493223203613,3422.5479930671872
2460827.738194444,3995.361710172519,613.7665298745775,3648.8619940131944
2460827.738888889,3729.6153283689696,974.2077748954831,3845.7190680541376
2460827.7395833335,3433.8635376206553,1326.7906811092685,4011.539156424953
2460827.740277778,3110.4909488085755,1668.6820378038553,4144.992628754312
2460827.7409722223,2762.102007185554,1997.1357405668862,4245.010303135715
2460827.7416666667,2391.500018689918,2309.5143139573465,4310.791424129098
2460827.742361111,2001.6648002093289,2603.309514064966,4341.809592553712
2460827.7430555555,1595.7291179568235,2876.161893646215,4337.8166414982925
2460827.74375,1176.9540552112283,3125.8792345676834,4298.844459979472
2460827.7444444443,748.703461461765,3350.4537435949064,4225.204764018286
2460827.7451388887,314.41761723443346,3548.0779197212696,4117.486814717764
2460827.745833333,-122.41373426518768,3717.15898955094,3976.553082469032
2460827.746527778,-558.2788428487228,3856.3318107677796,3803.5328561629644
2460827.7472222224,-989.671726021654,3964.470134296637,3599.8138027558625
2460827.747916667,-1413.120091559577,4040.6961180341486,3367.031487215726
2460827.748611111,-1825.2132168022324,4084.3879812863247,3107.0568741182838
2460827.7493055556,-2222.6295637209723,4095.1856908056648,2821.9818567522975
2460827.75,-2602.1639161846433,4072.9945806297214,2514.102867012262
2460827.7506944444,-2960.7537830721008,4017.986815871673,2185.902660501823
2460827.751388889,-3295.5048222198748,3930.600630605634,1840.0303851242602
2460827.752083333,-3603.715018316024,3811.5372915207186,1479.2800816275233
2460827.7527777776,-3882.897355125003,3661.7557668225754,1106.567789685289
2460827.753472222,-4130.80072704852,3482.465110818714,724.9074634776307
2460827.754166667,-4345.428850269663,3275.114607551546,337.3859251775613
2460827.7548611113,-4525.056953074802,3041.3817528799905,-52.8628905218351
2460827.7555555557,-4668.246055208384,2783.158188326115,-442.6841334939151
2460827.75625,-4773.854680114515,2502.5337318398674,-828.9284003102388
2460827.7569444445,-4841.047881377609,2201.778681898028,-1208.477978749494
2460827.757638889,-4869.303507979367,1883.324593416872,-1578.272700209968
2460827.7583333333,-4858.415674608152,1549.7437473176315,-1935.3351309480656
2460827.7590277777,-4808.495446878352,1203.7275418351924,-2276.794858581459
2460827.759722222,-4719.968790333773,848.0640489825607,-2599.9116424285176
2460827.7604166665,-4593.5718690713475,485.6149711236082,-2902.0972328844096
2460827.761111111,-4430.343810616373,119.29223261664943,-3180.935687929039
2460827.761805556,-4231.617078706694,-247.96557255265586,-3434.2020489131287
2460827.7625,-3999.0056122957285,-613.2166731135375,-3659.8792689010616
2460827.7631944446,-3734.3909035735696,-973.5393611571873,-3856.1733115171137
2460827.763888889,-3439.9061878182056,-1326.0548184116021,-4021.526370440836
2460827.7645833334,-3117.918921288542,-1667.9493773586462,-4154.628175755069
2460827.765277778,-2771.011714466631,-1996.4960911735354,-4254.42537425995
2460827.765972222,-2401.9618790209634,-2309.07550202317,-4320.128981616675
2460827.7666666666,-2013.7197384381288,-2603.1955089544504,-4351.219910920046
2460827.767361111,-1609.385838700879,-2876.5102495573688,-4347.452586416429
2460827.7680555554,-1192.1871822571925,-3126.837916940251,-4308.856649222915
2460827.76875,-765.4526126830782,-3352.1774278383496,-4235.736758574084
2460827.769444444,-332.5874579884996,-3550.723867280088,-4128.670487808168
2460827.770138889,102.9524445711983,-3720.8826209874533,-3988.5043096401746
2460827.7708333335,537.687221689331,-3861.2821057908595,-3816.347662349536
2460827.771527778,968.1398001425023,-3970.7849988734943,-3613.5650890469724
2460827.7722222223,1390.8629599587157,-4048.4978615823547,-3381.7664448924193
2460827.7729166667,1802.4664386532563,-4093.7790475884085,-3122.79517594252
2460827.773611111,2199.6438979070676,-4106.244783796408,-2838.714689213435
2460827.7743055555,2579.199553305538,-4085.7733163500434,-2531.7928463984504
2460827.775,2938.0742369974705,-4032.5070198673848,-2204.4846435674
2460827.7756944443,3273.370657680411,-3946.8523819280717,-1859.4131588527027
2460827.7763888887,3582.377598946009,-3829.4777940435984,-1499.3488889361372
2460827.777083333,3862.592805048095,-3681.309101838122,-1127.1876127601993
2460827.777777778,4111.744287903664,-3503.5228982158014,-745.9269662051119
2460827.7784722224,4327.809807562731,-3297.537573471712,-358.64193048979183
2460827.779166667,4509.03429024872,-3065.0021694117236,31.540535926895373
2460827.779861111,4653.944965996936,-2807.7831249402166,421.46746172503947
2460827.7805555556,4761.364045889153,-2527.949026428642,807.9861635931748
2460827.78125,4830.418784373387,-2227.7535177138425,1187.9705976386078
2460827.7819444444,4860.548817402794,-1909.61654814249,1558.3474835341033
2460827.782638889,4851.510706947102,-1576.1041619808086,1916.121926088743
2460827.783333333,4803.379664922886,-1229.907051874725,2258.402269386645
2460827.7840277776,4716.548472254749,-873.8181127460053,2582.423935363177
2460827.784722222,4591.723648302879,-510.7092355613168,2885.572024745522
2460827.785416667,4429.918960314021,-143.50758040760078,3165.4024839170893
2460827.7861111113,4232.446394051354,224.82843427838645,3419.6616677235543
2460827.7868055557,4000.9047284146973,591.3332069391096,3646.3041636946577
2460827.7875,3737.1658758718095,953.0578823421725,3843.508767752509
2460827.7881944445,3443.3591601285048,1307.0939457636564,4009.6925318098474
2460827.788888889,3121.8537067540583,1650.5963106974805,4143.5228273680395
2460827.7895833333,2775.239120763347,1980.8057480530147,4243.92738938703
2460827.7902777777,2406.3046254606356,2295.0705170297397,4310.1023187149785
2460827.790972222,2018.0168203789588,2590.867082084671,4341.518035744953
2460827.7916666665,1613.4962178776082,2865.819801314456,4337.9231803681
2460827.792361111,1195.9927073409312,3117.719484139756,4299.3464589882515
2460827.793055556,768.8600869873363,3344.540722101128,4226.096438935818
2460827.79375,335.52980892155625,3544.4578920345616,4118.759289632538
2460827.7944444446,-100.51592045794496,3715.8597332018385,3978.1944694936396
2460827.795138889,-535.7715340051509,3857.362394645445,3805.5283580493897
2460827.7958333334,-966.7358277790315,3967.8208446249573,3602.145837597031
2460827.796527778,-1389.9398433590595,4046.3385330431847,3369.6798342001243
2460827.797222222,-1801.974712795584,4092.275194481508,3109.9988423923887
2460827.7979166666,-2199.5192583623416,4105.252684158951,2825.1924726141397
2460827.798611111,-2579.367119703025,4085.158745079588,2517.555082151508
2460827.7993055554,-2938.4531637023797,4032.148617040283,2189.5675773662306
2460827.8,-3273.8789266709277,3946.6444152973722,1843.8774984553756
2460827.800694444,-3582.9368222965372,3829.3322299394,1483.2775357487326
2460827.801388889,-3863.1328597478946,3681.1569229271227,1110.6826467493229
2460827.8020833335,-4112.207612656342,3503.3146322340313,729.1059812141939
2460827.802777778,-4328.15520000937,3297.2430251788614,341.63384177486427
2460827.8034722223,-4509.240058113266,3064.609379165458,-48.60006693018573
2460827.8041666667,-4654.011313909847,2807.2965998589607,-438.44083659791795
2460827.804861111,-4761.31459880359,2527.387325512036,-824.7387168233205
2460827.8055555555,-4830.301187786569,2227.146286141075,-1204.375368262007
2460827.80625,-4860.434382506307,1909.0011238350921,-1574.2897202170464
2460827.8069444443,-4851.493106574515,1575.521886882138,-1931.5031757162444
2460827.8076388887,-4803.572719247592,1229.3994344799692,-2273.1439090812196
2460827.808333333,-4717.083095869389,873.4229875782032,-2596.4700338622233
2460827.809027778,-4592.744059423655,510.45706848735125,-2898.8914380799392
2460827.8097222224,-4431.578278102406,143.4180591771812,-3177.990120448302
2460827.810416667,-4234.9017693637625,-224.74939713390444,-3431.5388862959567
2460827.811111111,-4004.312168408323,-591.0959456846301,-3657.5182961452456
2460827.8118055556,-3741.6749319090773,-952.6908306248429,-3854.1317861707084
2460827.8125,-3449.1076499348956,-1306.644800616919,-4019.818908999257
2460827.8131944444,-3128.96264077478,-1650.1324591601112,-4153.266661701578
2460827.813888889,-2783.807997004416,-1980.4139307924363,-4253.418887060444
2460827.814583333,-2416.4072386443418,-2294.8557343216403,-4319.48374698956
2460827.8152777776,-2029.6977261711752,-2590.950760353159,-4350.9392715983195
2460827.815972222,-1626.7679632668808,-2866.337271799821,-4347.536993597811
2460827.816666667,-1210.833924288074,-3118.81683906503,-4309.303673903595
2460827.8173611113,-785.2145159649426,-3346.371137986843,-4236.541122775577
2460827.8180555557,-353.30630029845094,-3547.177522112045,-4129.824115731235
2460827.81875,81.44241543939356,-3719.623290659535,-3989.9963980199564
2460827.8194444445,515.5579899910869,-3862.3185550829853,-3818.164770544332
2460827.820138889,945.5682329131691,-3974.107608187812,-3615.6912483306055
2460827.8208333333,1368.0294155219897,-4054.0786895279102,-3384.1832864092253
2460827.8215277777,1779.5533399545895,-4101.572035823646,-3125.482078412395
2460827.822222222,2176.834285036046,-4116.186105302661,-2841.6489438144395
2460827.8229166665,2556.675623298234,-4097.781865743569,-2534.9498395511937
2460827.823611111,2916.015883739396,-4046.4850440838654,-2207.838055968737
2460827.824305556,3251.954022033348,-3962.6862485808565,-1862.9351814835106
2460827.825,3561.7736464218883,-3847.0388920817254,-1503.0104499509723
2460827.8256944446,3842.965937770235,-3700.4548697106134,-1130.958619179908
2460827.826388889,4093.2510081550076,-3524.097971093023,-749.7765537809292
2460827.8270833334,4310.597443584547,-3319.3750407891944,-362.53872097026067
2460827.827777778,4493.239795582273,-3087.9249335238947,27.62817086648504
2460827.828472222,4639.693806135889,-2831.6053469226526,417.57113688978245
2460827.8291666666,4748.769180347094,-2552.4776484534004,804.1372155509877
2460827.829861111,4819.5797548420405,-2252.789847200202,1184.1998237194261
2460827.8305555554,4851.550950039494,-1934.9578887944895,1554.6848875672733
2460827.83125,4844.424435302189,-1601.5454767357376,1912.596473211898
2460827.831944444,4798.259979005276,-1255.2426440275815,2255.041650768161
2460827.832638889,4713.434497662849,-898.8433072994468,2579.2543479974597
2460827.8333333335,4590.638357729708,-535.2220477721003,2882.617965988711
2460827.834027778,4430.869018531305,-167.3103563753919,3162.686563122418
2460827.8347222223,4235.422135769486,201.92741934312647,3417.2044365916777
2460827.8354166667,4005.880268049858,569.5182046173506,3644.1239654141714
2460827.836111111,3744.0993460537493,932.5041945059294,3841.62160658573
2460827.8368055555,3452.1930760525506,1287.9665257300687,4008.1119628149268
2460827.8375,3132.5154513870316,1633.048453203706,4142.259867034357
2460827.8381944443,2787.641547726366,1964.977875273763,4242.990446419239
2460827.8388888887,2420.3467705138787,2281.0890725403774,4309.497146188033
2460827.839583333,2033.584719872937,2578.8435356026853,4341.2477027797195
2460827.840277778,1630.4638257911781,2855.849773103475,4337.988064157116
2460827.8409722224,1214.2229043536183,3109.8819945496593,4299.744256763431
2460827.841666667,788.2057740518263,3338.897571465473,4226.822199482129
2460827.842361111,355.8350787521134,3541.0531746625034,4119.805464129482
2460827.8430555556,-79.41454219045973,3714.71948945193,3979.5509815560495
2460827.84375,-514.0437860258818,3858.494404137713,3807.1826929018944
2460827.8444444444,-944.5563602154999,3971.214563570587,3604.0831492570755
2460827.845138889,-1367.4868214398405,4051.9651761892305,3371.8830711529044
2460827.845833333,-1779.4283883719738,4100.08796286146,3112.4488912527136
2460827.8465277776,-2177.060521653079,4115.187138488527,2827.8683182404047
2460827.847222222,-2557.176040880921,4097.133323019746,2520.4339844975734
2460827.847916667,-2916.707539446071,4046.0652915453807,2192.625261615475
2460827.8486111113,-3252.7528391761357,3962.389490250669,1847.0883611389127
2460827.8493055557,-3562.599229261255,3846.7772670271884,1486.614860255541
2460827.85,-3843.74622433117,3700.1597928938145,1114.1188292953059
2460827.8506944445,-4093.9265862446573,3523.720682520183,732.6127654602441
2460827.851388889,-4311.125371327047,3318.886353567639,345.182558198983
2460827.8520833333,-4493.596780056134,3087.3142017538203,-45.03825975608045
2460827.8527777777,-4639.878617639684,2830.878702113072,-434.8947092457851
2460827.853472222,-4748.804205940242,2551.655582090561,-821.2367292251569
2460827.8541666665,-4819.511628759666,2251.9042359202645,-1200.9454344521344
2460827.854861111,-4851.4502285297585,1934.048584300618,-1570.9589814971139
2460827.855555556,-4844.384320634453,1600.6565956480063,-1928.2977812158065
2460827.85625,-4798.394130926165,1254.4186985625397,-2270.0888108902227
2460827.8569444446,-4713.874002971045,898.1253316617547,-2593.588792010585
2460827.857638889,-4591.527957430044,534.6438610722257,-2896.206043865919
2460827.8583333334,-4432.3627182863065,166.89510841578024,-3175.5208337884533
2460827.859027778,-4237.678344773629,-202.17029260542512,-3429.304090085388
2460827.859722222,-4009.0566248495456,-569.595504352211,-3655.5343691566295
2460827.8604166666,-3748.3474020335198,-932.4408628319446,-3852.412993119829
2460827.861111111,-3457.6530062420015,-1287.8068617025888,-4018.377308886319
2460827.8618055554,-3139.3109636395193,-1632.8565893818054,-4152.112034017255
2460827.8625,-2795.8751529805622,-1964.8374902093717,-4252.558675835884
2460827.863194444,-2430.095563340897,-2281.10234034168,-4318.923022588883
2460827.863888889,-2044.8968063137813,-2579.1293339763615,-4350.680709681152
2460827.8645833335,-1643.3555144448192,-2856.5411966496354,-4347.580870931492
2460827.865277778,-1228.6767531545588,-3111.1232420996525,-4309.647881031594
2460827.8659722223,-804.1695679196059,-3340.8402911891358,-4237.181193218286
2460827.8666666667,-373.22177765163553,-3543.8523744872655,-4130.753271074286
2460827.867361111,60.7258637715864,-3718.5291292457277,-3991.205609675701
2460827.8680555555,494.20602055196775,-3863.4628012262133,-3819.6428372825553
2460827.86875,923.7515082832924,-3977.4797503931804,-3617.4248892340142
2460827.8694444443,1345.9222595593337,-4059.6503540123786,-3386.1572502602744
2460827.8701388887,1757.332360958502,-4109.297196965979,-3127.6792675015654
2460827.870833333,2154.6769740044015,-4126.001435282904,-2844.050552905181
2460827.871527778,2534.758938408756,-4109.607222896046,-2537.5355093855474
2460827.8722222224,2894.514832743738,-4060.2240981435875,-2210.586040269917
2460827.872916667,3231.0402555971627,-3978.22723924626,-1865.8225249849443
2460827.873611111,3541.614071008592,-3864.2555168831464,-1506.0131793540259
2460827.8743055556,3823.7213644119583,-3719.2072944679767,-1134.0519415945282
2460827.875,4075.074845586455,-3544.233956794716,-752.9350650971631
2460827.8756944444,4293.6344514373895,-3340.7311765550835,-365.7366178201054
2460827.876388889,4477.624906535123,-3110.3279669377735,24.416873966971917
2460827.877083333,4625.551029941376,-2854.873598983679,414.37239029407664
2460827.8777777776,4736.210598675365,-2576.422502090645,800.9767168140054
2460827.878472222,4808.70461733099,-2277.2172943495284,1181.1028043618114
2460827.879166667,4842.444878932954,-1959.670122331562,1551.6759054894171
2460827.8798611113,4837.158745478141,-1626.3425139502906,1909.6992114747707
2460827.8805555557,4792.89111925095,-1279.9239649028734,2252.278727096679
2460827.88125,4710.003616781267,-923.2094931030747,2576.647136074108
2460827.8819444445,4589.170998226076,-559.0764063051473,2880.186429181977
2460827.882638889,4431.374939357222,-190.460519489631,3160.4491023889473
2460827.8833333333,4237.895263633443,179.6679405190893,3415.1777543922126
2460827.8840277777,4010.2987766835267,548.3285178661895,3642.322945146515
2460827.884722222,3750.425861008571,912.5545907403374,3840.0592087788787
2460827.8854166665,3460.3750020345,1269.4171198407334,4006.799138236545
2460827.886111111,3142.4854172200926,1616.0479125345666,4141.205487275358
2460827.886805556,2799.3179659148714,1949.6622425837102,4242.2012508740345
2460827.8875,2433.6345067438965,2267.580691598392,4308.977705802906
2460827.8881944446,2048.3758640864307,2567.250089091408,4341.000401031571
2460827.888888889,1646.638561436524,2846.263436484035,4338.013094106231
2460827.8895833334,1231.6504679311158,3102.3787127788178,4300.039634237656
2460827.890277778,806.7455004337181,3333.5364620268947,4227.383792314117
2460827.890972222,375.3375217013793,3537.876063296999,4120.627037013171
2460827.8916666666,-59.10641921544944,3713.7505804165266,3980.624256496812
2460827.892361111,-493.0933594832717,3859.7400891228,3808.4974244296063
2460827.8930555554,-923.1320419316341,3974.6633701185388,3605.627215201601
2460827.89375,-1345.7607121472593,4057.5878583060803,3373.6425778443668
2460827.894444444,-1757.574899331635,4107.837733975777,3114.408292304223
2460827.895138889,-2155.2549731858726,4125.000045882925,2830.0105472496084
2460827.8958333335,-2535.593250501348,4108.928762446405,2522.740600091504
2460827.896527778,-2895.5204097923006,4059.7466591851794,2195.076604994968
2460827.8972222223,-3232.1309603417826,3977.84496768056,1849.6637228072073
2460827.8979166667,-3542.7075049847667,3863.8807337995777,1489.2926568442579
2460827.898611111,-3824.7435358026246,3718.771859804291,1116.8767878479282
2460827.8993055555,-4075.964505902905,3543.689836917203,735.4281129650644
2460827.9,-4294.346937960252,3340.050207028333,348.0322148919574
2460827.9006944443,-4478.135346326307,3109.500829302039,-42.177485060055155
2460827.9013888887,-4625.856780310928,2853.908061678285,-432.0459228442819
2460827.902083333,-4736.332830170483,2575.3409981163,-818.4227620297688
2460827.902777778,-4808.6889718938,2276.053938140213,-1198.188651879955
2460827.9034722224,-4842.361173199225,1958.4672828518271,-1568.281102630522
2460827.904166667,-4837.099721555173,1625.147080501066,-1925.719705207077
2460827.904861111,-4792.970280549742,1278.7834495773152,-2267.6304517955814
2460827.9055555556,-4710.352218627834,922.1681202774051,-2591.2689281638077
2460827.90625,-4589.93429265895,558.1713373636323,-2894.0421753672117
2460827.9069444444,-4432.707798090809,189.71835320427874,-3173.5290560574294
2460827.907638889,-4239.957323855257,-180.2342608112056,-3427.4989814268442
2460827.908333333,-4013.2492690487725,-548.7222759969967,-3653.9288907034593
2460827.9090277776,-3754.4182885008054,-912.7972527487116,-3851.018404830714
2460827.909722222,-3465.55184023737,-1269.5496004402482,-4017.2030996970766
2460827.910416667,-3148.973007022583,-1616.1311006876329,-4151.165866909945
2460827.9111111113,-2807.2217610089933,-1949.7767610637627,-4251.846346862871
2460827.9118055557,-2443.0348258467916,-2267.8258901480776,-4318.448433838375
2460827.9125,-2059.324284729362,-2567.742292225372,-4350.44585672078
2460827.9131944445,-1659.155072339701,-2847.1334913833903,-4347.585843361679
2460827.913888889,-1245.7214733722724,-3103.7689053380686,-4309.890876361737
2460827.9145833333,-822.3227503282133,-3335.5968855622737,-4237.65854379892
2460827.9152777777,-392.33801191631414,-3540.7605445707018,-4131.459484132325
2460827.915972222,40.79956017613964,-3717.6122823785,-3992.133419605448
2460827.9166666665,473.62900264831757,-3864.726918650287,-3820.783270720435
2460827.917361111,902.6882512678422,-3980.913331949545,-3618.767342864662
2460827.918055556,1324.5410650610706,-4065.224498653859,-3387.6895796924223
2460827.91875,1735.80402546937,-4116.965818459831,-3129.387889428163
2460827.9194444446,2133.1734347946585,-4135.7016145372645,-2845.9205573570066
2460827.920138889,2513.451902935579,-4121.259695052355,-2539.5507838057674
2460827.9208333334,2873.5744047990597,-4073.733872760784,-2212.729403285056
2460827.921527778,3210.633568201675,-3993.4843502433623,-1868.0758698943355
2460827.922222222,3521.903938661162,-3881.1358975662847,-1508.3576254517754
2460827.9229166666,3804.864965302706,-3737.5737720877214,-1136.4679934268936
2460827.923611111,4057.2224481983335,-3563.9373581151567,-755.4027750083138
2460827.9243055554,4276.9281930573625,-3361.611537905012,-368.23575575499734
2460827.925,4462.1976394790545,-3132.215836281146,21.90665116456707
2460827.925694444,4611.525243188668,-2877.5914208040467,411.8713673411104
2460827.926388889,4723.697426555147,-2599.786071461194,798.5049507645369
2460827.9270833335,4797.802943615911,-2301.037267590606,1178.6799583713066
2460827.927777778,4833.240544340197,-1983.753571378234,1549.3210863631123
2460827.9284722223,4829.723865900095,-1650.4945084832436,1907.4308149328567
2460827.9291666667,4787.283519560479,-1303.94916773903,2250.114291877234
2460827.929861111,4706.266384783467,-946.9137577507789,2574.6032049835712
2460827.9305555555,4587.3321612830305,-582.2683577979816,2878.278423171399
2460827.93125,4431.4472653690445,-212.95310811208944,3158.691205168439
2460827.9319444443,4239.87618685718,158.05592639669734,3413.5828092530223
2460827.9326388887,4014.1704469731603,527.7709932358534,3640.902365272935
2460827.933333333,3756.1553155123997,893.2167793233415,3838.8229001220334
2460827.934027778,3467.9144554234285,1251.4542359155776,4005.755436416766
2460827.9347222224,3151.772668350698,1599.6039266691573,4140.361107305553
2460827.935416667,2810.276916296039,1934.86874094853,4241.561250405444
2460827.936111111,2446.175783500628,2254.555838834667,4308.545462155134
2460827.9368055556,2062.3975473924625,2556.0976965216073,4340.777600218444
2460827.9375,1662.0270064437352,2837.072146280254,4337.9997331768645
2460827.9381944444,1248.2812163862625,3095.221302005119,4300.234036045516
2460827.938888889,824.4842747835501,3328.4692716542427,4227.782632325739
2460827.939583333,394.0412976467651,3534.9385547028587,4121.225382435764
2460827.9402777776,-39.5882737883573,3712.965025473824,3981.415616816538
2460827.940972222,-472.91788302240036,3861.1113943817545,3809.4738137859777
2460827.941666667,-902.4614261662587,3978.1790384016463,3606.7792257972774
2460827.9423611113,-1324.7610047330447,4063.2180883364185,3374.9594647321746
2460827.9430555557,-1736.41467514962,4115.535659120964,3115.8780673878628
2460827.94375,-2134.103978285091,4134.7021102579365,2831.6200855387256
2460827.9444444445,-2514.6210376839367,4120.5552339017895,2524.475752623575
2460827.945138889,-2874.894969643049,4073.2022753437227,2196.9223223451318
2460827.9458333333,-3212.017364140755,3993.019711185554,1851.6041849423036
2460827.9465277777,-3523.266569124267,3880.650731092317,1491.3114097695627
2460827.947222222,-3806.1305199513813,3737.0003966574095,1118.9568856802
2460827.9479166665,-4058.327857266308,3563.228482186547,737.5522633272597
2460827.948611111,-4277.827092250501,3360.7400354607767,350.1829272138186
2460827.949305556,-4462.863597300027,3131.173732023699,-40.01775124619727
2460827.95,-4611.954227261151,2876.388133096334,-429.8946099658338
2460827.9506944446,-4723.909413155467,2598.4459862554677,-816.2970690953211
2460827.951388889,-4797.842602930825,2299.5967449689297,-1196.1053931965878
2460827.9520833334,-4833.176970493343,1982.2575012431726,-1566.2565714568864
2460827.952777778,-4829.649352894651,1648.992552768247,-1923.769544904018
2460827.953472222,-4787.311420197045,1302.4918341290538,-2265.769534745244
2460827.9541666666,-4706.528121476332,945.5484538882088,-2589.5112423442715
2460827.954861111,-4587.973487037956,581.035575625376,-2892.400723210657
2460827.9555555554,-4432.6238989010835,211.88288133956647,-3172.015761436325
2460827.95625,-4241.74896511677,-158.94716253270093,-3426.12460865411
2460827.956944444,-4016.900155318973,-528.4830212801379,-3652.702973982928
2460827.957638889,-3759.8973615026125,-893.7676058422043,-3849.949190071757
2460827.9583333335,-3472.813560023703,-1251.8814058420514,-4016.297496228379
2460827.959027778,-3157.9577429989845,-1599.9650969677334,-4150.429410751273
2460827.9597222223,-2817.856287479167,-1935.2414874190554,-4251.283175444638
2460827.9604166667,-2455.2329198123534,-2255.036689857872,-4318.061270761598
2460827.961111111,-2072.9874196487362,-2556.800420827613,-4350.236007082272
2460827.9618055555,-1674.1732032497346,-2838.125334314678,-4347.553199150769
2460827.9625,-1261.9739077728473,-3096.765310010114,-4310.033931796334
2460827.9631944443,-839.6790984064086,-3330.652612467685,-4237.974420323946
2460827.9638888887,-410.6592094265176,-3537.913841201928,-4131.94396455792
2460827.964583333,21.66015962287326,-3716.8845815579098,-3992.780992032471
2460827.965277778,453.8244775137995,-3866.1226664056962,-3821.5871812187297
2460827.9659722224,882.3769098878346,-3984.4199457394234,-3619.719656759615
2460827.966666667,1303.8851977353324,-4070.8124570536115,-3388.781252164101
2460827.967361111,1714.9686223411106,-4124.588883941505,-3130.6088439954688
2460827.9680555556,2112.324876625386,-4145.297188640556,-2847.259772945682
2460827.96875,2492.7566369026486,-4132.749305114355,-2540.9963885236903
2460827.9694444444,2853.1976130966123,-4087.023787786675,-2214.26877609069
2460827.970138889,3190.7378422868514,-4008.4663227307165,-1869.6957481390596
2460827.970833333,3502.6479694642208,-3897.6880266183775,-1510.0442181076157
2460827.9715277776,3786.4022615390013,-3755.5614816371126,-1138.2070982357645
2460827.972222222,4039.700092712916,-3583.2144836639827,-757.1799003757874
2460827.972916667,4260.485650922584,-3382.0215119988666,-370.03624307938486
2460827.9736111113,4446.965626297894,-3153.5929643444497,20.097502465755593
2460827.9743055557,4597.624665997873,-2899.762235108996,410.06817624694895
2460827.975,4711.238406056938,-2622.570752119248,796.7221321018528
2460827.9756944445,4786.883927090583,-2324.2511174993415,1176.9316032586223
2460827.976388889,4823.947517176691,-2007.2085307284128,1547.6208480064488
2460827.9770833333,4822.129667949626,-1674.0006968161074,1905.791798577392
2460827.9777777777,4781.447272450067,-1327.3164389714652,2248.5489510832313
2460827.978472222,4702.233034166905,-969.9532525577407,2573.123246712469
2460827.9791666665,4585.132137170058,-604.7940421930496,2876.894719840392
2460827.979861111,4431.096262053626,-234.7832828479128,3157.4137163950754
2460827.980555556,4241.375063887771,137.09715577836053,3412.420511750345
2460827.98125,4017.5052491221313,507.8523013388451,3639.863194037547
2460827.9819444446,3761.2974116228806,874.4982684123828,3837.913698392542
2460827.982638889,3474.8207933897256,1234.0861575388974,4004.981915597711
2460827.9833333334,3160.3861428405403,1583.7254869455176,4139.727816898844
2460827.984027778,2820.5268450259564,1920.6069981122596,4241.0715577497485
2460827.984722222,2457.978489193085,2242.0246990541655,4308.201541289094
2460827.9854166666,2075.657038343747,2545.3970169500017,4340.580430409048
2460827.986111111,1676.6357517953463,2828.2869497484116,4337.949106291881
2460827.9868055554,1264.1210100222022,3088.4211090082385,4300.328572740824
2460827.9875,841.4271820462717,3323.707554075252,4228.01980696354
2460827.988194444,411.95067540607135,3532.2523167038553,4121.601555959543
2460827.988888889,-20.856686351961525,3712.3745122296045,3981.926077974791
2460827.9895833335,-453.514813244918,3862.619933079737,3810.1128283443754
2460827.990277778,-882.5428650057147,3981.7730133609034,3607.5400930513238
2460827.9909722223,-1304.486960158758,4068.8670508637265,3375.8345810554015
2460827.9916666667,-1715.947888936959,4123.192572053489,3116.858997835416
2460827.992361111,-2113.6086215225437,4144.303727412476,2832.697639970196
2460827.9930555555,-2494.261388603708,4132.022611468475,2525.6400697938343
2460827.99375,-2854.834090081929,4086.4414129470006,2198.1629579539026
2460827.9944444443,-3192.4157828746793,4007.9223180000326,1852.9102047891279
2460827.9951388887,-3504.2809846724417,3897.0951114024638,1492.6714862203542
2460827.995833333,-3787.912532698944,3754.852448547651,1120.359398389472
2460827.996527778,-4041.022745348636,3582.3428000070076,738.9853995700246
2460827.9972222224,-4261.572638883868,3380.961107925067,351.6347847648287
2460827.997916667,-4447.788982140299,3152.337224745811,-38.55906199403511
2460827.998611111,-4598.178991637446,2898.3222435158973,-428.44086618563136
2460827.9993055556,-4711.542507249672,2620.9728600373314,-814.8598366762214
2460828.0,-4786.981524355332,2322.5339391833954,-1194.6959326741019
2460828.0006944444,-4823.907000544932,2005.4194826941462,-1564.8857470779592
2460828.001388889,-4822.042897051227,1672.1922148727174,-1922.4477413458608
2460828.002083333,-4781.427457089553,1325.54202355237,-2264.5065766344424
2460828.0027777776,-4702.411763974827,968.2634869141517,-2588.3163244182015
2460828.003472222,-4585.655658188054,603.2327386277749,-2891.282344017675
2460828.004166667,-4432.121123088794,233.3838965381292,-3170.9816672251936
2460828.0048611113,-4243.063275375792,-138.31471339528045,-3425.1817436382025
2460828.0055555557,-4020.0191148749996,-508.8843291753725,-3651.857439486202
2460828.00625,-3764.7941992688557,-875.3593296766655,-3849.2062104763686
2460828.0069444445,-3479.4474159028055,-1234.8104428333759,-4015.661393664255
2460828.007638889,-3166.2740202034734,-1584.3674352395183,-4149.903587333848
2460828.0083333333,-2827.7871090145277,-1921.2411473256557,-4250.870102543008
2460828.0090277777,-2466.6976842851204,-2242.7447616963786,-4317.76248563626
2460828.009722222,-2085.893450968825,-2546.314205450451,-4350.052116609664
2460828.0104166665,-1688.4164915124184,-2829.527589968694,-4347.48389003001
2460828.011111111,-1277.4399331437246,-3090.1236125291334,-4310.077987382219
2460828.011805556,-856.2437335806374,-3326.0188316210993,-4238.1297433685195
2460828.0125,-428.1896983756705,-3535.323735074891,-4132.207606632374
2460828.0131944446,3.3041617902545304,-3716.3575168612265,-3993.1491878280794
2460828.013888889,434.78980095070506,-3867.661462067583,-3822.0553892284615
2460828.0145833334,862.8157157351106,-3988.0108448753044,-3620.282605061204
2460828.015277778,1283.9537789472483,-4076.4252275656117,-3389.4329895443407
2460828.015972222,1694.8261692179233,-4132.17704859775,-3131.342795534725
2460828.0166666666,2092.1322134353945,-4154.798383925645,-2848.068801280543
2460828.017361111,2472.674942492877,-4144.085768209733,-2541.8728584516034
2460828.0180555554,2833.3871335292015,-4100.102968861507,-2215.204623055337
2460828.01875,3171.356605656386,-4023.1816193104482,-1870.6825505300465
2460828.019444444,3483.8505147817964,-3913.9196352780555,-1511.073271864969
2460828.020138889,3768.3383919431594,-3773.177361127826,-1139.2694936948203
2460828.0208333335,4022.5136647003724,-3602.071421925356,-758.266599782842
2460828.021527778,4244.313409273256,-3401.9662892714523,-371.1381596929934
2460828.0222222223,4431.936096793872,-3174.4636019541103,18.989426454524118
2460828.0229166667,4583.85711516928,-2921.3893197489238,408.9628924852534
2460828.023611111,4698.841878068116,-2644.778823192028,795.628411626749
2460828.0243055555,4775.956365899508,-2346.860105605526,1175.8579646025726
2460828.025,4814.574981817702,-2030.0352355301736,1546.575487300094
2460828.0256944443,4814.385648418209,-1696.8602874155774,1904.7825266545874
2460828.0263888887,4775.392110867335,-1350.0239670269673,2247.5831334095096
2460828.027083333,4697.91345602059,-992.3251618058608,2572.207750005043
2460828.027777778,4582.58089584366,-626.6496631728212,2876.0358635953344
2460828.0284722224,4430.331899093001,-255.94629977398662,3156.617230207019
2460828.029166667,4242.401784145733,116.79728200189591,3411.6915013463145
2460828.029861111,4020.3129133628026,488.57895852512854,3639.206110748327
2460828.0305555556,3765.8616432345034,856.4063835138543,3837.3323166948553
2460828.03125,3481.1031977382527,1217.320959939698,4004.4793168907454
2460828.0319444444,3168.3346372290503,1568.4213528215544,4139.306379088681
2460828.032638889,2830.076094313713,1906.8863858929237,4240.732951342874
2460828.033333333,2469.0504449817604,2229.9971810546654,4307.946730869439
2460828.0340277776,2088.16157479282,2535.158416179718,4340.409682104596
2460828.034722222,1690.4713954623692,2819.9185853721624,4337.862000390182
2460828.035416667,1279.17575513697,3081.98915805673,4300.324021509029
2460828.0361111113,857.5793882375951,3319.262531471129,4228.096077180466
2460828.0368055557,429.07004071938036,3529.828678322141,4121.756296320008
2460828.0375,-2.908085304960122,3711.9903848113427,3982.1563508623863
2460828.0381944445,-434.88142129052903,3864.2769731085073,3810.415145396425
2460828.038888889,-863.3744936076165,3985.45639563658,3607.910455379211
2460828.0395833333,-1284.937590970771,4074.545589428207,3376.2685220053413
2460828.0402777777,-1696.1744396310391,4130.818971865675,3117.3516300999913
2460828.040972222,-2093.7696868617686,4153.814966976953,2833.2437051958627
2460828.0416666665,-2474.5159659446663,4143.34045396782,2526.2339903896423
2460828.042361111,-2835.3402980716914,4099.473042792962,2198.7988919723334
2460828.043055556,-3173.3295868056034,4022.561098444937,1853.5821012348497
2460828.04375,-3485.7549362716595,3913.2214579416354,1493.373143059556
2460828.0444444446,-3770.0945392986446,3772.3348103566154,1121.0845186679574
2460828.045138889,-4024.0548751158117,3601.0387424791593,739.7276495848218
2460828.0458333334,-4245.589975575202,3400.7184864168325,352.3878508526185
2460828.046527778,-4432.918539330736,3172.995438837383,-37.801418795767496
2460828.047222222,-4584.5386950083275,2919.7135615776865,-427.6847561900606
2460828.0479166666,-4699.240255053046,2642.9238011387265,-814.1111907778197
2460828.048611111,-4776.11433380562,2344.866699331158,-1193.9604554076188
2460828.0493055554,-4814.560246628684,2027.9533941768616,-1564.1688716053593
2460828.05,-4814.289650586816,1694.745223394436,-1921.7545896551962
2460828.050694444,-4775.327926305115,1347.9321707929455,-2263.8419239655395
2460828.051388889,-4698.012843607882,990.3103866468487,-2587.6845672015074
2460828.0520833335,-4582.990588461937,624.7590317243735,-2890.6874736324526
2460828.052777778,-4431.2092600064125,254.21667427456643,-3170.4272481258886
2460828.0534722223,-4243.909973133838,-118.34252863004392,-3424.6708957268306
2460828.0541666667,-4022.6157189893097,-489.93265825834123,-3651.3928260907937
2460828.054861111,-3769.1181501582596,-857.5796734298374,-3848.79003002973
2460828.0555555555,-3485.462458888035,-1218.3446930084206,-4015.2953768191696
2460828.05625,-3173.930521384307,-1569.3467642585185,-4149.58899724642
2460828.0569444443,-2837.0224722531357,-1907.7849863516676,-4250.6077395513685
2460828.0576388887,-2477.4368646708217,-2230.9598738803193,-4317.55269592103
2460828.058333333,-2098.049562397891,-2536.293858160984,-4349.894803967742
2460828.059027778,-1701.8915016862786,-2821.350833082418,-4347.378531076024
2460828.0597222224,-1292.125443399057,-3083.854665417306,-4310.023649763491
2460828.060416667,-872.0218352327515,-3321.7065850748018,-4238.125106914962
2460828.061111111,-444.9338998439814,-3533.001371006937,-4132.250986565907
2460828.0618055556,-14.272062384905846,-3716.042246051761,-3993.2385612713597
2460828.0625,416.52216451077646,-3869.354386945511,-3822.188422893459
2460828.0631944444,844.0027033822915,-3991.6969454003583,-3620.4566856554375
2460828.063888889,1264.745702009422,-4082.073473312566,-3389.645255543693
2460828.064583333,1675.3764257034427,-4139.740636698119,-3131.590170792695
2460828.0652777776,2072.5960733669326,-4164.215102767285,-2848.3480287390353
2460828.065972222,2453.208311246698,-4155.278484951888,-2542.180536777083
2460828.066666667,2814.1453085765893,-4112.980238952189,-2215.537242067473
2460828.0673611113,3152.4930326488025,-4037.6384140100126,-1871.036527784251
2460828.0680555557,3465.5155549875763,-3929.8381825444894,-1511.4449888487538
2460828.06875,3750.67811108359,-3790.4280939066775,-1139.6553316502514
2460828.0694444445,4005.6686535358003,-3620.51402694426,-758.6629752873373
2460828.070138889,4228.417647782875,-3421.4508471892836,-371.5415577519667
2460828.0708333333,4417.115870756956,-3194.8318099608227,18.58242039897834
2460828.0715277777,4570.229995568442,-2942.4757858542653,408.55556269950114
2460828.072222222,4686.515772357851,-2666.412421209879,795.2238840962053
2460828.0729166665,4765.028650047798,-2368.8653784737844,1175.459181749294
2460828.073611111,4805.131720871625,-2052.23383300286,1546.185187132359
2460828.074305556,4806.500911566204,-1719.072428049149,1904.403222858342
2460828.075,4769.12738726975,-1372.0699075348855,2247.217101110409
2460828.0756944446,4693.317175856146,-1014.0266656404788,2571.8570119626156
2460828.076388889,4579.688059729756,-647.831450031434,2875.702182579697
2460828.0770833334,4429.1638180224,-276.4374669065,3156.3021039653936
2460828.077777778,4242.965931709977,97.16187812961347,3411.3961601312535
2460828.078472222,4022.6028900907027,469.95737264157196,3638.9315184612556
2460828.0791666666,3769.8572515016954,838.9483151691013,3837.079175710146
2460828.079861111,3486.7706271583097,1201.1665572339198,4004.2480747470127
2460828.0805555554,3175.6267566171628,1553.7000975276335,4139.097238422884
2460828.08125,2838.932847874981,1893.7160665692297,4240.545882042582
2460828.081944444,2479.399348157371,2218.4829621605313,4307.781484523869
2460828.082638889,2099.9183074149455,2525.39200775192,4340.265808089491
2460828.0833333335,1703.5404839092353,2811.9775220364454,4337.738863961378
2460828.084027778,1293.4513421456825,3075.936188905769,4300.220823026999
2460828.0847222223,872.9460830140698,3315.14512684734,4228.011872808295
2460828.0854166667,445.4038411753907,3527.678658115645,4121.690019388632
2460828.086111111,14.261198993052055,3711.8236689711784,3982.10683416302
2460828.0868055555,-417.01484363859845,3866.0934583439894,3810.381143848209
2460828.0875,-844.9542778629842,3989.2399593212103,3607.8906688691427
2460828.0881944443,-1266.1117081611644,4080.2642214127627,3376.261618395402
2460828.0888888887,-1677.0939917172411,4138.425034322643,3117.356267864961
2460828.089583333,-2074.5876953941424,4163.245581086183,2833.2585551231346
2460828.090277778,-2455.386141802101,4154.518011184907,2526.257757446554
2460828.0909722224,-2816.415805598937,4112.305837653174,2198.830334691171
2460828.091666667,-3154.761808846148,4036.944078429718,1853.6200512162206
2460828.092361111,-3467.6922538904514,3929.037084635695,1493.4165216295387
2460828.0930555556,-3752.681134350718,3789.4540253791483,1121.1323526711728
2460828.09375,-4007.429567848205,3619.322029819673,739.7790844266531
2460828.0944444444,-4229.885106971456,3420.0170219722922,352.4421609918923
2460828.095138889,-4418.258907173776,3193.1523181006132,-37.74482013484602
2460828.095833333,-4571.0405552377815,2940.565092625699,-427.6263118460846
2460828.0965277776,-4687.0103953769285,2664.3008524438874,-814.0511963379718
2460828.097222222,-4765.249227817536,2366.5960909265186,-1193.8990571610714
2460828.097916667,-4805.14529651253,2049.859316229906,-1564.1060701048898
2460828.0986111113,-4806.398522932497,1716.650674111455,-1921.6902426347335
2460828.0993055557,-4769.021987036913,1369.6603962142688,-2263.7757543551033
2460828.1,-4693.340695579967,1011.6863143133548,-2587.6161710475158
2460828.1006944445,-4579.987714185755,645.6106813610068,-2890.616332590974
2460828.101388889,-4429.897771816728,274.37653843220056,-3170.3527419465754
2460828.1020833333,-4244.298471054342,-99.03614786345901,-3424.59231734417
2460828.1027777777,-4024.699256042753,-471.6343659015523,-3651.309398235109
2460828.103472222,-3772.8783042298937,-840.435760627168,-3848.7009228677366
2460828.1041666665,-3490.8675093404518,-1202.4919871631869,-4015.199726535467
2460828.104861111,-3180.9357280545046,-1554.9115579910504,-4149.4859253480945
2460828.105555556,-2845.5704528008678,-1894.8820533657708,-4250.496373038629
2460828.10625,-2487.4580670623495,-2219.6915772546586,-4317.432187533787
2460828.1069444446,-2109.462831003257,-2526.7493546924748,-4349.7643521021955
2460828.107638889,-1714.6047275663973,-2813.6053832688103,-4347.237400157674
2460828.1083333334,-1306.0362976260162,-3077.9690498845416,-4309.871189819892
2460828.109027778,-887.0185798261447,-3317.7266319752857,-4237.960772621738
2460828.109722222,-460.89627000154195,-3530.957598396647,-4132.0743556424
2460828.1104166666,-31.07221246624378,-3715.949622657796,-3993.049351374452
2460828.111111111,399.018653853661,-3871.2122116819837,-3821.986507667001
2460828.1118055554,825.9357663424213,-3995.4888488075203,-3620.2421093067105
2460828.1125,1246.2596850083255,-4087.767541807779,-3389.4182450608128
2460828.113194444,1656.6189456032425,-4147.289658956095,-3131.351147118522
2460828.113888889,2053.7168481019476,-4173.556938573874,-2848.097615110662
2460828.1145833335,2434.3579701779895,-4166.336554389615,-2541.919564552281
2460828.115277778,2795.4741905913975,-4125.664129522413,-2215.266754969048
2460828.1159722223,3134.1499846664583,-4051.8446019142093,-1870.757781899163
2460828.1166666667,3447.6467372728566,-3945.450863489273,-1511.1594511955095
2460828.117361111,3733.4258221855976,-3807.3201171648734,-1139.3646748102929
2460828.1180555555,3989.1701833069583,-3638.5479259017584,-758.3690698192971
2460828.11875,4212.804170167987,-3440.479957304951,-371.2464603441982
2460828.1194444443,4402.511384482903,-3214.7014657851096,18.87648054945003
2460828.1201388887,4556.7503235548365,-2963.0245861130375,408.84620089059325
2460828.120833333,4674.26762858549,-2687.473550606285,795.508580382747
2460828.121527778,4754.108781680043,-2390.2679755353,1175.7353026172182
2460828.1222222224,4795.626133941883,-2073.8043905672534,1546.450010132926
2460828.122916667,4798.48418649562,-1740.6362132613513,1904.653964200514
2460828.123611111,4762.662089818652,-1393.452391900791,2247.4509423855516
2460828.1243055556,4688.453368290058,-1035.0549472888817,2572.0711313943575
2460828.125,4576.462915676438,-668.335660677914,2875.893785200465
2460828.1256944444,4427.601343637542,-296.2521492386074,3156.4684529751876
2460828.126388889,4243.076794447677,78.19643386493391,3411.5346087793346
2460828.127083333,4024.384355543779,451.9938433497524,3639.0395418673106
2460828.1277777776,3773.293228118922,822.1311205535458,3837.154402103867
2460828.128472222,3491.8318171979513,1185.6307062311985,4004.2883162340445
2460828.129166667,3182.270911218622,1539.5701138556751,4139.100520825331
2460828.1298611113,2847.1051232786776,1881.1050011328957,4240.510473492713
2460828.1305555557,2489.0327610072877,2207.4914979069877,4307.705922210853
2460828.13125,2110.934282417683,2516.107665889705,4340.148923699949
2460828.1319444445,1715.8494923278208,2804.47397213097,4337.57980672962
2460828.132638889,1306.9536253438996,3070.2726688380394,4300.019080806825
2460828.1333333333,887.5324518983442,3311.3659789711946,4227.767290343141
2460828.1340277777,460.9565535080843,3525.8129800624397,4121.402814296379
2460828.134722222,30.65489942399913,3711.885087429124,3981.777609358171
2460828.1354166665,-399.9121202930677,3868.080023798344,3810.010897451302
2460828.136111111,-827.2800537103728,3993.1341660999897,3607.4807995519304
2460828.136805556,-1248.0079602073026,4086.03315095296,3375.8139287392837
2460828.1375,-1658.7060167696247,4146.020623964538,3116.8729621925927
2460828.1381944446,-2056.0629451341615,4172.605015326307,2832.742233945058
2460828.138888889,-2436.873038151769,4165.564233830796,2525.7114083907964
2460828.1395833334,-2798.0625487881225,4124.948181484873,2198.257317526503
2460828.140277778,-3136.7151837257743,4051.079007767215,1853.0240801938883
2460828.140972222,-3450.0964478272654,3944.5490452049,1492.8016426613522
2460828.1416666666,-3735.676575467911,3806.2163946448663,1120.5029165042135
2460828.142361111,-3991.151794072552,3637.1981597940944,739.1397156651209
2460828.1430555554,-4214.463675361177,3438.861365874972,351.7977239560411
2460828.14375,-4403.816354436658,3212.8116298839545,-38.38926052922718
2460828.144444444,-4557.691416544124,2960.8796903973544,-428.2655303016821
2460828.145138889,-4674.860291862641,2685.105933006396,-814.6798509507302
2460828.1458333335,-4754.394030183695,2387.72308275523,-1194.511736778707
2460828.146527778,-4795.670370672471,2071.1372611127094,-1564.697341347879
2460828.1472222223,-4798.378064822149,1737.9076235955317,-1922.2546985034116
2460828.1479166667,-4762.518451364346,1390.7248100724464,-2264.308064202212
2460828.148611111,-4688.404322293601,1032.3884496449512,-2588.111130487165
2460828.1493055555,-4576.656155820353,665.7839609389018,-2891.0689126501034
2460828.15,-4428.195823962711,293.85888732625114,-3170.758137011406
2460828.1506944443,-4244.237906252301,-80.40100975509851,-3424.9459928469387
2460828.1513888887,-4026.27876182067,-453.9956830911202,-3651.607135876361
2460828.152083333,-3776.0835246590623,-823.9345625890568,-3848.938863603117
2460828.152777778,-3495.671187440848,-1187.2599802180337,-4015.3744118822024
2460828.1534722224,-3187.297948637093,-1541.0700933041467,-4149.59433517142
2460828.154166667,-2853.4389817142132,-1882.541179961888,-4250.5359607769
2460828.154861111,-2496.768783859729,-2208.949185581613,-4317.4009122391235
2460828.1555555556,-2120.1402511239726,-2517.6904163027393,-4349.660707084032
2460828.15625,-1726.5626098145017,-2806.301291471134,-4347.06043794975
2460828.1569444444,-1319.1783331553129,-3072.4770651141553,-4309.620543299298
2460828.157638889,-901.2391565592827,-3314.089436551456,-4237.636672142396
2460828.158333333,-476.0813074760023,-3529.202963516469,-4131.677641810037
2460828.1590277776,-47.10006266360895,-3716.0901897537346,-3992.5814836222576
2460828.159722222,382.27624859465624,-3873.245391632091,-3821.4495676831334
2460828.160416667,808.6126623820361,-3999.396839146756,-3619.6387996008075
2460828.1611111113,1228.4942802964501,-4093.517463078938,-3388.7518828923153
2460828.1618055557,1638.5530874278866,-4154.833811053867,-3130.6256516546764
2460828.1625,2035.4947073794608,-4182.833174912379,-2847.3174910807525
2460828.1631944445,2416.1248982915668,-4177.268773478915,-2541.0898776885992
2460828.163888889,2777.375560326802,-4138.162880272681,-2214.393103867383
2460828.1645833333,3116.3300292878616,-4065.8077994243895,-1869.8462630704842
2460828.1652777777,3430.2473956485965,-3960.7646100572433,-1510.2166182621895
2460828.165972222,3716.5855986742663,-3823.8596229342656,-1138.397493264095
2460828.1666666665,3973.023034696323,-3656.1785209891855,-757.384864565089
2460828.167361111,4197.478425588262,-3459.058189023827,-370.2528613483472
2460828.168055556,4388.128711991872,-3234.076269444536,19.871599744480722
2460828.16875,4543.424749356495,-2983.038521393909,409.8347864227576
2460828.1694444446,4662.104619439812,-2707.964091400719,796.482465193529
2460828.170138889,4743.204398237076,-2411.0688414648885,1176.6862767382715
2460828.1708333334,4786.066261839877,-2094.746909950247,1547.3698911321076
2460828.171527778,4790.343852636243,-1761.5507037903756,1905.5346693063216
2460828.172222222,4756.004869110958,-1414.1695469013794,2248.284561079681
2460828.1729166666,4683.33088541268,-1055.4072154494686,2572.8499974954025
2460828.173611111,4572.91444631598,-688.1586099041702,2876.6105455927654
2460828.1743055554,4425.653516832821,-315.3857977691826,3157.116137142448
2460828.175,4242.743398970619,59.906324445869515,3412.1066935136896
2460828.175694444,4025.666250102526,434.6945273074893,3639.5300138282632
2460828.176388889,3776.178355716462,805.9616873859719,3837.5578163219843
2460828.1770833335,3496.2953222744172,1170.7209698475538,4004.5998505735793
2460828.177777778,3188.2753586039044,1526.0395786270417,4139.316025486631
2460828.1784722223,2854.6008163548254,1869.0619127772302,4240.62651571365
2460828.1791666667,2497.958153995258,2197.031987742397,4307.719826298091
2460828.179861111,2121.2164864998117,2507.314990823625,4340.058804960523
2460828.1805555555,1727.4048687979864,2797.417858517397,4337.38460003492
2460828.18125,1319.6884611901676,3065.008764291705,4299.718563062156
2460828.1819444443,901.3437160168319,3307.9354140098208,4227.36209701124
2460828.1826388887,475.732721433882,3524.2420471254695,4120.894449107069
2460828.183333333,46.276847293359644,3712.1850355706993,3981.1684476349074
2460828.184027778,-383.57016332770496,3870.2469736858043,3809.304182296358
2460828.1847222224,-810.3494989865259,3997.149145302577,3606.6806313833017
2460828.185416667,-1230.6248094780537,4091.8622510380123,3374.925246752117
2460828.186111111,-1641.0097733486646,4153.615277816862,3115.901518816781
2460828.1868055556,-2038.195495373377,4181.902393861559,2831.6945622229414
2460828.1875,-2418.977514694974,4176.487759799859,2524.5947802530873
2460828.1881944444,-2780.2821797762786,4137.4081564751505,2197.0796964976716
2460828.188888889,-3119.1921417858553,4064.9733481841413,1851.7940656385779
2460828.189583333,-3432.9707067466124,3959.76412117811,1491.5284068365393
2460828.1902777776,-3719.0847836620496,3822.627965291572,1119.1961356055167
2460828.190972222,-3975.226174727612,3654.6723973626868,737.8094956822059
2460828.191666667,-4199.330964707601,3457.255958728541,350.4545192702422
2460828.1923611113,-4389.596784521694,3231.976956336838,-39.734730868210555
2460828.1930555557,-4544.497754080467,2980.6600509446866,-429.60237196928614
2460828.19375,-4662.796939748786,2705.3408309026586,-815.9970859705824
2460828.1944444445,-4743.556199445916,2408.248542516985,-1195.7983952601744
2460828.195138889,-4786.143330911351,2091.7871706568,-1565.9425558863315
2460828.1958333333,-4790.236478196453,1758.5150895076833,-1923.447797942765
2460828.1965277777,-4755.825795499499,1411.1235145306864,-2265.4386656079714
2460828.197222222,-4683.212406368909,1052.4139963281907,-2589.169229600687
2460828.1979166665,-4573.004733130936,685.2751999122689,-2892.044970765824
2460828.198611111,-4426.112302876298,312.65920654914976,-3171.6431649928422
2460828.199305556,-4243.737160831219,-62.44243552780748,-3425.7316306179555
2460828.2,-4027.363043758679,-437.0226934750803,-3652.2857256722714
2460828.2006944446,-3778.7424735349814,-808.0828766804294,-3849.5035198857804
2460828.201388889,-3499.8819416854917,-1172.6561271366281,-4015.819083379703
2460828.2020833334,-3193.025351656343,-1527.8304216528088,-4149.913862356504
2460828.202777778,-2860.6358828173297,-1870.7709491360806,-4250.726126264806
2460828.203472222,-2505.3764319757165,-2198.7417444662974,-4317.458484224079
2460828.2041666666,-2130.0887738980578,-2509.126478508241,-4349.583476589808
2460828.204861111,-1737.7715797997503,-2799.4483064897345,-4346.847248476673
2460828.2055555554,-1331.557410630307,-3067.388694975775,-4309.2713135666745
2460828.20625,-914.6888093233537,-3310.8051373859225,-4237.152411242285
2460828.206944444,-490.4935989876168,-3527.747677763249,-4131.060456563693
2460828.207638889,-62.35950580107901,-3716.4741498132457,-3991.834578231486
2460828.2083333335,366.2917801964575,-3875.4640382257708,-3820.5772350891757
2460828.209027778,792.0309712104603,-4003.4308552233033,-3618.646404200202
2460828.2097222223,1211.4478356409845,-4099.332923567403,-3387.645834908366
2460828.2104166667,1621.1779781578493,-4162.38244881742,-3129.4133726040054
2460828.211111111,2017.9295654096104,-4192.052761827107,-2846.0073693182667
2460828.2118055555,2398.509796076052,-4188.083614339711,-2539.691217252094
2460828.2125,2759.850898766828,-4150.484417217122,-2212.916061009554
2460828.2131944443,3099.0354160645334,-4079.535322597648,-1868.3017771856175
2460828.2138888887,3413.3205294329223,-3975.7860696422827,-1508.616332611951
2460828.214583333,3700.161166023768,-3840.0525362224716,-1136.7536676131615
2460828.215277778,3957.231628296527,-3673.4109678437208,-755.7102814121056
2460828.2159722224,4182.4454946293945,-3477.1898870406626,-368.5607247708673
2460828.216666667,4373.973552402801,-3252.9597207315924,21.567769514198336
2460828.217361111,4530.259544960973,-3002.520218893835,411.5212656779508
2460828.2180555556,4650.0335396788805,-2727.885777026322,798.1454402487681
2460828.21875,4732.322762360695,-2431.268803590225,1178.3119599668166
2460828.2194444444,4776.459776919664,-2115.0613064310505,1548.9446407411685
2460828.220138889,4782.087930537663,-1781.8149037527407,1907.045105164589
2460828.220833333,4749.16402950572,-1434.219474466826,2249.7176817513578
2460828.2215277776,4677.958249168788,-1075.0806876802376,2574.19329267359
2460828.222222222,4569.05132278591,-707.2966531802135,2877.852107147893
2460828.222916667,4423.329088748033,-333.83393660202825,3158.244763009252
2460828.2236111113,4241.974506557164,42.29682011257088,3413.111986855269
2460828.2243055557,4026.457274994126,418.0654462259009,3640.402476270496
2460828.225,3778.521205949182,790.4467396209704,3838.288933114822
2460828.2256944445,3500.1695163992067,1156.444718998942,4005.1821687766706
2460828.226388889,3193.6482091997404,1513.1164488757631,4139.743223268169
2460828.2270833333,2861.4277084202536,1857.5952810996491,4240.893463881443
2460828.2277777777,2506.182918272344,2187.1133642377226,4307.822640280948
2460828.228472222,2130.7718615051813,2499.02329610338,4339.994888095071
2460828.2291666665,1738.2130507862212,2790.8188002628617,4337.152677215315
2460828.229861111,1331.6617333848442,3060.1543209771053,4299.318704902834
2460828.230555556,914.3851563678669,3304.86342614503,4226.795733916663
2460828.23125,489.7369822186391,3522.975920639937,4120.164375469462
2460828.2319444446,61.1309996122345,3712.7335604276423,3980.2788156325905
2460828.232638889,-367.98572619182374,3872.60425911812,3808.260484784057
2460828.2333333334,-794.1601041743352,4001.294671983664,3605.4896743491945
2460828.234027778,-1213.9605023145152,4097.761041356364,3373.595110515512
2460828.234722222,-1624.0042761592601,4161.218183063556,3114.4415085894025
2460828.2354166666,-2020.9851375924752,4191.146497205309,2830.1151467046925
2460828.236111111,-2401.7001391527833,4187.296891942663,2522.9075205541985
2460828.2368055554,-2763.0760376509443,4149.693520837131,2195.297163127258
2460828.2375,-3102.1947827418385,4078.634250544463,1849.9297455013457
2460828.238194444,-3416.3178728781845,3974.6887985662465,1489.5966018529816
2460828.238888889,-3702.9093192375435,3838.6945068373366,1117.2118510533808
2460828.2395833335,-3959.656959259533,3671.7497493229116,735.7883206303715
2460828.240277778,-4184.491878353935,3475.205005254625,348.41250065813784
2460828.2409722223,-4375.605715183341,3250.6516664427263,-41.78121958492248
2460828.2416666667,-4531.465655063385,2999.9086811301195,-431.6367667711239
2460828.242361111,-4650.826945807434,2725.0071727684503,-818.0027710162385
2460828.2430555555,-4732.742808654261,2428.173204578557,-1197.7588424335786
2460828.24375,-4776.571659577059,2111.8088820413095,-1567.841464915918
2460828.2444444443,-4781.981594479,1778.4720149241737,-1925.2692343782928
2460828.2451388887,-4748.952137127657,1430.8545684560568,-2267.167196110577
2460828.245833333,-4677.773286888136,1071.760146482987,-2590.7900520309713
2460828.246527778,-4569.041939897562,704.0807470987078,-2893.5440400117327
2460828.2472222224,-4423.655789084186,330.77303172386496,-3173.007312094565
2460828.247916667,-4242.804834492917,-45.16566415865357,-3426.9486726836867
2460828.248611111,-4027.960652028802,-420.72136837892185,-3653.344570274922
2460828.2493055556,-3780.8635845965596,-792.8873564302776,-3850.394258879934
2460828.25,-3503.508021977166,-1158.6877104791151,-4016.5330781482267
2460828.2506944444,-3198.125937683185,-1515.2003958214862,-4150.443819195907
2460828.251388889,-2867.1688449357516,-1859.5797195455332,-4251.066162042679
2460828.252083333,-2513.288327201002,-2189.078051616561,-4317.604181975949
2460828.2527777776,-2139.3152858948374,-2501.0667059850543,-4349.531930602452
2460828.253472222,-1748.238039430664,-2793.055887260854,-4346.597099121028
2460828.254166667,-1343.1793970181566,-3062.7136165359225,-4308.8227712140815
2460828.2548611113,-927.3728236877324,-3307.8835520696166,-4236.5072694874825
2460828.2555555557,-504.13780765697805,-3526.6016200674326,-4130.22209435019
2460828.25625,-76.85454588379893,-3717.1113637397802,-3990.80795029465
2460828.2569444445,351.06193537068117,-3877.8779151113717,-3819.3688512210488
2460828.257638889,776.1880962416204,-4007.6004848523153,-3617.2642961805286
2460828.2583333333,1195.1184911815758,-4105.223257971617,-3386.0995114033653
2460828.2590277777,1604.4925101470826,-4169.944578712478,-3127.7137619197897
2460828.259722222,2001.021073233181,-4201.224304669777,-2844.1667496388322
2460828.2604166665,2381.513077389086,-4198.789211787744,-2537.723134193154
2460828.261111111,2742.90137783762,-4162.636338915879,-2210.835233548268
2460828.261805556,3082.2680651711,-4093.034172365745,-1866.1239915376016
2460828.2625,3396.8687917983757,-3990.521588783904,-1506.3583245011378
2460828.2631944446,3684.1558882152262,-3855.9044980535987,-1134.4329946184623
2460828.263888889,3941.8000116465614,-3690.2501563277356,-753.3451858629354
2460828.2645833334,4167.710074944086,-3494.879151112604,-366.1699877055968
2460828.265277778,4360.051216090819,-3271.355095552864,23.964981255715166
2460828.265972222,4517.260589745143,-3021.4721052582863,413.90555641486
2460828.2666666666,4638.060789808352,-2747.2401664955996,800.4973484021198
2460828.267361111,4721.470744390334,-2450.8685400171285,1180.6121223401374
2460828.2680555554,4766.813963605673,-2134.7473735276394,1551.1739558066856
2460828.26875,4773.724060058468,-1801.4277247168163,1909.1848969515863
2460828.269444444,4742.14750494958,-1453.6002144032998,2251.7498597521694
2460828.270138889,4672.343623668119,-1094.0725475667844,2576.1005065311588
2460828.2708333335,4564.881874110296,-725.7461426490983,2879.6178962745416
2460828.271527778,4420.636486840299,-351.59211724478223,3159.8536976417467
2460828.2722222223,4240.778575635905,25.373133497445597,3414.549801470919
2460828.2729166667,4026.7658523435384,402.1125335575942,3641.656192416228
2460828.273611111,3780.330097479944,775.5928829733474,3839.3469719950645
2460828.2743055555,3503.4625491334073,1142.809176956702,4006.0344524158586
2460828.275,3198.3973780403257,1500.808507386674,4140.381264610011
2460828.2756944443,2867.5934178513894,1846.713384350856,4241.310443792718
2460828.2763888887,2513.7143148958457,2177.7443341989574,4308.013472408783
2460828.277083333,2139.6072543235045,2491.2416460025324,4339.956270962431
2460828.277777778,1748.2804157403716,2784.686146607628,4336.883133110617
2460828.2784722224,1342.879299208804,3055.7188975939744,4298.818605413822
2460828.279166667,926.6620655228694,3302.1597052228335,4226.067312034138
2460828.279861111,502.9740215531167,3522.0243436445858,4119.211723632559
2460828.2805555556,75.22139768131863,3713.540379842685,3979.1078699962973
2460828.28125,-353.1554439402787,3875.161494300381,3806.8789949633456
2460828.2819444444,-778.7092065549547,4005.580178881558,3603.9071590091107
2460828.282638889,-1198.0130987704044,4103.738696971644,3371.8227978798996
2460828.283333333,-1607.6883243689356,4168.8381831970755,3112.4922620898014
2460828.2840277776,-2004.4314178180691,4200.345765645254,2828.0033774343715
2460828.284722222,-2385.0412086959577,4197.999599155555,2520.649083276568
2460828.285416667,-2746.4451672738064,4161.811707625926,2192.9092405653982
2460828.2861111113,-3085.7248888504746,4092.0685523138045,1847.4307177991539
2460828.2868055557,-3400.140451332449,3989.3292641414873,1487.0059041173624
2460828.2875,-3687.1533899336496,3854.4215053269695,1114.5498201545952
2460828.2881944445,-3944.4480313814774,3688.434956941786,733.0760314258273
2460828.288888889,-4169.95094373371,3492.7124641803484,345.67159497716455
2460828.2895833333,-4361.848280214424,3268.8389051514378,-44.528712199377715
2460828.2902777777,-4518.600817543004,3018.627887580565,-434.3686117318586
2460828.290972222,-4638.95652586019,2744.106409114838,-820.6967146967917
2460828.2916666665,-4721.96054086424,2447.4976522775933,-1200.3927996423424
2460828.292361111,-4766.962452581639,2131.2021080530894,-1570.39370362534
2460828.293055556,-4773.620864943623,1797.7772455325799,-1927.7185590248382
2460828.29375,-4741.905222781705,1449.9159617453815,-2269.4931250593554
2460828.2944444446,-4672.09494322601,1090.4240511082603,-2592.9729893907133
2460828.295138889,-4564.775924197606,722.1969386785776,-2895.565438567058
2460828.2958333334,-4420.8345348559815,348.195916756261,-3174.849826575078
2460828.296527778,-4241.449217234664,-28.575888630038545,-3428.5963040479464
2460828.297222222,-4028.079848599218,-405.097604328677,-3654.782797139838
2460828.2979166666,-3782.4550263451843,-778.354553277712,-3851.610156935507
2460828.298611111,-3506.557438764962,-1145.3618829854977,-4017.515428438725
2460828.2993055554,-3202.6074963272486,-1503.1877111144665,-4151.183201131292
2460828.3,-2873.045374896361,-1848.975667276157,-4251.555034811862
2460828.300694444,-2520.5116350087133,-2179.9666973031585,-4317.836951480742
2460828.301388889,-2147.8265536227213,-2493.5200349516335,-4349.505002872806
2460828.3020833335,-1757.9683043627076,-2787.133242948376,-4346.308919824276
2460828.302777778,-1354.0501078721036,-3058.4612376942086,-4308.273851106719
2460828.3034722223,-939.2964695325237,-3305.334211717871,-4235.700195447348
2460828.3041666667,-517.0186156941339,-3525.77436863424,-4129.161525988787
2460828.304861111,-90.58924100246232,-3718.0113798197185,-3989.5006015101726
2460828.3055555555,336.5833118459812,-3880.496463983769,-3817.8234571086336
2460828.30625,761.0813180010481,-4011.914987433088,-3615.4915639214078
2460828.3069444443,1179.5042313054578,-4111.197468942567,-3384.1120560640356
2460828.3076388887,1588.4953873075433,-4177.528874275122,-3125.526026128867
2460828.308333333,1984.768665160038,-4210.356078132193,-2841.7949078401266
2460828.309027778,2365.1349105849695,-4209.39337497425,-2535.1849804950302
2460828.3097222224,2726.527898500612,-4174.625926022916,-2208.150055445923
2460828.310416667,3066.0296030578634,-4106.311042064172,-1863.3124269913421
2460828.311111111,3380.8945208738555,-4004.977219602708,-1503.4422068619613
2460828.3118055556,3668.572796162767,-3871.420870470225,-1131.4351830619028
2460828.3125,3926.7318839192226,-3706.7007151027533,-750.2893855736639
2460828.3131944444,4153.276504126341,-3512.129839019216,-363.08055867371445
2460828.313888889,4346.366643165018,-3289.265450599719,27.063222619953383
2460828.314583333,4504.433386816434,-3039.896411021085,416.98754283794636
2460828.3152777776,4626.19239138674,-2766.028646136312,803.5379709753004
2460828.315972222,4710.654835175463,-2469.868583068575,1183.5864419491081
2460828.316666667,4757.135729632278,-2153.804785068957,1554.0574138891852
2460828.3173611113,4765.25950983909,-1820.3879854361603,1911.9535240984203
2460828.3180555557,4734.962866206863,-1472.3097408387594,2254.3804795980504
2460828.31875,4666.494820775166,-1112.379942216276,2578.5709324794007
2460828.3194444445,4560.41409038233,-743.5034224170615,2881.907120198564
2460828.320138889,4417.583814993438,-368.6559107303913,3161.9420681697657
2460828.3208333333,4239.163758949104,9.140429614890035,3416.4191905068146
2460828.3215277777,4026.6001185657055,386.8416475278296,3643.2901483147725
2460828.322222222,3781.6130857794888,761.4066201289767,3840.730859261548
2460828.3229166665,3506.182330065229,1129.8214385310205,4007.1555767034283
2460828.323611111,3202.5305663968866,1489.1233823930907,4141.228981984828
2460828.324305556,2873.1053768573274,1836.424321542958,4241.876254183455
2460828.325,2520.5594479964284,2168.933401655121,4308.291097238944
2460828.3256944446,2147.7293841464775,2483.97888101103,4339.941713755701
2460828.326388889,1757.6132460283054,2779.0290018566216,4336.574723487263
2460828.3270833334,1353.3469547611319,3051.711788537379,4298.217026166172
2460828.327777778,938.1797066580111,3299.833661176288,4225.175608801499
2460828.328472222,515.448528877479,3521.3967652134506,4118.0352971569655
2460828.3291666666,88.55212041341669,3714.6149057312273,3977.6544504826397
2460828.329861111,-339.07587959014296,3877.9279778575956,3805.158598903272
2460828.3305555554,-763.9940389195732,4010.0147766982986,3601.932026907816
2460828.33125,-1182.7805232372402,4109.804067237215,3369.607314846522
2460828.331944444,-1592.0605484515088,4176.4837946623375,3110.0528594744824
2460828.332638889,-1988.5336846542482,4209.508314378205,2825.358415851672
2460828.3333333335,-2369.0007931915757,4208.603530087166,2517.8187199420454
2460828.334027778,-2730.3903601190073,4173.769837459304,2189.9152761341006
2460828.3347222223,-3069.7839664661456,4105.282788815999,1844.2964315442875
2460828.3354166667,-3384.440650554319,4003.691415539704,1483.7558697353006
2460828.336111111,-3671.819887979561,3869.8141735392355,1111.2097105346847
2460828.3368055555,-3929.6029429203963,3704.732506893662,729.6724113519439
2460828.3375,-4155.712343829933,3509.7820600513455,342.2317027390654
2460828.3381944443,-4348.329259424006,3286.541605669788,-47.97718913151146
2460828.3388888887,-4505.908579385442,3036.819788992879,-437.7977681001607
2460828.339583333,-4627.1915324294705,2762.6398276396744,-824.0786598308721
2460828.340277778,-4711.215715409118,2466.2223337660093,-1203.6998915024267
2460828.3409722224,-4757.322444991908,2149.9664543123286,-1573.5987813560043
2460828.341666667,-4765.161385900733,1816.4295487709633,-1930.7951691949618
2460828.342361111,-4734.692452608859,1468.3056338972463,-2272.415742760976
2460828.3430555556,-4666.185019628819,1108.402839689315,-2595.717229814258
2460828.34375,-4560.214513083908,739.6201192057753,-2898.108257597623
2460828.3444444444,-4417.656486631992,364.92345026093494,-3177.16971049153
2460828.345138889,-4239.6783116957085,-12.678238453731408,-3430.673444114342
2460828.345833333,-4027.7286287984143,-390.15720602754044,-3656.5992507401356
2460828.3465277776,-3783.524721814145,-764.4909014957244,-3853.1499933714435
2460828.347222222,-3509.037981151575,-1132.6856539209157,-4018.7648566279718
2460828.347916667,-3206.477620232523,-1491.7998956821227,-4152.130683751334
2460828.3486111113,-2878.2728089517213,-1838.966777999703,-4252.191383400641
2460828.3493055557,-2527.05337787425,-2171.41605948529,-4318.15540518919
2460828.35,-2155.6292310834615,-2486.4951674513413,-4349.501290294973
2460828.3506944445,-1766.9686072016975,-2781.6893299735434,-4345.9813030492505
2460828.351388889,-1364.1753051899377,-3054.640697222808,-4307.623152411243
2460828.3520833333,-950.4649935839517,-3303.166363522575,-4234.729806281666
2460828.3527777777,-529.1407134535289,-3525.275204691302,-4127.87739785842
2460828.353472222,-103.5676889792217,-3719.1834384566123,-3987.911218781862
2460828.3541666665,322.8524368032078,-3883.328810359901,-3815.9397909705312
2460828.354861111,746.7078155508522,-4016.383300183896,-3613.3270077001216
2460828.355555556,1164.6029088678065,-4117.264233579302,-3381.682341544993
2460828.35625,1573.1851525320055,-4185.143682723662,-3122.849120371767
2460828.3569444446,1969.1715858744662,-4219.456032589463,-2838.8908904845716
2460828.357638889,2349.375247121351,-4219.9035935912625,-2532.075903347752
2460828.3583333334,2710.731119992197,-4186.460147402628,-2204.8597816622214
2460828.359027778,3050.321390840611,-4119.372323866236,-1859.8664537054776
2460828.359722222,3365.3997689702933,-4019.158726233144,-1499.8674707847274
2460828.3604166666,3653.4146166631413,-3886.6067434519814,-1127.7598502808014
2460828.361111111,3912.030624513304,-3722.7670192813653,-746.5426281630673
2460828.3618055554,4139.14878685304,-3528.9455762971106,-359.2923188915715
2460828.3625,4332.924431836523,-3306.693632598598,30.862477740835132
2460828.363194444,4491.783090778183,-3057.795181804174,420.7670733907048
2460828.363888889,4614.434013970055,-2784.2524444842343,807.2670212114957
2460828.3645833335,4699.88117361528,-2488.2693348540183,1187.2344984702581
2460828.365277778,4747.431633815552,-2172.233114336229,1557.5944636184895
2460828.3659722223,4756.701205852088,-1838.6944342885747,1915.350308281621
2460828.3666666667,4727.617350673866,-1490.3459883045962,2257.6087406960255
2460828.367361111,4660.419331072562,-1130.0000096482881,2581.603653683056
2460828.3680555555,4555.655654965998,-760.5648574084099,2884.7187530803108
2460828.36875,4414.17888756425,-385.020939153819,3164.5087473414574
2460828.3694444443,4237.137939293902,-6.396207446473449,3418.7189334919067
2460828.3701388887,4025.9679617129104,372.2585365505334,3645.3030395983687
2460828.370833333,3782.3780006842217,747.8943171041986,3842.439216888436
2460828.371527778,3508.336568462048,1117.4884348140013,4008.5441003353276
2460828.3722222224,3206.055301979049,1478.0685127914642,4142.284881740793
2460828.372916667,2877.970870194702,1826.73598021379,4242.5893611225165
2460828.373611111,2526.7253023165313,2160.6888375323942,4308.653952196262
2460828.3743055556,2155.1448808274263,2477.2435876743407,4339.949637482957
2460828.375,1766.2177634498785,2773.8561989113405,4336.225865460387
2460828.3756944444,1363.0704645509318,3048.1420013241805,4297.512392936964
2460828.376388889,948.9433417482308,3297.894402877374,4224.11907129585
2460828.377083333,527.165222602299,3521.102321509391,4116.633577102569
2460828.3777777776,101.12730629139286,3715.9662272779337,3975.917084856449
2460828.378472222,-325.74350796726856,3880.9126788726653,3803.0978829608885
2460828.379166667,-750.0117156754135,4014.6072415062167,3599.562935443336
2460828.3798611113,-1168.2605524119515,4115.965664496756,3366.9474012144105
2460828.3805555557,-1577.1194050853119,4184.163197509149,3107.1221334978554
2460828.38125,-1973.2910849744985,4218.6419251431735,2822.1791989833587
2460828.3819444445,-2353.5787382408057,4219.11600564891,2514.4154795507347
2460828.382638889,-2714.912158267504,4185.57471183653,2186.3144419718474
2460828.3833333333,-3054.373250924564,4118.2831875924085,1840.5261882709165
2460828.3840277777,-3369.220388622838,4017.780856665489,1479.8459364082548
2460828.384722222,-3656.9113981164223,3884.8774473369867,1107.1911019613692
2460828.3854166665,-3915.124924694676,3720.6466276558513,725.5771858435822
2460828.386111111,-4141.779928816578,3526.41728106784,338.0926988792048
2460828.386805556,-4335.053091509245,3303.762488408329,-52.126624772892505
2460828.3875,-4493.393931532127,3054.48631772242,-441.9240580878522
2460828.3881944446,-4615.537468573199,2780.6085582386036,-828.1482772791021
2460828.388888889,-4700.514303534153,2484.3475672844093,-1207.6796412459623
2460828.3895833334,-4747.658027926577,2168.10142673882,-1577.4560760970048
2460828.390277778,-4756.609916957953,1834.427623154318,-1934.4983024684027
2460828.390972222,-4727.32090040155,1486.0214878587892,-2275.9341519247523
2460828.3916666666,-4660.050847430785,1125.6936380731124,-2599.021747615626
2460828.392361111,-4555.365236484919,756.346660806301,-2901.17135165402
2460828.3930555554,-4414.129313002224,380.95128180939304,-3179.965706759315
2460828.39375,-4237.499863486139,2.522248477992964,-3433.178734526614
2460828.394444444,-4026.9147529266133,-375.9058581739303,-3658.792482337999
2460828.395138889,-3784.0803857412266,-751.3026835413815,-3855.012238881534
2460828.3958333335,-3510.9572551052993,-1120.6658549196131,-4020.279765982497
2460828.396527778,-3209.743747141389,-1481.0442734623575,-4153.2846146154325
2460828.3972222223,-2882.858358006337,-1829.5608081978487,-4252.973512382314
2460828.3979166667,-2532.920481581264,-2163.434265535436,-4318.55781808192
2460828.398611111,-2162.7299047765014,-2480.0005353983684,-4349.519051474983
2460828.3993055555,-1775.2451433699273,-2776.732816501905,-4345.612504570554
2460828.4,-1373.5607449901495,-3051.2608292310906,-4306.868941786995
2460828.4006944443,-960.8836666292098,-3301.388936604094,-4233.594393135917
2460828.4013888887,-540.508845631609,-3525.1130800264405,-4126.368039278773
2460828.402083333,-115.79407095211899,-3720.6364420195855,-3986.0381829279327
2460828.402777778,309.86572494346314,-3886.383735194292,-3813.716298406384
2460828.4034722224,733.0646267102692,-4021.0140116194116,-3610.7691510340815
2460828.404166667,1150.4122083805662,-4123.431878876654,-3378.8089813590595
2460828.404861111,1558.5601550549118,-4192.797002377105,-3119.6817598073294
2460828.4055555556,1954.228860829133,-4228.531773096897,-2835.453526275848
2460828.40625,2334.2337970004587,-4230.327018229145,-2528.394854550644
2460828.4069444444,2695.511438276694,-4198.145641609335,-2200.963496888995
2460828.407638889,3035.1445066167794,-4132.2240909848915,-1855.7852980172354
2460828.408333333,3350.386287352997,-4033.0715678757033,-1495.6334917071786
2460828.4090277776,3638.683759699072,-3901.466918648502,-1123.4065273288138
2460828.409722222,3897.6992830079753,-3738.453174536823,-742.1046048160594
2460828.410416667,4125.330587796975,-3545.329740005559,-354.80512320984064
2460828.4111111113,4319.728832292044,-3323.6422635322056,35.362725574588666
2460828.4118055557,4479.314503263414,-3075.1702641093443,425.2439599848397
2460828.4125,4602.790972088973,-2801.91261875947,811.6841442009118
2460828.4131944445,4689.155544787231,-2506.071055210052,1191.5557728441763
2460828.413888889,4737.707885452618,-2190.0318225787078,1561.7844252569014
2460828.4145833333,4748.055731916548,-1856.3457397609404,1919.3744133852442
2460828.4152777777,4720.117864033816,-1507.7068436731104,2261.4336573631454
2460828.415972222,4654.124326837285,-1146.9298730940031,2585.1975423954573
2460828.4166666665,4550.613949456764,-776.9268316862141,2888.05153353469
2460828.417361111,4410.429236633469,-400.6828778268007,3167.552349747903
2460828.418055556,4234.708738873224,-21.231779478132406,3421.447532259628
2460828.41875,4024.877032841045,358.3688318753107,3647.69326749534
2460828.4194444446,3782.632461231483,735.0621915583894,3844.4703577867012
2460828.420138889,3509.932791164341,1105.8169182236293,4010.198260868084
2460828.4208333334,3208.9789577677116,1467.6511326763712,4143.547140771121
2460828.421527778,2882.197060479652,1817.6560146961876,4243.44789440615
2460828.422222222,2532.21877137928,2153.018655925684,4309.100135255513
2460828.4229166666,2161.8603144188405,2471.044074244274,4339.9781232143305
2460828.423611111,1774.1001628114554,2769.1762723889397,4335.834638403847
2460828.4243055554,1372.055598935756,3045.0182277330955,4296.702798703173
2460828.425,958.9582720288878,3296.3507081639314,4222.895821555989
2460828.425694444,538.1288916840331,3521.1498059761893,4115.004729428805
2460828.426388889,112.9511939062436,3717.6030822839116,3973.8939976396464
2460828.4270833335,-313.15467336650266,3884.1242082493845,3800.6951449083112
2460828.427777778,-736.7591926467591,4019.3659874804016,3596.798269596773
2460828.4284722223,-1154.450776817143,4122.23163786377,3363.8415428573853
2460828.4291666667,-1562.8631386296458,4191.884209887353,3103.698683306585
2460828.429861111,-1958.702530682143,4227.7540218053655,2818.4644508189376
2460828.4305555555,-2338.774628565157,4229.543995400448,2510.438224111784
2460828.43125,-2700.0108248921424,4197.232789690108,2182.1057455479718
2460828.4319444443,-3039.4936791705504,4131.07564517043,1836.119151492389
2460828.4326388887,-3354.4812680248247,4031.6028744664695,1475.2754315165457
2460828.433333333,-3642.430175212142,3899.6159618033166,1102.4934917107498
2460828.434027778,-3901.0168651934623,3736.1812657001983,720.790027187738
2460828.4347222224,-4128.157197029423,3542.6213540567123,333.25443437085846
2460828.435416667,-4322.02385571825,3320.5040359372547,-56.97698652116057
2460828.436111111,-4481.061501476789,3071.6291925662654,-446.7472678239276
2460828.4368055556,-4603.999472576125,2798.0135430529876,-832.9051730419806
2460828.4375,-4689.86191248637,2501.8735131333556,-1212.3314757082233
2460828.4381944444,-4737.975232723042,2185.606403081155,-1581.9648404906086
2460828.438888889,-4747.972865097174,1851.770070014572,-1938.827042992683
2460828.439583333,-4719.797297477253,1503.0613618128511,-2280.047274447855
2460828.4402777776,-4653.6994283610475,1142.293539311497,-2602.8853113858972
2460828.440972222,-4550.235310809107,772.372936737924,-2904.7533450038
2460828.441666667,-4410.260387337491,396.27509458702997,-3183.236306589204
2460828.4423611113,-4234.921344384542,17.020601401449632,-3436.1105450529794
2460828.4430555557,-4025.645732079752,-362.34914410244824,-3661.360752866181
2460828.44375,-3784.1295078993376,-738.7960512108086,-3857.195060152902
2460828.4444444445,-3512.3226708169454,-1109.3091544290266,-4022.0582425749676
2460828.445138889,-3212.4131480289116,-1470.9279765784563,-4154.643014782362
2460828.4458333333,-2886.809096300584,-1820.7652957430319,-4253.899393287983
2460828.4465277777,-2538.1197690514146,-2156.0291968260153,-4319.042127888082
2460828.447222222,-2169.135091040003,-2474.044301306223,-4349.556206843415
2460828.4479166665,-1782.804071798327,-2772.272079811482,-4345.200443885753
2460828.448611111,-1382.2121794633392,-3048.3301587207916,-4306.00915417064
2460828.449305556,-970.5577897425402,-3300.010534315006,-4232.291922864311
2460828.45,-551.1278202383475,-3525.2966071087535,-4124.631465187144
2460828.4506944446,-127.27266371108048,-3722.37894276228,-3983.879572725674
2460828.451388889,297.61946365267045,-3889.669661208482,-3811.1511377246134
2460828.4520833334,720.1486331401001,-4025.8153471945325,-3607.816246218199
2460828.452777778,1136.9296285423934,-4129.70836606464,-3375.49033691745
2460828.453472222,1544.6185306366351,-4200.496466011654,-3116.0224282462254
2460828.4541666666,1939.9392776100983,-4237.590542212966,-2831.481433841453
2460828.454861111,2319.710008055549,-4240.67044253952,-2524.140599862554
2460828.4555555554,2680.8689650167375,-4209.688698468165,-2196.4601250549085
2460828.45625,3020.499724854689,-4144.872078521551,-1851.0680512505883
2460828.456944444,3335.855506508931,-4046.7208785889666,-1490.7395367336132
2460828.457638889,3624.38229994027,-3916.005887609711,-1118.3746638874106
2460828.4583333335,3883.740560527468,-3753.762994210344,-736.9749542669873
2460828.459027778,4111.825212794715,-3561.2854346454155,-349.6188030387483
2460828.4597222223,4306.783728184032,-3340.113714477646,40.56393948730737
2460828.4604166667,4467.032054313168,-3092.0232769766494,430.4179799512066
2460828.461111111,4591.2682064216015,-2819.010023436032,816.7889221874684
2460828.4618055555,4678.483360025076,-2523.2738283564117,1196.549654079029
2460828.4625,4727.970323020038,-2207.2002241546897,1566.6264984642153
2460828.4631944443,4739.3293068132225,-1873.3404526015008,1924.024855702706
2460828.4638888887,4712.470955528329,-1524.3901070745867,2265.8540695054626
2460828.464583333,4647.616635348108,-1163.1666008044538,2589.3512709765564
2460828.465277778,4545.296024673229,-792.5857066153349,2891.9039763618853
2460828.4659722224,4406.342080007657,-415.6374109211887,3171.0712447122805
2460828.466666667,4231.88348489404,-35.36132940346953,3424.6032232945727
2460828.467361111,4023.334710855999,345.1780896698661,3650.458948830761
2460828.4680555556,3782.383838946351,722.9163538132606,3846.822294547913
2460828.46875,3510.9783029721552,1094.8135041339842,4012.1159828934983
2460828.4694444444,3211.30871520979,1457.8783066715405,4145.013611520866
2460828.470138889,2885.7909471595067,1809.1918831300516,4244.449652121437
2460828.470833333,2537.046618743215,2145.9306461707006,4309.627407381106
2460828.4715277776,2167.8821578300044,2465.3883990667177,4340.024912972073
2460828.472222222,1781.2665754404404,2764.9974839511415,4335.3987835154085
2460828.472916667,1380.3080992566586,3042.348865681282,4295.786002066067
2460828.4736111113,968.2298024984104,3295.2110437135007,4221.503653520006
2460828.4743055557,548.3443637988646,3521.5476848860603,4113.146601446037
2460828.475,124.02809566211162,3719.5338679957317,3971.5831071070543
2460828.4756944445,-301.3056126177675,3887.57082622219,3797.9483910462113
2460828.476388889,-724.233286002396,4024.2990711192506,3593.636139838668
2460828.4770833333,-1141.3486165892505,4128.609774732923,3360.287970167828
2460828.4777777777,-1549.2897925830375,4199.654286924695,3099.7808744020685
2460828.478472222,-1944.7667037127605,4236.851666965227,2814.212685787434
2460828.4791666665,-2324.58779617033,4239.894112293893,2505.8856282234447
2460828.479861111,-2685.686345248212,4208.750180868715,2177.2880342135236
2460828.480555556,-3025.145889465774,4143.665718966078,1831.0743510586547
2460828.48125,-3340.2245744565535,4045.162429070894,1470.0435756822662
2460828.4819444446,-3628.3781410933943,3914.0340400152836,1097.1162985237995
2460828.482638889,-3887.2813056181276,3751.3400729189407,715.310558659217
2460828.4833333334,-4114.847288492963,3558.3972304168446,327.71674006489604
2460828.484027778,-4309.245265053843,3336.768475834742,-62.52823398222204
2460828.484722222,-4468.915544540365,3088.2499002347954,-452.26714660469776
2460828.4854166666,-4592.582307118706,2814.8555172241086,-838.3488868172687
2460828.486111111,-4679.263773707599,2518.8001494545733,-1217.6547286660173
2460828.4868055554,-4728.279717043457,2202.480605768071,-1587.124207008763
2460828.4875,-4739.2562683721435,1868.4553645169683,-1943.780327190616
2460828.488194444,-4712.1280135813,1519.422996230815,-2284.75385965782
2460828.488888889,-4647.13741277003,1158.1995695840974,-2607.306491981786
2460828.4895833335,-4544.831613439601,787.6952830326072,-2908.852641895399
2460828.490277778,-4406.056759206262,410.89056578658005,-3186.979759452961
2460828.4909722223,-4231.949919928448,30.811874604972378,-3439.466984005914
2460828.4916666667,-4023.9287903239065,-349.49259231952345,-3664.302044670955
2460828.492361111,-3783.6793140898585,-726.9770694125825,-3859.696328807132
2460828.4930555555,-3513.1413981662354,-1098.6221047602485,-4024.098064327746
2460828.49375,-3214.4928808348873,-1461.4579905354094,-4156.203585674288
2460828.4944444443,-2890.131913652705,-1812.5876031820844,-4254.966669434893
2460828.4951388887,-2542.6579069718287,-2149.2085339191012,-4319.605938573744
2460828.495833333,-2174.8511820999015,-2468.6344005791957,-4349.610339859233
2460828.496527778,-1789.651459003708,-2768.315246871561,-4344.742703224896
2460828.4972222224,-1390.1353025070869,-3045.856938109647,-4305.041389902159
2460828.497916667,-979.4926385593392,-3299.039468580793,-4230.820033007213
2460828.498611111,-561.0024537664722,-3525.8340900424455,-4122.665369414088
2460828.4993055556,-138.0077877852988,-3724.4191696342873,-3981.433157310599
2460828.5,286.1098630627068,-3893.1946762966627,-3808.2421713001063
2460828.5006944444,707.9566047794922,-4030.795188396069,-3604.4662666795716
2460828.501388889,1124.1525258685886,-4136.101307042505,-3371.72450864162
2460828.502083333,1531.3582417936893,-4208.24935420153,-3111.8693696013447
2460828.5027777776,1926.3014204699882,-4246.63923042928,-2826.9730154855097
2460828.503472222,2305.8030978121374,-4250.940311305253,-2519.311713094638
2460828.504166667,2666.803556511573,-4221.095264967227,-2191.3484240671473
2460828.5048611113,3006.387541514649,-4157.321687602631,-1845.7136661792213
2460828.5055555557,3321.808557314345,-4060.111470153481,-1485.1847633387792
2460828.50625,3610.5119944301914,-3930.2278336900313,-1112.6636290563195
2460828.5069444445,3870.15682583049,-3768.699999415861,-731.1532631683301
2460828.507638889,4098.635622574308,-3576.815491015405,-343.7331674000688
2460828.5083333333,4294.092648000108,-3356.110103397919,46.466085428761595
2460828.5090277777,4454.939811434487,-3108.355608902579,436.2888733810421
2460828.509722222,4579.8702905326745,-2835.5453067524563,822.5808706734721
2460828.5104166665,4667.869661856181,-2539.8775577468787,1202.2154359546148
2460828.511111111,4718.224417249238,-2223.7374789240107,1572.1197604744818
2460828.511805556,4730.527785215237,-1889.6769965350227,1929.3005026260364
2460828.5125,4704.682816443891,-1540.3934795752448,2270.86864309634
2460828.5131944446,4640.902734726024,-1178.7071915032843,2594.0633132415023
2460828.513888889,4539.708593204557,-807.5378027320951,2896.2743757272647
2460828.5145833334,4401.924311191335,-429.8802125895549,3175.0635589971853
2460828.515277778,4228.669196693848,-48.7799210597313,3428.1839804468077
2460828.515972222,4021.348084030256,332.6918170471668,3653.5979212415646
2460828.5166666666,3781.6392351563118,711.4628352965896,3849.492744814851
2460828.517361111,3511.480161405956,1084.484699199437,4014.2948822804346
2460828.5180555554,3213.0515320012278,1448.7569631891213,4146.681826882008
2460828.51875,2888.7593332415995,1801.350878687037,4245.592103697976
2460828.519444444,2541.2154380803595,2139.4324074453802,4310.233194904649
2460828.520138889,2173.2167440767957,2460.284404677679,4340.087410493203
2460828.5208333335,1787.723022970217,2761.327856308664,4334.915702864966
2460828.521527778,1387.8336286603212,3040.1420525993003,4294.759424433861
2460828.5222222223,976.7631932294416,3294.483595678611,4219.940028901156
2460828.5229166667,557.816454572026,3522.3041267902286,4111.0567159233215
2460828.523611111,134.3623454503676,3721.766669008753,3968.9820176530156
2460828.5243055555,-290.19250853834257,3891.2604684784783,3794.8553268544692
2460828.525,-712.4307246418992,4029.414214864658,3590.074372043537
2460828.5256944443,-1128.951372446192,4135.107522000346,3356.284647548762
2460828.5263888887,-1536.3972608117747,4207.4805399331535,3095.366826682789
2460828.527083333,-1931.4821073006317,4245.941578987939,2809.4221952864414
2460828.527777778,-2311.017365043612,4250.172627649468,2500.756169458488
2460828.5284722224,-2671.938470307587,4220.132659273074,2171.859985145926
2460828.529166667,-3011.330261902739,4156.058639053188,1825.3906746994624
2460828.529861111,-3326.4513133302758,4058.464164913193,1464.1494772950916
2460828.5305555556,-3614.7569177472847,3928.13570384962,1091.0588597838992
2460828.53125,-3873.9204719388513,3766.126416155809,709.1383514796843
2460828.5319444444,-4101.853014032185,3573.7475959025614,321.479426398954
2460828.532638889,-4296.7206927045045,3352.557791193895,-68.78031634747673
2460828.533333333,-4456.959968336453,3104.349706309578,-458.48340231555534
2460828.5340277776,-4581.290382513849,2831.1350191484307,-844.4788873674617
2460828.534722222,-4668.724764226806,2535.1272841518667,-1223.6486332743525
2460828.535416667,-4718.57678496157,2218.7231152042896,-1592.933178294876
2460828.5361111113,-4730.4658149740935,1884.4818668920282,-1949.3569359178289
2460828.5368055557,-4704.319074936743,1535.104046021439,-2290.0524752562137
2460828.5375,-4640.371115969933,1173.4086972063692,-2612.283656006583
2460828.5381944445,-4539.160698073206,802.3100081311452,-2913.467419300549
2460828.538888889,-4401.525167815405,424.79337422612224,-3191.1940671861025
2460828.5395833333,-4228.592460777583,43.89115317730504,-3443.245893471589
2460828.5402777777,-4021.7708749179887,-337.34167071646846,-3667.6140566875697
2460828.540972222,-3782.73677258159,-715.8517143588465,-3862.513618650951
2460828.5416666665,-3513.4203709623284,-1088.611141519275,-4026.396698782944
2460828.542361111,-3215.989789867064,-1452.6411577796175,-4157.963708297813
2460828.543055556,-2892.8335104803728,-1805.034924277404,-4256.172655799955
2460828.54375,-2546.54139929738,-2142.97976305801,-4320.246520034669
2460828.5444444446,-2179.8844337654887,-2463.778551577848,-4349.678696855795
2460828.545138889,-1795.7932643778424,-2764.870204901024,-4344.236527111909
2460828.5458333334,-1397.3357300352232,-3043.8491599350486,-4303.962913641185
2460828.546527778,-987.6934422754714,-3298.483772247589,-4229.176030421235
2460828.547222222,-570.1375470728462,-3526.7335375960306,-4120.4671226127
2460828.5479166666,-148.00377743426384,-3726.765043026091,-3978.6963921906645
2460828.548611111,275.3330887207288,-3896.9665482635073,-3804.9869604655264
2460828.5493055554,696.4852362704901,-4035.9610876196416,-3600.716899983898
2460828.55,1112.078149797427,-4142.617977995892,-3367.50932966908
2460828.550694444,1518.7771145308618,-4216.062608428923,-3107.220580622166
2460828.551388889,1913.3137093390396,-4255.684388678203,-2821.9264482362532
2460828.5520833335,2292.5120908556437,-4261.1427321788115,-2513.9065684253683
2460828.552777778,2653.314850712195,-4232.370956420784,-2185.626978435155
2460828.5534722223,2992.8082102210437,-4169.577996167128,-1839.7209504731109
2460828.5541666667,3308.246307278691,-4073.247842304287,-1478.9682126049404
2460828.554861111,3597.0743165612334,-3944.136642840411,-1106.2727073481608
2460828.5555555555,3856.9501468465137,-3783.267431177825,-724.6390656944326
2460828.55625,4085.764463364768,-3591.922479170022,-337.1480042495348
2460828.5569444443,4281.658794770102,-3371.6333092634864,53.06911866067514
2460828.5576388887,4443.0415086709245,-3124.168433196576,442.85633814812843
2460828.558333333,4568.601459474698,-2851.51892745635,829.0594318198667
2460828.559027778,4657.319152305359,-2555.881984376806,1208.5523088519326
2460828.5597222224,4708.47529924102,-2239.64261317951,1578.2631554337224
2460828.560416667,4721.6566860261255,-1905.3536913952291,1935.2000603646952
2460828.561111111,4696.759309066741,-1555.7145892891012,2276.4758558643016
2460828.5618055556,4633.988783276467,-1193.5486005610264,2599.3319310464312
2460828.5625,4533.858060055145,-821.7794292027901,2901.160790110745
2460828.5631944444,4397.182530105795,-443.4069755460736,3179.527163531171
2460828.563888889,4225.072615879472,-61.482666036487586,3432.187503859874
2460828.564583333,4018.9239821659844,320.91544203633197,3657.1077313360965
2460828.5652777776,3780.405512319645,700.7075603750432,3852.479121653953
2460828.565972222,3511.4452074961796,1074.8368742812584,4016.7322582766456
2460828.566666667,3214.214172299473,1440.2938684349176,4148.548993964613
2460828.5673611113,2891.1088523834187,1794.140107157348,4246.872385952331
2460828.5680555557,2544.731680165038,2133.5313266865023,4310.914586910637
2460828.56875,2177.8702895763745,2455.7396991397136,4340.1626802800865
2460828.5694444445,1793.4754390689827,2758.175155987659,4334.382459785979
2460828.570138889,1394.6377902719466,3038.40565092715,4293.620151461938
2460828.5708333333,984.5636733905241,3294.1762579486663,4218.20207924928
2460828.5715277777,566.5499779342344,3523.426992991346,4108.732273547912
2460828.572222222,143.95830319616874,3724.309250653363,3966.0880215822494
2460828.5729166665,-279.8114870415796,3895.200740428322,3791.413359392202
2460828.573611111,-701.3481518479864,4034.7188031660003,3586.1105090268525
2460828.574305556,-1117.2562308253266,4141.731983348059,3351.829274303937
2460828.575,-1524.1832948086656,4215.369734529201,3090.4544153225092
2460828.5756944446,-1918.8470754323964,4255.030130945236,2804.0910483983484
2460828.576388889,-2298.06226354557,4260.385470812724,2495.0481281554853
2460828.5770833334,-2658.7667318425047,4231.385663052638,2165.820104109958
2460828.577777778,-2998.046934520645,4168.259309057063,1819.066867189788
2460828.578472222,-3313.162227414942,4071.5124122157795,1457.5921314641573
2460828.5791666666,-3601.5678471899405,3941.9246755863287,1084.3204290787367
2460828.579861111,-3860.9362936227362,3780.5433809424544,702.272925739356
2460828.5805555554,-4089.1768756068545,3588.674874765358,314.5422835179613
2460828.58125,-4284.4531919336305,3367.873727430211,-75.7331691458908
2460828.581944444,-4445.198353402996,3119.92966377911,-465.39569711826204
2460828.582638889,-4570.127777876702,2846.8524016674055,-851.2945661253262
2460828.5833333335,-4658.249428885423,2550.854567978701,-1230.3123148926356
2460828.584027778,-4708.8714103987595,2234.3328838569896,-1599.3906203799895
2460828.5847222223,-4721.6068678254605,1899.847841391397,-1955.5554840777622
2460828.5854166667,-4696.37619032076,1550.1021016227648,-2295.9414965384212
2460828.586111111,-4633.406546817149,1187.9178599467025,-2617.8149512909863
2460828.5868055555,-4533.2288253385905,816.2134223301547,-2918.5956126122082
2460828.5875,-4396.672075068237,437.979232649648,-3195.876969534521
2460828.5881944443,-4224.8555781801115,56.25358758340055,-3447.4448353327853
2460828.5888888887,-4019.1786941927803,-325.9017499943172,-3671.2941913165955
2460828.589583333,-3781.3086342833435,-705.4258354980699,-3865.644193834246
2460828.590277778,-3513.166329057169,-1079.282544697047,-4028.951292982574
2460828.5909722224,-3216.9105498962913,-1444.4841380482035,-4159.920434993067
2460828.591666667,-2894.9204442163805,-1798.1142434215926,-4257.514332760653
2460828.592361111,-2549.7766333779364,-2137.3501373170498,-4320.960804485695
2460828.5930555556,-2184.2410131186684,-2459.484216814575,-4349.758185823618
2460828.59375,-1801.2353857199043,-2761.944565546412,-4343.678823565581
2460828.5944444444,-1403.8190444281677,-3042.3145229853412,-4302.770657777295
2460828.595138889,-995.1654236775614,-3298.351168997859,-4227.356896068104
2460828.595833333,-578.5379227842437,-3528.0026354905517,-4118.033778398311
2460828.5965277776,-157.26501781096673,-3729.424148221537,-3975.66642739172
2460828.597222222,265.28522660805913,-3900.9927003248176,-3801.3827749754073
2460828.597916667,685.73111654841,-4041.320246387142,-3596.565557282016
2460828.5986111113,1100.7036170621975,-4149.265299986928,-3362.842374746488
2460828.5993055557,1506.8728158447404,-4223.942813455323,-3102.0738198851463
2460828.6,1900.974378984041,-4264.732212280191,-2816.339693868441
2460828.6006944445,2279.8358048900195,-4271.283461167464,-2507.92334702561
2460828.601388889,2640.402256013594,-4243.521043186924,-2179.2942055154763
2460828.6020833333,2979.7617342399485,-4181.645746703866,-1833.0885718924822
2460828.6027777777,3295.1693541040227,-4086.134171851096,-1472.0888149485265
2460828.603472222,3584.0704540527995,-3957.7358927552905,-1099.201101120297
2460828.6041666665,3844.122291396674,-3797.4682399133185,-717.4318442623529
2460828.604861111,4073.214068158275,-3606.6086998690903,-329.86308287990005
2460828.605555556,4269.485048853072,-3386.684964830178,60.37298125221323
2460828.60625,4431.340550868602,-3139.4627022101,450.1200272547536
2460828.6069444446,4557.4656154014465,-2866.931150880905,836.2239712271208
2460828.607638889,4646.836199894438,-2571.2866849711204,1215.5593558365154
2460828.6083333334,4698.727769044547,-2254.914519140424,1585.0554908808683
2460828.609027778,4712.721202454369,-1920.368755596385,1941.7220691181599
2460828.609722222,4688.705978358441,-1570.350995794008,2282.673992417519
2460828.6104166666,4626.8806335629315,-1207.6877498791787,2605.1551664334115
2460828.611111111,4527.750538421104,-835.3068949788803,2906.5610353494912
2460828.6118055554,4392.123061812565,-456.21342683930305,3184.459664943216
2460828.6125,4221.100228787524,-73.46474469640344,3436.6112100442188
2460828.613194444,4016.0690004757294,309.85429223866237,3660.985626588465
2460828.613888889,3778.689322364215,690.6563198571221,3855.7785247762336
2460828.6145833335,3510.880096366418,1065.876236523617,4019.4250861487603
2460828.615277778,3214.8032418201174,1432.4955944838346,4150.611987372798
2460828.6159722223,2892.8460074781915,1787.5664527332472,4248.287297927941
2460828.6166666667,2547.601693426396,2128.2345438081134,4311.668332212346
2460828.617361111,2181.8489377736537,2451.761619860288,4340.247446733271
2460828.6180555555,1798.5297127729382,2755.546858525332,4333.795780279939
2460828.61875,1400.7261730693958,3037.1472126090293,4292.364936892192
2460828.6194444443,991.6364870892958,3294.2965977368744,4216.286611939667
2460828.6201388887,574.5497924804747,3524.923803895711,4106.170161154444
2460828.620833333,152.82040411630175,3727.169025177271,3962.898110524826
2460828.621527778,-270.1585730503098,3899.3988866314244,3787.6196087546587
2460828.6222222224,-690.9820813304553,4040.2198530566034,3581.7418239866897
2460828.622916667,-1106.2602230257903,4148.489891778175,3346.919298381855
2460828.623611111,-1512.6454651485728,4223.328264755215,3085.041285033345
2460828.6243055556,-1906.859736829726,4264.123326235414,2798.217106332271
2460828.625,-2285.721193437425,4270.538206072915,2488.7595996697432
2460828.6256944444,-2646.1704131996685,4242.5142726583435,2159.166737986915
2460828.626388889,-2985.2957775583845,4180.272284951249,1812.1015412388142
2460828.627083333,-3300.357774880974,4084.311166029259,1450.3704283907682
2460828.6277777776,-3588.8119703604843,3955.404358171946,1076.900185400662
2460828.628472222,-3848.330386498685,3794.593751039095,694.7137557277227
2460828.629166667,-4076.8210498690273,3603.1812106759244,306.9050875119718
2460828.6298611113,-4272.445483328994,3382.7177711121185,-83.38671328281147
2460828.6305555557,-4433.6339421904,3134.990591101917,-473.00364889102434
2460828.63125,-4559.098230775146,2862.007810940306,-858.7952386168822
2460828.6319444445,-4647.841970645204,2565.9814744837595,-1237.6447923301128
2460828.632638889,-4699.168228077126,2249.308718190781,-1606.4952628800543
2460828.6333333333,-4712.684456346757,1914.5514375991972,-1962.3744227323361
2460828.6340277777,-4688.304743629562,1564.4146725868143,-2302.419107487968
2460828.634722222,-4626.249400641789,1201.7239481464774,-2623.8983095521476
2460828.6354166665,-4527.041956189788,829.4018218329674,-2924.2349185589483
2460828.636111111,-4391.503660452501,450.44387553767086,-3201.0259453270164
2460828.636805556,-4220.7456208460135,67.89438548524856,-3452.0610909070606
2460828.6375,-4016.158714436336,-315.17811189035046,-3675.3395551245267
2460828.6381944446,-3779.4014326829856,-695.7051587557521,-3869.0850079770876
2460828.638888889,-3512.3858205726174,-1070.6424386620108,-4031.75867221142
2460828.6395833334,-3217.2616718565746,-1436.993404048022,-4162.070487687882
2460828.640277778,-2896.399136243102,-1791.8323298388336,-4258.98834496256
2460828.640972222,-2552.3698907140006,-2132.326666893375,-4321.745385555436
2460828.6416666666,-2187.9270121616773,-2455.75859056315,-4349.845376246124
2460828.642361111,-1805.983676878931,-2759.5456492785124,-4343.066164991244
2460828.6430555554,-1409.590815168261,-3041.260414569176,-4301.461224663024
2460828.64375,-1001.9138238836291,-3298.6490531249096,-4225.359289077847
2460828.644444444,-586.2084532886987,-3529.64872453654,-4115.362079419634
2460828.645138889,-165.79597428028504,-3732.4037130658753,-3972.3401151280873
2460828.6458333335,255.96225448851152,-3905.2801891400445,-3797.42660142273
2460828.646527778,675.6906961739468,-4046.879492205949,-3592.009384694886
2460828.6472222223,1090.0258800249776,-4156.049816307096,-3357.720972091258
2460828.6479166667,1495.6428231227687,-4231.896175019694,-3096.4266198729506
2460828.648611111,1889.281451130415,-4273.788518939634,-2810.2105097166177
2460828.6493055555,2267.7728196516146,-4281.367880705252,-2501.3600511843933
2460828.65,2628.0649213303996,-4254.550428947926,-2172.34836941714
2460828.6506944443,2967.2478384883275,-4193.529324462939,-1825.8150709419458
2460828.6513888887,3282.5780003799437,-4098.774290234731,-1464.545400216826
2460828.652083333,3571.5012838240077,-3971.0288305105123,-1091.4479408372595
2460828.652777778,3831.6747032295034,-3811.305062597065,-709.5310384832636
2460828.6534722224,4060.9864363088172,-3620.8761586837672,-321.878156802168
2460828.654166667,4257.573948409028,-3401.26642916647,68.37760162852553
2460828.654861111,4419.839994571154,-3154.2391182657243,458.079550552574
2460828.6555555556,4546.466308637088,-2881.7820179321866,844.0737820947055
2460828.65625,4636.424820281531,-2586.0910397913203,1223.2355580652231
2460828.6569444444,4688.986275552026,-2269.551922819547,1592.495442967686
2460828.657638889,4703.726181211387,-1934.720272326348,1948.8649100503048
2460828.658333333,4680.528030212574,-1584.3001553648687,2289.4611521097236
2460828.6590277776,4619.5838090088,-1221.1214899338352,2611.5308522085347
2460828.659722222,4521.391825477287,-848.1164723722864,2912.472693808257
2460828.660416667,4386.751930797363,-468.2952908284763,3189.8584150451466
2460828.6611111113,4216.75823921641,-84.72136897425995,3441.45224127116
2460828.6618055557,4012.789473189418,299.51362768513553,3665.2285620134076
2460828.6625,3776.497079141807,681.3148032850728,3859.387746795607
2460828.6631944445,3509.791270154695,1057.6088587524546,4022.37002195573
2460828.663888889,3214.8251596616815,1425.3685478089976,4152.867353347169
2460828.6645833333,2893.977144127876,1781.6366025820034,4249.833303498978
2460828.6652777777,2549.8316989957943,2123.5489727553486,4312.490840794526
2460828.665972222,2185.158736124266,2448.3572510610993,4340.338094670961
2460828.6666666665,1802.891670636553,2753.450160205836,4333.152053040526
2460828.667361111,1406.1043353998095,3036.373988324583,4290.990202258206
2460828.668055556,997.9868812507489,3294.851860615231,4214.190110249857
2460828.66875,581.8207909004997,3526.801741777564,4103.366951785905
2460828.6694444446,160.9531490127532,3730.353052568249,3959.4089752346017
2460828.670138889,-261.2296921097545,3903.8617869962127,3783.4709107288754
2460828.6708333334,-681.3288992778158,4045.9240092212885,3576.965322505374
2460828.671527778,-1095.9602211680983,4155.387601854198,3341.5519213336156
2460828.672222222,-1501.7811562565935,4231.362143949281,3079.1248553393657
2460828.6729166666,-1895.5180081807025,4273.226788076668,2791.7980282129033
2460828.673611111,-2273.9926189070916,4280.636020954697,2481.8885029849175
2460828.6743055554,-2634.1485389575255,4253.52319792814,2151.898082113966
2460828.675,-2973.0763827902815,4192.101760849469,1804.4931841672824
2460828.675694444,-3288.0381165205786,4096.8640712633105,1442.4831613263839
2460828.676388889,-3576.490015777889,3968.5778179795366,1068.7972377908595
2460828.6770833335,-3836.1040393032445,3808.27999064311,686.4602758870142
2460828.677777778,-4064.787376096213,3617.268445512425,298.56760170852453
2460828.6784722223,-4260.699940654056,3397.0911283363903,-91.74085252243046
2460828.6791666667,-4422.269623079672,3149.5330504894923,-481.3068274658928
2460828.679861111,-4548.205121490703,2876.6011601812925,-866.980145875144
2460828.6805555555,-4637.50623373498,2580.507270640082,-1245.644981926672
2460828.68125,-4689.471515156005,2263.6492452832795,-1614.2457064532969
2460828.6819444443,-4703.703255986798,1928.5906558800216,-1969.8120465889324
2460828.6826388887,-4680.109770951459,1578.0391490832812,-2309.483310967442
2460828.683333333,-4618.9050336426935,1214.8237639308288,-2630.531457479483
2460828.684027778,-4520.605724464255,841.8714492637708,-2930.3828042640966
2460828.6847222224,-4386.025789884447,462.1830154966241,-3206.6382236363315
2460828.685416667,-4216.268639902118,78.80876505313599,-3457.09167304617
2460828.686111111,-4012.717124337039,-305.17599220603097,-3679.746967775375
2460828.6868055556,-3777.0214440905866,-686.6953322338784,-3872.832713478698
2460828.6875,-3511.0851601447425,-1062.6968368351352,-4034.815347734917
2460828.6881944444,-3217.0494579832884,-1430.1752863787056,-4164.410264489327
2460828.688888889,-2897.275826961734,-1786.1957792636706,-4260.59100568441
2460828.689583333,-2554.3273008968986,-2127.9161588094935,-4322.596520895386
2460828.6902777776,-2190.948399984298,-2452.608637139006,-4349.936499959524
2460828.690972222,-1810.0439004475938,-2757.6805203422045,-4342.39478724378
2460828.691666667,-1414.6565528667659,-3040.693941771907,-4300.030884145932
2460828.6923611113,-1007.9438584687755,-3299.3845168637486,-4223.179543127196
2460828.6930555557,-593.15401736707,-3531.678825146537,-4112.448452349275
2460828.69375,-173.6011504244434,-3735.710629274861,-3968.7140036729365
2460828.6944444445,247.36007815480588,-3909.8357213791305,-3793.1151379755015
2460828.695138889,666.3603230085199,-4052.6452925870226,-3587.045256841194
2460828.6958333333,1080.0417564482652,-4162.977702662407,-3352.142198725088
2460828.6965277777,1485.084449212204,-4239.928527042284,-3090.276283912852
2460828.697222222,1878.2327544440893,-4282.858753448951,-2803.536447955408
2460828.6979166665,2256.321497606846,-4291.401002282489,-2494.2145014817993
2460828.698611111,2616.3017547975114,-4265.463651144043,-2164.787578090852
2460828.699305556,2955.265984613376,-4205.232756096729,-1817.8988595565527
2460828.7,3270.472264683363,-4111.171680921694,-1456.3366987329848
2460828.7006944446,3559.367381106662,-3984.018368270341,-1083.0122862792532
2460828.701388889,3819.608509292311,-3824.780216717298,-700.9360462434595
2460828.7020833334,4049.083236986439,-3634.72656007384,-313.1929681691305
2460828.702777778,4245.927691288732,-3415.378780144864,77.08289052129324
2460828.703472222,4408.542547989436,-3168.498125033497,466.7344703990271
2460828.7041666666,4535.606736214315,-2896.071334298522,852.6080821580084
2460828.704861111,4626.088673098808,-2600.2942196796744,1231.5797928902946
2460828.7055555554,4679.254911555489,-2283.553367479912,1600.5815572246618
2460828.70625,4694.676115256749,-1948.406168722965,1956.626809063496
2460828.706944444,4672.230321521284,-1597.559398115487,2296.8352533132606
2460828.707638889,4612.103491480927,-1233.846576383312,2618.4566154014574
2460828.7083333335,4514.787386325968,-860.2043690714022,2918.8931203475327
2460828.709027778,4381.074841887941,-479.64825970016875,3195.720516699514
2460828.7097222223,4212.052546112749,-95.24775119297385,3446.707471448255
2460828.7104166667,4009.091445817996,289.89867719035846,3669.8332078810145
2460828.711111111,3773.83492659637,672.6886372529126,3863.303280617756
2460828.7118055555,3508.184922827733,1050.0407183459959,4025.56340884472
2460828.7125,3214.286120247526,1418.9190080287658,4155.311314687978
2460828.7131944443,2894.5084079387884,1776.357087260164,4251.506535339397
2460828.7138888887,2551.4277453991467,2119.481341208296,4313.378186099467
2460828.714583333,2187.805587903251,2445.5334629603335,4340.43066989736
2460828.715277778,1806.5670230165854,2751.892018549371,4332.447327990347
2460828.7159722224,1410.7777512638588,3036.0929649854493,4289.492033545062
2460828.716666667,1003.6200494712989,3295.8490066817153,4211.90872781387
2460828.717361111,588.3678465774137,3529.0676827538878,4100.318898260036
2460828.7180555556,168.36105191653957,3733.8680695955804,3955.616998097461
2460828.71875,-253.02072596674103,3908.5959846415712,3778.963806468887
2460828.7194444444,-672.3849133662342,4051.837567295806,3571.7777339761733
2460828.720138889,-1086.352990777796,4162.431111595188,3335.7240862310987
2460828.720833333,-1491.5876146846701,4239.4770234203015,3072.70230959603
2460828.7215277776,-1884.8196386086934,4282.345775497398,2784.8312612626373
2460828.722222222,-2262.8748101754995,4290.683739856651,2474.4325698544126
2460828.722916667,-2622.6999126391183,4264.41678986888,2144.012172985704
2460828.7236111113,-2961.388096373678,4203.75157956543,1796.240153869135
2460828.7243055557,-3276.2031465082823,4109.174431749739,1433.9290231046532
2460828.725,-3564.602425889768,3981.44779367848,1060.0106256149527
2460828.7256944445,-3824.2582396242788,3821.60425110882,677.5118793717013
2460828.726388889,-4053.077377070647,3630.9381277585294,289.5295812501257
2460828.7270833333,-4249.218610504707,3410.9947318137856,-100.79546927910549
2460828.7277777777,-4411.1079495286895,3163.557351989662,-490.3047532174183
2460828.728472222,-4537.451488925727,2890.6321359906287,-875.8484482459211
2460828.7291666665,-4627.245718001539,2594.431022248923,-1254.311691339176
2460828.729861111,-4679.7852037905095,2277.352919138378,-1622.640414569359
2460828.730555556,-4694.667599307121,1941.963350835063,-1977.8664879905969
2460828.73125,-4671.795970056061,1590.9728052595476,-2317.131922067648
2460828.7319444446,-4611.37847088892,1227.2140243506128,-2637.7119097437917
2460828.732638889,-4513.925441405515,853.618489876829,-2937.0365052437846
2460828.7333333334,-4380.244018378049,473.19233927000704,-3212.710781247672
2460828.734027778,-4211.430389507878,88.99195011325713,-3462.5333236694714
2460828.734722222,-4008.8598304516036,-295.9005918697849,-3684.5129626297526
2460828.7354166666,-3774.174680887035,-678.4019377140644,-3876.88366172043
2460828.736111111,-3509.270417361254,-1055.451657140216,-4038.117518107605
2460828.7368055554,-3216.2799878153146,-1424.0359894383228,-4166.935840536741
2460828.7375,-2897.5565569054415,-1781.211032900485,-4262.318297900942
2460828.738194444,-2555.65481721112,-2124.1252390084546,-4323.510133018573
2460828.738888889,-2193.310997082862,-2450.04111199389,-4350.027451071888
2460828.7395833335,-1813.4216974350195,-2756.3560095995563,-4341.66058865465
2460828.740277778,-1419.021674665301,-3040.621955415626,-4298.4755713606955
2460828.7409722223,-1013.26067857075,-3300.564375154514,-4220.813662647124
2460828.7416666667,-599.3794593850176,-3534.099661341905,-4109.28900283947
2460828.742361111,-180.6850472818698,-3739.351474773625,-3964.7843317473476
2460828.7430555555,239.4745754872561,-3914.6656758433705,-3788.4447868715565
2460828.74375,657.7362864636274,-4058.6237757198564,-3581.6697686793436
2460828.7444444443,1070.7479761162285,-4170.054786967618,-3346.1028703781076
2460828.7451388887,1475.194889157627,-4248.045349903144,-3083.6198753092112
2460828.745833333,1867.8259712935435,-4291.948004441868,-2796.3148439372408
2460828.746527778,2245.4800257348115,-4301.387481763902,-2486.4843284999106
2460828.7472222224,2605.1114628382943,-4276.264895438389,-2156.609777035816
2460828.747916667,2943.8154078693174,-4216.7597236061965,-1809.3382166203564
2460828.748611111,3258.851917863692,-4123.329492620759,-1447.4613369726908
2460828.7493055556,3547.669053806053,-3996.707096407041,-1073.8931240261259
2460828.75,3807.924551979709,-3837.8957137897155,-691.646223557877
2460828.7506944444,4037.5058403346447,-3648.161320851141,-303.8072485844445
2460828.751388889,4234.548163876278,-3429.0228295396723,86.48873656311733
2460828.752083333,4397.450599500781,-3182.2399220412435,476.08429767555987
2460828.7527777776,4524.889768428716,-2909.7986878726992,861.8260053086556
2460828.753472222,4615.831087988137,-2613.895203835956,1240.590824991645
2460828.754166667,4669.537439201336,-2296.91723242528,1609.3122385606505
2460828.7548611113,4685.575168872991,-1961.4242394083742,1965.0058221050008
2460828.7555555557,4663.817385166174,-1610.1259507735306,2304.7940200018506
2460828.75625,4604.444546070592,-1245.8596925962415,2625.9298646015127
2460828.7569444445,4507.942378858222,-871.5667515670323,2925.8194295208014
2460828.757638889,4375.097204193383,-490.268014911792,3202.0428130823407
2460828.7583333333,4206.988766517004,-105.03912405810176,3452.3734969155976
2460828.7590277777,4004.980698245549,281.014617510047,3674.7959406744403
2460828.759722222,3770.7087610509793,664.7833654982509,3867.521311660937
2460828.7604166665,3506.0670197771296,1043.177680696221,4029.0012715100347
2460828.761111111,3213.19211007456,1413.1531143684308,4157.939766974832
2460828.761805556,2894.4457594987125,1771.7342686186723,4253.302792236691
2460828.7625,2552.3957189680186,2116.038182479359,4314.326103734827
2460828.7631944446,2189.795259540972,2443.296905812914,4340.520878682743
2460828.763888889,1809.5613711684828,2750.879146150678,4331.6773164903725
2460828.7645833334,1414.751811730874,3036.310863298417,4287.8661816232225
2460828.765277778,1008.5411302485943,3297.2947098058767,4209.4382892410995
2460828.765972222,594.1958054007678,3531.7281992069156,4097.021932821819
2460828.7666666666,175.04862792134406,3737.7204937168094,3951.518252058814
2460828.767361111,-245.5275246369197,3913.6076894969606,3774.0945422323684
2460828.7680555554,-664.1463725856063,4057.9664798204726,3566.1755082756363
2460828.76875,-1077.4352067618086,4169.626067312248,3329.4324773416843
2460828.769444444,-1482.0619691567565,4247.678198190715,3065.7705930643574
2460828.770138889,-1874.7622325969874,4291.485189513853,2777.314037703969
2460828.7708333335,-2252.3658656392945,4300.685830504849,2466.3893433469743
2460828.771527778,-2611.8231421807504,4275.199047249551,2135.5068847798834
2460828.7722222223,-2950.2300464468285,4215.225239132622,1787.340674000067
2460828.7729166667,-3264.852519499685,4121.245217314537,1424.7066027259239
2460828.773611111,-3553.1493845952455,3994.0167036783178,1050.5393154767164
2460828.7743055555,-3812.793698496989,3834.5683811761724,667.8679204704503
2460828.775,-4041.692286543558,3644.191521494705,279.79077192835445
2460828.7756944443,-4238.0032381907,3424.4292529044114,-110.55042135957306
2460828.7763888887,-4400.151165101046,3177.063569008699,-499.9968896424481
2460828.777083333,-4526.840056780066,2904.100214235426,-885.3992187980003
2460828.777777778,-4617.063605293009,2607.751612969351,-1263.643610226182
2460828.7784722224,-4670.112908361136,2290.4180411060443,-1631.677703915366
2460828.779166667,-4685.58150409748,1954.6672567115313,-1986.5357034652066
2460828.779861111,-4663.367729752356,1603.2128263283566,-2325.3625545809346
2460828.7805555556,-4603.674436654309,1238.8913887377746,-2645.436956696335
2460828.78125,-4507.006128944126,864.6391061549098,-2944.1930088870604
2460828.7819444444,-4374.163624708059,483.46754295811127,-3219.240327481362
2460828.782638889,-4206.2363625469825,98.43920539587508,-3468.3825002898852
2460828.783333333,-4004.592496229955,-287.3570374383834,-3689.63377262438
2460828.7840277776,-3770.8669304868554,-670.8304530429374,-3881.233891786203
2460828.784722222,-3506.947458382288,-1048.9126821845387,-4041.6610588664203
2460828.785416667,-3214.9591580685733,-1418.5815551265962,-4169.642960874351
2460828.7861111113,-2897.247207382659,-1776.8843413769823,-4264.1658691177745
2460828.7868055557,-2556.3582585288545,-2120.9603162332282,-4324.481806172527
2460828.7875,-2195.020513215308,-2448.062530226748,-4350.113785294959
2460828.7881944445,-1816.122624013652,-2755.578684811612,-4340.859131335941
2460828.788888889,-1422.6915390942927,-3041.0510225941352,-4296.790889837233
2460828.7895833333,-1017.8694033562757,-3302.1951406162416,-4218.257327492895
2460828.7902777777,-604.8896201436853,-3536.917637605849,-4105.879521839654
2460828.790972222,-187.05218828982206,-3743.332494386663,-3960.547034848908
2460828.7916666665,232.30157562895138,-3919.776086766799,-3783.4116609465914
2460828.792361111,649.8147993021121,-4064.820715640134,-3575.879242700965
2460828.793055556,1062.1411651891337,-4177.286536328196,-3339.5995492903944
2460828.79375,1465.971208779352,-4256.251759468603,-3076.4542245241496
2460828.7944444446,1858.0586297342124,-4301.060995122693,-2788.5428230156936
2460828.795138889,2235.2464130964977,-4311.331611582582,-2478.1669771626152
2460828.7958333334,2594.492550958093,-4286.957989042702,-2147.812752685682
2460828.796527778,2932.8951223500303,-4228.113558272849,-1800.1312887491326
2460828.797222222,3247.7164892217074,-4135.250534467966,-1437.917839233041
2460828.7979166666,3536.4063503756806,-4009.0972797773275,-1064.0893691211002
2460828.798611111,3796.623398590039,-3850.653256787101,-681.6608862753234
2460828.7993055554,4026.255327777952,-3661.1815694354964,-293.7207220428754
2460828.8,4223.43695381279,-3442.199122461771,96.5950052197031
2460828.800694444,4386.5662296684095,-3195.4644689039014,486.12848536787396
2460828.801388889,4514.317963316766,-2922.9634525925408,871.726597888796
2460828.8020833335,4605.655080020996,-2626.8927869364265,1250.2673004552428
2460828.802777778,4659.837306654354,-2309.641744251442,1618.6857426158274
2460828.8034722223,4676.42719603502,-1973.7721571551647,1973.9998291063564
2460828.8041666667,4655.293450355415,-1621.9969538475038,2313.334971341558
2460828.804861111,4596.611543203296,-1257.1574681557202,2633.9477803704294
2460828.8055555555,4500.861678669695,-882.1997688526129,2933.248483839082
2460828.80625,4368.824159266694,-500.150255694151,3208.821874617489
2460828.8069444443,4201.572266446996,-114.09077178512466,3458.4466238813934
2460828.8076388887,4000.4627780389765,272.86654037807403,3680.1128316609606
2460828.808333333,3767.1242671001064,657.6044139921654,3872.0377076108293
2460828.809027778,3503.4433370253237,1037.025461591991,4032.679306988813
2460828.8097222224,3211.5489512042045,1408.0768245981883,4160.748270513189
2460828.810416667,2893.7950187609413,1767.7742995417173,4255.217533670252
2460828.811111111,2552.741393034061,2113.22579216912,4315.329988038104
2460828.8118055556,2191.133429978985,2441.653968143222,4340.604087150572
2460828.8125,1811.8802553629776,2750.4179713715785,4330.837393306975
2460828.8131944444,1418.0318740322284,3037.034099154017,4286.1080667960405
2460828.813888889,1012.7552564120455,3299.195320211089,4206.774297231233
2460828.814583333,599.3095342326374,3534.78952436263,4093.4716764839027
2460828.8152777776,181.02044071203719,3741.916389579492,3947.1085121383426
2460828.815972222,-238.7458635377053,3918.902748147727,3768.8590813572537
2460828.816666667,-656.6094236816285,4064.3163273474456,3560.154830501957
2460828.8173611113,-1069.2034188595073,4176.977738538856,3322.673532058201
2460828.8180555557,-1473.2011975200503,4255.970583544453,3058.32642600981
2460828.81875,-1865.3432203487619,4300.649551520822,2769.2433875780016
2460828.8194444445,-2242.463687383135,4310.646383927129,2457.756188583896
2460828.820138889,-2601.5166170863945,4285.87359803527,2126.3799407488805
2460828.8208333333,-2939.601122631445,4226.5258756612,1777.7928452956578
2460828.8215277777,-3253.985633890647,4133.0790475139665,1414.8143947689134
2460828.822222222,-3542.130803452565,4006.2866306996575,1040.382209260149
2460828.8229166665,-3801.710841382124,3847.1739107329154,657.5277179539419
2460828.823611111,-4030.633039968238,3657.0295928015066,269.35091647654264
2460828.824305556,-4227.055262048768,3437.395086847465,-121.00553994928353
2460828.825,-4389.401199001363,3190.05152475566,-510.38264131894533
2460828.8256944446,-4516.373230205735,2917.004648112588,-895.6314408552247
2460828.826388889,-4606.962757485692,2620.4677333883938,-1273.6393083082337
2460828.8270833334,-4660.4579247093325,2302.8427506617804,-1641.3557422174993
2460828.827777778,-4676.44867384262,1966.6999779247662,-1995.8174734474808
2460828.828472222,-4654.829131636744,1614.7563026078644,-2334.172618895374
2460828.8291666666,-4595.7973580158105,1249.8524571842145,-2653.703660044123
2460828.829861111,-4499.85252416649,874.9294359995188,-2951.849052021647
2460828.8305555554,-4367.789618001601,493.0043340355269,-3226.223300537563
2460828.83125,-4200.691800257096,107.14584358946968,-3474.635370739472
2460828.831944444,-3999.920552716367,-279.5503733862913,-3695.10532625751
2460828.832638889,-3767.1037710713886,-663.9862374343066,-3885.8791246082765
2460828.8333333335,-3504.1219623211605,-1043.0855446860435,-4045.441518423826
2460828.834027778,-3213.0927047784076,-1413.8178419555152,-4172.527035838425
2460828.8347222223,-2896.353524590044,-1773.2217425731399,-4266.1290282160035
2460828.8354166667,-2556.4433356065897,-2118.427558387195,-4325.506784642504
2460828.836111111,-2196.0825785387997,-2446.679139339256,-4350.190719729129
2460828.8368055555,-1818.152184762725,-2755.3548224580827,-4339.985642868997
2460828.8375,-1425.6714833415906,-3041.9873963582445,-4294.972115496505
2460828.8381944443,-1021.7751591000616,-3304.282992906615,-4215.505899166265
2460828.8388888887,-609.689374791686,-3540.138809617744,-4102.215493250101
2460828.839583333,-192.70715937727886,-3747.6595701985566,-3955.9977553068456
2460828.840277778,225.83681689207393,-3925.1726141481913,-3778.0115962633663
2460828.8409722224,642.5919580812056,-4071.241504231678,-3569.6697419894795
2460828.841666667,1054.2178080917458,-4184.678030141937,-3332.628557982404
2460828.842361111,1457.4103078317319,-4264.552481153849,-3068.775943587438
2460828.8430555556,1848.9280674992622,-4310.2020581897095,-2780.217315812917
2460828.84375,2225.6184568982126,-4321.237296561299,-2469.259721743681
2460828.8444444444,2584.4432919059645,-4297.546377264013,-2138.394146906192
2460828.845138889,2922.503889589177,-4239.297218167602,-1790.2761058104215
2460828.845833333,3237.065238918724,-4146.937253518726,-1427.7046402531503
2460828.8465277776,3525.5790349381286,-4021.1908350730537,-1053.5998754873433
2460828.847222222,3785.705318437852,-3863.054217352303,-670.9793188030428
2460828.847916667,4015.3324716185343,-3673.7881220843688,-282.9331105843242
2460828.8486111113,4212.595330196795,-3454.9079141201496,107.40153319186496
2460828.8493055557,4375.891194716075,-3208.1714580782364,496.8664300041027
2460828.85,4503.893549798625,-2935.5647626404757,882.3088186707463
2460828.8506944445,4595.56333336782,-2639.285552881193,1260.6077480682472
2460828.851388889,4650.157632198773,-2321.7249491897032,1628.7001793652826
2460828.8520833333,4667.235724556269,-1985.4474472364434,1983.606536178841
2460828.8527777777,4646.662426431716,-1633.1694319111361,2322.4554284473384
2460828.853472222,4588.608743011083,-1267.7364538496834,2642.5073184739094
2460828.8541666665,4493.549862459635,-892.0995247005918,2941.176899815292
2460828.854861111,4362.26056429825,-509.29067233782905,3216.0540047687573
2460828.855555556,4195.808144916391,-122.39800663986759,3464.922872600288
2460828.85625,3995.5429852933025,265.4594732523405,3685.7796500514546
2460828.8569444446,3763.086903965058,651.1571081883897,3876.8480203996114
2460828.857638889,3500.319448985982,1031.5896415197126,4036.592885954099
2460828.8583333334,3209.3622884437277,1403.6959289689346,4163.732051925659
2460828.859027778,2892.5618574436567,1764.4831310039312,4257.24587998169
2460828.859722222,2552.4704189029076,2111.0502356627417,4316.384892655771
2460828.8604166666,2191.8256868103767,2440.61077855799,4340.675321592249
2460828.861111111,1813.529154126874,2750.514636808798,4329.922597260855
2460828.8618055554,1420.6232649193698,3038.2687783551623,4284.21278024415
2460828.8625,1016.2675599896104,3301.556857498575,4203.911934634959
2460828.863194444,603.7139309059141,3538.257541737766,4089.663442826421
2460828.863888889,186.2811145302968,3746.461456917997,3942.3832603005094
2460828.8645833335,-232.6714282267242,3924.4866298140614,3763.253110884659
2460828.865277778,-649.7700966344432,4070.8923040781783,3553.711627492532
2460828.8659722223,-1061.654030884336,4184.491001493534,3315.4434512595803
2460828.8666666667,-1465.0021067662672,4264.358698244323,3050.3663138862607
2460828.867361111,-1856.5598359164198,4309.842985882352,2760.616150540583
2460828.8680555555,-2233.1659585399175,4320.569096677139,2448.5303053769458
2460828.86875,-2591.778487150977,4296.44368110035,2116.6289246708284
2460828.8694444443,-2929.4999553162793,4237.656244414948,1767.5946563014472
2460828.8701388887,-3243.6016114423237,4144.678172002696,1404.2508094084842
2460828.870833333,-3531.5463016936014,4018.2593012871685,1029.538153148836
2460828.871527778,-3791.0097878359375,3859.422029827001,646.4905639809695
2460828.8722222224,-4019.900255501279,3669.4529867630586,258.20976030856974
2460828.872916667,-4216.375793989814,3449.892329123819,-132.1606242428898
2460828.873611111,-4378.859647821084,3202.52076508727,-521.4613533295659
2460828.8743055556,-4506.05307701124,2929.3444394646976,-906.5440088274987
2460828.875,-4596.945697097782,2632.577850197365,-1284.2972382789364
2460828.8756944444,-4650.823209744148,2314.6249930750046,-1651.6725523462715
2460828.876388889,-4667.272476145716,1978.0589553640928,-2005.7094073638186
2460828.877083333,-4646.183926907608,1625.6001922645544,-2343.55933004024
2460828.8777777776,-4587.7513397477705,1260.0937312137396,-2662.5088621750415
2460828.878472222,-4492.469052442484,884.4855529065616,-2960.0011300981346
2460828.879166667,-4361.126708804557,501.79839053486756,-3233.655876889529
2460828.8798611113,-4194.801660838126,115.10718317738237,-3481.2878228690897
2460828.8805555557,-3994.849165905122,-272.48560293449293,-3700.9232559126413
2460828.88125,-3762.89053498277,-657.8745751945052,-3890.8147720070865
2460828.8819444445,-3500.79938617386,-1037.975765747049,-4049.454124002022
2460828.882638889,-3210.686165357528,-1409.750563985687,-4175.583146423671
2460828.8833333333,-2894.8810826031377,-1770.2290966817461,-4268.202748846183
2460828.8840277777,-2555.915615283939,-2116.53292382385,-4326.5799745358245
2460828.884722222,-2196.5027085981055,-2445.896947424627,-4350.2531333743445
2460828.8854166665,-1819.51580061358,-2755.690431331159,-4339.035015834456
2460828.886111111,-1427.966788810443,-3043.4370388451007,-4293.014194820582
2460828.886805556,-1024.983048010456,-3306.8337975015734,-4212.554418457852
2460828.8875,-613.783605486475,-3543.768898800811,-4098.292091563292
2460828.8881944446,-197.65458520829816,-3752.3382323998085,-3951.131840234041
2460828.888888889,220.07596879417537,-3930.860551978385,-3772.240149835728
2460828.8895833334,636.0637601306054,-4077.891155890671,-3563.0370694973053
2460828.890277778,1046.9742607123005,-4192.233962051964,-3325.185979813016
2460828.890972222,1449.5089285443498,-4272.951849401118,-3060.5814288539027
2460828.8916666666,1840.4314408084151,-4319.375133743881,-2771.335059807491
2460828.892361111,2216.593747282199,-4331.1080500297685,-2459.7596696359788
2460828.8930555554,2574.961729132039,-4308.033118020391,-2128.3514607586853
2460828.89375,2912.640220873061,-4250.313280998403,-1779.7705843830142
2460828.894444444,3226.897157612995,-4158.391726417192,-1416.8200900529707
2460828.895138889,3515.1865844572335,-4032.989321566601,-1042.4234421400922
2460828.8958333335,3775.1702792255214,-3875.09962484018,-659.6007793908246
2460828.896527778,4004.7377302634904,-3685.9814703038624,-271.44413890495866
2460828.8972222223,4202.024238107421,-3467.149154844909,118.90812570287488
2460828.8979166667,4365.426918374725,-3220.3603002547006,508.2974664744276
2460828.898611111,4493.618419101222,-2947.601493989758,893.5715374991962
2460828.8993055555,4585.5581912657535,-2651.0718535587566,1271.610579926142
2460828.9,4640.501192491772,-2333.164688099534,1639.3535165664427
2460828.9006944443,4658.003942066186,-1996.4474596105213,1993.8234805561808
2460828.9013888887,4637.927886565246,-1643.6402655892646,2332.152518234909
2460828.902083333,4580.440075615402,-1277.5930871700132,2651.6052181848436
2460828.902777778,4486.011186027628,-901.2620437158351,2949.601054581648
2460828.9034722224,4355.410966610125,-517.6849090113225,3223.7352478708112
2460828.904166667,4189.701204495256,-129.95612855867128,3471.797986092917
2460828.904861111,3990.226339644444,258.79842136234925,3691.791871449043
2460828.9055555556,3758.601868125452,645.4467176271633,3881.9474946225123
2460828.90625,3496.700688202871,1026.8757101543024,4040.7370597132226
2460828.9069444444,3206.6375476902726,1400.0160927419427,4166.886009133677
2460828.907638889,2890.751750964985,1761.8665582294545,4259.382616809106
2460828.908333333,2551.5882793579253,2109.517389328,4317.485532476821
2460828.9090277776,2191.8774757463034,2440.1732474858427,4340.729268752796
2460828.909722222,1814.5134333623312,2751.1750382911173,4328.927629645479
2460828.910416667,1422.5312278366207,3040.020734114518,4282.175080468311
2460828.9111111113,1019.0831212489591,3304.3850441655213,4200.846059610359
2460828.9118055557,607.4138718252133,3542.137816787271,4085.592231169234
2460828.9125,190.8352836696673,3751.361058617482,3937.3376776740693
2460828.9131944445,-227.29986295756396,3930.3644510473173,3757.2720330374705
2460828.913888889,-643.6243473812723,4077.6992381834934,3546.84156077747
2460828.9145833333,-1054.78334407806,4192.170357268939,3307.7381904539734
2460828.9152777777,-1457.4613709931227,4272.8466793765865,3041.886540466088
2460828.915972222,-1848.4091529799666,4319.069232298964,2751.42896905926
2460828.9166666665,-2224.4701744424938,4330.457280870957,2438.7087236240914
2460828.917361111,-2582.606690265207,4306.912154339506,2106.2512776568906
2460828.918055556,-2919.924940871726,4248.618726140918,1756.7439810033486
2460828.91875,-3233.6993185262622,4156.04447574531,1393.0141726229785
2460828.9194444446,-3521.395225312905,4029.936089556392,1018.0059384165032
2460828.920138889,-3780.6903678418676,3871.3135914512645,634.755726389928
2460828.9208333334,-4009.494248693408,3681.462028585457,246.36705355098883
2460828.921527778,-4205.965631727622,3461.920775757807,-144.01543821081464
2460828.922222222,-4368.527784706044,3214.4705594891034,-533.2323049022638
2460828.9229166666,-4495.8813356831615,2941.118337192094,-918.1357237402391
2460828.923611111,-4587.014613543757,2644.080202773824,-1295.61573204511
2460828.9243055554,-4641.211385881303,2325.7625129946246,-1662.626010493698
2460828.925,-4658.055944947093,1988.7414588111235,-2016.2089416449758
2460828.925694444,-4637.435536413154,1635.7413128411652,-2353.519705373846
2460828.926388889,-4579.54016177321,1269.6116021018624,-2671.8491855861835
2460828.9270833335,-4484.859822270572,893.3034523257047,-2968.6454971782464
2460828.927777778,-4354.179301179795,509.845345460102,-3241.5339717708384
2460828.9284722223,-4188.570607748267,122.31852897982245,-3488.3354666298474
2460828.9291666667,-3989.383221531593,-266.1677099490741,-3707.082900423857
2460828.929861111,-3758.232290968015,-652.5006982006536,-3896.035938694396
2460828.9305555555,-3496.984941146327,-1033.58878246594,-4053.6937849158285
2460828.93125,-3207.744851714291,-1406.3853193415944,-4178.806046856916
2460828.9319444443,-2892.8352523044864,-1767.9121165272252,-4270.38167143869
2460828.9326388887,-2554.780484679352,-2115.282193645217,-4327.695944957409
2460828.933333333,-2196.2862639753157,-2445.7217568517763,-4350.295567029728
2460828.934027778,-1820.2187627739852,-2756.5912881278778,-4338.001805959034
2460828.9347222224,-1429.582637420944,-3045.4056526246177,-4290.911741897027
2460828.935416667,-1027.498100746137,-3309.8531372298953,-4209.397600622137
2460828.936111111,-617.1771532517079,-3547.8133220318177,-4094.1041757777984
2460828.9368055556,-201.8990788980563,-3757.3736879433527,-3945.944333651764
2460828.9375,215.01468176812682,-3936.8448546163454,-3766.0925909739412
2460828.9381944444,630.2261528559332,-4084.774331821372,-3555.976758637422
2460828.938888889,1040.4068002640952,-4199.958662489261,-3317.2676482291477
2460828.939583333,1442.2637068464585,-4281.453828470818,-3051.866848160434
2460828.9402777776,1832.5657680583927,-4328.583787353546,-2761.89259092275
2460828.940972222,2208.1697107211157,-4340.947010230326,-2449.663752178191
2460828.941666667,2566.045716280746,-4318.420896873651,-2117.6820478397044
2460828.9423611113,2903.3024143421653,-4261.1639580162955,-1768.612522461516
2460828.9430555557,3217.2110004396172,-4169.615672708303,-1405.2624510852215
2460828.94375,3505.228221806296,-4044.4939532137414,-1030.5588101618653
2460828.9444444445,3765.0179771838725,-3886.7901784473493,-647.52449979276
2460828.945138889,3994.471275826321,-3697.7617932952053,-259.25353657652
2460828.9458333333,4191.7243238235,-3478.922503354068,131.1145514603937
2460828.9465277777,4355.174516281739,-3232.030136651006,520.4208634189531
2460828.947222222,4483.494147058764,-2959.072278428547,905.5135273761349
2460828.9479166665,4575.64167731769,-2662.2498225658505,1283.274083305422
2460828.948611111,4630.870442400308,-2343.958613769968,1650.643567187457
2460828.949305556,4648.734715227253,-2006.7693840073296,2004.6480202484422
2460828.95,4629.093086107838,-1653.4062063474214,2342.4231632446927
2460828.9506944446,4572.109158744293,-1286.7237074056497,2661.237991832805
2460828.951388889,4478.2496004613795,-909.6832840670186,2958.517077377379
2460828.9520833334,4348.279618638823,-525.3285755604938,3231.8613813452143
2460828.952777778,4183.255965034158,-136.76043604499424,3479.0674230934787
2460828.953472222,3984.517591952831,252.88835904938915,3698.1446722654196
2460828.9541666666,3753.674103349372,640.4784485329176,3887.3310628114823
2460828.954861111,3492.5921512442246,1022.8890634943635,4045.106557583871
2460828.9555555554,3203.3799381959457,1397.0428564355852,4170.204709884242
2460828.95625,2888.3699796873393,1759.9302208132983,4261.6221937119235
2460828.956944444,2550.100283482728,2108.6329459027065,4318.626283262855
2460828.957638889,2191.2940929793303,2440.3470735472574,4340.760275502914
2460828.9583333335,1814.8383346780527,2752.4048333898954,4327.846853798164
2460828.959027778,1423.7609086721861,3042.295536406661,4279.989392670408
2460828.9597222223,1021.2069492901771,3307.6853173117665,4197.5712041309935
2460828.9604166667,610.4141901574883,3546.435609042268,4081.2527245768756
2460828.961111111,194.68756794406173,3756.620233369241,3931.966641852067
2460828.9618055555,-222.6267976542115,3936.5409886777134,3750.910961777601
2460828.9625,-638.1680908020876,4084.741606052491,3539.5400203092304
2460828.9631944443,-1048.5875881846964,4200.019944827819,3299.553454803681
2460828.9638888887,-1450.575565493466,4281.438295356492,3032.8831611635496
2460828.964583333,-1840.8881188116272,4328.33165826932,2741.6782820602607
2460828.965277778,-2216.3736791514457,4340.313876203091,2428.288295000139
2460828.9659722224,-2573.998987099991,4317.281506347857,2095.2442916741825
2460828.966666667,-2910.87427410494,4259.415338956442,1745.2385749560713
2460828.967361111,-3224.277399375456,4167.179490599722,1381.1027217252706
2460828.9680555556,-3511.6766781064293,4041.3180297993727,1005.7843001578142
2460828.96875,-3770.7521524305726,3882.8491246554445,622.3224484726024
2460828.9694444444,-3999.4150609467283,3693.0567390337346,233.82255507589676
2460828.970138889,-4195.825287042031,3473.479939842096,-156.5697053491028
2460828.970833333,-4358.406587990957,3225.8999179062002,-545.6947043171402
2460828.9715277776,-4485.859442980553,2952.324857560251,-930.4052839942153
2460828.972222222,-4577.171390601073,2654.972826358906,-1307.5929888249966
2460828.972916667,-4631.624768733351,2336.2528814840393,-1674.21383101205
2460828.9736111113,-4648.801809033996,1998.7446147998976,-2027.313324964002
2460828.9743055557,-4628.587079917321,1645.1763701016625,-2364.050550087947
2460828.975,-4571.167309574553,1278.4023826519972,-2681.721017099919
2460828.9756944445,-4477.028656343725,901.3790834745791,-2977.7781514273865
2460828.976388889,-4346.951523876833,517.1408175341761,-3249.85322665394
2460828.9770833333,-4182.003042724353,128.77520609442237,-3495.7736207952116
2460828.9777777777,-3983.5273586162853,-260.6016250892822,-3713.579293272051
2460828.978472222,-3753.1338774113274,-647.8697534215257,-3901.537412568774
2460828.9791666665,-3492.6836262850347,-1029.9299156346724,-4058.155084387753
2460828.979861111,-3204.2738835262567,-1403.7275590806914,-4182.190158347151
2460828.980555556,-2890.221232549568,-1766.2763394543092,-4272.660099262654
2460828.98125,-2553.0431804861005,-2114.6809460080513,-4328.84892598659
2460828.9819444446,-2195.438477657382,-2446.1591408266563,-4350.312222985666
2460828.982638889,-1820.2662601997758,-2758.062914535119,-4336.880233532221
2460828.9833333334,-1430.5241322322704,-3047.8986633556096,-4288.659040721242
2460828.984027778,-1029.3252953240465,-3313.3462965369235,-4206.029838925407
2460828.984722222,-619.8748318925891,-3552.2771792988897,-4089.6462931754186
2460828.9854166666,-205.44525266881485,-3762.770810371063,-3940.429980698446
2460828.986111111,210.64858115079804,-3943.130129166828,-3759.563905093348
2460828.9868055554,625.0750334838037,-4091.8953349727985,-3548.484075687112
2460828.9875,1034.5116260510395,-4207.85609450679,-3308.8691501038616
2460828.988194444,1435.6711734698733,-4290.062009262863,-3042.6281456979345
2460828.988888889,1825.3279399791722,-4337.8312088233215,-2751.8862433706577
2460828.9895833335,2200.3436204891573,-4350.756939931759,-2438.9687257556975
2460828.990277778,2557.6929309463367,-4328.712027437272,-2106.3831139523536
2460828.9909722223,2894.488569274549,-4271.851095496003,-1756.7996002552793
2460828.9916666667,3208.0053038712176,-4180.610456903681,-1393.0298977968002
2460828.992361111,3495.702932459899,-4055.7056023585797,-1018.0046643338513
2460828.9930555555,3755.2478546404313,-3898.1262523199844,-634.7496877382459
2460828.99375,3984.533012142464,-3709.12896502429,-246.36104216605713
2460828.9944444443,4181.695954262887,-3490.227334972696,144.02053864656241
2460828.9951388887,4345.134815575697,-3243.179850372607,533.23581634279
2460828.995833333,4473.522014901191,-2969.975516812286,918.1334569607428
2460828.996527778,4565.815516969345,-2672.817392619192,1295.5964099255457
2460828.9972222224,4621.267538304481,-2354.1042075997266,1662.567981449954
2460828.997916667,4639.4306142740315,-2016.410272774283,2016.0773214807289
2460828.998611111,4620.160988831867,-1662.4639014369764,2353.26406907173
2460828.9993055556,4563.619326197451,-1295.1245851079368,2671.401910317396
2460829.0,4470.268782795449,-917.3591696698772,2967.92083499005
2460829.0006944444,4340.870511533167,-532.2172839127594,3240.4279002816697
2460829.001388889,4176.47669933199,-142.8062639340263,3486.7263439445815
2460829.002083333,3978.4212624418633,247.7341899506689,3704.8329166315816
2460829.0027777776,3748.3083406806477,636.2574032168034,3892.9933341419355
2460829.003472222,3487.9987425067357,1019.6349598444392,4049.695776457556
2460829.004166667,3199.5944976282603,1394.7815922068041,4173.682383841677
2460829.0048611113,2885.4216744494297,1758.6795602928166,4263.958718952625
2460829.0055555557,2548.0116146273504,2108.402371239431,4319.801178760545
2460829.00625,2190.080732885943,2441.137702157993,4340.762348693105
2460829.0069444445,1814.509022260968,2754.2094022121646,4326.674297531546
2460829.007638889,1424.317400340307,3045.09845583261,4277.64981338663
2460829.0083333333,1022.6440256272998,3311.4627945025636,4194.081580816995
2460829.0090277777,612.7197177114683,3551.1558403205827,4076.6392986343085
2460829.009722222,197.84261098988577,3762.2436670369575,3926.2647367735285
2460829.0104166665,-218.64781294725984,3943.02065394987,3744.1647335665903
2460829.011111111,-633.3971653938404,4092.02350781737,3531.80213783401
2460829.011805556,-1043.0628929996205,4208.043520012753,3290.8847109616736
2460829.0125,-1444.3411411605907,4290.136927074489,3023.352015341037
2460829.0131944446,-1833.9935332386992,4337.6332424157445,2731.360336226834
2460829.013888889,-2208.873645839629,4350.14143513262,2417.2657055277045
2460829.0145833334,-2565.952946257748,4327.553843275564,2083.605120247708
2460829.015277778,-2902.345938862881,4270.047726206945,1733.0760827575236
2460829.015972222,-3215.3342683018595,4178.084384771868,1368.5146133940893
2460829.0166666666,-3502.38951763644,4052.40580657662,992.8719229824561
2460829.017361111,-3761.194451261502,3894.028826157357,609.1899549372655
2460829.0180555554,-3989.6624601013464,3704.236826333791,220.57603619214456
2460829.01875,-4185.954987895525,3484.569044829612,-169.8231049930728
2460829.019444444,-4348.4967441830995,3236.8075866200593,-558.8476835685531
2460829.020138889,-4475.9885390112795,2962.9622804611486,-943.3512817461759
2460829.0208333335,-4567.417612915876,2665.2535498830784,-1320.2270716017729
2460829.021527778,-4622.065375065671,2346.093494939512,-1686.4335635301295
2460829.0222222223,-4639.512501308401,2008.0654094107445,-2039.0196131886075
2460829.0229166667,-4619.641387190074,1653.9019654832591,-2375.1484497428814
2460829.023611111,-4562.635987060187,1286.4623165397518,-2692.1205007962885
2460829.0243055555,-4468.9791070762885,908.7083636565654,-2987.394826179218
2460829.025,-4339.4472491479955,523.6804307627996,-3258.6089987639366
2460829.0256944443,-4175.10312661145,134.47258083374132,-3503.5973038001084
2460829.0263888887,-3977.2859925167613,-255.79220298178646,-3720.4071544326825
2460829.027083333,-3747.5999294385897,-643.9867753845095,-3907.313656366315
2460829.027777778,-3487.90025834425,-1027.0043400430661,-4062.8322724618947
2460829.0284722224,-3200.2782209391585,-1401.7825554440958,-4185.729563465028
2460829.029166667,-2887.044087114267,-1765.3270922262009,-4275.031994181362
2460829.029861111,-2550.708829312111,-2114.734519055511,-4330.032806465667
2460829.0305555556,-2193.964498474331,-2447.2144049532344,-4350.296965194329
2460829.03125,-1819.6634224959691,-2760.1105405582416,-4335.664185974065
2460829.0319444444,-1430.7963437284207,-3050.921181882485,-4286.250050479443
2460829.032638889,-1030.4696030022726,-3317.3182250961922,-4202.445212140237
2460829.033333333,-621.881474545051,-3557.165218137693,-4084.9126892030426
2460829.0340277776,-208.29776428955,-3768.5341055266194,-3934.5832396622527
2460829.034722222,206.97322067057448,-3949.7206024407587,-3752.6488079728247
2460829.035416667,620.6062013473415,-4099.258078009048,-3540.5540369527826
2460829.0361111113,1029.2848161962809,-4215.929824466059,-3299.985842609062
2460829.0368055557,1429.727715872895,-4298.779582363927,-3032.861057516503
2460829.0375,1818.714679967559,-4347.120186489478,-2741.312168428058
2460829.0381944445,2193.112561493126,-4360.540202484427,-2427.6711890611687
2460829.038888889,2549.9008417562372,-4338.908428964047,-2094.4517344660403
2460829.0395833333,2886.1965583203155,-4282.376153154753,-1744.3293943464391
2460829.0402777777,3199.2783613877664,-4191.377067565,-1380.1205287986736
2460829.040972222,3486.609442567162,-4066.6247795565555,-1004.759644202465
2460829.0416666665,3745.8590814516565,-3909.1078752323942,-621.2755350593733
2460829.042361111,3974.922559092499,-3720.0825334197243,-232.7664083956434
2460829.043055556,4171.939202326651,-3501.062721854153,157.6257697238544
2460829.04375,4335.308342246561,-3253.8080461423356,546.7414448630517
2460829.0444444446,4463.702997723418,-2980.309359396307,931.4298885044873
2460829.045138889,4556.081127349111,-2682.7722751574383,1308.5755762394388
2460829.0458333334,4611.694328466011,-2363.5987622002594,1675.1242450857635
2460829.046527778,4630.093904352251,-2025.367022162785,2028.108359750601
2460829.047222222,4611.134259100016,-1670.8098775372057,2364.671724495469
2460829.0479166666,4554.97362055918,-1302.7919056843868,2682.0930045659347
2460829.048611111,4462.07212999304,-924.2855771582368,2977.80793180686
2460829.0493055554,4333.1873694985225,-538.34663523682,3249.4300185692496
2460829.05,4169.367429501697,-148.0889748616055,3494.7696101626843
2460829.050694444,3971.9416387030556,243.34075268411212,3711.8511555718524
2460829.051388889,3742.509099426618,632.7885810540918,3898.928592562244
2460829.0520833335,3482.925176321221,1017.1185193175919,4054.498779547754
2460829.052777778,3195.2860982584402,1393.2374981780827,4177.312920811446
2460829.0534722223,2881.9118262552415,1758.119810641118,4266.38595804749
2460829.0541666667,2545.327342455853,2108.830892519777,4321.003910156131
2460829.054861111,2188.2425035979463,2442.550310608284,4340.729155642682
2460829.0555555555,1813.530601962723,2756.593829726756,4325.40365500773
2460829.05625,1424.2057656445193,3048.434443368483,4275.150114113646
2460829.0569444443,1023.3993307329498,3315.722251379697,4190.371088661439
2460829.0576388887,614.3353121522051,3556.303072230787,4071.74602864829
2460829.058333333,200.30510997859162,3768.2356691601967,3920.226262029722
2460829.059027778,-215.35840887040706,3949.807468645942,3737.027918567998
2460829.0597222224,-629.307303741605,4099.548644329045,3523.6227982780943
2460829.060416667,-1038.2052571011889,4216.244432244349,3281.7272004377487
2460829.061111111,-1438.7543936117079,4298.94554492932,3013.288740380675
2460829.0618055556,-1827.7220172461746,4346.9765517634005,2720.471201392003
2460829.0625,-2201.9670474091804,4359.942100539813,2405.637490162093
2460829.0631944444,-2558.465916452403,4337.730866640512,2071.3307923044476
2460829.063888889,-2894.3376799570815,4280.517134655805,1720.254052850182
2460829.064583333,-3206.868083705171,4188.759940784022,1355.2479367325366
2460829.0652777776,-3493.5323305638262,4063.1997324720282,979.2674528901126
2460829.065972222,-3752.016290457982,3904.852536824162,595.357460419383
2460829.066666667,-3980.2359188479177,3715.001662339562,206.62728831515267
2460829.0673611113,-4176.354658144256,3495.186999362307,-183.77526724775925
2460829.0680555557,-4338.798628841288,3247.192021080039,-572.6902965421377
2460829.06875,-4466.2694478286485,2973.0286224273314,-956.97220100492
2460829.0694444445,-4557.754546846474,2674.919967511155,-1333.5159073505774
2460829.070138889,-4612.534903453836,2355.281545969432,-1699.2825942333684
2460829.0708333333,-4630.1901391100155,2016.700657038483,-2051.3246731344498
2460829.0715277777,-4610.600977332636,1661.9145608151434,-2386.8097779422164
2460829.072222222,-4553.949095012626,1293.7875436040772,-2703.0435451777344
2460829.0729166665,-4460.71443378689,915.2871426519854,-2997.4909978144005
2460829.073611111,-4331.670068542091,529.4597782760025,-3267.796369282441
2460829.074305556,-4167.87475419873,139.4060254133271,-3511.801241284187
2460829.075,-3970.6632906700193,-251.74425323712126,-3727.5608954851223
2460829.0756944446,-3741.6348531924828,-640.8567174095112,-3913.3588128519373
2460829.076388889,-3482.6394471779554,-1024.8171119613826,-4067.719269561826
2460829.0770833334,-3195.7626402681935,-1400.5554270293949,-4189.418008826384
2460829.077777778,-2883.3087203781765,-1765.0695143305236,-4277.490978638883
2460829.078472222,-2547.7824250199133,-2115.448030681827,-4331.241135069114
2460829.0791666666,-2191.8693699781884,-2448.892603840163,-4350.243319692462
2460829.079861111,-1818.415302820484,-2762.7391162257545,-4334.3472179732025
2460829.0805555554,-1430.4042951406059,-3054.478012716215,-4283.678405692759
2460829.08125,-1030.9359770385583,-3321.7735426961053,-4198.637485144617
2460829.081944444,-623.2019257595346,-3562.481835355142,-4079.897308827036
2460829.082638889,-210.46131118343695,-3774.667711069122,-3928.3982838551624
2460829.0833333335,203.98408638622055,-3956.6201184153592,-3745.3417481953743
2460829.084027778,616.8153605396952,-4106.866079047721,-3532.181411476359
2460829.0847222223,1024.7223266732417,-4224.183015519584,-3290.6128575789526
2460829.0854166667,1424.4295728122936,-4307.609329533069,-3022.5611184575855
2460829.086111111,1812.7225387661972,-4356.453097634052,-2730.1663408484555
2460829.0868055555,2186.47342297849,-4370.29875100505,-2415.7675905288406
2460829.0875,2542.6667009367948,-4349.0116142959005,-2081.884861093027
2460829.0881944443,2878.4240174474617,-4292.740191262417,-1731.1993862599104
2460829.0888888887,3191.0282104072617,-4201.916104159739,-1366.5323780708436
2460829.089583333,3477.9462073823292,-4077.2516185393874,-990.8223522620033
2460829.090277778,3736.850542137814,-3919.7347148341614,-607.1012263602425
2460829.0909722224,3965.6392392477815,-3730.621703367432,-218.46940995699563
2460829.091666667,4162.45383412736,-3511.4274131467505,171.92987706938962
2460829.092361111,4325.695307422364,-3263.913028966004,560.9367892530943
2460829.0930555556,4454.037750554185,-2990.071680825501,945.4012782026642
2460829.09375,4546.4396019944625,-2692.1119332184508,1322.2094651496502
2460829.0944444444,4602.152336334078,-2372.4393508137796,1688.3096838100018
2460829.095138889,4620.726526884896,-2033.6363412796704,2040.7379237029572
2460829.095833333,4602.015241030687,-1678.440505496787,2376.6424083624074
2460829.0965277776,4546.174770330805,-1309.7217339413248,2693.3070716539382
2460829.097222222,4453.662733025926,-930.4582963648263,2988.173718224487
2460829.097916667,4325.233621554193,-543.7121798947327,3258.862676760049
2460829.0986111113,4161.931895164994,-152.6039161021227,3503.191793343133
2460829.0993055557,3965.082741682852,239.71286370919827,3719.1936347803717
2460829.1,3736.280649225728,630.076923758039,3905.1308047102707
2460829.1006944445,3477.3759372943036,1015.3447677841208,4059.509302641224
2460829.101388889,3190.4594036695353,1392.4156434828496,4181.089876137693
2460829.1020833333,2877.845241155111,1758.2560419412766,4268.897337431662
2460829.1027777777,2542.052377014503,2109.923539527769,4322.227827853958
2460829.103472222,2185.784380205246,2444.589847085455,4340.654024136444
2460829.1041666665,1811.9080740163427,2759.5629422655697,4324.028284988435
2460829.104861111,1423.4309916683378,3052.3081628427685,4272.483738187039
2460829.105555556,1023.4777979016751,3320.468151814968,4186.433308269429
2460829.10625,615.2658150187926,3561.8815313598157,4066.5666846234735
2460829.1069444446,202.07977673075294,3774.6001942325524,3913.84522767651
2460829.107638889,-212.7540408976457,3956.9050829106022,3729.4948154658005
2460829.1083333334,-625.8941645749104,4107.320331454041,3514.9966353878144
2460829.109027778,-1034.0105762855833,4224.625635786965,3272.0759361950395
2460829.109722222,-1433.8114874095684,4307.866717320807,3002.6887699251606
2460829.1104166666,-1822.0700351696219,4356.363748081558,2709.006769058117
2460829.111111111,-2195.650675469561,4369.717610006922,2393.4000326144023
2460829.1118055554,-2551.5350418811076,4347.813875891656,2058.4182138821943
2460829.1125,-2886.8470159805397,4290.824415496442,1706.7699402959704
2460829.113194444,-3198.8767589476415,4199.206554927481,1341.3007164469557
2460829.113888889,-3485.103440774328,4073.699746458452,964.9695019364772
2460829.1145833335,-3743.216417687162,3915.3197395304346,580.8241763640791
2460829.115277778,-3971.1346191673765,3725.3502782132127,191.97612821363379
2460829.1159722223,-4167.0239200048345,3505.3323918633223,-198.42576722651657
2460829.1166666667,-4329.312307201324,3257.051379383466,-587.2215129812331
2460829.117361111,-4456.702677305147,2982.5216263366956,-971.2664150217093
2460829.1180555555,-4548.183138301542,2683.9694268881385,-1347.4572845243383
2460829.11875,-4603.034730259909,2363.8140085200466,-1712.7581453433327
2460829.1194444443,-4620.836517938435,2024.6469830817505,-2064.225183097702
2460829.1201388887,-4601.468050384376,1669.2104619123784,-2399.030694799108
2460829.120833333,-4545.109220030519,1300.3740794887335,-2714.485824016266
2460829.121527778,-4452.237588398577,921.1111781482824,-3008.0618888171703
2460829.1222222224,-4323.623275580001,534.474395533565,-3277.410146897992
2460829.122916667,-4160.321534375835,143.57089046591074,-3520.379869125398
2460829.123611111,-3963.6631475338613,-248.46257358418467,-3735.034624791315
2460829.1243055556,-3735.2427970193066,-638.4844867908403,-3919.666709831025
2460829.125,-3476.9055622038704,-1023.37320729119,-4072.8096714969192
2460829.1256944444,-3190.731696561072,-1400.0511782933033,-4193.248909200568
2460829.126388889,-2879.01983746853,-1765.5085968797064,-4280.0303382536695
2460829.127083333,-2544.2687848209493,-2116.826418463054,-4332.46712160356
2460829.1277777776,-2189.1579831932354,-2451.1985810842884,-4350.14447424337
2460829.128472222,-1816.5268283975443,-2765.9533504989304,-4332.922549334806
2460829.129166667,-1429.3529099447424,-3058.5736923616,-4280.937412034069
2460829.1298611113,-1030.7292994791671,-3326.716575282325,-4194.60010300959
2460829.1305555557,-623.8409877672996,-3568.2311107502046,-4074.593788973832
2460829.13125,-211.94057901749753,-3781.1754265541163,-3921.868993527554
2460829.1319444445,201.67664603847524,-3963.832165178561,-3737.6368987434953
2460829.132638889,613.6981687603362,-4114.722486275342,-3523.360711682308
2460829.1333333333,1020.8200371317868,-4232.618449283254,-3280.7450927414657
2460829.1340277777,1419.772878051285,-4316.553642944355,-3011.7236536198816
2460829.134722222,1807.347934964727,-4365.831925407113,-2718.444551511886
2460829.1354166665,2180.4229367211274,-4380.0341433251815,-2403.254221641076
2460829.136111111,2535.98757823566,-4359.022703237119,-2068.679317865804
2460829.136805556,2871.168377439786,-4302.943882627205,-1717.4069595983333
2460829.1375,3183.2526629441572,-4212.227787302871,-1352.263411420716
2460829.1381944446,3469.711437419356,-4087.585886336315,-976.1913544337438
2460829.138888889,3728.2208595913817,-3930.0060872000613,-592.2259411756837
2460829.1395833334,3956.682099431548,-3740.7453457692195,-203.46984706532095
2460829.140277778,4153.239327733576,-3521.3198447516897,186.932436362959
2460829.140972222,4316.295625009431,-3273.4928127065527,575.8208042332653
2460829.1416666666,4444.52662355812,-2999.2600904826904,960.0459663737898
2460829.142361111,4536.891724675278,-2700.833592144812,1336.495815017598
2460829.1430555554,4592.642773347298,-2380.6228371409156,1702.121452776561
2460829.14375,4611.330111255747,-2041.2147577753017,2053.962608294275
2460829.144444444,4592.805968914456,-1685.3520075872625,2389.1721807286212
2460829.145138889,4537.225198164662,-1315.910016100527,2705.039669976303
2460829.1458333335,4445.043383720149,-935.8730326653593,2999.0132850803666
2460829.146527778,4317.012406072137,-548.309417132499,3268.7205380009013
2460829.1472222223,4154.173556089841,-156.34641812797807,3511.9871714861933
2460829.1479166667,3957.8483243463443,236.8553236220416,3726.8542933015187
2460829.148611111,3729.6270067343057,628.1273223209267,3911.593618548876
2460829.1493055555,3471.3552736860856,1014.3186463588239,4064.7207534846293
2460829.15,3185.1188595719686,1392.3209790264004,4185.006470236446
2460829.1506944443,2873.226526177223,1759.0931748827127,4271.485944590299
2460829.1513888887,2538.191450758951,2111.685161293122,4323.465941515996
2460829.152083333,2182.7111826633486,2447.2610493402976,4340.529942060142
2460829.152777778,1809.6463089122224,2763.12132621498,4322.541209921544
2460829.1534722224,1421.9979597424342,3056.7240124392697,4269.643798684438
2460829.154166667,1022.8842821188539,3325.7046686004765,4182.261499149491
2460829.154861111,615.5160159838287,3567.8951312105432,4061.0947269085295
2460829.1555555556,203.1712981043286,3781.340864114123,3907.1153480588264
2460829.15625,-210.8301611139969,3964.3167968676116,3721.559444171961
2460829.1569444444,-623.1533745041905,4115.341520525388,3505.9180237652813
2460829.157638889,-1030.4746854141397,4233.189708981474,3261.925694290671
2460829.158333333,-1429.5085001576322,4316.902629107582,2991.5473236003986
2460829.1590277776,-1817.0339367695847,4365.79660490103,2696.962743183376
2460829.159722222,-2189.9211811108667,4379.46931175108,2380.549556837188
2460829.160416667,-2545.1573008025025,4357.803783570063,2044.8641613245745
2460829.1611111113,-2879.8712773088846,4300.970038772836,1692.6211001727017
2460829.1618055557,-3191.3579972394177,4209.424251855859,1326.6709094802868
2460829.1625,-3477.1009432701917,4083.9054282933625,949.976645764951
2460829.1631944445,-3734.793335430057,3925.429573181921,565.5893088619258
2460829.163888889,-3962.357482264915,3735.2813805866454,176.62240090173236
2460829.1645833333,-4157.96212261072,3515.0035078866244,-213.77411986403376
2460829.1652777777,-4320.037561907386,3266.3835405280483,-602.4402118688563
2460829.165972222,-4447.288445226358,2991.438783127911,-986.2321750932142
2460829.1666666665,-4538.704038862979,2692.399050963439,-1362.048842155586
2460829.167361111,-4593.565935440759,2371.687661560199,-1726.857262564923
2460829.168055556,-4611.45313722969,2031.9008498187,-2077.7176186625493
2460829.16875,-4592.244512956676,1675.785842458729,-2411.807135244891
2460829.1694444446,-4536.118660255505,1306.2178410916733,-2726.442763899933
2460829.170138889,-4443.551241855593,926.1761640068408,-3019.10245390531
2460829.1708333334,-4315.309892087481,538.7197881422305,-3287.4448551670407
2460829.171527778,-4152.446814497563,146.96252847898012,-3529.327324336427
2460829.172222222,-3956.289208868458,-245.9519261204021,-3742.822138942114
2460829.1729166666,-3728.4276759799222,-636.8749204376888,-3926.230852203009
2460829.173611111,-3470.7027552646214,-1022.6774995563325,-4078.0967434301187
2460829.1743055554,-3185.1897457417226,-1400.2746784174533,-4197.2153428035745
2460829.175,-2874.1819627767854,-1766.64916562548,-4282.643019161651
2460829.175694444,-2540.1725659970693,-2118.874424439636,-4333.703635652971
2460829.176388889,-2185.8350914961525,-2454.136955791008,-4349.993278229332
2460829.1770833335,-1814.0028098805446,-2769.757702420739,-4331.3830657600365
2460829.177777778,-1427.64701953092,-3063.2124817431486,-4278.020048015121
2460829.1784722223,-1029.8543842201977,-3332.1513505440716,-4190.326192903257
2460829.1791666667,-623.8034199313341,-3574.4168049211626,-4068.9954605720923
2460829.179861111,-212.74023454334292,-3788.0607146786415,-3914.988956586761
2460829.1805555555,200.04636076248454,-3971.3598781247415,-3729.5281566821513
2460829.18125,611.2502487287584,-4122.830081154556,-3514.0861942951606
2460829.1819444443,1017.5737675158774,-4241.2385307815175,-3270.3772106973993
2460829.1826388887,1415.7536807633367,-4325.614531108163,-3000.3437758113714
2460829.183333333,1802.587177278427,-4375.258265214747,-2706.142404434626
2460829.184027778,2174.9576989380694,-4389.747548791431,-2390.1272153247337
2460829.1847222224,2529.860384339523,-4368.942429884847,-2054.8317992974767
2460829.185416667,2864.42688806909,-4312.987520540047,-1702.9493986054672
2460829.186111111,3175.949330003237,-4222.311967550715,-1337.3115260348281
2460829.1868055556,3461.903123126526,-4097.62699305622,-960.8651805995721
2460829.1875,3719.9684205707317,-3939.920967363208,-576.6488546640318
2460829.1881944444,3948.049935528952,-3750.4520101481385,-187.7675488289926
2460829.188888889,4144.2948983807455,-3530.738153359341,202.632962233277
2460829.189583333,4307.108936374096,-3282.545137363255,591.3923511288967
2460829.1902777776,4435.169687701878,-3007.871950818413,975.362169744553
2460829.190972222,4527.437995930066,-2708.93425883027,1351.4322121940504
2460829.191666667,4583.166565826829,-2388.1458986432954,1716.5565258996244
2460829.1923611113,4601.906002648199,-2048.098646756679,2067.7787999388947
2460829.1930555557,4583.508196256121,-1691.5404864814475,2402.256869668581
2460829.19375,4528.127052091058,-1321.3526152711634,2717.2861022606694
2460829.1944444445,4436.216607413324,-940.5254431544724,3010.3214480336924
2460829.195138889,4308.526605493467,-552.1338339157408,3278.997972452863
2460829.1958333333,4146.0956283903015,-159.31183424949631,3521.1497148402523
2460829.1965277777,3950.2419107429737,234.77287419650668,3734.8267495540726
2460829.197222222,3722.5519752864434,626.9445751177208,3918.3103519817228
2460829.1979166665,3464.867237162414,1014.0449710115894,4070.126203005911
2460829.198611111,3179.268733686038,1392.9582982740192,4189.055582171951
2460829.199305556,2868.0601315015256,1760.635940224873,4274.144523415633
2460829.2,2533.749160077974,2114.1203876157742,4324.7109179846775
2460829.2006944446,2179.0276173388024,2450.5684075298154,4340.349557750078
2460829.201388889,1806.750084984417,2767.2732954094135,4320.935118427909
2460829.2020833334,1419.9114829442933,3061.686093337099,4266.623083138301
2460829.202777778,1021.6235931161513,3331.435656227403,4177.848605704082
2460829.203472222,615.0906846897443,3574.347446869346,4055.323314028694
2460829.2041666666,203.5843654816186,3788.4609452058558,3900.030051057049
2460829.204861111,-209.5821929636479,3972.045540990664,3713.2155554846818
2460829.2055555554,-621.0805067625687,4123.614781514192,3496.381088715192
2460829.20625,-1027.593343556212,4241.938840558404,3251.271022056144
2460829.206944444,-1425.8414069569233,4326.055069231344,2979.859417883409
2460829.207638889,-1812.6099467018857,4375.276497433277,2684.334649629521
2460829.2083333335,-2184.7750675273487,4389.19815639726,2367.082136158468
2460829.209027778,-2539.3295028620405,4367.70110860502,2030.6652883166385
2460829.2097222223,-2873.4076054164266,4310.9540882715555,1677.8047948621634
2460829.2104166667,-3184.3092946749166,4219.412680477085,1311.3564103414722
2460829.211111111,-3469.522708803397,4093.815995982331,934.2874293020665
2460829.2118055555,-3726.7453056028207,3935.180832984345,549.6520672301243
2460829.2125,-3953.9031767282922,3744.7933520743227,160.5659853406743
2460829.2131944443,-4149.168351875528,3524.198332143774,-229.81977433511904
2460829.2138888887,-4310.97390401637,3275.18610883247,-618.34517471619
2460829.214583333,-4438.026692375333,2999.777336741193,-1001.8676054972348
2460829.215277778,-4529.317619713381,2700.2057469792726,-1377.2880619648763
2460829.2159722224,-4584.129317877108,2378.8991020935387,-1741.576804988645
2460829.216666667,-4602.041217528714,2038.458571445976,-2091.798242846893
2460829.217361111,-4582.9319975513445,1681.636764211812,-2425.1347966502685
2460829.2180555556,-4526.979447002943,1311.314669874265,-2738.909531603554
2460829.21875,-4434.6578077692275,930.4777550614374,-3030.607368563065
2460829.2194444444,-4306.732694090548,542.1914590006014,-3297.8947216029487
2460829.220138889,-4144.253710632904,149.57632766772124,-3538.637432259282
2460829.220833333,-3948.544905446877,-244.2169998853347,-3750.9169104919306
2460829.2215277776,-3721.1932073906246,-636.0327470613934,-3933.0444119715353
2460829.222222222,-3464.0349999787845,-1022.7347187727734,-4083.57341101159
2460829.222916667,-3179.1409854215012,-1401.23062033575,-4201.310044955214
2460829.2236111113,-2868.7994842280227,-1768.4958378227554,-4285.321623648277
2460829.2243055557,-2535.49831102044,-2121.596552834129,-4334.943204886579
2460829.225,-2181.9053559479576,-2457.7120816079096,-4349.782243534067
2460829.2256944445,-1810.8479904214055,-2774.1563385240142,-4329.7213224647885
2460829.226388889,-1425.2914112492176,-3068.398325917272,-4274.9189710438495
2460829.2270833333,-1028.3160256551682,-3338.081558706204,-4185.808572766693
2460829.2277777777,-623.0939852490205,-3581.0423227892247,-4063.095359019444
2460829.228472222,-212.8649742479429,-3795.326665239826,-3907.751482337405
2460829.2291666665,199.08863794808056,-3979.206006297417,-3721.009158825904
2460829.229861111,609.4671475099186,-4131.191248737677,-3504.351875113573
2460829.230555556,1014.9792381541009,-4250.045260577986,-3259.5036555989564
2460829.23125,1412.3679078391135,-4334.793593247771,-2988.4164032083995
2460829.2319444446,1798.436430126596,-4384.733301411997,-2693.255334497504
2460829.232638889,2170.0741416529704,-4399.439727082533,-2376.3825612586033
2460829.2333333334,2524.281846817647,-4378.771123027303,-2040.338883703276
2460829.234027778,2858.196596814291,-4322.871000662038,-1687.823900905474
2460829.234722222,3169.115602202374,-4232.168108963065,-1321.674563487138
2460829.2354166666,3454.519019971418,-4107.373975910024,-944.842334318602
2460829.236111111,3712.091362779472,-3949.477974704072,-560.3691469905015
2460829.2368055554,3939.7412826095056,-3759.73991039967,-171.36238028081542
2460829.2375,4135.6194906964465,-3539.680163040717,219.03090239539372
2460829.238194444,4298.134604541968,-3291.0674563612256,607.6501933153206
2460829.238888889,4425.966730247077,-3015.904366494481,991.3479765594444
2460829.2395833335,4518.078629693106,-2716.4107139077337,1367.016084588724
2460829.240277778,4573.72435346834,-2395.005018656444,1731.6116917054696
2460829.2409722223,4592.455261979623,-2054.284224884203,2082.182672358387
2460829.2416666667,4574.123397377634,-1697.0019230867624,2415.892065648372
2460829.242361111,4518.882208509915,-1326.0453098152823,2730.0414114815117
2460829.2430555555,4427.184667738074,-944.4111378549215,3022.092743143453
2460829.24375,4299.778852956959,-555.1809087394656,3289.689052893068
2460829.2444444443,4137.701093995349,-161.49554899910981,3530.6730805177613
2460829.2451388887,3942.2668077652766,233.47018722958265,3743.1042963076256
2460829.245833333,3715.0591598049123,626.5333728473709,3925.273987830734
2460829.246527778,3457.9157021063616,1014.5284123502213,4075.7183801892825
2460829.2472222224,3172.9131385803107,1394.332213749351,4193.229745524025
2460829.247916667,2862.3503743663123,1762.8888551358248,4276.865472000566
2460829.248611111,2528.729992802346,2117.233602525725,4325.955080535346
2460829.2493055556,2174.7383069450457,2454.516136233447,4340.1051810864265
2460829.25,1803.2241233034542,2772.022859856786,4319.202368599417
2460829.2506944444,1417.1763429144007,3067.198177925936,4263.414059104128
2460829.251388889,1019.7005354576925,3337.664617880238,4173.187265494496
2460829.252083333,613.9946101401174,3581.241683354559,4049.2453126622477
2460829.2527777776,203.3237156506343,3795.9633169183367,3892.582490444445
2460829.253472222,-209.00548894179565,3980.0938449244663,3704.4566459312946
2460829.254166667,-619.6710410246407,4132.14227361271,3486.3797217514666
2460829.2548611113,-1025.3621904422841,4250.874800354597,3240.1062574541634
2460829.2555555557,-1422.80604381424,4335.3254039644835,2967.6198825101783
2460829.25625,-1808.7941281943815,4384.804376803515,2671.1178539014445
2460829.2569444445,-2180.208656443076,4398.904672331473,2352.9937102184617
2460829.257638889,-2534.0482577722005,4377.505952559603,2015.8181421282113
2460829.2583333333,-2867.4529237468887,4320.7762384793505,1662.3182094004012
2460829.2590277777,-3177.7279126741773,4229.171091650261,1295.3550660370354
2460829.259722222,-3462.3663586732946,4103.430283765421,917.9003800318484
2460829.2604166665,-3719.070329244845,3944.5719465448824,533.0116711426028
2460829.261111111,-3945.7700984202706,3753.8842282531973,143.80680218790596
2460829.261805556,-4140.641411956278,3532.914525023388,-246.56210833009152
2460829.2625,-4302.120555771785,3283.4563898218544,-634.9350819047673
2460829.2631944446,-4428.917065704706,3007.5342608454403,-1018.1706997502553
2460829.263888889,-4520.023955765807,2707.386182241492,-1393.1722669077374
2460829.2645833334,-4574.725380249892,2385.4447184483006,-1756.9134473359275
2460829.265277778,-4592.6016854245545,2044.3162875039868,-2106.463108953453
2460829.265972222,-4573.531847424883,1686.759150230318,-2439.0091425935047
2460829.2666666666,-4517.6933295896,1315.6603060008342,-2751.8810377918153
2460829.267361111,-4425.559427339836,934.0115426249866,-3042.571032401116
2460829.2680555554,-4297.8941976163815,544.8848871696736,-3308.7536794922153
2460829.26875,-4135.745093173145,151.40769114061519,-3548.303708997441
2460829.269444444,-3940.433438772339,-243.26243048434284,-3759.3120903984473
2460829.270138889,-3713.542897622138,-635.9626039361367,-3940.100229932912
2460829.2708333335,-3456.906079849403,-1023.5494652726672,-4089.2322615043563
2460829.271527778,-3172.58944529154,-1402.9235306697465,-4205.52540854846
2460829.2722222223,-2862.8766451641513,-1771.053029573553,-4288.058410559378
2460829.2729166667,-2530.250443406799,-2124.9970724803034,-4336.178015301041
2460829.273611111,-2177.3733443934257,-2461.9280455153717,-4349.5035452068205
2460829.2743055555,-1807.0670463838237,-2779.153129671095,-4327.9295454994135
2460829.275,-1422.2908326591669,-3074.1348476795893,-4271.6265197689545
2460829.2756944443,-1026.1190047957143,-3344.51054434842,-4181.03975459772
2460829.2763888887,-621.7174623150355,-3588.110701526508,-4056.8862298129657
2460829.277083333,-212.31953520391693,-3802.975983246865,-3900.1496072620475
2460829.277777778,198.79881791988495,-3987.37289891558,-3712.073289033292
2460829.2784722224,608.3443195806117,-4139.807962487314,-3494.1515386077713
2460829.279166667,1013.0320517572114,-4259.040218958005,-3248.118663828841
2460829.279861111,1409.6113446988059,-4344.092002906088,-2975.9362711916824
2460829.2805555556,1794.8916941711143,-4394.2577905393455,-2679.778619744471
2460829.28125,2165.7685116653242,-4409.111011078078,-2362.0161196920717
2460829.2819444444,2519.2484871017073,-4388.508688965571,-2025.1970491432664
2460829.282638889,2852.4743281799433,-4332.593803255973,-1672.0275911075692
2460829.283333333,3162.748631188626,-4241.795270237677,-1305.3503206387072
2460829.2840277776,3447.556628343357,-4116.825480460236,-928.1213053009615
2460829.284722222,3704.5875557546688,-3958.6753530550486,-543.3860138312903
2460829.285416667,3931.7543960374705,-3768.6069039871436,-154.2542517097872
2460829.2861111113,4127.211760395575,-3548.1433628044097,236.1256306252941
2460829.2868055557,4289.371696249974,-3299.056912080997,624.5929917818795
2460829.2875,4416.917236752081,-3023.3541577119595,1008.0013446580645
2460829.2881944445,4508.81353497892,-2723.2594821827392,1383.2447028019176
2460829.288888889,4564.316469923019,-2401.196456015074,1747.2835548633625
2460829.2895833333,4582.978645365976,-2059.767516102724,2097.1701916291863
2460829.2902777777,4564.6527451898255,-1701.7321394205674,2430.0731286478917
2460829.290972222,4509.4922481018575,-1329.9837547869918,2743.300388596686
2460829.2916666665,4417.949541118802,-947.5256419674195,3034.32143349101
2460829.292361111,4290.771504930809,-557.446073047784,3300.7875615042376
2460829.293055556,4128.992670661321,-162.89293742921691,3540.5506201133926
2460829.29375,3933.9260726205675,232.95190643520814,3751.679908326777
2460829.2944444446,3707.1519332078615,626.8983387216655,3932.4771800298827
2460829.295138889,3450.5043297151883,1015.7735360305751,4081.4896776324003
2460829.2958333334,3166.055994963203,1396.4471954407134,4197.521152478122
2460829.296527778,2856.1014038827047,1765.8562570910842,4279.640844854275
2460829.297222222,2523.1382929080128,2121.0289758514855,4327.190409919455
2460829.2979166666,2169.847756250359,2459.108202759727,4339.788783425577
2460829.298611111,1799.0730528718254,2777.373752225894,4317.334986872541
2460829.2993055554,1413.7972572356923,3073.2637324336097,4260.0088723308945
2460829.3,1017.1198776912648,3344.394724773712,4168.269806859304
2460829.300694444,612.2325741448697,3588.580690453346,4042.8532956795275
2460829.301388889,202.39410619924283,3803.8504836604397,3884.7655438536776
2460829.3020833335,-209.0953535909587,3988.463846903468,3695.2759555642406
2460829.302777778,-618.9203788232619,4140.925750180183,3475.907581581013
2460829.3034722223,-1023.7767628059493,4259.998942894623,3228.4255286906878
2460829.3041666667,-1420.3981171599166,4344.714577458192,2954.8233638156394
2460829.304861111,-1805.5823912255864,4394.380768927975,2657.3075646386264
2460829.3055555555,-2176.218093432774,4408.588962912377,2338.2800898663722
2460829.30625,-2529.3099762981665,4387.217995634624,2000.3191715861453
2460829.3069444443,-2862.003937337462,4330.4357493702955,1646.1584597854585
2460829.3076388887,-3171.6108769542957,4238.698331527517,1278.664683753163
2460829.308333333,-3455.629262439587,4112.746734139085,900.8140156187212
2460829.309027778,-3711.7661406979237,3953.60096618456,515.6673616914422
2460829.3097222224,-3937.956364928581,3762.5516876806,126.34482227758488
2460829.310416667,-4132.379818889019,3541.149410824427,-264.000420781736
2460829.311111111,-4293.4764434833605,3291.1913761139444,-652.2085073276685
2460829.3118055556,-4419.958910328839,3014.706241724263,-1035.1393177853308
2460829.3125,-4510.822816204371,2713.9367643082333,-1409.6986201824084
2460829.3131944444,-4565.354317597858,2391.320669557375,-1772.8636786646255
2460829.313888889,-4583.135160230356,2049.469939566806,-2121.7080607995795
2460829.314583333,-4564.045101057467,1691.1487584135523,-2453.4254049658457
2460829.3152777776,-4508.261756973441,1319.250357452684,-2765.351941764818
2460829.315972222,-4416.257948324523,936.7730218134349,-3054.9875741895003
2460829.316666667,-4288.796633898474,546.7954908449526,-3320.0153748313533
2460829.3173611113,-4126.923558731775,152.45199781951192,-3558.319368453413
2460829.3180555557,-3931.9577493715783,-243.09284132901027,-3768.0005150473085
2460829.31875,-3705.480007797931,-636.6690781680583,-3947.390821557118
2460829.3194444445,-3449.3195499621424,-1025.1262529793112,-4095.0655492509422
2460829.320138889,-3165.538945596522,-1405.357813527766,-4209.853488357313
2460829.3208333333,-2856.4175007684426,-1774.324998589297,-4290.845297981518
2460829.3215277777,-2524.433220751766,-2129.0800598972755,-4337.399912426083
2460829.322222222,-2172.2434831741434,-2466.788709035711,-4349.149020879869
2460829.3229166665,-1802.6645374134177,-2784.7516907127456,-4325.999629370608
2460829.323611111,-1418.649941460962,-3080.425384510063,-4268.13471009521
2460829.324305556,-1023.2680410588829,-3351.441339489657,-4176.011939465511
2460829.325,-619.6785945140234,-3595.624642639582,-4050.3605213747146
2460829.3256944446,-211.10864862954253,-3811.011016270008,-3892.176088104481
2460829.326388889,199.17221877511798,-3995.862529741442,-3702.7136707573804
2460829.3270833334,607.8771677504313,-4148.681805048363,-3483.4787313439556
2460829.327777778,1011.7277334717694,-4268.224584367371,-3236.216256710023
2460829.328472222,1407.479672101594,-4353.510523600456,-2962.8979259497137
2460829.3291666666,1791.9488397296427,-4403.832074506744,-2665.7073762256423
2460829.329861111,2162.0369008837483,-4418.7613179146065,-2347.0236174942725
2460829.3305555554,2514.7566494433663,-4398.154620542364,-2009.4026691645856
2460829.33125,2847.2567063545134,-4342.155001215224,-1655.557521528997
2460829.331944444,3156.8453486638114,-4251.192111942362,-1288.3365530519886
2460829.332638889,3441.013211995709,-4125.979766073363,-910.700571753527
2460829.3333333335,3697.4546166144305,-3967.510975475426,-525.6986704980238
2460829.334027778,3924.0872657418995,-3777.0504953092595,-136.44312267111474
2460829.3347222223,4119.070085581965,-3556.1249103444993,253.91643989146505
2460829.3354166667,4280.818991800986,-3306.5103384030285,642.2192984109286
2460829.336111111,4408.020399498012,-3030.217861298332,1025.3200952507575
2460829.3368055555,4499.642322687685,-2729.4768324729853,1400.1151741219724
2460829.3375,4554.942948024136,-2406.7162427361523,1763.5685314249106
2460829.3381944443,4573.476607508444,-2064.5443485072237,2112.737111200385
2460829.3388888887,4555.097112816898,-1705.726794939297,2444.7951828443397
2460829.339583333,4499.958455585816,-1333.1634766943243,2757.05756788436
2460829.340277778,4408.512913507641,-949.8643853645688,3047.0015078526976
2460829.3409722224,4281.506635038932,-558.9246977201423,3312.286989819463
2460829.341666667,4119.972803102184,-163.49934978378607,3550.775380004718
2460829.342361111,3925.2225016843117,233.2226635555583,3760.546242449555
2460829.3430555556,3698.8334206088944,628.0440492299165,3939.912255205509
2460829.34375,3442.636549354403,1017.7848246867151,4087.4321528675528
2460829.3444444444,3158.7010086312166,1399.3075957511899,4201.92165533923
2460829.345138889,2849.3171728379066,1769.5423321326423,4282.462354274874
2460829.345833333,2516.9782293366407,2125.510491997973,4328.408544798165
2460829.3465277776,2164.3603162377594,2464.3483578651576,4339.3919969739845
2460829.347222222,1794.3013739195828,2783.3294569913014,4315.324666295622
2460829.347916667,1409.7788387752626,3079.8859469592867,4256.3993435530665
2460829.3486111113,1013.8863088336177,3351.628846038619,4163.088244157785
2460829.3493055557,609.8093065539288,3596.3669913586355,4036.139536186035
2460829.35,200.80026973577782,3812.124602144194,3876.5718056689616
2460829.3506944445,-209.84708778796278,3997.157318706084,3685.666460885119
2460829.351388889,-618.823892523008,4149.966583723214,3464.958083827147
2460829.3520833333,-1022.8325399979557,4269.312229702828,3216.2227451574945
2460829.3527777777,-1418.6132486238628,4354.223132349555,2941.4643155482604
2460829.353472222,-1802.970534625577,4404.005793365183,2642.898825771526
2460829.3541666665,-2172.799387894978,4418.250723954893,2322.9369504515134
2460829.354861111,-2525.1109103415765,4396.836512803657,1984.1647194403374
2460829.355555556,-2857.057169854992,4339.931481674863,1629.3225875836843
2460829.35625,-3165.9550109810916,4247.992856632217,1261.283028744401
2460829.3569444446,-3449.3085697088236,4121.763412462478,883.026842977445
2460829.357638889,-3704.830238054827,3962.2655830077238,497.6184011837103
2460829.3583333334,-3930.459843484555,3770.7930665958907,108.18006924610629
2460829.359027778,-4124.381826047987,3548.8999937932585,-282.1339258921764
2460829.359722222,-4285.040221398322,3298.387764414888,-670.1639103084847
2460829.3604166666,-4411.151292056101,3021.289696487294,-1052.771175833268
2460829.361111111,-4501.71368608397,2719.853660105869,-1426.8641138328524
2460829.3618055554,-4556.016038366142,2396.522903314186,-1789.4237917461955
2460829.3625,-4573.641974287662,2053.915290591154,-2137.5287210791744
2460829.363194444,-4554.4725117227335,1694.8011999082087,-2468.378573273216
2460829.363888889,-4498.685896988204,1322.0803203502908,-2779.3166393499832
2460829.3645833335,-4406.754943058648,938.7576093485479,-3067.8508419568575
2460829.365277778,-4279.44196676093,547.9186451855827,-3331.673156716219
2460829.3659722223,-4117.791445937303,152.7046179774518,-3568.677314478127
2460829.3666666667,-3923.1205319638593,-243.71282809701754,-3776.9746988477045
2460829.367361111,-3697.007565673313,-638.1566956964016,-3954.908372125838
2460829.3680555555,-3441.278746598781,-1027.4695006643572,-4101.065192055142
2460829.36875,-3157.993104525371,-1408.5377437014827,-4214.285998445711
2460829.3694444443,-2849.4259215309003,-1778.315841090235,-4293.673861898828
2460829.3701388887,-2518.05073465803,-2133.8493990148004,-4338.6004007139045
2460829.370833333,-2166.520052834699,-2472.297711071678,-4348.71017058778
2460829.371527778,-1797.6448994898333,-2790.955384779939,-4323.923137057978
2460829.3722222224,-1414.3732940721707,-3087.2729955543446,-4264.435234973703
2460829.372916667,-1019.7677756585966,-3358.8766733388834,-4170.717016501737
2460829.373611111,-616.9820719687713,-3603.586521925108,-4043.5103840219135
2460829.3743055556,-209.2370172845799,-3819.433766203424,-3883.823399599109
2460829.375,200.20416128053094,-4004.67650933753,-3692.9231642072455
2460829.3756944444,608.0610735868663,-4157.81398200388,-3472.326756600893
2460829.376388889,1011.061758939425,-4277.599146039314,-3223.7902370018273
2460829.377083333,1405.9684960670636,-4363.049521648294,-2949.2957202937846
2460829.3777777776,1789.603637279294,-4413.456093383627,-2651.0365539532986
2460829.378472222,2158.8752773153956,-4428.390161792481,-2331.4006442985383
2460829.379166667,2510.802530624447,-4407.70801019535,-1992.9520108321892
2460829.3798611113,2842.5401878534726,-4351.553272800534,-1638.4106676955926
2460829.3805555557,3151.4024979599335,-4260.356909684967,-1270.63097216819
2460829.38125,3434.8858275592634,-4134.834720364796,-892.5786008210641
2460829.3819444445,3690.6899388136653,-3975.9823598003986,-507.3063542096946
2460829.382638889,3916.7376434241296,-3785.0678534817407,-117.92900778071609
2460829.3833333333,4111.1925950005525,-3563.6216496981992,272.4025377582821
2460829.3840277777,4272.475011966614,-3313.4242816968426,660.5275471661566
2460829.384722222,4399.275144091728,-3036.491754406877,1043.3019015471339
2460829.3854166665,4490.564332257217,-2735.0588044126284,1417.6244286105086
2460829.386111111,4545.603546974265,-2411.5602136135412,1780.4628332024056
2460829.386805556,4563.949329741217,-2068.610385982103,2128.878955657764
2460829.3875,4545.457102502304,-1708.9814186937654,2460.053101338079
2460829.3881944446,4490.281849467224,-1335.5799067441462,2771.307212139817
2460829.388888889,4398.876211452031,-951.4227384982578,3060.1266652968056
2460829.3895833334,4271.986066392133,-559.6121306022292,3324.1805237609824
2460829.390277778,4110.643696311153,-163.31014962736324,3561.3400876431015
2460829.390972222,3916.158663756098,234.28704173056255,3769.695626279829
2460829.3916666666,3690.1065340624373,629.9749961243514,3947.571202376335
2460829.392361111,3434.3155924735925,1020.5666422669512,4093.537520675464
2460829.3930555554,3150.8517044559203,1402.9176147003539,4206.422760832928
2460829.39375,2842.0014711323493,1773.951081681376,4285.321366819437
2460829.394444444,2510.253826846732,2130.6819203643936,4329.60078053219
2460829.395138889,2158.2802150182147,2470.2401069758052,4338.906115532908
2460829.3958333335,1788.91348305567,2789.893187384017,4313.162768809941
2460829.396527778,1405.1256192349506,3087.0677143494895,4252.576972306691
2460829.3972222223,1010.0044609529057,3359.369529108777,4157.63428328264
2460829.3979166667,606.7295018018406,3604.602767563192,4029.096013059401
2460829.398611111,198.5469275092976,3820.7874686429063,3867.993593255885
2460829.3993055555,-211.25598090253504,4006.1756563258577,3675.6208801887283
2460829.4,-619.37691840196,4159.265757829864,3453.5244076510376
2460829.4006944443,-1022.5249415805519,4278.815223608638,3203.4916031695157
2460829.4013888887,-1417.4469769971024,4363.851206051188,2927.537003387639
2460829.402083333,-1800.954251422409,4413.6791611317485,2627.886520164035
2460829.402777778,-2169.9484205887734,4427.889242832582,2306.959835348002
2460829.4034722224,-2521.4471612153216,4406.360374313726,1967.3510270625984
2460829.404166667,-2852.6089749497296,4349.261898477986,1611.8075633207025
2460829.404861111,-3160.756949715798,4257.05273644466,1243.207826811807
2460829.4055555556,-3443.401223648508,4130.478011629252,864.5373631527872
2460829.40625,-3698.2598981697433,3970.5631330146366,478.8640781334674
2460829.4069444444,-3923.2781666950254,3778.605367176554,89.31262590109219
2460829.407638889,-4116.6454416600745,3556.162967506382,-300.96174743723475
2460829.408333333,-4276.810289400947,3305.041968482863,-688.7996268735319
2460829.4090277776,-4402.493016431525,3027.2807881826325,-1071.063837192279
2460829.409722222,-4492.695786537794,2725.1328141729155,-1444.6655579980747
2460829.410416667,-4546.710185910207,2401.0471792745034,-1806.5898697147488
2460829.4111111113,-4564.122196290669,2057.64794895512,-2153.9204789991613
2460829.4118055557,-4544.8145729034,1697.7119687549498,-2483.8633794296697
2460829.4125,-4488.966663779379,1324.1456104185509,-2793.769248554029
2460829.4131944445,-4397.05173867141,939.9606796217038,-3081.1543875223024
2460829.413888889,-4269.8319250774075,548.2497202404504,-3343.7200630021093
2460829.4145833333,-4108.350871170178,152.1609552155196,-3579.3701264991305
2460829.4152777777,-3913.9242722970407,-245.12691762279772,-3786.226822703882
2460829.415972222,-3688.128406574312,-640.4298756910033,-3962.6447255510993
2460829.4166666665,-3432.7868301077847,-1030.5834858817698,-4107.222762326924
2460829.417361111,-3149.955382296124,-1412.4674210851615,-4218.814305958127
2460829.418055556,-2841.9056390311107,-1783.0294461074336,-4296.535332463236
2460829.41875,-2511.1069589496415,-2139.3087347407118,-4339.770642372485
2460829.4194444446,-2160.207237173338,-2478.4584225340604,-4348.17815846125
2460829.420138889,-1792.0124928515663,-2797.767280631335,-4321.691304414377
2460829.4208333334,-1409.4653928479443,-3094.680421180782,-4260.519471356002
2460829.421527778,-1015.6228182473031,-3366.818933922665,-4165.146572364815
2460829.422222222,-613.6325754306541,-3611.998354422993,-4036.327681187593
2460829.4229166666,-206.70935722349031,-3828.2458570016793,-3875.08374742418
2460829.423611111,201.88993093473647,-4013.816056185293,-3682.6943800582335
2460829.4243055554,608.8913582687056,-4167.205294389426,-3460.688691371704
2460829.425,1011.0295238539877,-4287.1642809598425,-3210.8342032028786
2460829.425694444,1405.0733210194396,-4372.7089456663525,-2935.1238279022264
2460829.426388889,1787.8517348752844,-4423.129367286527,-2635.760950259428
2460829.4270833335,2156.2794654956856,-4437.996637934529,-2315.1426657106767
2460829.427777778,2507.3821654425205,-4417.167535651786,-1975.8412455284
2460829.4284722223,2838.3210475975006,-4360.786889496735,-1620.5839410570748
2460829.4291666667,3146.416624601435,-4269.287543187453,-1252.2312554221912
2460829.429861111,3429.17131759081,-4143.3878498870545,-873.7538581824822
2460829.4305555555,3684.290688458858,-3984.0866602629285,-488.20833168591923
2460829.43125,3909.703041067283,-3792.6558053628182,-98.71198362310605
2460829.4319444443,4103.577167609579,-3570.6301069485826,291.5830380269494
2460829.4326388887,4264.338020316065,-3319.7949968689654,679.5160481873327
2460829.433333333,4390.6801332146415,-3042.171853015929,1061.944282157301
2460829.434027778,4481.578637383983,-2740.001207766075,1435.76921400407
2460829.4347222224,4536.297759624275,-2415.7240074402903,1797.9624628265396
2460829.435416667,4554.396728847519,-2071.9611340027122,2145.59101343302
2460829.436111111,4535.733056394935,-1711.4914189833569,2475.841497678857
2460829.4368055556,4480.463194975947,-1337.228393654177,2786.043303916705
2460829.4375,4389.040617533534,-952.196029047385,3073.6903058814146
2460829.4381944444,4262.211389747724,-559.5037168272336,3336.4610342041965
2460829.438888889,4101.00733628874,-162.32073692940827,3572.23714277229
2460829.439583333,3906.7369241745414,236.149548358327,3779.1200495726875
2460829.4402777776,3680.9739993559174,632.6955569791787,3955.445665618739
2460829.440972222,3425.5445231405765,1024.123200963928,4099.797146697756
2460829.441666667,3142.511459855853,1407.281264771187,4211.015625457603
2460829.4423611113,2834.157962931113,1779.0862847012188,4288.208900493339
2460829.4430555557,2502.9690060142475,2136.5467761148375,4330.758068672436
2460829.44375,2151.6115987794055,2476.786671521501,4338.322096503717
2460829.4444444445,1782.913719853043,2797.0678434001416,4310.840330162221
2460829.445138889,1399.8420963870055,3094.8115893102863,4248.532944549926
2460829.4458333333,1005.478954056592,3367.6189618514295,4151.899331109878
2460829.4465277777,602.9978672921159,3613.2898202791703,4021.7144238125343
2460829.447222222,195.63883630920958,3829.8404826811698,3859.0229616055612
2460829.4479166665,-213.31726336512057,4015.519844944122,3665.131690777067
2460829.448611111,-620.5747114349294,4168.823834541323,3441.599514105906
2460829.449305556,-1022.8492839368232,4288.508058255758,3190.2256054688733
2460829.45,-1416.8947168846967,4373.598502371386,2913.035525297555
2460829.4506944446,-1799.5290898175365,4423.400148392708,2612.265390459337
2460829.451388889,-2167.660909103058,4437.503374139502,2290.3441751434166
2460829.4520833334,-2518.3146491705675,4415.788022861093,1949.874251842712
2460829.452777778,-2848.6555077687813,4358.42504392046,1593.610303854453
2460829.453472222,-3156.0131139784144,4265.875633316035,1224.4367804777655
2460829.4541666666,-3437.903939403096,4138.88783230384,845.3440842494219
2460829.454861111,-3692.0521570161936,3978.4905783748263,459.4037194230011
2460829.4555555554,-3916.408715756085,3785.9852388532368,69.74264372399149
2460829.45625,-4109.168413506183,3562.9346972392977,-320.4829098216005
2460829.456944444,-4268.7847807426515,3311.1500997144108,-708.1138656051907
2460829.457638889,-4393.982617400075,3032.6754075390345,-1090.0147082509607
2460829.4583333335,-4483.768064659557,2729.769930560613,-1463.0995784374754
2460829.459027778,-4537.436129449202,2404.889049936136,-1824.3577858071476
2460829.4597222223,-4554.575622920645,2060.6633530454055,-2170.8784881678566
2460829.4604166667,-4535.071510614679,1699.8764257271444,-2499.8742978237738
2460829.461111111,-4479.104710908526,1325.4415486398218,-2808.7036094719024
2460829.4618055555,-4387.149411143868,940.3775525762032,-3094.8914660870587
2460829.4625,-4259.9679982627895,547.784072072435,-3356.1488190654686
2460829.4631944443,-4098.603724972967,150.81643913785592,-3590.390058693474
2460829.4638888887,-3904.3712461581667,-247.33957045798175,-3795.748731999594
2460829.464583333,-3678.8451724719143,-643.4929332468615,-3970.5913836882414
2460829.465277778,-3423.8467888473715,-1034.4723404419265,-4113.529484977415
2460829.4659722224,-3141.429087248071,-1417.1507636150286,-4223.429429633166
2460829.466666667,-2833.8602562768606,-1788.4694836777635,-4299.42059291976
2460829.467361111,-2503.6057606050117,-2145.4614607912577,-4340.901457613953
2460829.4680555556,-2153.3091368913506,-2485.273931677902,-4347.543814132785
2460829.46875,-1785.771619554599,-2805.190134780668,-4319.295043080731
2460829.4694444444,-1403.9307074610788,-3102.6500624205732,-4256.378485017186
2460829.470138889,-1010.8377702848873,-3375.270146460977,-4159.291897835821
2460829.470833333,-609.6348028706067,-3620.8617711706615,-4028.803998319756
2460829.4715277776,-203.53042644094822,-3837.4485107493833,-3865.9490792002243
2460829.472222222,204.2247462681629,-4023.281971868779,-3672.019693195088
2460829.472916667,610.3632561210987,-4176.856116182167,-3448.557398386113
2460829.4736111113,1011.6263122946957,-4296.919930127609,-3197.3415657611117
2460829.4743055557,1404.7895183002368,-4382.488303380117,-2920.3762605223515
2460829.475,1786.6886260777912,-4432.850973685084,-2619.875228546511
2460829.4756944445,2154.2451174950634,-4447.579400546707,-2298.245040362212
2460829.476388889,2504.491396258583,-4426.531438545533,-1958.0664683236687
2460829.4770833333,2834.595352145167,-4369.853694593434,-1602.0742052629832
2460829.4777777777,3141.8840490159323,-4277.981475601085,-1233.135063867491
2460829.478472222,3423.8662870144103,-4151.6362583317805,-854.2248212893124
2460829.4791666665,3678.25378087749,-3991.8206460582646,-468.4039125861636
2460829.479861111,3902.980710264397,-3799.810812120598,-78.79219761783955
2460829.480555556,4096.221412485512,-3577.146466221596,311.4569531900211
2460829.48125,4256.406003609944,-3325.618422616922,699.1829817506908
2460829.4819444446,4382.233747961276,-3047.2538847192345,1081.2445987476522
2460829.482638889,4472.684027027068,-2744.2995953477957,1454.5460934939101
2460829.4833333334,4527.024793267947,-2419.2030396736623,1816.0632122401419
2460829.484027778,4544.818437597371,-2074.5919077302015,2162.868340233512
2460829.484722222,4525.925036243182,-1713.2520503692122,2492.1547304063024
2460829.4854166666,4470.502982951028,-1338.1041709190335,2801.2595500122193
2460829.486111111,4379.00704825458,-952.1795087691044,3087.6855356301785
2460829.4868055554,4252.1839401819525,-558.5947650866976,3349.1210824700715
2460829.4875,4091.065466322124,-160.5265160607527,3583.4586219979096
2460829.488194444,3896.959420707545,238.81464560352384,3788.811168159862
2460829.488888889,3671.438331103361,636.2100249634243,3963.5269477284837
2460829.4895833335,3416.326213288291,1028.4585887242604,4106.2020502590585
2460829.490277778,3133.6834813312735,1412.4023948597041,4215.691057254447
2460829.4909722223,2825.790162798211,1784.9515203943647,4291.115626155204
2460829.4916666667,2495.127562459869,2143.1083379278675,4331.871017594473
2460829.492361111,2144.3585131215605,2483.9910032443,4337.630561269611
2460829.4930555555,1776.3063481089284,2804.856024734494,4308.348060065765
2460829.49375,1393.9327183827825,3103.119797559353,4244.258133028189
2460829.4944444443,1000.3143859265491,3376.3789767101007,4145.874497062828
2460829.4951388887,598.6191128135039,3622.4295736676627,4013.9861859014427
2460829.495833333,192.08078263205977,3839.284646585444,3849.6517063229635
2460829.496527778,-216.02610965083002,4025.190456142712,3654.191133148802
2460829.4972222224,-622.412445558942,4178.640949543298,3429.176151615313
2460829.497916667,-1023.8007784341105,4298.390431678468,3176.4180677513373
2460829.498611111,-1416.951753648031,4383.46428344749,2897.953820010112
2460829.4993055556,-1798.6904473726902,4433.167587343337,2596.0300477582637
2460829.5,-2165.9323983926142,4447.091529510625,2273.085299033337
2460829.5006944444,-2515.709102835078,4425.117462622091,1931.7304791506022
2460829.501388889,-2845.192713839865,4367.418531393713,1574.7276842856577
2460829.502083333,-3151.7196988171436,4274.458789769814,1204.9675806421149
2460829.5027777776,-3432.813192057886,4146.989769210037,825.4455325172784
2460829.503472222,-3686.203797926834,3986.044492091362,439.2366995195346
2460829.504166667,-3909.8486078385713,3792.9289619584533,49.47035171817224
2460829.5048611113,-4101.94821607717,3569.211201769009,-340.69633106257186
2460829.5055555557,-4260.961548038117,3316.7079481491824,-728.1047007039534
2460829.50625,-4385.618343200201,3037.4691506011304,-1109.6210351695884
2460829.5069444445,-4474.929178415846,2733.7604479771294,-1482.1626152696113
2460829.507638889,-4528.192947505794,2408.0438347517456,-1842.7232025086787
2460829.5083333333,-4545.001760798953,2062.956740786777,-2188.3976694531857
2460829.5090277777,-4525.243263522294,1701.2897669092554,-2516.405548249282
2460829.509722222,-4469.100409466061,1325.9633280067615,-2824.1132880546093
2460829.5104166665,-4377.048760443796,940.0034558549823,-3109.0550427029325
2460829.511111111,-4249.851408635142,546.5170027247002,-3368.9518449015577
2460829.511805556,-4088.55164164894,148.6664838033468,-3601.729047115855
2460829.5125,-3894.4634869289143,-250.3552221295489,-3805.5319427526492
2460829.5131944446,-3669.16027894329,-647.3501180408302,-3978.7395106011954
2460829.513888889,-3414.461399438298,-1039.1400957515818,-4119.976243253247
2460829.5145833334,-3132.4173362859274,-1422.591548849617,-4228.122043412085
2460829.515277778,-2825.29320379499,-1794.6394483932113,-4302.320182388177
2460829.515972222,-2495.550857945136,-2152.310757942701,-4341.9833254455825
2460829.5166666666,-2145.82972756548,-2492.747079891396,-4346.797632158232
2460829.517361111,-1778.9264812111778,-2813.226424953774,-4316.724938636451
2460829.5180555554,-1397.7736317718839,-3111.184012618192,-4252.003027317557
2460829.51875,-1005.4171848648957,-3384.232000619082,-4153.143984128392
2460829.519444444,-604.9934306340476,-3630.1780434509283,-4020.9306385527966
2460829.520138889,-199.70498715181208,-3847.0425691612054,-3856.411079501013
2460829.5208333335,207.20379571989696,-4033.07466001426,-3660.8912369312097
2460829.521527778,612.4719420395978,-4186.766407772366,-3435.9255244430356
2460829.5222222223,1012.8473245408242,-4306.865610406541,-3183.3055442577665
2460829.5229166667,1405.112350233013,-4392.386670872756,-2905.0468667003347
2460829.523611111,1786.1096721600559,-4442.619554615771,-2603.373917312013
2460829.5243055555,2152.767728709306,-4457.136668102579,-2280.7030233629835
2460829.525,2502.1258895363326,-4435.797527962138,-1939.623699443708
2460829.5256944443,2831.358971602041,-4378.751105705828,-1582.8782811147016
2460829.5263888887,3137.8008790536064,-4286.435753873031,-1213.3400446655048
2460829.527083333,3418.9671110156023,-4159.576646811496,-833.9899860382133
2460829.527777778,3672.5758878164806,-3999.1806998141133,-447.89245503243615
2460829.5284722224,3896.5676455091993,-3806.5289686220717,-58.16987784209062
2460829.529166667,4089.1226722394013,-3583.1665661784978,332.0231877455683
2460829.529861111,4248.6766732623355,-3330.890177387444,719.5263906652716
2460829.5305555556,4373.934087864926,-3051.733283314139,1101.2000488739209
2460829.53125,4463.879004287917,-2747.949254684296,1473.9514408652649
2460829.5319444444,4517.783567005482,-2421.9924904026625,1834.7606606299623
2460829.532638889,4535.213800043503,-2076.4978205323055,2180.705755249962
2460829.533333333,4516.032816646569,-1714.2583993470569,2508.986900928894
2460829.5340277776,4460.401420503411,-1338.202338436848,2816.949381744524
2460829.534722222,4368.776141800496,-951.3683317925983,3102.1051683152077
2460829.535416667,4241.904781849053,-556.8805233287991,3362.152922866337
2460829.5361111113,4080.819568122293,-157.92286808903754,3594.9962823740234
2460829.5368055557,3886.828040622451,242.28678157769002,3798.7603082944365
2460829.5375,3661.5018073573997,640.5226401334108,3971.8060135829883
2460829.5381944445,3406.6633129730385,1033.5768034836706,4112.742907782912
2460829.538888889,3124.370769908299,1418.284727454807,4220.4395188920125
2460829.5395833333,2816.9013990235026,1791.5502046452455,4294.031869178015
2460829.5402777777,2486.733125005773,2150.3696869139585,4332.929893077889
2460829.540972222,2136.524859373837,2491.855821933865,4336.821794189185
2460829.5416666665,1769.0955099788964,2813.2600676908764,4305.676339592363
2460829.542361111,1387.4018364772726,3111.9942712728903,4239.7430931582985
2460829.543055556,994.5152820374848,3385.6510856193167,4139.550587075024
2460829.54375,593.597904174375,3632.0231052522777,4005.902430814358
2460829.5444444446,187.87753479976357,3849.1205946817786,3839.8713562007497
2460829.545138889,-219.37768718226985,4035.1876755270423,3642.7912020665703
2460829.5458333334,-624.885260106267,4188.716836890823,3416.246847385321
2460829.546527778,-1025.3745743761926,4308.46162822863,3162.0621113469465
2460829.547222222,-1417.613286683829,4393.447390023719,2882.2856585121813
2460829.5479166666,-1798.4336096248803,4442.979884214277,2579.1749657649034
2460829.548611111,-2164.7582988783706,4456.651693985162,2255.1784283580064
2460829.5493055554,-2513.626092818022,4434.34627428514,1912.9157190830433
2460829.55,-2842.216360530652,4376.239557397672,1555.1565358081095
2460829.550694444,-3147.872701857624,4282.799041720095,1184.797906832328
2460829.551388889,-3428.125241661861,4154.780324318605,804.8402556779164
2460829.5520833335,-3680.7113739732104,3993.2210713557333,418.3624463332332
2460829.552777778,-3903.594717330725,3799.4324603592163,28.496062481768586
2460829.5534722223,-4094.9820706221444,3574.9881652052873,-361.6008166329213
2460829.5541666667,-4253.338181290337,3321.7109948451453,-748.7700637955325
2460829.554861111,-4377.3981725031845,3041.657332225731,-1129.8798933072637
2460829.5555555555,-4466.177511637935,2737.099553095275,-1501.850912050228
2460829.55625,-4518.979441929938,2410.50663199315,-1861.6815617318023
2460829.5569444443,-4535.3998393106085,2064.5231616807923,-2206.4727005760305
2460829.5576388887,-4515.329494375203,1701.9470326437706,-2533.4510879522877
2460829.558333333,-4458.953857835939,1325.7060203398605,-2839.9915695122186
2460829.559027778,-4366.750319444317,938.8335332536585,-3123.6377842190122
2460829.5597222224,-4239.483118235419,544.4437657212479,-3382.121248934547
2460829.560416667,-4078.1960042588375,145.70649163965143,-3613.3787043796747
2460829.561111111,-3884.202786229858,-254.1782854333919,-3815.5676393434373
2460829.5618055556,-3659.0759115834703,-652.0056212551243,-3987.0799319945154
2460829.5625,-3404.6332235268733,-1044.5906869477806,-4126.553576890695
2460829.5631944444,-3122.9230456125897,-1428.7934243064954,-4232.882476225017
2460829.563888889,-2816.2077295147606,-1801.5426689648166,-4305.224295284481
2460829.564583333,-2486.945803345108,-2159.8596096379133,-4343.006383547455
2460829.5652777776,-2137.772838881773,-2500.880478914915,-4345.929771458099
2460829.565972222,-1771.4811542029001,-2821.8783691682893,-4313.971249324957
2460829.566666667,-1390.9984577212892,-3120.284076084447,-4247.383533462092
2460829.5673611113,-999.3655344769321,-3393.7058720208115,-4146.693519417364
2460829.5680555557,-599.7130781389578,-3639.948104749657,-4012.698617943405
2460829.56875,-195.23777044691982,-3857.028514299375,-3846.461164883651
2460829.5694444445,210.82227324767254,-4043.194146099638,-3649.3008978819958
2460829.570138889,615.2125722014299,-4196.935736652394,-3422.7854924087014
2460829.5708333333,1014.6877161081221,-4317.0004337012715,-3168.7191602789558
2460829.5715277777,1406.0370091723792,-4402.402710921976,-2889.1293245779775
2460829.572222222,1786.110140286214,-4452.433334174824,-2586.25140355066
2460829.5729166665,2151.8426781586577,-4466.666240151246,-2262.5117576580933
2460829.573611111,2500.2811716298997,-4444.963196844288,-1920.5088797766762
2460829.574305556,2828.60761568803,-4387.476130618093,-1562.9929416026569
2460829.575,3134.163040673546,-4294.647025914222,-1192.8438325145903
2460829.5756944446,3414.469965498049,-4167.205331136878,-813.0478686185999
2460829.576388889,3667.2534662480925,-4006.162835926732,-426.67336997311423
2460829.5770833334,3890.4606137372366,-3812.8060210483754,-36.8453359198708
2460829.577777778,4082.2780493881005,-3588.6859212978407,353.2805291217918
2460829.578472222,4241.14749232689,-3335.6055798528446,740.5441728410296
2460829.5791666666,4365.778996607961,-3055.6052121569123,1121.8076550470787
2460829.579861111,4455.16181173839,-2750.9452331490093,1493.9814280094174
2460829.5805555554,4508.572736788005,-2424.0873327132895,1854.0501591760883
2460829.58125,4525.581896825255,-2077.6738117846057,2199.0978273640217
2460829.581944444,4506.055910574487,-1714.5054137268212,2526.3318391589664
2460829.582638889,4450.158457115003,-1337.517894368214,2833.105939560743
2460829.5833333335,4358.348284419995,-949.7575865701006,3116.941711102735
2460829.584027778,4231.374734721587,-554.356211068788,3375.5484892545314
2460829.5847222223,4070.270888475547,-154.50518228654687,3606.841549639513
2460829.5854166667,3876.344447304805,246.57035938435956,3808.9584564065926
2460829.586111111,3651.166494412085,645.6375619604783,3980.273482656584
2460829.5868055555,3396.5582748345,1039.481726427067,4119.410046784726
2460829.5875,3114.5761442158314,1424.9318340504456,4225.2511235549755
2460829.5881944443,2807.494834362867,1798.885568485725,4296.947607281788
2460829.5888888887,2477.7891748194684,2158.333687075646,4333.9246177128925
2460829.589583333,2128.1144095111117,2500.383600224985,4335.885743443363
2460829.590277778,1761.2852388680844,2822.2820319782304,4302.815223213227
2460829.5909722224,1380.2537133791666,3121.4366396844516,4234.978065672824
2460829.591666667,988.086102101981,3395.436472175916,4132.918107178043
2460829.592361111,587.9388613904665,3642.071143447869,3997.454006213274
2460829.5930555556,183.03383806004481,3859.3485926095145,3829.673175230698
2460829.59375,-223.3671609729266,4045.511302282945,3630.9236499822186
2460829.5944444444,-627.9882696257365,4199.050831018336,3402.8039093227003
2460829.595138889,-1027.5657745351152,4318.720522675469,3147.1506627198883
2460829.595833333,-1418.874443356837,4403.546245737695,2866.0246459014443
2460829.5965277776,-1798.753768827959,4452.835024871315,2561.694480133038
2460829.597222222,-2164.133904937051,4466.181432367899,2236.618677429029
2460829.597916667,-2512.0610534895995,4443.471622098869,1893.4259053670917
2460829.5986111113,-2839.7220586164253,4384.8849096142385,1534.8936461033968
2460829.5993055557,-3144.4679454613483,4290.892827597409,1163.925428272861
2460829.6,-3423.8361566983094,4162.255616732977,783.5268236088066
2460829.6006944445,-3675.5712316312824,4000.016148806647,396.78044302082736
2460829.601388889,-3897.6436985988726,3805.491315403267,6.8201772713796895
2460829.6020833333,-4088.2669668230446,3580.2609549189638,-383.195049830214
2460829.6027777777,-4245.912031083848,3326.154430809514,-770.1077350754715
2460829.603472222,-4369.319838317945,3045.2350074680467,-1150.7881771214759
2460829.6041666665,-4457.51119837628,2739.7822063913345,-1522.1605023670113
2460829.604861111,-4509.794163539421,2412.27234708347,-1881.2280708254789
2460829.605555556,-4525.768837659183,2065.3575081670656,-2225.098001222495
2460829.60625,-4505.329618876007,1701.8431436347378,-2551.0045946402506
2460829.6069444446,-4448.664912531556,1324.6646150901884,-2856.331441374308
2460829.607638889,-4356.254386035981,936.8628831365899,-3138.6320447912276
2460829.6083333334,-4228.863863556522,541.5596086144801,-3395.648812925185
2460829.609027778,-4067.537980705915,141.93189618718128,-3625.3303066041176
2460829.609722222,-3873.590733764049,-258.8131027463551,-3825.8466611868753
2460829.6104166666,-3648.59406768157,-657.4635273179389,-3995.603124051363
2460829.611111111,-3394.36464962243,-1050.827906583133,-4133.251674073117
2460829.6118055554,-3112.9489748028427,-1435.7598601051022,-4237.7007060606775
2460829.6125,-2806.6069414606764,-1809.182264326383,-4308.122778550071
2460829.613194444,-2477.7940286807557,-2168.110756849485,-4343.9604279117775
2460829.613888889,-2129.1421983640657,-2509.676469132255,-4344.930057745359
2460829.6145833335,-1763.4396325349585,-2831.147886448314,-4311.023911066403
2460829.615277778,-1383.6094143499624,-3129.9517333576014,-4242.510129411568
2460829.6159722223,-992.6872513116791,-3403.692788229463,-4139.930898631468
2460829.6166666667,-593.7983449199702,-3650.172520492926,-4004.098676836976
2460829.617361111,-190.13350870211113,-3867.4064424848393,-3836.090495958861
2460829.6180555555,215.0753502241942,-4053.6400549887167,-3637.2403284482953
2460829.61875,618.5802591505146,-4207.363257872488,-3409.1295143713737
2460829.6194444443,1017.1425782148665,-4327.323090763429,-3153.57524960754
2460829.6201388887,1407.558602387492,-4412.534659512895,-2872.6171532956114
2460829.620833333,1786.6851912136012,-4462.290107259999,-2568.5019443038573
2460829.621527778,2151.46521782772,-4476.165488239143,-2243.666286650478
2460829.6222222224,2498.9526230193896,-4454.025414902244,-1900.7178813203336
2460829.622916667,2826.3368299090466,-4396.025362300995,-1542.414922885803
2460829.623611111,3130.9662806747338,-4302.611536110548,-1171.6440552800834
2460829.6243055556,3410.370831743074,-4174.518238893913,-791.3970109513641
2460829.625,3662.2827643877213,-4012.762699576686,-404.74612718861215
2460829.6256944444,3884.656160497268,-3818.637369218079,-14.818975894975296
2460829.626388889,4075.684415956987,-3593.699724154599,375.2276422498444
2460829.627083333,4233.8156846382435,-3339.759656734458,762.2340705184005
2460829.6277777776,4357.766073558453,-3058.8645730945277,1143.0642555747863
2460829.628472222,4446.530444366261,-2753.282350771254,1514.6320139297488
2460829.629166667,4499.390710407719,-2425.4823470540423,1873.9268211134847
2460829.6298611113,4515.921562025865,-2078.1146663986588,2218.0388627409693
2460829.6305555557,4495.993588478629,-1713.987925630471,2544.1830906967316
2460829.63125,4439.773805836979,-1336.0457596963356,2849.7220615385413
2460829.6319444445,4347.723634467926,-947.3423251883098,3132.187352085932
2460829.632638889,4220.594401332039,-551.0170518466734,3389.299383065134
2460829.6333333333,4059.420469122213,-150.26889228807755,3618.985506619002
2460829.6340277777,3865.510113289386,251.66969783357067,3819.39624849207
2460829.634722222,3640.4342835517355,651.5588264488259,3988.919619474322
2460829.6354166665,3386.013393038281,1046.1770783183006,4126.193438697219
2460829.636111111,3104.3022835307174,1432.347088251119,4230.115629584807
2460829.636805556,2797.5735108131717,1806.9606113271484,4299.8524679895
2460829.6375,2468.299092701099,2167.0029378622535,4334.844771128464
2460829.6381944446,2119.130855488982,2509.576516166292,4334.812024222097
2460829.638888889,1752.8795089280868,2831.923655044323,4299.754444888418
2460829.6395833334,1372.4925740834833,3131.4481842423256,4229.952985739614
2460829.640277778,981.031287758692,3405.7359507444535,4125.9672744851
2460829.640972222,581.64661032306,3652.5740260727875,3988.631490909867
2460829.6416666666,177.5544651301169,3869.9684984594783,3819.0481799745307
2460829.642361111,-227.98964875467937,4056.1607148384155,3618.580004366909
2460829.6430555554,-631.7165205770921,4209.641834868591,3388.8394450291257
2460829.64375,-1030.3693918140164,4329.165550408873,3131.6764751535648
2460829.644444444,-1420.7302431527323,4413.758831039488,2849.1642403655246
2460829.645138889,-1799.6459893657102,4462.730550992647,2543.5828089552397
2460829.6458333335,-2164.0543645466614,4475.677867825826,2217.4010728837548
2460829.646527778,-2511.0092555893866,4452.490234652682,1873.2569144055876
2460829.6472222223,-2837.705238167906,4393.350949681681,1513.9357775234212
2460829.6479166667,-3141.501057184819,4298.736172394718,1142.3478192057944
2460829.648611111,-3419.941796781905,4169.411368564036,761.5038433787033
2460829.6493055555,-3670.7794963919782,4006.4251797269003,374.49024151549605
2460829.65,-3891.9919750329323,3811.1007535367958,-15.55680341508098
2460829.6506944443,-4081.799655362731,3585.024608496692,-405.4775853746432
2460829.6513888887,-4238.6802019778315,3330.0331465803724,-792.1153355765854
2460829.652083333,-4361.3808231853,3048.196962193807,-1172.3425936248673
2460829.652777778,-4448.928120320682,2741.8031311006575,-1543.0872075376815
2460829.6534722224,-4500.635410346253,2413.335685766942,-1901.35769771148
2460829.654166667,-4516.107484453191,2065.4545105266234,-2244.2677285768846
2460829.654861111,-4495.24280665832,1700.9728980160323,-2569.059462115411
2460829.6555555556,-4438.233190865657,1322.8340198752358,-2873.125588321402
2460829.65625,-4345.561027918894,934.086563026232,-3154.029859791385
2460829.6569444444,-4217.994161873136,537.8597790801401,-3409.525986925299
2460829.657638889,-4056.5785333701997,137.33817385311923,-3637.574787112923
2460829.658333333,-3862.628728246182,-264.26393357174913,-3836.359498094987
2460829.6590277776,-3637.716570374854,-663.7277972661159,-4004.29920891691
2460829.659722222,-3383.6579100153463,-1057.8553850667786,-4140.060367821674
2460829.660416667,-3102.497746860669,-1443.494126306745,-4242.566357450593
2460829.6611111113,-2796.493831434733,-1817.5611176993064,-4311.00513047479
2460829.6618055557,-2468.0988704539595,-2177.066671554954,-4344.834913574108
2460829.6625,-2119.9414606478135,-2519.1370899220633,-4343.787986188677
2460829.6631944445,-1754.8058600497995,-2841.0365655742216,-4307.87254237119
2460829.663888889,-1375.6107031428426,-3140.1881085139307,-4237.3726393118
2460829.6645833333,-985.3867613672323,-3414.193397824063,-4132.846232415181
2460829.6652777777,-587.2538481205968,-3660.851455901761,-3995.1212917086777
2460829.665972222,-184.3969736041124,-3878.176032810969,-3825.289991200474
2460829.6666666665,219.9581366553839,-4064.4115800597256,-3624.7009627037546
2460829.667361111,622.5700323091625,-4218.047683933665,-3394.9496096347425
2460829.668055556,1020.206897257604,-4337.831821943427,-3137.8664826357203
2460829.66875,1409.6721126031368,-4422.780298099615,-2855.5037344314164
2460829.6694444446,1787.829842577356,-4472.187213470212,-2550.1196876216195
2460829.670138889,2151.6304392074057,-4485.631331140459,-2224.1615738244623
2460829.6708333334,2498.135446815895,-4462.980704905427,-1880.2465263073702
2460829.671527778,2824.541967021406,-4404.394955877686,-1521.1409415296218
2460829.672222222,3128.206137261873,-4310.32510396489,-1149.7383537510768
2460829.6729166666,3406.6654692768534,-4181.510888770196,-769.0359989679475
2460829.673611111,3657.659797326927,-4018.975546087711,-382.1102709480079
2460829.6743055554,3879.1505891925485,-3824.018044461525,7.908695066140071
2460829.675,4069.3383933191753,-3598.2028242624706,397.8630588173001
2460829.675694444,4226.678217327877,-3343.3471191027256,784.5936648396768
2460829.676388889,4349.892657021783,-3061.5059825730573,1164.9665005240556
2460829.6770833335,4437.982633722959,-2754.9551747531527,1535.898943684916
2460829.677777778,4490.235631768893,-2426.1720966711127,1894.3855206405838
2460829.6784722223,4506.231367658146,-2077.814988935337,2237.5229060220126
2460829.6791666667,4485.84486271881,-1712.7006254530877,2562.5339190116174
2460829.679861111,4429.246928016113,-1333.7807547727834,2866.7902843609936
2460829.6805555555,4336.902107026505,-944.1175399978418,3147.8339621262594
2460829.68125,4209.564151457068,-546.858250884306,3403.396875312187
2460829.6819444443,4048.269131899164,-145.20945576141236,3631.4188948949936
2460829.6826388887,3854.3263057801046,257.5890500977102,3830.0639717145114
2460829.683333333,3629.306877134104,658.290362833444,3997.7343350757337
2460829.684027778,3375.030792128582,1053.6664311005648,4133.082699262851
2460829.6847222224,3093.551716648391,1440.5336765613006,4235.022441340127
2460829.685416667,2787.1403410659022,1815.7781077866148,4302.735729290095
2460829.686111111,2458.2661518882132,2176.3797787322524,4335.679590931969
2460829.6868055556,2109.5778056665386,2519.436453507356,4333.589920099432
2460829.6875,1743.8822349167647,2842.186348752823,4296.483420295258
2460829.6881944444,1364.1226083220495,3142.0298327243104,4224.657486212661
2460829.688888889,973.3552718565907,3416.5499554748376,4118.688022905821
2460829.689583333,574.725790458091,3663.531689989003,3979.425200749527
2460829.6902777776,171.44422693611182,3880.9797504122785,3807.987147161355
2460829.690972222,-233.24020740391163,4067.1348568692024,3605.7515771394105
2460829.691666667,-636.0649742422039,4220.488304336178,3374.345373725437
2460829.6923611113,-1033.7803323043988,4339.7946917151085,3115.632141033913
2460829.6930555557,-1423.1755769602844,4424.082666497909,2831.6977685554007
2460829.69375,-1801.1051869008477,4472.66354330128,2524.834068660109
2460829.6944444445,-2164.5146585598877,4485.137665019161,2197.520569734684
2460829.695138889,-2510.4657847471863,4461.398387955968,1852.404582236604
2460829.6958333333,-2836.1611300060454,4401.633595492958,1492.2796807560146
2460829.6965277777,-3138.9674495559343,4306.32467013646,1120.0627743332457
2460829.697222222,-3416.437793748464,4176.242886452728,738.7699725387288
2460829.6979166665,-3666.3320548300026,4012.443222343439,351.4914736125215
2460829.698611111,-3886.6357208620448,3816.2556260751194,-38.6342692670919
2460829.699305556,-4075.576629222058,3589.273813361693,-428.44683884562465
2460829.7,-4231.639534707923,3333.341709299294,-814.7903203045805
2460829.7006944446,-4353.578341428418,3050.5376880295094,-1194.539658127459
2460829.701388889,-4440.425888008778,2743.1567890207752,-1564.6266312091498
2460829.7020833334,-4491.501208743944,2413.6911243032764,-1922.0651715214808
2460829.702777778,-4506.414237780297,2064.8087057939088,-2263.9757789630467
2460829.703472222,-4485.067959909812,1699.3309371448786,-2587.6088044304847
2460829.7041666666,-4427.658047853751,1320.2090243025218,-2890.366397596721
2460829.704861111,-4334.67005815852,930.4995538217095,-3169.822950652756
2460829.7055555554,-4206.874284811501,533.3394875513758,-3423.7438948659224
2460829.70625,-4045.3183899893584,131.92080401671154,-3650.1027430897766
2460829.706944444,-3851.317946767791,-270.534993837765,-3847.096296122805
2460829.707638889,-3626.4450368319663,-670.8023068633295,-4013.1579595595276
2460829.7083333335,-3372.5150475059036,-1065.6766280705178,-4146.969140042333
2460829.709027778,-3091.5718139479063,-1451.9993289030228,-4247.468704487812
2460829.7097222223,-2785.871241216899,-1826.6819094582843,-4313.860502425766
2460829.7104166667,-2457.863536989545,-2186.7295862355186,-4345.618955276218
2460829.711111111,-2110.174175234523,-2529.264106496788,-4342.492721272016
2460829.7118055555,-1745.5836985117808,-2851.5456895986667,-4304.506443447761
2460829.7125,-1367.0064682379932,-3150.9939900735903,-4231.960584250715
2460829.7131944443,-977.4684591622156,-3425.2079864434977,-4125.429346480412
2460829.7138888887,-580.0841979715696,-3671.9846899706686,-3985.7566742656504
2460829.714583333,-178.03295538093357,-3889.3365575735907,-3814.0503270640306
2460829.715277778,225.46569907778346,-4075.507490901484,-3611.674017418392
2460829.7159722224,627.1768530706536,-4228.987290061141,-3380.2376068000967
2460829.716666667,1023.8755689218959,-4348.524420781249,-3121.585366434213
2460829.717361111,1412.37240901921,-4433.13695510574,-2837.7823155180618
2460829.7180555556,1789.5389768878633,-4482.121536839041,-2531.0986776694517
2460829.71875,2152.3332773827915,-4495.0602331598475,-2203.9925104963395
2460829.7194444444,2497.824671331004,-4471.825139823939,-1859.0905955299986
2460829.720138889,2823.2181864750432,-4412.580625062691,-1499.16770524394
2460829.720833333,3125.8779399728346,-4317.783119005344,-1127.1243905578244
2460829.7215277776,3403.349415328092,-4188.178383915945,-745.9634704701962
2460829.722222222,3653.380345557758,-4024.7962327702344,-358.76542716096475
2460829.722916667,3873.939956763281,-3828.942701666014,31.337056933628524
2460829.7236111113,4063.2363474116505,-3602.189718094773,421.18516934250437
2460829.7243055557,4219.731795052355,-3346.362350562294,807.6203691723591
2460829.725,4342.155816950292,-3063.5237588392392,1187.510845094918
2460829.7256944445,4429.515839412452,-2755.958004539011,1557.777743259466
2460829.726388889,4481.105370929186,-2426.150910417659,1915.4208893052103
2460829.7270833333,4496.509611998626,-2076.7691831316574,2257.543739013697
2460829.7277777777,4475.608473821886,-1710.6380386333512,2581.3773056862383
2460829.728472222,4418.577016859272,-1330.7175716588783,2884.3028462056254
2460829.7291666665,4325.883354785663,-940.078133647907,3163.8730984521308
2460829.729861111,4198.284100062876,-541.8749627163586,3417.831910811725
2460829.730555556,4036.8174533220617,-139.32231923442566,3644.132119686341
2460829.73125,3842.7940583834893,264.3326400377395,3840.951568907167
2460829.7319444446,3617.785757454988,665.836030908239,4006.7071910015866
2460829.732638889,3363.61239069379,1061.9532494186317,4140.067092902735
2460829.7333333334,3082.3267834942853,1449.4946390921907,4239.960612112278
2460829.734027778,2776.198067948803,1825.340647786021,4305.586321218952
2460829.734722222,2447.6934763780146,2186.466327545175,4336.417972867444
2460829.7354166666,2099.4587400817827,2529.9650403234314,4332.2083818114
2460829.736111111,1734.2972253620837,2853.071237172106,4292.991244041166
2460829.7368055554,1355.1479243034107,3153.1821940424825,4219.08089371405
2460829.7375,965.0624285955539,3427.87857513558,4111.069997029505
2460829.738194444,567.1810087644922,3674.9437012670246,3969.825182532586
2460829.738888889,164.70792651842305,3892.3813946918976,3796.4806065253483
2460829.7395833335,-239.11387370815868,4078.4322608203665,3592.4294591505386
2460829.740277778,-641.0285481228223,4231.588270162814,3359.3134194160693
2460829.7409722223,-1037.7934340291745,4350.60549098096,3099.010085622873
2460829.7416666667,-1426.2052430139715,4434.5148295662075,2813.618420272986
2460829.742361111,-1803.1261616923905,4482.630636184842,2505.4422696103875
2460829.7430555555,-2165.509630933607,4494.557042809872,2176.9720484125246
2460829.74375,-2510.425569096323,4470.1919164960555,1830.864702746063
2460829.7444444443,-2835.0847869468425,4409.72833172641,1469.9220986267253
2460829.7451388887,-3136.862340750602,4313.653492942092,1097.068011843731
2460829.745833333,-3413.319569574024,4182.745070030557,715.3239241114513
2460829.746527778,-3662.2245692270326,4018.06494652597,327.78385911184387
2460829.7472222224,-3881.5708744091394,3820.950417036468,-62.4114917962023
2460829.747916667,-4069.5941364282185,3593.0029124590988,-452.10108020329335
2460829.748611111,-4224.7866167851325,3336.0743683520586,-838.1299702324303
2460829.7493055556,-4345.9093480797,3052.2513874243773,-1217.3756857305261
2460829.75,-4432.0018485239625,2743.837383362538,-1586.7741524141527
2460829.7506944444,-4482.389319227167,2413.3329142395264,-1943.3449726728118
2460829.751388889,-4496.687289532092,2063.414439417308,-2284.21578032964
2460829.752083333,-4474.803716140654,1696.9117467918093,-2606.6454482025765
2460829.7527777776,-4416.938577018139,1316.784298106497,-2908.0459532767927
2460829.753472222,-4323.581032623239,926.0967511201783,-3186.002723413408
2460829.754166667,-4195.504253840876,527.9938982244156,-3438.2933326100942
2460829.7548611113,-4033.758036221091,125.67525717799829,-3662.9044346611745
2460829.7555555557,-3839.659335166606,-277.63046867609455,-3858.046856615527
2460829.75625,-3614.780863761531,-678.6908647845836,-4022.1688005466053
2460829.7569444445,-3360.9378987157866,-1074.2950351860216,-4153.967121889491
2460829.757638889,-3080.1734367929716,-1461.278431257056,-4252.396671379198
2460829.7583333333,-2774.7418373029022,-1836.5471418192792,-4316.6776993366475
2460829.7590277777,-2447.0910790195126,-2197.1015207347555,-4346.301327347423
2460829.759722222,-2099.8437522825657,-2540.059039159633,-4341.033095663813
2460829.7604166665,-1735.776891716857,-2862.676264423254,-4300.914594035628
2460829.761111111,-1357.8007580158746,-3162.3698596080544,-4226.2631789313
2460829.761805556,-968.9366651516626,-3436.7365064167966,-4117.669776465505
2460829.7625,-572.293954139583,-3683.571643914869,-3975.994765231768
2460829.7631944446,-171.04621870799426,-3900.8869092665395,-3802.3619309906912
2460829.763888889,231.59310577081874,-4086.92615923809,-3598.150483918197
2460829.7645833334,632.3956597335181,-4240.17993851162,-3364.9851351992875
2460829.765277778,1028.1434412306403,-4359.3982563826185,-3104.7242368444636
2460829.765972222,1415.6542888963293,-4443.601526764419,-2819.4460026982347
2460829.7666666666,1791.8073811272823,-4492.089525309303,-2511.4328484980133
2460829.767361111,2153.568550305762,-4504.448222508982,-2183.1539092938306
2460829.7680555554,2498.0151851498463,-4480.554360488258,-1837.2458253883194
2460829.76875,2822.3604892996677,-4420.577658914972,-1476.4919094724619
2460829.769444444,3123.9768419864745,-4324.980557313788,-1103.7998490582509
2460829.770138889,3400.4180135581273,-4194.515429265379,-722.1781180922628
2460829.7708333335,3649.4399804993704,-4030.2192377418937,-334.7113106294322
2460829.771527778,3869.020099507026,-3833.405637180938,55.46537090417319
2460829.7722222223,4057.3744126845227,-3605.654568289538,445.19221461540855
2460829.7729166667,4212.972882150305,-3348.799428561666,831.3114173046582
2460829.773611111,4334.552376818803,-3064.9119429029374,1210.693538388617
2460829.7743055555,4421.127270062796,-2756.2848943499994,1580.263706600974
2460829.775,4471.997544808133,-2425.4129036744803,1937.0273049825967
2460829.7756944443,4486.754339666848,-2074.9714757714128,2278.094867057195
2460829.7763888887,4465.282910149984,-1707.794549086063,2600.7059376263514
2460829.777083333,4407.763016789442,-1326.8507980422355,2902.2516740851493
2460829.777777778,4314.6667866957405,-935.2189416760239,3180.295993537144
2460829.7784722224,4186.754125434634,-536.06231339791,3432.595097933464
2460829.779166667,4025.0657815091345,-132.60293831288396,3657.1152413899695
2460829.779861111,3830.91418587236,271.9046454371578,3852.048632430066
2460829.7805555556,3605.8721993746203,674.199606997982,4015.827394861358
2460829.78125,3351.7599133251856,1071.0408768047778,4147.135528979768
2460829.7819444444,3070.6296441666436,1459.2328590982886,4244.918841987845
2460829.782638889,2764.7492698282467,1835.6506298638371,4308.39282505823
2460829.783333333,2436.5840418579833,2197.2644780362725,4337.048470936716
2460829.7840277776,2088.7770091192624,2541.163648040013,4330.656027883826
2460829.784722222,1724.1281788423034,2864.5791572135186,4289.266690722774
2460829.785416667,1345.5725389091733,3164.90556319447,4213.2122291972855
2460829.7861111113,956.1570634821567,3439.721557846442,4103.10255332374
2460829.7868055557,559.0168244869772,3686.8092628541267,3959.8212142071275
2460829.7875,157.3503424369362,3904.1720937945906,3784.5188412014745
2460829.7881944445,-245.60568856616183,4090.051059396053,3578.604517483938
2460829.788888889,-646.60214010407,4242.9393491710825,3343.735108793889
2460829.7895833333,-1042.4034909391803,4361.595067904733,3081.802565850653
2460829.7902777777,-1429.8139739616176,4445.051966599598,2794.9192458115504
2460829.790972222,-1805.7036260027037,4492.6280299664495,2485.401313912814
2460829.7916666665,-2167.034015640366,4503.931786919949,2155.750313854187
2460829.792361111,-2510.8834068336923,4478.866226418215,1808.6330269763314
2460829.793055556,-2834.471112897203,4417.630223338398,1446.8597645098
2460829.79375,-3135.1807819127475,4320.717405796581,1073.3612747878278
2460829.7944444446,-3410.5823626303477,4188.912428253546,691.1644704287756
2460829.795138889,-3658.4525050003263,4023.2846505193897,303.3672088279843
2460829.7958333334,-3876.793165071377,3825.1792614745327,-86.88761962783158
2460829.796527778,-4063.848204836201,3596.2059270575965,-476.43842315699504
2460829.797222222,-4218.117807988854,3338.2250795471823,-862.1313814640657
2460829.7979166666,-4338.370564358294,3053.3320010903394,-1240.84677794112
2460829.798611111,-4423.653111582857,2743.8388887195347,-1609.5249109813592
2460829.7993055554,-4473.297263543618,2412.2551124770202,-1965.1913198853756
2460829.8,-4486.924593334336,2061.2658994285343,-2304.9810768962566
2460829.800694444,-4464.448477019237,1693.7096916197925,-2626.1619186441812
2460829.801388889,-4406.073640519008,1312.5544288644899,-2926.156021364081
2460829.8020833335,-4312.293282546181,920.8730088903883,-3202.5602514015814
2460829.802777778,-4183.883873633034,521.8181718795755,-3453.1647531906087
2460829.8034722223,-4021.8977509088127,118.59703995706136,-3675.9697708903977
2460829.8041666667,-3827.653642539263,-285.5544709273101,-3869.200625853922
2460829.804861111,-3602.7252640962943,-687.3971688753361,-4031.320798672275
2460829.8055555555,-3348.9281294479465,-1083.7138596922798,-4161.043087567107
2460829.80625,-3068.304720110431,-1471.3342150036747,-4257.338828472664
2460829.8069444443,-2763.10814540922,-1847.1591020196315,-4319.445178117362
2460829.8076388887,-2435.7844234897943,-2208.184247333443,-4346.870464352403
2460829.808333333,-2088.9534966313813,-2551.523129403899,-4339.397613120076
2460829.809027778,-1725.389095774783,-2874.4289894472518,-4297.085658176935
2460829.8097222224,-1347.997550942568,-3174.315867000494,-4220.269337676054
2460829.810416667,-959.7956506110742,-3448.7785538367516,-4109.556775764643
2460829.811111111,-563.8876477437309,-3695.6113613060106,-3965.825243360148
2460829.8118055556,-163.44151878414914,-3912.8255851861886,-3790.2149899924325
2460829.8125,238.33541319694692,-4098.665545967542,-3584.1211374667937
2460829.8131944444,638.2213591772671,-4251.623068946294,-3349.183633299074
2460829.813888889,1033.0053093992053,-4370.450266123178,-3087.2752668293074
2460829.814583333,1419.5124760246583,-4454.170472092106,-2800.4877684659173
2460829.8152777776,1794.6297491438497,-4502.087187767631,-2491.1160305867566
2460829.815972222,2155.330962425206,-4513.790890105594,-2161.6405116364876
2460829.816666667,2498.7017461619853,-4489.163575821676,-1814.7079120035617
2460829.8173611113,2821.96372702971,-4428.380924017296,-1453.1102436517842
2460829.8180555557,3122.497829857114,-4331.911985803425,-1079.7624409145253
2460829.81875,3397.8664261377685,-4200.516337359221,-697.6786961379811
2460829.8194444445,3645.8340799164816,-4035.2386662406143,-309.94772910392373
2460829.820138889,3864.3866473731896,-3837.4007992289444,80.29277068877056
2460829.8208333333,4051.74850786487,-3608.5912162289687,469.88227666064824
2460829.8215277777,4206.397720049487,-3350.6521388252145,855.6638546644515
2460829.822222222,4327.078931841743,-3065.6643168296773,1234.5106123059809
2460829.8229166665,4412.813903066582,-2755.929674203403,1603.3518840314364
2460829.823611111,4462.909538164031,-2423.9520058565518,1959.1988760864465
2460829.824305556,4476.963364686932,-2072.4159441766287,2299.169506008037
2460829.825,4454.866433179062,-1704.1644325587683,2620.5121915034465
2460829.8256944446,4396.80365103401,-1322.1749535410838,2920.6283686219876
2460829.826388889,4303.251598230424,-929.5347725699196,3197.0935398394463
2460829.8270833334,4174.973901520643,-529.4154418369942,3447.6766951275717
2460829.827777778,4013.0142718032257,-125.04682312544448,3670.357962386101
2460829.828472222,3818.6873232124917,280.30914906100037,3863.3443919663464
2460829.8291666666,3593.567312105366,683.384733284299,4025.0837901924965
2460829.829861111,3339.474933887382,1080.9324854355668,4154.276554574746
2460829.8305555554,3058.462324574276,1469.7510119117167,4249.885473186911
2460829.83125,2752.796408228216,1846.7102099916426,4311.143471524212
2460829.831944444,2424.9407262484688,2208.775847727255,4337.559298573688
2460829.832638889,2077.535883218541,2553.0333423961065,4328.9211489652835
2460829.8333333335,1713.378732444384,2876.7106127306747,4285.298222079925
2460829.834027778,1335.400427913608,3177.199876022405,4207.040218364616
2460829.8347222223,946.6434590310267,3452.0782710166104,4094.774772161183
2460829.8354166667,550.2377950631529,3699.1271763367604,3949.402819733089
2460829.836111111,149.37626968219752,3916.35009291556,3772.091903137745
2460829.8368055555,-252.71065436098286,4101.988953276646,3564.267414471419
2460829.8375,-652.7805902774654,4254.538715939755,3327.601790541485
2460829.8381944443,-1047.6052219957658,4372.760093478402,3064.0016875125057
2460829.8388888887,-1433.9964076074705,4455.690271338336,2775.5931744986
2460829.839583333,-1808.83217933384,4502.651472250133,2464.7050129146196
2460829.840277778,-2169.082415958208,4513.25723376659,2133.850111921864
2460829.8409722224,-2511.83394862958,4487.416281628579,1785.7052790181897
2460829.841666667,-2834.3148492504065,4425.333903553859,1423.089416417507
2460829.842361111,-3133.917646732925,4327.510756314123,1048.9403439065713
2460829.8430555556,-3408.2212210833122,4194.739070272031,666.2904533664905
2460829.84375,-3655.0111251145872,4028.096254377801,278.2414360991516
2460829.8444444444,-3872.298109562582,3828.9359411260784,-112.06166691072957
2460829.845138889,-4058.334642076124,3598.8765521105274,-501.45681770346033
2460829.845833333,-4211.629241253813,3339.7875036997357,-886.7914561339458
2460829.8465277776,-4330.958480757355,3053.773207437913,-1264.9488154301891
2460829.847222222,-4415.376554086168,2743.1550531798557,-1632.8737998548147
2460829.847916667,-4464.222330673709,2410.4515879409414,-1987.5981603452149
2460829.8486111113,-4477.123872441359,2058.357124927598,-2326.264720277988
2460829.8493055557,-4454.000418553768,1689.719029873536,-2646.1504279578508
2460829.85,-4395.061881531605,1307.513938797093,-2944.688039250768
2460829.8506944445,-4300.805928686284,914.8231570516089,-3219.48626670258
2460829.851388889,-4172.012748935434,514.8074874424298,-3468.34825816139
2460829.8520833333,-4009.7376251081055,110.68171868022883,-3689.288302375578
2460829.8527777777,-3815.3014451668287,-294.31101030041924,-3880.5466865832223
2460829.853472222,-3590.279293119681,-696.9247740216749,-4040.602656498967
2460829.8541666665,-3336.4872648042324,-1093.9361724919531,-4168.18544906503
2460829.854861111,-3055.967645592459,-1482.1692421258037,-4262.283389086994
2460829.855555556,-2750.972588212009,-1858.5198205824827,-4322.151046506887
2460829.85625,-2423.9464127182578,-2219.979249374115,-4347.314462701304
2460829.8569444446,-2077.5066482217385,-2563.657298968791,-4337.574452771115
2460829.857638889,-1714.4239229091888,-2886.8042152643625,-4293.007991431006
2460829.8583333334,-1337.6008032088462,-3186.831786864491,-4213.9676850281285
2460829.859027778,-950.0496844413232,-3461.3333273234744,-4101.079328491823
2460829.859722222,-554.8698271538663,-3708.102469078713,-3955.2375404317145
2460829.8604166666,-155.22364847195732,-3925.1506493425245,-3777.599468554219
2460829.861111111,245.6876199709616,-4110.723165281,-3569.576556955898
2460829.8618055554,644.6487796852914,-4263.313663924568,-3332.82437142853
2460829.8625,1038.4558716936915,-4381.676923964872,-3069.230489594224
2460829.863194444,1423.9415794245504,-4464.839783711311,-2780.9004749773053
2460829.863888889,1798.0006418644705,-4512.110067043834,-2470.141975193323
2460829.8645833335,2157.6150698816723,-4523.08336475059,-2139.447009774127
2460829.865277778,2499.8789471391738,-4497.6475401177195,-1791.4725350853573
2460829.8659722223,2822.022572530078,-4435.984843047582,-1429.0194114913845
2460829.8666666667,3121.435698507238,-4338.571541633017,-1055.0099232803873
2460829.867361111,3395.689611786211,-4206.175008490823,-672.4640354999334
2460829.8680555555,3642.557806297411,-4039.8482330731104,-284.47459983511243
2460829.86875,3860.035006899138,-3840.9217690131686,105.8182517951304
2460829.8694444443,4046.3543209069426,-3610.993163368301,495.25327012676047
2460829.8701388887,4200.002313372213,-3351.9139579033645,880.6745301684729
2460829.870833333,4319.731836630861,-3065.7743865128364,1258.9578752750801
2460829.871527778,4404.572473475905,-2754.8859331148324,1627.0370774560965
2460829.8722222224,4453.838493713809,-2421.761942383197,1981.9294398954792
2460829.872916667,4467.134261338583,-2069.096502726795,2320.7605778979655
2460829.873611111,4444.357069055929,-1699.741841337708,2640.7881327447462
2460829.8743055556,4385.697414245053,-1316.6844775243164,2939.4242021781915
2460829.875,4291.636764933832,-923.0203972431186,3214.256288348252
2460829.8756944444,4162.942893667328,-521.9294944212645,3463.0666078601116
2460829.876388889,4000.6628829831557,-116.6495329768648,3683.8496255649557
2460829.877083333,3806.1139236091135,289.5501408175934,3874.82771301329
2460829.8777777776,3580.872038968777,693.3949173585405,4034.4648553272787
2460829.878472222,3326.7588784289915,1091.6310711543892,4161.478353296404
2460829.879166667,3045.8267219914305,1481.0515567151926,4254.848489535997
2460829.8798611113,2740.3418361348886,1858.5212903191377,4313.826141185014
2460829.8805555557,2412.7663191606343,2221.00176562453,4337.9383303355535
2460829.88125,2065.738566348829,2565.574867365469,4326.991710869198
2460829.8819444445,1702.0524799282173,2889.465754626037,4281.073991959383
2460829.882638889,1324.6355460799352,3190.064688184613,4200.553298422841
2460829.8833333333,936.5258994549772,3464.947677551634,4086.07546723909
2460829.8840277777,540.848500205866,3711.895818983268,3938.5592796019687
2460829.884722222,140.79054987482638,3928.9131942254303,3759.1896276009047
2460829.8854166665,-260.4237081168237,4114.243187490708,3549.4086217425047
2460829.886111111,-659.5586521984994,4266.383078880224,3310.9046515409636
2460829.886805556,-1053.3932381311529,4384.096765429944,3045.5994254727075
2460829.8875,-1438.7470554856334,4466.4254614732135,2755.63303491154
2460829.8881944446,-1812.5062764827728,4512.69623520518,2443.347108950218
2460829.888888889,-2171.6492749214995,4522.528248599481,2111.266149966157
2460829.8895833334,-2513.271669158173,4495.8365825805395,1762.0771763439714
2460829.890277778,-2834.610545934755,4432.833553604944,1398.6078187489813
2460829.890972222,-3133.067605544097,4334.027454382173,1023.8030564009084
2460829.8916666666,-3406.2309782280686,4200.218685284308,640.700802005626
2460829.892361111,-3651.895467461284,4032.49327923159,252.40657174879607
2460829.8930555554,-3868.080991005947,3832.2138627383006,-137.93250119036972
2460829.89375,-4053.049015359669,3601.008134205417,-527.1540394685336
2460829.894444444,-4205.3168040566015,3340.75498218548,-912.1068960100978
2460829.895138889,-4323.66933841513,3053.5683980294943,-1289.677452362357
2460829.8958333335,-4407.168801731581,2741.779372464597,-1656.8154616111049
2460829.896527778,-4455.161558470082,2407.9159933319997,-2010.5591693038425
2460829.8972222223,-4467.282600896706,2054.681976727878,-2348.0594705640297
2460829.8979166667,-4443.45747122917,1684.9338798940964,-2666.6028802873157
2460829.898611111,-4383.901703467988,1301.6572516585313,-2963.633120506941
2460829.8993055555,-4289.117859862279,907.9419694710002,-3236.7711643646594
2460829.9,-4159.890262473415,506.95701096536834,-3483.833601452036
2460829.9006944443,-3997.277539741516,101.92489011740476,-3702.8492244246836
2460829.9013888887,-3802.6031218695293,-303.9040250786202,-3892.0737625256024
2460829.902083333,-3577.4438244723137,-707.2771204284952,-4050.0027155312323
2460829.902777778,-3323.6166649091892,-1104.9648888364065,-4175.382258857366
2460829.9034722224,-3043.1640487451377,-1493.7858783163804,-4267.218211364852
2460829.904166667,-2738.3374605380645,-1870.6310948877292,-4324.783064791564
2460829.904861111,-2411.5797837790733,-2232.4877385336013,-4347.621081650327
2460829.9055555556,-2065.5063639929995,-2576.462163272938,-4335.551470069445
2460829.90625,-1702.8849242571525,-2899.8019550162044,-4288.669641847449
2460829.9069444444,-1326.614432651989,-3199.9170277032704,-4207.346556807545
2460829.907638889,-939.7030204257611,-3474.39963359509,-4092.226151312655
2460829.908333333,-545.2450490253295,-3721.043179670115,-3944.2208443533063
2460829.9090277776,-146.39743317451675,-3937.8597315900993,-3764.50511340764
2460829.909722222,253.64467013535796,-4123.096082082957,-3554.507130582105
2460829.910416667,651.672673019545,-4275.248244969991,-3315.8984580127994
2460829.9111111113,1044.4897281749268,-4393.0742346463185,-3050.581806781895
2460829.9118055557,1428.936089923888,-4475.604980761585,-2760.676883561977
2460829.9125,1801.9144826240895,-4522.15323183913,-2448.50436451633
2460829.9131944445,2160.415271999005,-4532.320304180562,-2116.568060024856
2460829.913888889,2501.5412078544614,-4506.00054329826,-1767.5353700178769
2460829.9145833333,2822.531509587939,-4443.383384691054,-1404.2161451903205
2460829.9152777777,3120.7850399062463,-4344.952921633333,-1029.5401133852372
2460829.915972222,3393.88231339094,-4211.484919826345,-646.5330588261028
2460829.9166666665,3639.606096057889,-4044.041249583629,-258.2919610122539
2460829.917361111,3855.9603490116697,-3843.961747481585,132.0406592999521
2460829.918055556,4041.1872961395056,-3612.8535571990124,521.30293062008
2460829.91875,4193.782417500655,-3352.578036149691,906.3400882668146
2460829.9194444446,4312.507192240572,-3065.2353622625587,1284.0309066562208
2460829.920138889,4396.399460036092,-2753.14699771813,1651.3138363632154
2460829.9208333334,4444.781296905137,-2418.836211406497,2005.212559930541
2460829.921527778,4457.264347453551,-2065.006874844084,2342.8607122252815
2460829.922222222,4433.752590107994,-1694.520775639814,2661.5255166455972
2460829.9229166666,4374.442551501947,-1310.373695864197,2958.630122945454
2460829.923611111,4279.821019181463,-915.6705144415138,3231.7744529076645
2460829.9243055554,4150.660331547032,-513.5995849688445,3478.7543955421233
2460829.925,3988.011349067305,-107.40663879854077,3697.5792190655393
2460829.925694444,3793.194226674146,299.6315584923259,3886.487102366594
2460829.926388889,3567.7871237008644,704.233572330961,4043.9587077871447
2460829.9270833335,3313.6129890924108,1103.1394938199387,4168.728748916526
2460829.927777778,3032.7245664181687,1493.1367771603627,4259.795519206362
2460829.9284722223,2727.3877574772473,1871.0855590492374,4316.428365977887
2460829.9291666667,2400.0634809209246,2233.9433097834767,4338.17310205164
2460829.929861111,2053.3881550051938,2578.7886801796803,4324.855353550798
2460829.9305555555,1690.152928689273,2902.844415207749,4276.581843913567
2460829.93125,1313.2817842968882,3203.499206943704,4193.739614553179
2460829.9319444443,925.808630199287,3478.3283636856554,4076.993181709668
2460829.9326388887,530.8535060023775,3725.113166777007,3927.279627770121
2460829.933333333,131.59803262277103,3941.8587794549762,3745.8016280050224
2460829.934027778,-268.7397529730416,4126.810568849752,3534.018417815119
2460829.9347222224,-666.9310227694418,4278.468695438757,3293.634714599113
2460829.935416667,-1059.76207197177,4395.600821651093,3026.587620514144
2460829.936111111,-1444.06032797768,4477.252789353927,2735.03155405071
2460829.9368055556,-1816.720251010283,4522.757124358808,2421.321274691527
2460829.9375,-2174.72889299042,4531.7392324888615,2087.993100262148
2460829.9381944444,-2515.190882118598,4504.12117194572,1737.7444347076173
2460829.938888889,-2835.35257622113,4440.122906723679,1373.4117659100593
2460829.939583333,-3132.6251356105845,4340.260975797037,997.9473134446976
2460829.9402777776,-3404.606260666381,4205.344545379373,614.3945412663113
2460829.940972222,-3649.100351786634,4036.468848887945,225.86277250147384
2460829.941666667,-3864.136864423968,3835.006058473775,-164.49883508235357
2460829.9423611113,-4047.9866546867634,3602.593671912684,-553.5276797140693
2460829.9430555557,-4199.176139662601,3341.1205373452353,-938.07419113701
2460829.94375,-4316.4991297692795,3052.710674989057,-1315.0281078693702
2460829.9444444445,-4399.026228426972,2739.7050847073756,-1681.3442819068232
2460829.945138889,-4446.11173139653,2404.6417580641105,-2034.0677444312478
2460829.9458333333,-4457.397999464329,2050.2341287751346,-2370.3577912324863
2460829.9465277777,-4432.817314177696,1679.3482110389655,-2687.510866348968
2460829.947222222,-4372.591261907983,1294.9786800705497,-2982.98205171023
2460829.9479166665,-4277.227722219647,900.2241476546877,-3254.4050011418426
2460829.948611111,-4147.51556089316,498.26187494429536,-3499.6101901203015
2460829.949305556,-3984.517147956251,92.3221569874861,-3716.6413790966644
2460829.95,-3789.558834275502,-314.33740671866224,-3903.770219704286
2460829.9506944446,-3564.219525572627,-718.457563154876,-4059.5089587311077
2460829.951388889,-3310.3174975322886,-1116.802798786878,-4182.6212118569765
2460829.9520833334,-3029.8955871354515,-1506.186326343264,-4272.13080000701
2460829.952777778,-2725.2048969785965,-1883.494520530403,-4327.328646297125
2460829.953472222,-2398.6871301954375,-2245.710690122899,-4347.777743079829
2460829.9541666666,-2052.9556755644085,-2589.938068039727,-4333.316195183993
2460829.954861111,-1690.7755464346596,-2913.4219195163214,-4284.05834706292
2460829.9555555554,-1315.0422739786115,-3213.570665828238,-4200.393995927684
2460829.95625,-928.7598517380603,-3487.9759197850244,-4082.985688159885
2460829.956944444,-535.0178335012215,-3734.4313209813263,-3932.764093360094
2460829.957638889,-136.9676841306704,-3950.950056782783,-3750.9214461092333
2460829.9583333335,262.2014975346654,-4135.780938316937,-3538.903048842656
2460829.959027778,659.287758115203,-4287.422897021438,-3298.39683220836
2460829.9597222223,1051.1014232227446,-4404.637756206401,-3031.3209810841245
2460829.9604166667,1434.4904183801282,-4486.46112907091,-2739.8096497891424
2460829.961111111,1806.3655946099611,-4532.211295458441,-2426.1968065937244
2460829.9618055555,2163.7258469675653,-4541.49591235482,-2092.9982783484656
2460829.9625,2503.6828068791515,-4514.216427143341,-1742.8920863553028
2460829.9631944443,2823.4848629969497,-4450.570078886171,-1378.6972047514873
2460829.9638888887,3120.5402696409324,-4351.049397382091,-1003.3508910218015
2460829.964583333,3392.4390830837015,-4216.439139841985,-619.8847837188777
2460829.965277778,3636.9736820911035,-4047.81063827797,-231.3999773015653
2460829.9659722224,3852.157629138172,-3846.513570670583,158.95867965393717
2460829.966666667,4036.242653664338,-3614.1652056221833,548.0288071587009
2460829.967361111,4187.733555648781,-3352.6372138054285,932.6569581229235
2460829.9680555556,4305.400862035785,-3064.0401752413704,1309.7250450596005
2460829.96875,4388.291100038622,-2750.7059488802274,1676.176445709116
2460829.9694444444,4435.734589878055,-2415.168100223378,2029.041513947845
2460829.970138889,4447.350697487841,-2060.1406089757816,2365.4622343386227
2460829.970833333,4423.050526946604,-1688.495098433296,2682.7157778236206
2460829.9715277776,4363.037069530555,-1303.2368356748648,2978.236744594391
2460829.972222222,4267.802859725975,-907.4797622269269,3249.6379023114414
2460829.972916667,4138.125218123446,-504.42080709671563,3494.729263307818
2460829.9736111113,3975.059184337205,-97.3137280990672,3711.5353722930436
2460829.9743055557,3779.9282623880977,310.5572827341833,3898.310704204331
2460829.975,3554.313111246362,715.9040155979047,4053.553102037937
2460829.9756944445,3300.0383206844554,1115.4604808049305,4176.0152046706335
2460829.976388889,3019.157414328438,1506.008786994467,4264.7138344913965
2460829.9770833333,2713.9362182474347,1884.404497766686,4318.937329267289
2460829.9777777777,2386.834730991804,2247.6013163037437,4338.250811059496
2460829.978472222,2040.4876213396276,2592.6749643173134,4322.499391185087
2460829.9791666665,1677.6834810139417,2916.8461216874334,4271.809311095516
2460829.979861111,1301.3429490072272,3217.502305194083,4186.5870196706865
2460829.980555556,914.4958309311965,3492.2185566546514,4067.5161862568452
2460829.98125,520.2573335105332,3738.776813797208,3915.5526481569236
2460829.9819444446,121.80354549652671,3955.1838276783756,3731.917293134266
2460829.982638889,-277.65369245441934,4139.687484981028,3518.086883323177
2460829.9833333334,-674.8923764516387,4290.791390450697,3275.7828338564077
2460829.984027778,-1066.7062101070323,4407.267557582693,3006.957976351494
2460829.984722222,-1449.9305688384316,4488.167059595547,2713.7813529810046
2460829.9854166666,-1821.4683472775123,4532.828495763903,2398.6211111964276
2460829.986111111,-2178.315462536359,4540.884139498731,2064.025596096186
2460829.9868055554,-2517.585773964329,4512.263651726852,1712.7027651182448
2460829.9875,-2836.53516742739,4447.195265933232,1347.4980828906487
2460829.988194444,-3132.5845523229873,4346.204380112312,971.3710803618563
2460829.988888889,-3403.341517893499,4210.109524402701,587.3707944350997
2460829.9895833335,-3646.620407340483,4040.0157104691616,198.61032676262099
2460829.990277778,-3860.4605827148575,3837.305208897945,-191.7592170698864
2460829.9909722223,-4043.14267938911,3603.625838947836,-580.5751369464964
2460829.9916666667,-4193.202673705678,3340.8768962025165,-964.6896114873941
2460829.992361111,-4309.443623937447,3051.192878517904,-1340.9959536782333
2460829.9930555555,-4390.944981294691,2736.925201549825,-1706.4543741396822
2460829.99375,-4437.069405877138,2400.6221213590975,-2058.1169897365553
2460829.9944444443,-4447.467061482568,2045.0071017145315,-2393.151833959436
2460829.9951388887,-4422.077401364199,1672.9558770327028,-2708.8656496614076
2460829.995833333,-4361.12849136676,1287.4724607884148,-3002.7252784241014
2460829.996527778,-4265.133946516644,891.6643568485175,-3272.377482194121
2460829.9972222224,-4134.887582610777,488.7172151242491,-3515.6670719710055
2460829.997916667,-3971.455903181423,81.86916438952233,-3730.653244430214
2460829.998611111,-3776.1685540397725,-325.61496580344465,-3915.6240581886054
2460829.9993055556,-3550.6068857439145,-730.4693370803669,-4069.109003328945
2460830.0,-3296.5907638372655,-1129.4525365043287,-4189.889641082899
2460830.0006944444,-3016.1637658500904,-1519.372596263309,-4277.008303655555
2460830.001388889,-2711.5768930824,-1897.111467236273,-4329.77485712517
2460830.002083333,-2385.2709221441146,-2259.6488204763054,-4347.771532750675
2460830.0027777776,-2039.8575084362533,-2604.0850682524665,-4330.855835848802
2460830.003472222,-1678.0991473770796,-2927.6634998622176,-4279.161538425126
2460830.004166667,-1302.8880905809708,-3227.7914318320995,-4193.09775729175
2460830.0048611113,-917.2243192716812,-3502.060263051985,-4073.3461157252414
2460830.0055555557,-524.1926662796612,-3748.2643305154297,-3920.8559806859635
2460830.00625,-126.93919862755273,-3964.418440566139,-3736.837768352759
2460830.0069444445,271.35303042859607,-4148.773951725083,-3522.754308826084
2460830.007638889,667.4887274355818,-4299.833268683527,-3280.3102686455186
2460830.0083333333,1058.285453754207,-4416.362601821414,-3011.4396413310965
2460830.0090277777,1440.5989098879832,-4497.40284531218,-2718.2913255621247
2460830.009722222,1811.3482129642898,-4542.27842090389,-2403.21284071732
2460830.0104166665,2167.5409673535764,-4550.603946099444,-2068.7322442898103
2460830.011111111,2506.297899118326,-4522.288593286097,-1717.5383513215145
2460830.011805556,2824.876816497114,-4457.5380264240275,-1352.4593826991484
2460830.0125,3120.6956474871745,-4356.853825737968,-976.4402016257857
2460830.0131944446,3391.3543025446893,-4221.030340940157,-592.5183278715693
2460830.013888889,3634.655113094464,-4051.1489485867223,-203.7989485919919
2460830.0145833334,3848.621608807558,-3848.569726156411,186.57083380595796
2460830.015277778,4031.5154100098944,-3614.9205978583054,575.4282507289728
2460830.015972222,4181.851041147928,-3352.084043201669,959.6213430812016
2460830.0166666666,4298.408494413901,-3062.1815036866055,1336.0353751701923
2460830.017361111,4380.243413289947,-2747.5556504823335,1701.618912299602
2460830.0180555554,4426.694796726554,-2410.7507170570284,2053.409279597035
2460830.01875,4437.390169274716,-2054.4911142716014,2388.5571497991
2460830.019444444,4412.248196900431,-1681.6585734876483,2704.350014935784
2460830.020138889,4351.478767047718,-1295.2680664658444,2998.23433094965
2460830.0208333335,4255.580584605881,-898.4427637185935,3267.8361442336777
2460830.021527778,4125.336363987351,-494.38827998309284,3510.980048366655
2460830.0222222223,3961.805721690978,-86.36645702978235,3725.7063413763813
2460830.0229166667,3766.315890561379,322.3310859908203,3910.2862886582
2460830.023611111,3540.4503889883144,728.4094173346217,4063.23542045973
2460830.0243055555,3286.0357846977786,1128.5965736790354,4183.324816335284
2460830.025,3005.126693488873,1519.6694780751384,4269.59034799856
2460830.0256944443,2699.9891512281097,1898.4793317701765,4321.339865212225
2460830.0263888887,2373.0824909483217,2261.97633355274,4338.1583185844365
2460830.027083333,2027.0398577467604,2607.233584036789,4319.910817433917
2460830.027777778,1664.6474768739754,2931.4700542610153,4266.743624136522
2460830.0284722224,1288.8228010908506,3232.0724844672814,4179.083084108328
2460830.029166667,902.59165494952,3506.616089167186,4057.6324915569094
2460830.029861111,509.0644959960456,3752.8839400429347,3903.366889008374
2460830.0305555556,111.41192700085885,3968.884887454483,3717.52580227131
2460830.03125,-287.16040128197363,4152.86988020942,3501.6039167224103
2460830.0319444444,-683.437340576942,4303.346535743034,3257.339710312356
2460830.032638889,-1074.2200747405254,4419.091809642537,2986.702073242692
2460830.033333333,-1456.3520377430377,4499.162614733441,2691.8749621334923
2460830.0340277776,-1826.7447091881168,4542.904244553435,2375.240160387187
2460830.034722222,-2182.4030577054573,4549.956467518383,2039.3582455491571
2460830.035416667,-2520.450396490359,4520.257176412157,1686.947887353465
2460830.0361111113,-2838.152397421817,4454.043499113606,1320.8636368855166
2460830.0368055557,-3132.9400075915096,4351.8503079546845,944.0723984634428
2460830.0375,-3402.4310236070846,4214.5060969917495,559.6287936541767
2460830.0381944445,-3644.450076203497,4043.1262355167737,170.6496648136321
2460830.038888889,-3857.0468024448633,3839.1036455843287,-219.71202265716656
2460830.0395833333,-4038.512004610722,3604.0969903557743,-608.2936059242822
2460830.0402777777,-4187.391621893118,3340.016500242203,-991.9491944272337
2460830.040972222,-4302.498376548092,3049.007598768162,-1367.5759023710182
2460830.0416666665,-4382.920992607321,2733.4325215919353,-1732.1395690508652
2460830.042361111,-4428.030924049473,2395.8501480870973,-2082.6997055571956
2460830.043055556,-4437.486568489086,2038.9942839621385,-2416.4334265153007
2460830.04375,-4411.234979626681,1665.750642338614,-2730.6581528629226
2460830.0444444446,-4349.511125642628,1279.1327832658906,-3022.852892737312
2460830.045138889,-4252.834771127796,882.2572581235861,-3290.677949013001
2460830.0458333334,-4122.0050840292015,478.3182070298469,-3531.9929235871846
2460830.046527778,-3958.093088565332,70.56163990312969,-3744.8729234037546
2460830.047222222,-3762.432095625878,-337.74038870705806,-3927.6229024178765
2460830.0479166666,-3536.6062507466345,-743.3155135054951,-4078.7900939150013
2460830.048611111,-3282.4373382165913,-1142.9165313317546,-4197.174511899046
2460830.0493055554,-3001.969978808281,-1533.3464570885697,-4281.8375122149855
2460830.05,-2697.455350877924,-1911.4830277704136,-4332.10841605601
2460830.050694444,-2371.333554038978,-2274.302535977316,-4347.589203374582
2460830.051388889,-2026.2147300758304,-2618.90287890369,-4328.157283557155
2460830.0520833335,-1664.8590443729292,-2942.5257202725097,-4273.966350047237
2460830.052777778,-1290.1556251548916,-3242.5776633995056,-4185.445320257578
2460830.0534722223,-905.1005612678434,-3516.65032616555,-4063.2953584271763
2460830.0541666667,-512.7740502941509,-3762.53921182539,-3908.4849731129057
2460830.054861111,-116.31680898339717,-3978.261249502417,-3722.2431821019936
2460830.0555555555,281.09414438396664,-4162.070879026214,-3506.0507360395636
2460830.05625,676.2702022994364,-4312.474538559269,-3261.6294004698034
2460830.0569444443,1066.036229443609,-4428.243409793508,-2990.9293047485876
2460830.0576388887,1447.2558042413941,-4508.424269338513,-2696.1143837356435
2460830.058333333,1816.8564532818687,-4552.348296499417,-2379.54595776625
2460830.059027778,2171.854669122318,-4559.637693058123,-2043.7645231888741
2460830.0597222224,2509.3804887821107,-4530.20998339581,-1691.4698504389758
2460830.060416667,2826.7013895790237,-4464.279881012696,-1325.4995228077707
2460830.061111111,3121.245255977291,-4362.358633190309,-948.8060753371673
2460830.0618055556,3390.6221649099903,-4225.250785351358,-564.4329261843283
2460830.0625,3632.6447405355834,-4054.048342493065,-175.4893217265683
2460830.0631944444,3845.346843189111,-3850.122341635046,214.87546372065816
2460830.063888889,4027.0003691394495,-3615.11189268043,603.4984049600628
2460830.064583333,4176.129969332503,-3350.910780148549,987.2292099096657
2460830.0652777776,4291.525517344074,-3059.6517634909746,1362.9567209875606
2460830.065972222,4372.252197955759,-2743.688742305493,1727.6349579819785
2460830.066666667,4417.658120742003,-2405.5769866308724,2078.308527387441
2460830.0673611113,4427.379402823433,-2048.0516584303996,2412.137137736164
2460830.0680555557,4401.3427045086955,-1674.0048663017435,2726.418983865204
2460830.06875,4339.765237029369,-1286.4615036294686,3018.612789636361
2460830.0694444445,4243.152294831659,-888.554131590895,3286.358320455442
2460830.070138889,4112.2923938182075,-483.4971581129771,3527.495214252642
2460830.0708333333,3948.250120385956,-74.56056082633748,3740.080005234078
2460830.0715277777,3752.3568113976794,334.9566180161463,3922.401248061669
2460830.072222222,3526.1992003888085,741.7527820967174,4072.9926701769004
2460830.0729166665,3271.606165772268,1142.5501068066778,4190.644310232877
2460830.073611111,2990.63372337719,1534.12049481184,4274.411611829265
2460830.074305556,2685.548398805582,1913.3110028078213,4323.622459813495
2460830.075,2358.809113017358,2277.0685898449683,4337.88215276194
2460830.0756944446,2013.0477061948823,2622.4640525505424,4317.076310766878
2460830.076388889,1651.0482257396302,2946.715013204464,4261.3717188732635
2460830.0770833334,1275.7250918977907,3247.207839869404,4171.215106356413
2460830.077777778,890.1002657897103,3521.5183651743146,4047.3298612383373
2460830.078472222,497.2795369628946,3767.431277510281,3890.7106783289405
2460830.0791666666,100.4280650874755,3982.958043849969,3702.6161426970207
2460830.079861111,-297.2546845082787,4166.353222796034,3484.559254902047
2460830.0805555554,-692.5604535207538,4316.129018475155,3238.295914950153
2460830.08125,-1082.297981248037,4431.067925000359,2965.8113934795265
2460830.081944444,-1463.3188726279539,4510.233307578225,2669.3048449749945
2460830.082638889,-1832.5433423249672,4552.977778818628,2351.1719305844576
2460830.0833333335,-2186.98559937641,4558.949233862352,2013.9856561054585
2460830.084027778,-2523.7786351125646,4528.094429899268,1660.4755526819365
2460830.0847222223,-2840.1981644469456,4460.660017260689,1293.5053597304363
2460830.0854166667,-3133.685461853797,4357.190960322593,916.0494062199284
2460830.086111111,-3401.8688498848783,4218.5263186691645,531.1678994981403
2460830.0868055555,-3642.583590813095,4045.7923996074,141.98137440513662
2460830.0875,-3853.8899632557723,3840.393330754001,-248.35544101190027
2460830.0881944443,-4034.0893226188164,3603.999141585142,-636.6800671983
2460830.0888888887,-4181.737972859595,3338.531483606468,-1019.848737192818
2460830.089583333,-4295.65871385516,3046.1471525202414,-1394.762603205083
2460830.090277778,-4374.949964219219,2729.219607550366,-1758.3934112413524
2460830.0909722224,-4418.992398335649,2390.318708494932,-2107.808383793965
2460830.091666667,-4427.453075204563,2032.1889086210633,-2440.1940719671234
2460830.092361111,-4400.287073659505,1657.7261586536995,-2752.8789583799344
2460830.0930555556,-4337.7366830384735,1269.953768076452,-3043.354633521206
2460830.09375,-4240.328227251797,871.9974872577176,-3309.295380407519
2460830.0944444444,-4108.8666244005135,467.06004468089225,-3548.5760523516533
2460830.095138889,-3944.427802209534,58.39537427061516,-3759.2881457570093
2460830.095833333,-3748.349102494836,-350.7172540017108,-3939.754002534781
2460830.0965277776,-3522.217811135748,-756.9990119877137,-4088.5391029183534
2460830.097222222,-3267.857955120603,-1157.1970212345752,-4204.462423746548
2460830.097916667,-2987.315498604304,-1548.1094451647054,-4286.604858069037
2460830.0986111113,-2682.8420699772387,-1926.6100240136977,-4334.315696081585
2460830.0993055557,-2356.877337886224,-2289.671935927635,-4347.217176536916
2460830.1,-2012.0301464862857,-2634.3908740696515,-4325.207116206208
2460830.1006944445,-1651.058515298542,-2958.0072326020004,-4268.459622808588
2460830.101388889,-1276.8486020053047,-3257.9272986530677,-4177.423893610234
2460830.1020833333,-892.3927192646397,-3531.743347975001,-4052.8210951585984
2460830.1027777777,-500.76651203556827,-3777.252524460297,-3895.6393184517733
2460830.103472222,-105.1053922722277,-3992.4743888793005,-3707.1265991269356
2460830.1041666665,291.41964824118475,-4175.667001612689,-3488.781996829497
2460830.104861111,685.626718457019,-4325.341400747507,-3242.344732524128
2460830.105555556,1074.348054095044,-4440.274327824495,-2969.781393528373
2460830.10625,1454.4552182795308,-4519.519048744529,-2673.271234397675
2460830.1069444446,1822.884290114215,-4562.414120126471,-2355.1896201296663
2460830.107638889,2176.6608321673234,-4568.5899561605875,-2018.0896845595835
2460830.1083333334,2512.9244090579523,-4537.97306380524,-1664.682306933805
2460830.109027778,2828.952417696761,-4470.787833875828,-1297.8145389230942
2460830.109722222,3122.182981801618,-4367.555800010919,-920.4466441306296
2460830.1104166666,3390.2366569389987,-4229.092308673344,-535.6279463418325
2460830.111111111,3630.9366998520977,-4056.500578483679,-146.47170702535965
2460830.1118055554,3842.327663807303,-3851.1631670782317,243.870719408926
2460830.1125,4022.6921053356086,-3614.730899532225,632.2361948189578
2460830.113194444,4170.565201514259,-3349.109361652391,1015.4762823021088
2460830.113888889,4284.747121014814,-3056.4430870086712,1390.483637814301
2460830.1145833335,4364.3130130792,-2739.0976162115035,1754.2180147377867
2460830.115277778,4408.620526372173,-2399.6396228457556,2103.7316193625634
2460830.1159722223,4417.314801127931,-2040.8153378883237,2436.1935516847934
2460830.1166666667,4390.330920933296,-1665.5275128684982,2748.913099595149
2460830.117361111,4327.893844377193,-1276.8111748762155,3039.361675526176
2460830.1180555555,4230.515870568244,-877.8084342773245,3305.1932102660044
2460830.11875,4098.9917202880815,-471.74259506709086,3544.262855474766
2460830.1194444443,3934.391337996279,-61.89181680792393,3754.643870305582
2460830.1201388887,3738.050536242762,348.43744192238796,3934.642600944153
2460830.120833333,3511.5596140655643,755.9369848292116,4082.811486693633
2460830.121527778,3256.750089116949,1157.3232431266083,4197.960046352172
2460830.1222222224,2975.6796806982593,1549.3632698786073,4279.163820086729
2460830.122916667,2670.6156807827047,1928.9001995401095,4325.771252099491
2460830.123611111,2344.0168444137134,2292.8780255075662,4337.408509154387
2460830.1243055556,1998.5139251958255,2638.3655592702926,4313.982234271077
2460830.125,1636.8889753502683,2962.5794426011626,4255.680235787378
2460830.1256944444,1262.053533249079,3262.90608105761,4162.970112234631
2460830.126388889,877.0258101436783,3536.922377142194,4036.5958114448913
2460830.127083333,484.9070054950142,3782.4151244611394,3877.5721239161817
2460830.1277777776,88.85687584089433,3997.3989295199544,3687.177110825653
2460830.128472222,-307.93129737284147,4180.132514025027,3466.942474618797
2460830.129166667,-702.256184133597,4329.133248648255,3218.6418897273757
2460830.1298611113,-1090.9341543524838,4443.189766662607,2944.277323799681
2460830.1305555557,-1470.8250993894962,4521.372503683081,2646.063404629429
2460830.13125,-1838.8581218410407,4563.042020745257,2326.409903936771
2460830.1319444445,-2192.056860958993,4567.854975181052,1987.9024431388561
2460830.132638889,-2527.5642112153128,4535.767624545138,1633.281554928514
2460830.1333333333,-2842.6661884779555,4467.036772544471,1265.4202589680167
2460830.1340277777,-3134.8146850571393,4362.218095314338,887.3003493099546
2460830.134722222,-3401.6488668283073,4222.161821507516,501.9876110742096
2460830.1354166665,-3641.0149709567027,4048.0057780284415,112.60621303647379
2460830.136111111,-3850.98428373485,3841.1658520156193,-277.6874629250319
2460830.136805556,-4029.869098040626,3603.323961515179,-665.7312765840895
2460830.1375,-4176.236482307518,3336.41366474412,-1048.3837872205625
2460830.1381944446,-4288.919725211627,3042.603574856897,-1422.5504315552348
2460830.138888889,-4367.0273591447985,2724.2787754112805,-1785.209150879457
2460830.1395833334,-4409.949702144454,2384.020460076076,-2133.435206297758
2460830.140277778,-4417.362898265719,2024.5840359592542,-2464.4249455818217
2460830.140972222,-4389.230472539998,1648.8759428429478,-2775.5183083613456
2460830.1416666666,-4325.802450381913,1259.9294416602177,-3064.219887947041
2460830.142361111,-4227.612120616014,860.8796281482091,-3328.218394155935
2460830.1430555554,-4095.4705447653987,454.93791153656787,-3565.4043988509097
2460830.14375,-3930.4589328726365,45.36618933012427,-3773.886271235064
2460830.144444444,-3733.919018723911,-364.54906851018313,-3952.0042385609927
2460830.145138889,-3507.4415704011935,-771.5226384708313,-4098.342534598792
2460830.1458333335,-3252.8531763954506,-1172.2960886387407,-4211.739612514729
2460830.146527778,-2972.201439643768,-1563.6629027009312,-4291.2964181111
2460830.1472222223,-2667.7387087490497,-1942.4930449541962,-4336.382725298524
2460830.1479166667,-2341.90446223125,-2305.756850284688,-4346.641542427142
2460830.148611111,-1997.306458950881,-2650.5481242668307,-4321.991596535723
2460830.1493055555,-1636.7007540285144,-2974.1063524387946,-4262.6279015200125
2460830.15,-1262.9706812209731,-3273.837910903336,-4169.020411353113
2460830.1506944443,-879.1048927522227,-3547.3361756055237,-4041.910754230064
2460830.1513888887,-488.17455860012143,-3792.4004126698,-3882.3070405232766
2460830.152083333,-93.3098289347935,-4007.053328768876,-3691.476735932228
2460830.152777778,302.32432588480106,-4189.557150024211,-3470.93759225872
2460830.1534722224,695.5527643311506,-4338.428086270125,-3222.446636487943
2460830.154166667,1083.2151631896606,-4452.449032599409,-2947.987229508858
2460830.154861111,1462.1911785036586,-4530.6803558561905,-2649.7542223665478
2460830.1555555556,1829.4255889000124,-4572.468614619616,-2330.137258742498
2460830.15625,2181.9532085055857,-4577.453067386604,-1991.702301430092
2460830.1569444444,2516.9233473531035,-4545.569838038716,-1637.171482895526
2460830.157638889,2831.6235740909156,-4477.053625519855,-1269.4014186965044
2460830.158333333,3123.502534690744,-4372.43687159631,-891.360147856777
2460830.1590277776,3390.1915758547134,-4232.546330730969,-506.1028961432017
2460830.159722222,3629.5249252548456,-4058.4970221973285,-116.74688703579223
2460830.160416667,3839.5581922543574,-3851.6835844054185,273.5545504594107
2460830.1611111113,4018.584974551665,-3613.7690889301675,661.6383157577977
2460830.1618055557,4165.151374681113,-3346.6714165997328,1044.3580288106166
2460830.1625,4278.068267206546,-3052.5473307943694,1418.6104032736016
2460830.1631944445,4356.421186478848,-2733.774423440943,1781.3612154871337
2460830.163888889,4399.5777456600445,-2392.9311362833605,2129.6705991830395
2460830.1645833333,4407.192535303865,-2032.7750836762777,2460.7174108531035
2460830.1652777777,4379.209487453631,-1656.2199222745405,2771.8224298544487
2460830.165972222,4315.861727733761,-1266.3110214383942,3060.470185088767
2460830.1666666665,4217.668970698864,-866.200193968593,3324.3292266637295
2460830.167361111,4085.4325410408223,-459.11973831144013,3561.270695268868
2460830.168055556,3920.228125713895,-48.356038738821525,3769.385068265157
2460830.16875,3723.396379100754,362.77704456103777,3946.996991604961
2460830.1694444446,3496.531512331777,770.9647837009672,4092.6781340485736
2460830.170138889,3241.468005945644,1172.9179893218984,4205.258018853283
2460830.1708333334,2960.265581657617,1565.3990415234866,4283.832809485108
2460830.171527778,2655.192569827928,1945.2473810479419,4327.772035007734
2460830.172222222,2328.707803571603,2309.404313468909,4336.723250926033
2460830.1729166666,1983.4411604822608,2654.9369941701616,4310.61463505465
2460830.173611111,1622.1728795395975,2979.0614555138113,4249.655518529032
2460830.1743055554,1247.811761567574,3279.164558721404,4154.334852100808
2460830.175,863.3723798407401,3552.8247324994754,4025.4176069599835
2460830.175694444,471.9514171272158,3797.8313711542937,3863.9391087073564
2460830.176388889,76.70326329857912,4012.2027497463337,3671.1973067684507
2460830.1770833335,-319.1849862088168,4194.202312423703,3448.7429863644097
2460830.177777778,-712.5189697495734,4342.353181292736,3198.3679430511434
2460830.1784722223,-1100.1227663143238,4455.45073498431,2922.091150636237
2460830.1791666667,-1478.8646713657001,4532.573102372981,2622.14297791396
2460830.179861111,-1845.6828305583686,4573.089426718632,2300.947531279938
2460830.1805555555,-2197.6105042413756,4576.665766878866,1961.1032265374345
2460830.18125,-2531.800716456449,4543.268520175627,1605.3617283292033
2460830.1819444443,-2845.550043914203,4473.165277121023,1236.6054170515865
2460830.1826388887,-3136.321285851366,4366.923047779241,857.8235838287062
2460830.183333333,-3401.7647696089903,4225.403834716899,472.0875719067698
2460830.184027778,-3639.7380503206814,4049.757566522278,82.5251141181756
2460830.1847222224,-3848.3237865055567,3841.4124441986132,-307.70587270987744
2460830.185416667,-4025.845591518444,3602.062795852257,-695.4437548124447
2460830.186111111,-4170.881695705321,3333.6545712400084,-1077.5496302162855
2460830.1868055556,-4282.276285641969,3038.3686436316234,-1450.9334779236929
2460830.1875,-4359.148423485616,2718.6021199332968,-1812.5797319490052
2460830.1881944444,-4400.898490933364,2376.9478786180653,-2159.5720281216672
2460830.188888889,-4407.212137286432,2016.1725818716093,-2489.1168813613126
2460830.189583333,-4378.061750862441,1639.1934082753517,-2798.566089661742
2460830.1902777776,-4313.705503819231,1249.0537661619228,-3085.4376785286636
2460830.190972222,-4214.684051425374,848.8982401795372,-3347.435236545847
2460830.191666667,-4081.8149875651966,441.94700772536305,-3582.465527326848
2460830.1923611113,-3916.185178932073,31.46996422534171,-3788.6542814745644
2460830.1930555557,-3719.14110752983,-379.2392416693764,-3964.360113517706
2460830.19375,-3492.2773606960327,-786.8890643275989,-4108.186520852298
2460830.1944444445,-3237.4234036842586,-1188.2156441570448,-4218.991948555509
2460830.195138889,-2956.6287696247123,-1580.0079623233232,-4295.897912784296
2460830.1958333333,-2652.1467920255923,-1959.132435598962,-4338.295187401318
2460830.1965277777,-2326.416997289413,-2322.5568311462857,-4345.8480613156535
2460830.197222222,-1982.0462663109108,-2667.373390619995,-4318.496674382173
2460830.1979166665,-1621.7888675022907,-2990.821057783937,-4256.457437293685
2460830.198611111,-1248.5254549315764,-3290.3067079366406,-4160.221535874494
2460830.199305556,-865.241130536829,-3563.4252673246892,-4030.5515160162154
2460830.2,-475.0026655426161,-3807.9786105766316,-3868.4759414242194
2460830.2006944446,-80.93498660922609,-4021.993111534865,-3675.2821150827262
2460830.201388889,313.8029548059939,-4203.735712771962,-3452.5068590480255
2460830.2020833334,706.0428018343503,-4351.72837308252,-3201.9253513842878
2460830.202777778,1092.6317457658538,-4464.760740579883,-2925.5380349247534
2460830.203472222,1470.4576467697302,-4541.900899830762,-2625.555625902576
2460830.2041666666,1836.4741300479416,-4582.504040322314,-2304.38227411035
2460830.204861111,2187.7254466845293,-4586.218901238882,-1964.596952121754
2460830.2055555554,2521.370870973282,-4552.991861182477,-1608.9331807532178
2460830.20625,2834.70839574414,-4483.0685611385325,-1240.257225729591
2460830.206944444,3125.1974731290197,-4376.992975197321,-861.5449377067954
2460830.207638889,3390.480554192461,-4235.603874223038,-475.85742929160784
2460830.2083333335,3628.40317535683,-4060.0286661466052,-86.31582219450829
2460830.209027778,3837.0323637653623,-3851.674631225962,303.92469522313894
2460830.2097222223,4014.673138980671,-3612.217617448951,691.7012232894583
2460830.2104166667,4159.882925869148,-3343.5882940656297,1073.8696498896074
2460830.211111111,4271.483714000909,-3047.9561069924557,1447.331002636183
2460830.2118055555,4348.571840128175,-2727.711109190139,1809.057378006905
2460830.2125,4390.525304664766,-2385.4438710555064,2156.117175907387
2460830.2131944443,4397.00857215674,-2023.923701014821,2485.699383486185
2460830.2138888887,4367.974844431712,-1646.0754193989942,2795.1366780355092
2460830.214583333,4303.6658297939675,-1254.954942144845,3081.9271404314054
2460830.215277778,4204.6090649315865,-853.7239335140185,3343.754400678014
2460830.2159722224,4071.6128729619822,-445.6237790802605,3578.5060704488624
2460830.216666667,3905.7590627442314,-33.949124173992956,3784.2903444337294
2460830.217361111,3708.393492539684,377.97878824806594,3959.450680291102
2460830.2180555556,3481.1146275550645,786.8387730074297,4102.578497658506
2460830.21875,3225.7602300593708,1189.3361501391146,4212.523851562613
2460830.2194444444,2944.3923187505166,1582.2288092643562,4288.404057435476
2460830.220138889,2639.280530163015,1962.3527319485215,4329.610255892979
2460830.220833333,2312.8840133257013,2326.646822114786,4335.811912119288
2460830.2215277776,1967.8319796947158,2672.1769106345064,4306.959250045368
2460830.222222222,1606.9030291910362,2996.158801754605,4243.283621562757
2460830.222916667,1233.0033683679044,3295.9802343311408,4145.295810813494
2460830.2236111113,849.1440381914424,3569.2216280061257,4013.782272239912
2460830.2243055557,458.41727582752713,3813.6754785530484,3849.799302361859
2460830.225,63.97213673114476,4027.3642652610743,3654.665145848924
2460830.2256944445,-331.0104735210531,4208.556719296883,3429.9500467513835
2460830.226388889,-723.3432056701445,4355.782305392689,3177.4642615871276
2460830.2270833333,-1109.8579300620706,4467.843759426883,2899.244071460518
2460830.2277777777,-1487.4314651855248,4543.82753094663,2597.535846654895
2460830.228472222,-1853.011157455345,4583.111983873694,2274.7782433251823
2460830.2291666665,-2203.640081158286,4585.373221894842,1933.5826409214087
2460830.229861111,-2536.4816176615386,4550.588424848209,1576.7119565808061
2460830.230555556,-2848.843165035789,4479.036606298938,1207.0580019841927
2460830.23125,-3138.198719829735,4371.296734298577,827.6175857090021
2460830.2319444446,-3402.2100885192003,4228.243191680726,441.4675791868521
2460830.232638889,-3638.7464875864875,4051.038590915458,51.73919714989985
2460830.2333333334,-3845.9023106055397,3841.124001610749,-338.4082373951275
2460830.234027778,-4022.0128732379067,3600.2066824474155,-725.8137756814674
2460830.234722222,-4165.667963597448,3330.245457322607,-1107.3412787605837
2460830.2354166666,-4275.72307225712,3033.433901036514,-1479.9055347387023
2460830.236111111,-4351.3082045143765,2712.1815394607966,-1840.4977786061784
2460830.2368055554,-4391.834222237535,2369.0932849508554,-2186.2103649856867
2460830.2375,-4396.99669679574,2006.9473505008868,-2514.2603570542906
2460830.238194444,-4366.77729277968,1628.67189945426,-2822.0118201513505
2460830.238888889,-4301.442735828839,1237.3206805886448,-3106.9966475349106
2460830.2395833335,-4201.541444218238,836.0479029700487,-3366.9337674263065
2460830.240277778,-4067.897929064829,428.08259688250484,-3599.7466124936
2460830.2409722223,-3901.6050827828926,16.70268282543002,-3803.5787693595826
2460830.2416666667,-3704.0144883910352,-394.7910358926839,-3976.8077446093866
2460830.242361111,-3476.724884501942,-803.1007718090146,-4118.056813534701
2460830.2430555555,-3221.5689235454224,-1204.9573698072863,-4226.204931498793
2460830.24375,-2940.5983555479584,-1597.1454919482992,-4300.394704397707
2460830.2444444443,-2636.06775958105,-1976.5282414333465,-4340.03842311255
2460830.2451388887,-2310.416943395069,-2340.0710997311376,-4344.822168291125
2460830.245833333,-1966.2521142664834,-2684.865073323579,-4314.707994616057
2460830.246527778,-1606.3259261937078,-3008.1489388096106,-4249.9341987376365
2460830.2472222224,-1233.5164949320024,-3307.330486309441,-4151.013671412127
2460830.247916667,-850.8054790392391,-3580.006648584204,-4018.7303295118654
2460830.248611111,-461.25532211331074,-3823.982402402122,-3854.1336196674265
2460830.2493055556,-67.98576428010786,-4037.288314936777,-3658.531085606775
2460830.25,325.8502640389003,-4218.196602817014,-3433.4789916309114
2460830.2506944444,717.0912283426073,-4365.235556542726,-3180.7710058683956
2460830.251388889,1102.591910581023,-4477.202182177765,-2902.4249544233835
2460830.252083333,1479.2484878914825,-4553.172903756124,-2600.667680316497
2460830.2527777776,1844.023583027322,-4592.512175639614,-2277.918056996182
2460830.253472222,2193.9710697772553,-4594.878858046558,-1936.7682397765407
2460830.254166667,2526.260407830518,-4560.230225799522,-1579.9632625570566
2460830.2548611113,2838.2002675241984,-4488.823498883772,-1210.379117569792
2460830.2555555557,3127.2611926897275,-4381.214809921886,-830.999491499447
2460830.25625,3391.0970506648177,-4238.255556856176,-444.8913598463094
2460830.2569444445,3627.5650262593094,-4061.0861240587956,-55.179664682348886
2460830.257638889,3834.7439237889807,-3851.1269959529495,334.9786701703276
2460830.2583333333,4010.950565285253,-3610.0673252343913,722.4211224426749
2460830.2590277777,4154.754092614942,-3339.851062247483,1104.0060689692928
2460830.259722222,4264.988017300907,-3042.660786569337,1476.63911789702
2460830.2604166665,4340.759893764139,-2720.8994174080003,1837.298995554419
2460830.261111111,4381.458528869587,-2377.1700125445973,2183.062714706624
2460830.261805556,4386.758681521952,-2014.2538808945624,2511.129777076521
2460830.2625,4356.623240839367,-1635.087260265247,2818.8451732598355
2460830.2631944446,4291.3029093456935,-1242.7368130206494,3103.7209791521627
2460830.263888889,4191.333448069843,-840.3741982023669,3363.4563726321753
2460830.2645833334,4057.5305684187542,-431.24997566136295,3595.9559244545558
2460830.265277778,3890.9825764405828,-18.66708383552525,3799.3460503634187
2460830.265972222,3693.040891187043,394.04587757951776,3971.98953687005
2460830.2666666666,3465.3085687119456,803.5613472543802,4112.49807972178
2460830.267361111,3209.6269679661027,1206.5792893220278,4219.742795222272
2460830.2680555554,2928.060693867853,1599.8532929141825,4292.862681665055
2460830.26875,2622.880952225268,1980.2161214698224,4331.271018856582
2460830.269444444,2296.5474423389246,2344.604568857875,4334.659702691956
2460830.270138889,1951.6889129488568,2690.0834818981957,4303.001513824074
2460830.2708333335,1591.0824969544217,3013.868822502987,4236.550321370668
2460830.271527778,1217.6319441568373,3313.3496372820364,4135.839221331412
2460830.2722222223,834.3448663979647,3586.10880694625,4001.676608332899
2460830.2729166667,444.30912107249316,3829.9424370286924,3835.1401809291883
2460830.273611111,50.66845966726085,4042.877751945317,3637.5688817406217
2460830.2743055555,-343.4024116172564,4223.189341751181,3410.5527826341668
2460830.275,-734.7232012672705,4369.413609866388,3155.9209351230097
2460830.2756944443,-1120.13365602115,4480.3612668361275,2875.7272213992424
2460830.2763888887,-1496.5192402847765,4555.1277156793485,2572.234264428228
2460830.277083333,-1860.8366599739468,4593.101183637406,2247.895477153963
2460830.277777778,-2210.138998683582,4593.968466587345,1905.3353618012018
2460830.2784722224,-2541.600224586403,4557.718172874331,1547.328198096394
2460830.279166667,-2852.5388181790945,4484.6413780466255,1176.7752894714638
2460830.279861111,-3140.4402644044485,4375.329634200168,796.6809713526859
2460830.2805555556,-3402.978167972548,4230.670311269434,410.1276002877729
2460830.28125,-3638.033747103633,4051.839289826658,20.24978339556014
2460830.2819444444,-3843.7134947528425,3840.2910610021468,-369.79189391958323
2460830.282638889,-4018.3648084873967,3597.746334130804,-756.837356280007
2460830.283333333,-4160.589428082288,3326.1772884050843,-1137.7534626714023
2460830.2840277776,-4269.254552073901,3027.7906389640643,-1509.4600881606887
2460830.284722222,-4343.501539472725,2705.0087233484032,-1868.955587048671
2460830.285416667,-4382.752145836224,2360.4488306805115,-2213.341388998259
2460830.2861111113,-4386.712277234973,1996.901020703018,-2539.845491140721
2460830.2868055557,-4355.373283963988,1617.3046813667574,-2845.8446452055605
2460830.2875,-4289.010847288171,1224.7240877299485,-3128.8850569597016
2460830.2881944445,-4188.181541172075,822.3232070596215,-3386.7014592455394
2460830.288888889,-4053.717173809961,413.3399994278535,-3617.234438627159
2460830.2895833333,-3886.717028501334,1.0604339188810947,-3818.645936317819
2460830.2902777777,-3688.5381360184697,-411.2075646806542,-3989.332861542827
2460830.290972222,-3460.783714008475,-820.1600519811631,-4127.938784299112
2460830.2916666665,-3205.2899084388355,-1222.5227146659993,-4233.363690862999
2460830.292361111,-2924.1109675100765,-1615.0760867343556,-4304.77179834826
2460830.293055556,-2619.5029729167454,-1994.6801969180328,-4341.597432409889
2460830.29375,-2293.9062420621362,-2358.2985305063535,-4343.548976851937
2460830.2944444446,-1949.9265085133625,-2703.0211941499797,-4310.610902368428
2460830.295138889,-1590.3149809307934,-3026.0871775459086,-4243.043879256301
2460830.2958333334,-1217.9473730983916,-3324.905608750818,-4141.382973723094
2460830.296527778,-835.8020034911586,-3597.0758894661008,-4006.4339236513642
2460830.297222222,-446.9370568163962,-3840.4065978335157,-3839.2674846536574
2460830.2979166666,-54.467117639952825,-4052.933028306409,-3641.2118386596485
2460830.298611111,338.460907144706,-4232.9332336512125,-3413.8430599357775
2460830.2993055554,728.6923480953993,-4378.942425635375,-3158.9736381462417
2460830.3,1113.0896559431958,-4489.765578365105,-2878.6390772346444
2460830.300694444,1488.5574414550206,-4564.4880824993215,-2575.0825995873865
2460830.301388889,1852.0674771981257,-4602.484295593263,-2250.7380117767066
2460830.3020833335,2200.683446746098,-4603.423843448656,-1908.210816081223
2460830.302777778,2531.585218688913,-4567.275542288706,-1550.2576735708074
2460830.3034722223,2842.0923967438707,-4494.308830595434,-1179.7643672053177
2460830.3041666667,3129.686900734037,-4385.09262830669,-799.722435517964
2460830.304861111,3392.0343278897353,-4240.4915721265725,-413.20468001385603
2460830.3055555555,3627.0038493262746,-4061.6596123905556,-23.33977633956366
2460830.30625,3832.6864074248947,-3850.0309984030537,366.7137550103205
2460830.3069444443,4007.4110047576933,-3607.30871627366,753.793954569046
2460830.3076388887,4149.758893858481,-3335.4504878988273,1134.7619215227319
2460830.308333333,4258.57551311263,-3036.6524748778334,1506.5281225380868
2460830.309027778,4332.980046806376,-2713.330866477722,1866.0782321274498
2460830.3097222224,4372.372524928704,-2368.1015610276386,2210.4982348379613
2460830.310416667,4376.438417425909,-2003.7581713199384,2536.998539000333
2460830.311111111,4345.150714561821,-1623.2486022879605,2842.9368722487498
2460830.3118055556,4278.769520353017,-1229.650455698287,3125.8397578798726
2460830.3125,4177.839218245536,-826.145524789039,3383.422395557022
2460830.3131944444,4043.1832933507544,-415.9936248729808,3613.6068097265666
2460830.313888889,3875.896918951223,-2.5060119269469916,3814.5381471582987
2460830.314583333,3677.337427247434,410.98138910031753,3984.599044349775
2460830.3152777776,3449.112797513266,821.1347276430372,4122.42200180351
2460830.315972222,3193.06829430463,1224.648755336095,4226.899729997408
2460830.316666667,2911.27139453458,1618.2729554265575,4297.193442219864
2460830.3173611113,2605.9951303371245,1998.8371229882948,4332.739086400621
2460830.3180555557,2279.6999818970503,2363.276239156654,4333.251510063693
2460830.31875,1935.014433904962,2708.6545144363367,4298.726560412334
2460830.3194444445,1574.714319097009,3032.188461823933,4229.441118392567
2460830.320138889,1201.7010640406909,3331.26887233582,4125.951067626295
2460830.3208333333,818.9789505802097,3603.481564594619,3989.0871963014606
2460830.3215277777,429.6315187019622,3846.6267685462153,3819.949031871261
2460830.322222222,36.7972414411698,4058.737001785994,3619.896611763882
2460830.3229166665,-356.3553858008768,4238.093290463022,3390.5401992806787
2460830.323611111,-746.6531797251438,4383.239579452165,3133.727966895047
2460830.324305556,-1130.9438508952762,4492.995176477042,2851.5316841102285
2460830.325,-1506.1216347596574,4566.465075689758,2546.230469506013
2460830.3256944446,-1869.1527582520669,4603.048014875112,2220.2926902467757
2460830.326388889,-2217.100512098271,4602.442133269338,1876.356120031263
2460830.3270833334,-2547.1496814482666,4564.648116895523,1517.2065016549113
2460830.327777778,-2856.6300919157143,4489.96974472055,1145.7546793914255
2460830.328472222,-3143.039009044976,4379.011780482457,765.0125130122058
2460830.3291666666,-3404.0621531591396,4232.675190018212,378.06779236584316
2460830.329861111,-3637.5930873975485,4052.149704678454,-11.94158877209397
2460830.3305555554,-3841.7507652672844,3838.9037909142835,-401.85393441977556
2460830.33125,-4014.8950450828256,3594.6721271867764,-788.5102432673527
2460830.331944444,-4155.64001057197,3321.4407266284566,-1168.7806190197182
2460830.332638889,-4262.864969625032,3021.4298809454253,-1539.5903120356113
2460830.3333333335,-4335.7230425441585,2697.075129151778,-1897.9451240311305
2460830.334027778,-4373.647288741039,2351.006478620661,-2240.955923372239
2460830.3347222223,-4376.354358599248,1986.0261227685248,-2565.8620406192513
2460830.3354166667,-4343.845693232312,1605.0849112430378,-2870.0533390906107
2460830.336111111,-4276.4063276551,1211.257827044506,-3151.090788665148
2460830.3368055555,-4174.601379615112,807.71872252063,-3406.7253996361587
2460830.3375,-4039.270329765198,397.7145592457162,-3634.9154028119847
2460830.3381944443,-3871.5192121532955,-15.460629127451394,-3833.841598388742
2460830.3388888887,-3672.7108485203166,-428.4918328293418,-4001.9208116727923
2460830.339583333,-3444.4532581888357,-838.0690430921746,-4137.817428323615
2460830.340277778,-3188.586381483362,-1240.9129336060807,-4240.452989121681
2460830.3409722224,-2907.167242506999,-1633.8001062179653,-4309.013845105144
2460830.341666667,-2602.45367652953,-2013.5877630789141,-4342.956875665954
2460830.342361111,-2276.8867356048686,-2377.2376880072957,-4342.013278952211
2460830.3430555556,-1933.0718748055556,-2721.8394304208655,-4306.190442104497
2460830.34375,-1573.7590215271925,-3044.63258087269,-4235.7718949287955
2460830.3444444444,-1201.821621403783,-3343.028033895424,-4131.315347428522
2460830.345138889,-820.2347506794863,-3614.628130564307,-3993.6488048077413
2460830.345833333,-432.052399495357,-3857.2455565036335,-3823.864753109018
2460830.3465277776,-40.38402666195191,-4068.9208723899706,-3623.3124059382963
2460830.347222222,351.6294938909862,-4247.938537303662,-3393.588007515031
2460830.347916667,740.8404012190312,-4392.841278498223,-3136.523195021584
2460830.3486111113,1124.1188970231153,-4502.442654242456,-2854.171436556834
2460830.3493055557,1498.378144638771,-4575.837653973147,-2548.7925783771507
2460830.35,1860.5992200615576,-4612.411181405226,-2222.8355616265435
2460830.3506944445,2207.8558094710766,-4611.844276785758,-1878.9193866334524
2460830.351388889,2537.3384132199317,-4574.117946003422,-1519.8124474010942
2460830.3520833333,2846.3778247410255,-4499.514488556602,-1148.410372078855
2460830.3527777777,3132.4676261591226,-4388.6162424253525,-767.7125544614079
2460830.353472222,3393.285458963049,-4242.301695764943,-380.7975731121751
2460830.3541666665,3626.7128183883765,-4061.7389546500954,9.202261371773828
2460830.354861111,3830.8531443490906,-3848.376594287034,399.1269809430257
2460830.355555556,4004.0479975172498,-3603.931961311907,785.8153869723184
2460830.35625,4144.891132951589,-3330.3770379824573,1166.1315454331711
2460830.3569444446,4252.240318689767,-3029.9220138141986,1536.991070463981
2460830.357638889,4325.226778685097,-2704.9967479793913,1895.3869145595336
2460830.3583333334,4363.262179428278,-2358.2303297795484,2238.414401787103
2460830.359027778,4366.043115324539,-1992.4289740882316,2563.2952494088718
2460830.359722222,4333.553087675717,-1610.5524966211672,2867.400355343746
2460830.3604166666,4266.062005497418,-1215.6896290998034,3148.271148351932
2460830.361111111,4164.123267912406,-811.0324294176668,3403.639333321796
2460830.3618055554,4028.5685147931163,-399.8500447835055,3631.4448883048917
2460830.3625,3860.5001518938475,14.537933543173988,3829.852206658632
2460830.363194444,3661.2817724203064,428.78829284108605,3997.2643002829664
2460830.363888889,3432.5266056877745,839.5609884188567,4132.335007254184
2460830.3645833335,3176.0841272005687,1243.5457076017356,4233.979167179688
2460830.365277778,2894.024964547872,1637.4880328823085,4301.380743119347
2460830.3659722223,2588.6242312286,2018.215044031148,4333.998880272913
2460830.3666666667,2262.3434117442143,2382.660217198204,4331.5718991080175
2460830.367361111,1917.8109209912848,2727.887481034806,4294.119222015014
2460830.3680555555,1557.8014552840739,3051.1142989103546,4221.941234701401
2460830.36875,1185.2142461203293,3349.7336510592863,4115.61708131895
2460830.3694444443,803.0503397534825,3621.334778230232,3976.0003931136152
2460830.3701388887,414.38901742829563,3863.722555998328,3804.212948776661
2460830.370833333,22.36349550706283,4074.93534979669,3601.6362719796375
2460830.371527778,-369.8639575148037,4253.261205939057,3369.901174115256
2460830.3722222224,-759.1273199355506,4397.25221919854,3110.875267531135
2460830.372916667,-1142.2823570988949,4505.736922649151,2826.6484868942994
2460830.373611111,-1516.2322030969133,4577.830544172043,2519.516680729182
2460830.3743055556,-1877.9527711896815,4612.9429839308905,2191.963357112975
2460830.375,-2224.517757289095,4610.784379333441,1846.6397013940732
2460830.3756944444,-2553.1229974085554,4571.3681463825615,1486.3430071678238
2460830.376388889,-2861.109925075221,4495.011411314274,1113.993698580207
2460830.377083333,-3145.9878797931374,4382.332778660717,732.6111452697355
2460830.3777777776,-3405.4550163920067,4234.247418959535,345.28850485726053
2460830.378472222,-3637.417583531782,4051.959498222597,-44.83315646404847
2460830.379166667,-3840.0073568538446,3836.95201057256,-434.59119753314764
2460830.3798611113,-4011.5970329656584,3590.974120279115,-820.8279036789243
2460830.3805555557,-4150.813429527445,3316.026151395387,-1200.4168804485391
2460830.38125,-4256.548363027185,3014.3424052638593,-1570.2890531401476
2460830.3819444445,-4327.9671198951655,2688.37200827728,-1927.4580097649225
2460830.382638889,-4364.514470333154,2340.75802173058,-2269.044432364978
2460830.3833333333,-4365.918214584561,1974.3150580800955,-2592.299390372977
2460830.3840277777,-4332.190285895261,1592.0056588601572,-2894.626294039541
2460830.384722222,-4263.625466847682,1196.9156914097857,-3173.601336304566
2460830.3854166665,-4160.797802838587,792.2290151471698,-3426.9922839398428
2460830.386111111,-4024.554817293614,381.2016570721396,-3652.775509329307
2460830.386805556,-3856.009651063138,-32.86427240044542,-3849.1511797982907
2460830.3875,-3656.53125413474,-446.64672447245863,-4014.556555856109
2460830.3881944446,-3427.7327659298126,-856.8297237519773,-4147.677362413536
2460830.388888889,-3171.4582170334284,-1260.1290832225632,-4247.4572209354865
2460830.3895833334,-2889.7676799609203,-1653.317676030111,-4313.105140807801
2460830.390277778,-2584.9209916726522,-2033.2501302719365,-4344.101074618319
2460830.390972222,-2259.3601572838725,-2396.8868327082578,-4340.199546312068
2460830.3916666666,-1915.6905447643558,-2741.317124350156,-4301.431358855538
2460830.392361111,-1556.6609613584003,-3063.7815902702946,-4228.10338595413
2460830.3930555554,-1185.1427110601694,-3361.6933298009126,-4120.796446446631
2460830.39375,-804.1077240752078,-3632.6580987253533,-3980.3612561875466
2460830.394444444,-416.6058559654796,-3874.4932035570027,-3807.912448678425
2460830.395138889,-25.741464465176882,-4085.245017599124,-3604.820656760386
2460830.3958333335,365.35062042378456,-4263.204981776119,-3372.7026495136715
2460830.396527778,753.5295952246418,-4406.923940190696,-3113.4095294178314
2460830.3972222223,1135.6734972990923,-4515.224656757553,-2829.0130075339057
2460830.3979166667,1508.7041633011415,-4587.212356928773,-2521.789790787609
2460830.398611111,1869.612133012388,-4622.283138807487,-2194.2041433560726
2460830.3993055555,2215.48128520186,-4620.130109419748,-1848.8887091335491
2460830.4,2543.512979635861,-4580.747116252172,-1488.6237075314725
2460830.4006944443,2851.0494564950573,-4504.429965073132,-1116.3146560139587
2460830.4013888887,3135.596249097572,-4391.775043933104,-734.9687934373578
2460830.402083333,3394.8433562143823,-4243.675306802706,-347.6704170172932
2460830.402777778,3626.6849356912785,-4061.3136053506973,42.444639095548645
2460830.4034722224,3829.2372842971663,-3846.1534007599257,432.21512111091545
2460830.404166667,4000.854897015089,-3599.926926100673,818.4808007002251
2460830.404861111,4140.144421913193,-3324.620910134649,1198.1089673545448
2460830.4055555556,4245.9763569421675,-3022.4600140363646,1568.0206818350282
2460830.40625,4317.494373196769,-2695.888162321117,1925.2165162032743
2460830.4069444444,4354.122183835557,-2347.547981463801,2266.801511865083
2460830.407638889,4355.567917566587,-1980.2585822341775,2590.009106448952
2460830.408333333,4321.8259929219075,-1596.991930489443,2892.223809490287
2460830.4090277776,4253.176522787634,-1200.848069173387,3171.0024239633117
2460830.409722222,4150.182311304531,-795.0294489370291,3424.093647778931
2460830.410416667,4013.68352905569,-382.8146166688967,3649.4559202847922
2460830.4111111113,3844.7901751886416,32.468488616330504,3845.2734015739534
2460830.4118055557,3644.8724464211423,447.46941205951504,4009.970009466752
2460830.4125,3415.5491441172016,858.8420166893827,4142.221455764563
2460830.4131944445,3158.6742544055264,1263.2710820227571,4240.965247027609
2460830.413888889,2876.321831375807,1657.4984992144166,4305.408631895573
2460830.4145833333,2570.769317110143,2038.348897342542,4335.03448349026
2460830.4152777777,2244.4794206543843,2402.754560521065,4329.605115946343
2460830.415972222,1900.0806781491196,2747.7794961626073,4289.164034716374
2460830.4166666665,1540.3468052255037,3070.6425281698967,4214.035620835972
2460830.417361111,1168.1749644340669,3368.7392758717065,4104.822749325365
2460830.418055556,786.5630556189258,3639.6628944519707,3962.4023399653474
2460830.41875,398.58615566745925,3881.223433487228,3787.9188401926194
2460830.4194444446,7.3722411682184195,4091.4656681916813,3582.7756451561554
2460830.420138889,-383.92266530190017,4268.685255083735,3348.6244647673097
2460830.4208333334,-772.1397607101701,4411.443053522781,3087.3526626244393
2460830.421527778,-1154.142959585164,4518.577455875415,2801.0686080064156
2460830.422222222,-1526.8444262539113,4589.214571689662,2492.085103774488
2460830.4229166666,-1887.2299270748458,4622.776119612147,2162.9009767052607
2460830.423611111,-2232.3837651238755,4618.984893987434,1816.1809519420042
2460830.4243055554,-2559.5130613437827,4577.867696197586,1454.7339521911233
2460830.425,-2865.9711234779306,4499.7556455968315,1081.4900066298019
2460830.425694444,-3149.2796578570196,4385.281818321704,699.4759699600954
2460830.426388889,-3407.149572673481,4235.376199494088,311.7902907874012
2460830.4270833335,-3637.500144436022,4051.257972340724,-78.42292151293645
2460830.427777778,-3838.476330757181,3834.4252104420725,-468.0002566563892
2460830.4284722223,-4008.464043078911,3586.642078248423,-853.7855117513983
2460830.4291666667,-4146.103220610465,3309.9236858846048,-1232.6560616784427
2460830.429861111,-4250.298585779175,3006.518773161217,-1601.5488187168742
2460830.4305555555,-4320.227992897042,2678.8904360876786,-1957.4855061564303
2460830.43125,-4355.348326513686,2329.6951216653065,-2297.597003991895
2460830.4319444443,-4355.398938681468,1961.7601400786002,-2619.1465367441624
2460830.4326388887,-4320.402651949069,1578.059950933282,-2919.5515040064547
2460830.433333333,-4250.664386063298,1181.6914763473326,-3196.4037885558196
2460830.434027778,-4146.76749282421,775.8486963805738,-3447.4884008724675
2460830.4347222224,-4009.567905007156,363.79676472922046,-3670.8003558014993
2460830.435416667,-3840.1862203035134,-51.154129611598954,-3864.5597030675394
2460830.436111111,-3639.997849925887,-465.67494973834454,-4027.2246605822643
2460830.4368055556,-3410.6213666546637,-876.4438588852661,-4157.502819566647
2460830.4375,-3153.9051830888598,-1280.171967516754,-4254.360410409889
2460830.4381944444,-2871.9126878153847,-1673.6286310270789,-4317.0296270360095
2460830.438888889,-2566.9059607068975,-2053.666165956193,-4345.014015605247
2460830.439583333,-2241.3281767037383,-2417.243869896446,-4338.091936720533
2460830.4402777776,-1897.784801935193,-2761.4512335844206,-4296.318107650957
2460830.440972222,-1539.0236794058505,-3083.530238168462,-4220.023228203391
2460830.441666667,-1167.9140956293957,-3380.896631621736,-4109.811688647149
2460830.4423611113,-787.4249250882114,-3651.160068372147,-3966.5573546875708
2460830.4430555557,-400.60194552129957,-3892.1429956423,-3791.397419960488
2460830.44375,-10.54443395191221,-4101.898152884796,-3585.724318424318
2460830.4444444445,379.6188384146634,-4278.724545028564,-3351.1756924133538
2460830.445138889,766.7540771201441,-4421.18174025616,-3089.622420832826
2460830.4458333333,1147.7472445150272,-4528.102335954217,-2803.154727543835
2460830.4465277777,1519.5289753737284,-4598.602436175501,-2494.066407061364
2460830.447222222,1879.0994320413238,-4632.089985754424,-2164.837229116933
2460830.4479166665,2223.5528833244575,-4628.270815560159,-1818.113611892856
2460830.448611111,2550.1017754075688,-4587.152269810253,-1456.6876842265747
2460830.449305556,2856.10005609976,-4509.04430798834,-1083.4748829895495
2460830.45,3139.0654967785927,-4394.558002897458,-701.4902739505605
2460830.4506944446,3396.7007697805757,-4244.601388842378,-313.82379919167664
2460830.451388889,3626.9130338359005,-4060.372652909577,76.38530699380523
2460830.4520833334,3827.8318009068253,-3843.350701942095,465.97467823606684
2460830.452777778,3997.8248759693415,-3595.28317925332,851.7852789565794
2460830.453472222,4135.512188724204,-3318.1720443085287,1230.687889992753
2460830.4541666666,4239.777365708482,-3014.256869378499,1599.6093308011245
2460830.454861111,4309.776929715073,-2685.996036231262,1955.5581448959185
2460830.4555555554,4344.947047592898,-2336.0460509690556,2295.6494784186084
2460830.45625,4345.007788842665,-1967.2392072379473,2617.128912097349
2460830.456944444,4309.9648912153425,-1582.5598541357967,2917.39501753665
2460830.457638889,4240.10906646004,-1185.1195241526564,3194.0204463114433
2460830.4583333335,4136.012907910134,-778.1311783979091,3444.771387126524
2460830.459027778,3998.525488627383,-364.8828270591551,3667.625252824151
2460830.4597222223,3828.764756473357,51.28923975790831,3860.786496838421
2460830.4604166667,3628.1078493972486,467.0273770917403,4022.700477275888
2460830.461111111,3398.179458333799,878.9794639643776,4152.065318952116
2460830.4618055555,3140.838374265903,1283.825537027918,4247.841736108139
2460830.4625,2858.162347296417,1678.3040148799207,4309.260800589892
2460830.4631944443,2552.431391831095,2059.237345958485,4335.8296442209485
2460830.4638888887,2226.1096566347196,2423.556943384481,4327.335095399462
2460830.464583333,1881.8259826803296,2768.327264302749,4283.845248962841
2460830.465277778,1522.3532596430216,3090.7689071938757,4205.708969979202
2460830.4659722224,1150.586699971524,3388.2805904675747,4093.553331086785
2460830.466666667,769.5211425641667,3658.4598827492914,3948.2789820513926
2460830.467361111,382.22750996677996,3899.1225432455876,3771.0534514735996
2460830.4680555556,-8.171447534644154,4108.320325500545,3563.302385601139
2460830.46875,-398.52597743494806,4284.357093587493,3326.6987357817256
2460830.4694444444,-785.6845559663606,4425.803092191719,3063.1499204802044
2460830.470138889,-1166.5193445069358,4531.507212555394,2774.7830044896264
2460830.470833333,-1537.9516727847051,4600.607099066379,2463.9279595830703
2460830.4715277776,-1896.9773293045967,4632.536949371297,2133.099099283543
2460830.472222222,-2240.6914292414945,4627.032877373496,1784.9748053495969
2460830.472916667,-2566.312614990125,4584.135728124609,1422.375695953525
2460830.4736111113,-2871.206335317325,4504.191262245577,1048.2414197181056
2460830.4743055557,-3152.906957785661,4387.847659613429,665.6062789269149
2460830.475,-3409.1384640738315,4236.050329796471,277.5739228222845
2460830.4756944445,-3637.8334994820534,4050.0340561121357,-112.70863574582101
2460830.476388889,-3837.1505637707774,3831.3125414315623,-502.07740733108466
2460830.4770833333,-4005.489157689775,3581.6654637659967,-887.3779362717069
2460830.4777777777,-4141.502729303712,3303.1231891966845,-1265.4916495955663
2460830.478472222,-4244.109300745964,2997.949323279271,-1633.361766881525
2460830.4791666665,-4312.499693519249,2668.621308964919,-1988.0185073685377
2460830.479861111,-4346.14330683238,2317.8093053564285,-2326.6033438692675
2460830.480555556,-4344.791442725078,1948.353594874382,-2646.3920804409295
2460830.48125,-4308.478206162969,1563.2407738049187,-2944.816558504139
2460830.4819444446,-4237.519039132496,1165.5789834904085,-3219.4848248009844
2460830.482638889,-4132.5069742669475,758.5724330113726,-3468.19962665947
2460830.4833333334,-3994.306714758439,345.4954546586215,-3688.9751297333173
2460830.484027778,-3824.04666076444,-70.33368727310875,-3880.0517852309627
2460830.484722222,-3623.1090130045427,-485.57902552710686,-4039.909294746311
2460830.4854166666,-3393.1180853034416,-896.9129757972219,-4167.277646601338
2460830.486111111,-3135.926958394831,-1301.042112450201,-4261.1462107202715
2460830.4868055554,-2853.6026001673426,-1694.7324905057328,-4320.770892741452
2460830.4875,-2548.4095710134334,-2074.834383454503,-4345.679353183649
2460830.488194444,-2222.792425292953,-2438.306318136113,-4335.674300022201
2460830.488888889,-1879.3569092082616,-2782.2382990188153,-4290.8348618742975
2460830.4895833335,-1520.8500521505537,-3103.8741130871845,-4211.516044560484
2460830.490277778,-1150.139243388591,-3400.632607731063,-4098.346269389039
2460830.4909722223,-770.1903879070444,-3670.127827192085,-3952.222987271591
2460830.4916666667,-384.0452370390253,-3910.1878871820954,-3774.30635930945
2460830.492361111,5.20199534990647,-4118.872453003797,-3566.010997204661
2460830.4930555555,394.42861674782216,-4294.488683038306,-3328.995757637449
2460830.49375,780.5078969466065,-4435.605482939736,-3065.1515993666744
2460830.4944444443,1160.333814206363,-4541.065916660948,-2776.587521792819
2460830.4951388887,1530.8459308226227,-4609.997615324129,-2465.6146237719017
2460830.495833333,1889.0541952327503,-4641.821027639294,-2134.7283513399566
2460830.496527778,2232.063462765084,-4636.255369034123,-1786.5890201475377
2460830.4972222224,2557.097497690462,-4593.322138955307,-1424.0007387664975
2460830.497916667,2861.522215794722,-4513.346100910058,-1049.888884365425
2460830.498611111,3142.8679174393346,-4396.953648058913,-667.2763159137035
2460830.4993055556,3398.8502638752975,-4245.068510720894,-279.25853618065884
2460830.5,3627.3897533624413,-4058.9048011029936,111.02195649342694
2460830.5006944444,3826.629471427158,-3839.957430026641,500.4018695190545
2460830.501388889,3994.9509075298256,-3589.989973173366,885.7235944330188
2460830.502083333,4130.987660313162,-3311.0201018853168,1263.8616837628183
2460830.5027777776,4233.636881367423,-3005.302735749826,1631.7490389788798
2460830.503472222,4302.068347133135,-2675.3111022017365,1986.4025373856543
2460830.504166667,4335.731082554972,-2323.71592193171,2324.9478304691547
2460830.5048611113,4334.357500526644,-1953.3629550192425,2644.643072389616
2460830.5055555557,4297.96505631556,-1567.2491611245612,2942.9013562739356
2460830.50625,4226.855450832985,-1168.4977309788417,3217.3116671481034
2460830.5069444445,4121.611446788043,-760.3322505735727,3465.6581869418096
2460830.507638889,3983.0913860381197,-346.05024698303015,3685.9378223217373
2460830.5083333333,3812.421516107011,71.00364082222211,3876.3758509530207
2460830.5090277777,3610.9862483972174,487.4646386484994,4035.4396105934397
2460830.509722222,3380.416475277622,899.9747583621091,4161.8501819433595
2460830.5104166665,3122.576081645062,1305.2094662885636,4254.592029797662
2460830.511111111,2839.546778838034,1699.9039339165965,4312.920588014917
2460830.511805556,2533.6113911646216,2080.8787086218526,4336.367778657679
2460830.5125,2207.2357174597187,2445.0646612101027,4324.7454644001755
2460830.5131944446,1863.0490825036507,2789.527077176511,4278.146834359462
2460830.513888889,1503.8236982717187,3111.488753035239,4196.945723645585
2460830.5145833334,1132.452942576847,3408.3519727246107,4081.793866055301
2460830.515277778,751.9286735258042,3677.7192255273553,3933.6160782369852
2460830.515972222,365.3177043879799,3917.4125235459733,3753.603376766687
2460830.5166666666,-24.262431649108294,4125.491174151302,3543.2040322204684
2460830.517361111,-413.6682797068784,4300.267852654874,3304.112573417531
2460830.5180555554,-799.7556606777536,4440.322816469007,3038.2567685708786
2460830.51875,-1179.4050840726259,4544.5161009014755,2747.7826297525958
2460830.519444444,-1549.547181800363,4611.997543105574,2435.0375037514686
2460830.520138889,-1907.1879385838085,4642.21448512396,2102.5513466364587
2460830.5208333335,-2249.4334885450253,4634.9170265081,1753.0163028354164
2460830.521527778,-2573.5142336140852,4590.160717184895,1389.264741169338
2460830.5222222223,-2876.808032647954,4508.306609134596,1014.2459312457304
2460830.5229166667,-3156.8622101500746,4390.018619029379,631.001572574702
2460830.523611111,-3411.4141410992097,4236.25819128758,242.6404131594325
2460830.5243055555,-3638.4101809486865,4048.2762913374895,-147.68778367108519
2460830.525,-3836.0227308924336,3827.6027999028374,-536.8186513326538
2460830.5256944443,-4002.6652550078134,3576.033418532458,-921.5997307980432
2460830.5263888887,-4137.005094345972,3295.6142383360016,-1298.9167925538093
2460830.527083333,-4237.973963583077,2988.624151555959,-1665.7196987497598
2460830.527777778,-4304.776047441088,2657.5553214451093,-2019.0475351350474
2460830.5284722224,-4336.893656723718,2305.0919408176374,-2356.0527719679963
2460830.529166667,-4334.090437981109,1934.0875326461025,-2674.024227206503
2460830.529861111,-4296.412167630938,1547.5410427660818,-2970.4086448164435
2460830.5305555556,-4224.185190606266,1148.5719893506482,-3242.830717645851
2460830.53125,-4118.012590170226,740.3949119419901,-3489.111429911271
2460830.5319444444,-3978.768196166184,326.29336611300516,-3707.284612395991
2460830.532638889,-3807.588552055612,-90.40631884763468,-3895.6116417604526
2460830.533333333,-3605.8629707456807,-506.3613118900295,-4052.594234195492
2460830.5340277776,-3375.2218100604787,-918.2384017923225,-4176.9853086417315
2460830.534722222,-3117.5231005140317,-1322.7398001645772,-4267.797907273369
2460830.535416667,-2834.83764628122,-1716.6284887778504,-4324.312176402017
2460830.5361111113,-2529.432721109868,-2096.75297395,-4346.080411881942
2460830.5368055557,-2203.754463771409,-2460.0713376485437,-4332.930179196465
2460830.5375,-1860.4090771347946,-2803.6744704645516,-4284.965513892489
2460830.5381944445,-1502.1429237171928,-3124.808381991567,-4202.566205504359
2460830.538888889,-1131.821610171953,-3420.895478456918,-4086.385162537504
2460830.5395833333,-752.4081531104775,-3689.5546929787597,-3937.3438519199312
2460830.5402777777,-366.94032604451036,-3928.620343818901,-3756.6258049774474
2460830.540972222,21.492708918183723,-4136.159590107553,-3545.668180774024
2460830.5416666665,409.7743598081341,-4310.488338779167,-3306.1513855288435
2460830.542361111,794.785020924712,-4450.185453375981,-3039.98675275247
2460830.543055556,1173.4267828413763,-4554.105103810275,-2749.302309841786
2460830.54375,1542.6482647877483,-4621.387101054552,-2436.42666959392
2460830.5444444446,1899.4693688889386,-4651.465059931115,-2103.8711140646406
2460830.545138889,2241.0057376248656,-4644.072245105702,-1754.3099670571335
2460830.5458333334,2564.492685273707,-4599.244972898659,-1390.5593775533553
2460830.546527778,2867.308359545579,-4517.323463218169,-1015.5546698000161
2460830.547222222,3146.995881040941,-4398.950066682282,-632.3264508231579
2460830.5479166666,3401.2842160761047,-4245.0648258431875,-243.9756872042166
2460830.548611111,3628.107541335268,-4056.898367346852,146.35200756664332
2460830.5493055554,3825.6228738431305,-3835.9621631699083,535.4926135562071
2460830.55,3992.2257614061145,-3584.0362410195544,920.2901968846387
2460830.550694444,4126.563857398424,-3303.1544621953376,1297.6233743966884
2460830.551388889,4227.54823279747,-2995.587526137586,1664.4314645059974
2460830.5520833335,4294.362317246881,-2663.823888790733,2017.740052980338
2460830.552777778,4326.468394747851,-2310.5488168149677,2354.6857060633506
2460830.5534722223,4323.611620894264,-1938.6218136995492,2672.5395924446493
2460830.5541666667,4285.821562632407,-1551.052668923945,2968.729796558257
2460830.554861111,4213.411296440605,-1150.9763967996555,3240.8621272946716
2460830.5555555555,4106.974129548782,-741.6273121827576,3486.739271863115
2460830.55625,3967.3780344036236,-326.31250657575544,3704.3781563912253
2460830.5569444443,3795.7579039205693,91.61504292996955,3892.0254194282356
2460830.5576388887,3593.5057499612976,508.7835018544042,4048.170922071399
2460830.558333333,3362.25897329107,921.8291393145562,4171.559246935638
2460830.559027778,3103.886836651467,1327.423032086985,4261.199154707488
2460830.5597222224,2820.475271761198,1722.2973396051054,4316.370981724879
2460830.560416667,2514.310145693638,2103.2709953338426,4336.631972025093
2460830.561111111,2187.8591115053373,2467.2746659580553,4321.819541944245
2460830.5618055556,1843.7521533643587,2811.374850382637,4272.052478257975
2460830.5625,1484.7609476321645,3132.7969761456393,4187.730069501604
2460830.5631944444,1113.7771466793383,3428.9473682570097,4069.529170088767
2460830.563888889,733.7897048398803,3697.433950316602,3918.39919626183
2460830.564583333,347.8613661876046,3936.085538541226,3735.5550537377276
2460830.5652777776,-40.89554895391941,4142.969577221685,3522.4680038574543
2460830.565972222,-429.3439159103682,4316.4081637338795,3280.8544809022815
2460830.566666667,-814.3469680144589,4454.992201264568,3012.6628902856114
2460830.5673611113,-1192.7936694398586,4557.5935207709435,2720.0584328149007
2460830.5680555557,-1561.6240954030286,4623.374815252072,2405.406025367007
2460830.56875,-1917.854602907295,4651.797240532773,2071.2514121827744
2460830.5694444445,-2258.602553694503,4642.625551522338,1720.3005957337211
2460830.570138889,-2581.110351207937,4595.930666903265,1355.3977368445862
2460830.5708333333,-2882.7685339821123,4512.089582005918,979.5017163740586
2460830.5715277777,-3161.1376804982965,4391.782584323573,595.6615677984439
2460830.572222222,-3413.9688798189804,4235.987763356891,206.99102255912783
2460830.5729166665,-3639.2225387988187,4045.972847726115,-183.35757136224044
2460830.573611111,-3835.085319025094,3823.2844423134125,-572.2196857032894
2460830.574305556,-3999.9850198127465,3569.7347806129496,-956.445118122408
2460830.575,-4132.603258804664,3287.386142212926,-1332.9242890927349
2460830.5756944446,-4231.885832546414,2978.5331248181956,-1698.6140472443562
2460830.576388889,-4297.050682607104,2645.682979411483,-2050.562727710898
2460830.5770833334,-4327.593424883805,2291.53424926761,-2385.934212426283
2460830.577777778,-4323.290441279531,1918.9539592598999,-2702.0307779706627
2460830.578472222,-4284.199564583447,1530.953612090483,-2996.314539399729
2460830.5791666666,-4210.658418828903,1130.664252347685,-3266.427326421796
2460830.579861111,-4103.280503078494,721.3108448902366,-3510.208866542274
2460830.5805555554,-3962.949125412534,306.18620633154245,-3725.7131756537287
2460830.58125,-3790.8093081541915,-111.37528796925109,-3911.2230853435954
2460830.581944444,-3588.257794059161,-528.0240173228698,-4065.2628611838873
2460830.582638889,-3356.9312833228473,-940.4212712692982,-4186.608889101627
2460830.5833333335,-3098.6930316868193,-1345.265081962531,-4274.298418955748
2460830.584027778,-2815.6179326238234,-1739.3155913827059,-4327.6363674924405
2460830.5847222223,-2509.9762001066406,-2119.4198240511637,-4346.20018742681
2460830.5854166667,-2184.2157577441376,-2482.5357505416596,-4329.84281118496
2460830.586111111,-1840.9434370634203,-2825.7555278658674,-4278.693675373859
2460830.5868055555,-1482.9050745441832,-3146.3278141501146,-4193.157828283901
2460830.5875,-1112.9646043511543,-3441.679041538408,-4073.913118280877
2460830.5881944443,-734.0822324931162,-3709.4335380145453,-3921.9054552164444
2460830.5888888887,-349.29179669004714,-3947.432367540152,-3738.3421372708744
2460830.589583333,38.3225837715916,-4153.750757215992,-3524.6832350748996
2460830.590277778,425.65044662886913,-4326.713966145784,-3282.631030544187
2460830.5909722224,809.579372394353,-4464.911441379333,-3014.1175200933017
2460830.591666667,1187.019663499787,-4567.209104203935,-2721.2900031520567
2460830.592361111,1554.9291324117107,-4632.759604451621,-2406.494803503215
2460830.5930555556,1910.3378031131604,-4661.010389324686,-2072.2591903053176
2460830.59375,2250.372309366585,-4651.709441480255,-1721.2715942764441
2460830.5944444444,2572.27975097983,-4604.908558632378,-1356.3602521455568
2460830.595138889,2873.4507723587208,-4520.964071585784,-980.4704306284561
2460830.595833333,3151.4416064434063,-4400.534927054537,-596.6404276973307
2460830.5965277776,3403.9948424679337,-4244.57809611466,-207.9765628265893
2460830.597222222,3629.058675151974,-4054.341308039753,182.37259815550902
2460830.597916667,3824.8044102433682,-3831.353151597306,571.2425194109584
2460830.5986111113,3989.642026438558,-3577.4106241513014,955.4792010817763
2460830.5993055557,4122.233616425282,-3294.564251359372,1331.9656299715507
2460830.6,4221.504562979746,-2985.1009403069465,1697.6478889870823
2460830.6006944445,4286.652345614881,-2651.5247539799147,2049.5606576245186
2460830.601388889,4317.152905311583,-2296.535830441527,2384.8518373993093
2460830.6020833333,4312.764535999203,-1923.0076863208424,2700.806063380227
2460830.6027777777,4273.529306592944,-1533.963156347374,2994.866887801903
2460830.603472222,4199.772050869679,-1132.5492329306758,3264.657444855476
2460830.6041666665,4092.096991337967,-722.0110584574418,3507.999444646966
2460830.604861111,3951.382087734715,-305.6653275965235,3722.9303652750723
2460830.605555556,3778.771219016613,113.12666320088152,3907.7187480040207
2460830.60625,3575.6643197652,530.9860955084115,4060.8775248922566
2460830.6069444446,3343.7056001874907,944.5436299488183,4181.17533032528
2460830.607638889,3084.7699797045498,1350.4661425930612,4267.64576827542
2460830.6083333334,2800.9478640150514,1745.483024802298,4319.594619314764
2460830.609027778,2494.528391155452,2126.4118911198466,4336.604981390204
2460830.609722222,2167.9812669061716,2490.1835515547514,4318.540343252267
2460830.6104166666,1823.937303896962,2833.8661133568867,4265.545590762535
2460830.611111111,1465.1677809235202,3154.688075316078,4178.0459464901
2460830.6118055554,1094.5627303659044,3450.0602864628922,4056.743841619348
2460830.6125,715.1082722852593,3717.5966286157136,3902.613719111222
2460830.613194444,329.8631178288574,3955.1332803137625,3716.8947694161243
2460830.613888889,-58.06562577713061,4160.746413258188,3501.0816043407735
2460830.6145833335,-445.54720079902705,4332.768164692963,3256.9128840426147
2460830.615277778,-829.4523268577874,4469.800723877939,2986.3579286165964
2460830.6159722223,-1206.6785317160193,4570.728374223214,2691.6013603794077
2460830.6166666667,-1574.175479461899,4634.727333065348,2375.0258502534693
2460830.617361111,-1928.9700776153386,4661.27324368739,2039.1930660333371
2460830.6180555555,-2268.191129167369,4650.146189726284,1686.8229496687982
2460830.61875,-2589.0932814607154,4601.433125128711,1320.771484850451
2460830.6194444443,-2889.0800253760153,4515.527642156314,944.0071397693916
2460830.6201388887,-3165.7254916541583,4393.12703372773,559.5862053887794
2460830.620833333,-3416.7948045458684,4235.226644488805,170.6272684481206
2460830.621527778,-3640.26276386812,4043.11154590827,-219.71491790265463
2460830.6222222224,-3834.330649418082,3818.345611773385,-608.2758911616937
2460830.622916667,-3997.440967567726,3562.758111500499,-991.9079807837795
2460830.623611111,-4128.28999317946,3278.427974492957,-1367.5065733815857
2460830.6243055556,-4225.837992436972,2967.6659165511433,-1732.035861870146
2460830.625,-4289.317054061697,2632.994639765545,-2082.553823249919
2460830.6256944444,-4318.236489420699,2277.12734740197,-2416.2361771297533
2460830.626388889,-4312.38580261698,1902.9448214975525,-2730.399112497815
2460830.627083333,-4271.835263385135,1513.4713213814239,-3022.520593157243
2460830.6277777776,-4196.934146806119,1111.8495626611898,-3290.2600825289414
2460830.628472222,-4088.3067279653637,701.3150210295296,-3531.476565963633
2460830.629166667,-3946.846139530185,285.16980351551865,-3744.2447705024474
2460830.6298611113,-3773.7062135715278,-133.24369404430777,-3926.8695162962977
2460830.6305555557,-3570.291435228901,-550.5691437634573,-4077.8981571707304
2460830.63125,-3338.2451393596134,-963.4624734989202,-4196.131085893785
2460830.6319444445,-3079.4360783340226,-1368.6177254586592,-4280.630296800704
2460830.632638889,-2795.9434820592905,-1762.7924448914923,-4330.7260082671755
2460830.6333333333,-2490.040726612859,-2142.8324680718924,-4346.021351466037
2460830.6340277777,-2164.1777161049586,-2505.6959957522945,-4326.395134453753
2460830.634722222,-1820.9620764834435,-2848.476841323144,-4272.0026871489945
2460830.6354166665,-1463.139255974813,-3168.4267438363445,-4183.2747892506695
2460830.636111111,-1093.5716204078208,-3462.9766377973338,-4060.9146778497984
2460830.636805556,-715.2166374209392,-3729.7567605881536,-3905.893127657002
2460830.6375,-331.10424752394295,-3966.61547192556,-3719.441595153334
2460830.6381944446,55.68646941645277,-4171.636649135072,-3503.0434196741608
2460830.638888889,442.0512118773753,-4343.155513059367,-3258.4230789486287
2460830.6395833334,824.8848157629553,-4479.772728065335,-2987.533509980996
2460830.640277778,1201.1058979898567,-4580.366617756729,-2692.5415192867304
2460830.640972222,1567.6816023393465,-4644.103334874795,-2375.811330005217
2460830.6416666666,1921.652249078765,-4670.444830478368,-2039.8863359889162
2460830.642361111,2260.1556683964363,-4659.154477557314,-1687.469163642375
2460830.6430555554,2580.4509840231976,-4610.300222853535,-1321.4001722435432
2460830.64375,2879.9416038296145,-4524.255164781021,-944.6345537994541
2460830.644444444,3156.197168200728,-4401.695485346129,-560.2182250623007
2460830.645138889,3406.974207380399,-4243.595700528984,-171.2627348971366
2460830.6458333335,3630.2352730391885,-4051.2212303756487,219.08057291237714
2460830.646527778,3824.1663177835567,-3826.118333507011,607.6468730966878
2460830.6472222223,3987.1921234233137,-3570.101490677936,991.2843737805805
2460830.6479166667,4117.989604111163,-3285.238363701306,1366.8807481271197
2460830.648611111,4215.498844835899,-2973.83249076785,1731.3892031460628
2460830.6493055555,4278.931769355045,-2638.4039140432965,2081.8539101583456
2460830.65,4307.778370218287,-2281.667962707179,2415.4345368854965
2460830.6506944443,4301.81047167643,-1906.5124301628466,2729.4296461980407
2460830.6513888887,4261.083030754444,-1515.9734031362127,3021.298745032257
2460830.652083333,4185.933015881249,-1113.2100004666563,3288.6828013670915
2460830.652777778,4076.975930616808,-701.4782815567797,3529.4230738683436
2460830.6534722224,3935.1000739266965,-284.1045757237669,3741.5781307094544
2460830.654166667,3761.4586460525848,135.54152918987424,3923.4389632874886
2460830.654861111,3557.4598211695516,554.0743158639406,4073.5421263838903
2460830.6555555556,3324.7549145769867,968.1189793851331,4190.680859056442
2460830.65625,3065.224775465276,1374.338393260748,4273.914158121703
2460830.6569444444,2780.9645327004546,1769.4594321732525,4322.573790967922
2460830.657638889,2474.266816149946,2150.298698236167,4336.26924172938
2460830.658333333,2147.603578697461,2513.7874993657833,4314.890589114301
2460830.6590277776,1803.6066253123704,2856.995954885509,4258.609317605202
2460830.659722222,1445.0469696846208,3177.1560841818045,4167.877061407605
2460830.660416667,1074.8131234839782,3471.6837525720016,4043.422280234113
2460830.6611111113,695.8884388375192,3738.1993308027195,3886.2448664247318
2460830.6618055557,311.327623946606,3974.5469270014178,3697.6086841847273
2460830.6625,-75.76743273999533,4178.812038633079,3479.032047895471
2460830.6631944445,-462.2723808937264,4349.337467175383,3232.2761562567366
2460830.663888889,-845.0655042665194,4484.737334709708,2959.331512696476
2460830.6645833333,-1221.053007618111,4583.909040015629,2662.4023835915295
2460830.6652777777,-1587.1942924330926,4646.042998340418,2343.889367757551
2460830.665972222,-1940.5270007457448,4670.630018784787,2006.3701782232392
2460830.6666666665,-2278.191590640105,4657.466190322486,1652.5787681798581
2460830.667361111,-2597.45520006406,4606.655171272911,1285.38296048344
2460830.668055556,-2895.7345464155665,4518.607805914975,907.7607739735258
2460830.66875,-3170.6176118539597,4394.039027982991,522.775667907561
2460830.6694444446,-3419.883878396176,4233.962046638212,133.55094173506163
2460830.670138889,-3641.522880376667,4039.679854445706,-256.7564390218143
2460830.6708333334,-3833.7508733416,3812.7741361696326,-644.9823188138906
2460830.671527778,-3995.025441004299,3555.0916982696967,-1027.9818461765672
2460830.672222222,-4124.05789470805,3268.7285766133214,-1402.655703364684
2460830.6729166666,-4219.823355539982,2956.0120130603987,-1765.9757969102209
2460830.673611111,-4281.568446948376,2619.48051783527,-2115.0101501860363
2460830.6743055554,-4308.816562595362,2261.8622573916805,-2446.9467568390883
2460830.675,-4301.37071172002,1886.0520202526573,-2759.1161808814195
2460830.675694444,-4259.31397755705,1495.0870153831372,-3049.0127210285286
2460830.676388889,-4183.007653198472,1092.1217633633612,-3314.3139812032286
2460830.6770833335,-4073.0871452097276,680.4023299675657,-3552.8987245920875
2460830.677777778,-3930.4557526357316,263.2401351367968,-3762.8629206057753
2460830.6784722223,-3756.2764422921227,-156.01444097497168,-3942.5339175894514
2460830.6791666667,-3551.961749095362,-573.9984536096423,-4090.482699930459
2460830.679861111,-3319.1619300216576,-987.362614200576,-4205.534209668545
2460830.6805555555,-3059.7514991110197,-1392.7971749508115,-4286.775724763748
2460830.68125,-2775.814264986907,-1787.0573352136169,-4333.563297004181
2460830.6819444443,-2469.626983023773,-2166.9880445571603,-4345.526257552731
2460830.6826388887,-2143.641726951668,-2529.5480857718594,-4322.569797802269
2460830.683333333,-1800.467079656697,-2871.8333251464724,-4264.875631414453
2460830.684027778,-1442.8482314772589,-3191.099025931011,-4172.900738843375
2460830.6847222224,-1073.6460802733166,-3484.7811085847984,-4047.3741909819787
2460830.685416667,-695.815422916439,-3750.5162424705613,-3889.2920445595814
2460830.686111111,-312.38233627621236,-3986.1606412767846,-3699.9102998625312
2460830.6868055556,73.57914056081079,-4189.80742249479,-3480.7359151287897
2460830.6875,458.97090320512825,-4359.802385812734,-3233.515875583625
2460830.6881944444,840.6951145288069,-4494.758052573044,-2960.2243288876634
2460830.688888889,1215.6788135016818,-4593.565806191307,-2663.0478134884165
2460830.689583333,1580.8986180309596,-4655.40597192853,-2344.3686288590093
2460830.6902777776,1933.4053209871377,-4679.755680515467,-2006.7464210968153
2460830.690972222,2270.348158373083,-4666.394371538939,-1652.8980879623189
2460830.691666667,2588.9985182062105,-4615.4068112597815,-1285.6761341109661
2460830.6923611113,2886.7728419238533,-4527.18352399055,-908.0456450946596
2460830.6930555557,3161.254471988934,-4402.418567774339,-523.0600735242976
2460830.69375,3410.2141998849697,-4242.104619597364,-133.8360593025218
2460830.6944444445,3631.629274583124,-4047.5253764534914,256.4724655672999
2460830.695138889,3823.700652470266,-3820.24531836571,644.7006248150225
2460830.6958333333,3984.8682894465287,-3562.0969210843114,1027.699120504129
2460830.6965277777,4113.824303079708,-3275.1654486220164,1402.3606441575746
2460830.697222222,4209.523868611038,-2961.7714889804092,1765.6458984083788
2460830.6979166665,4271.1937455410625,-2624.4514308015605,2114.6089552398216
2460830.698611111,4298.3383696149995,-2265.9361069072634,2446.4216913781975
2460830.699305556,4290.743483700313,-1889.1278445990154,2758.3970685962167
2460830.7,4248.477314887833,-1497.076180593002,3048.011045597358
2460830.7006944446,4171.889339084734,-1092.952501131147,3312.922940308886
2460830.701388889,4061.6067020429296,-680.023864345341,3550.9940925350365
2460830.7020833334,3918.528388644331,-261.62625615110466,3760.3047053977243
2460830.702777778,3743.8172503071523,158.86248117082167,3939.168772990159
2460830.703472222,3538.890011891498,578.0498261402367,4086.1470288355467
2460830.7041666666,3305.4053846071392,992.5556590220558,4200.057872081843
2460830.704861111,3045.250414849929,1399.0390585205732,4279.9862441516425
2460830.7055555554,2760.525196738614,1794.2246454325966,4325.290443038229
2460830.70625,2453.526069288366,2174.9283223012712,4335.6068707858
2460830.706944444,2126.727420049328,2538.0822604519963,4310.852712599282
2460830.707638889,1782.7622046065103,2880.7590041127933,4251.226548765795
2460830.7083333335,1424.401298485275,3200.194551544516,4157.206899320298
2460830.709027778,1054.5317870068802,3493.810284951507,4029.5486999742698
2460830.7097222223,676.1343149570918,3759.2336035705493,3869.2777095089536
2460830.7104166667,292.25961269517956,3994.3171202885405,3677.6828484695516
2460830.711111111,-93.9956597204207,4197.156263874646,3456.306479004316
2460830.7118055555,-479.5136062034702,4366.10513248021,3206.932641633383
2460830.7125,-861.1801564649419,4499.790433995777,2931.5732825328605
2460830.7131944443,-1235.9103097414736,4597.123351297053,2632.452524401122
2460830.7138888887,-1600.6733577589405,4657.309176269922,2311.9890561773054
2460830.714583333,-1952.5178626698605,4679.854566257855,1972.7767475919418
2460830.715277778,-2288.5961571629296,4664.572295726256,1617.5636197858353
2460830.7159722224,-2606.1881178252793,4611.5833986625275,1249.2293390589514
2460830.716666667,-2902.723963783673,4521.316628126107,870.7614260008351
2460830.717361111,-3175.8058307545084,4394.5051939755485,485.2304033288688
2460830.7180555556,-3423.227881202116,4232.1807787207645,95.76412767584696
2460830.71875,-3642.994725645023,4035.664872635487,-294.4784294617576
2460830.7194444444,-3833.3379525449777,3806.5575108004164,-682.3336743364348
2460830.720138889,-3992.730591961467,3546.7235345679223,-1064.6598745448275
2460830.720833333,-4119.899369682595,3258.276537753401,-1438.3633511950381
2460830.7215277776,-4213.834644396472,2943.5606913602974,-1800.4241052680684
2460830.722222222,-4273.797959084525,2605.1306642072364,-2147.9206229918173
2460830.722916667,-4299.327172963676,2245.729884066385,-2478.0536175012594
2460830.7236111113,-4290.239179727458,1868.2673864911264,-2788.1685017631544
2460830.7243055557,-4246.630248109992,1475.793514187898,-3075.776405131278
2460830.725,-4168.874052027275,1071.4747222922065,-3338.5735839805184
2460830.7256944445,-4057.617480066537,658.567735796871,-3574.4591076137367
2460830.726388889,-3913.7743337437014,240.39329966741326,-3781.5507257762606
2460830.7270833333,-3738.517034938966,-179.69026458806297,-3958.1988583412026
2460830.7277777777,-3533.2664700663286,-598.3134954078097,-4102.998666757744
2460830.728472222,-3299.6801001869385,-1012.1220420834247,-4214.800187509794
2460830.7291666665,-3039.638461588926,-1417.8025742604711,-4292.71652280091
2460830.729861111,-2755.230177412621,-1812.1082070817279,-4336.1300908634175
2460830.730555556,-2448.7355936861672,-2191.883314379392,-4344.696944079627
2460830.73125,-2122.6091386528246,-2554.0876204123465,-4318.349163619532
2460830.7319444446,-1779.4605079209814,-2895.8194513635085,-4257.295335017157
2460830.732638889,-1422.0347599871975,-3214.3380457274343,-4162.019105678676
2460830.7333333334,-1053.191420186104,-3507.084802020802,-4033.275821325119
2460830.734027778,-675.8826762974854,-3771.7033532563096,-3872.087232360714
2460830.734722222,-293.13077037937194,-4006.0583331824546,-3679.734262177877
2460830.7354166666,91.99530482309474,-4208.2526967767435,-3457.7478312162957
2460830.736111111,476.40368347379376,-4376.643447207023,-3207.8977354984686
2460830.7368055554,857.0039319332739,-4509.8556093389,-2932.179593872546
2460830.7375,1230.7316228476982,-4606.79428982059,-2632.799891489905
2460830.738194444,1594.5729946911238,-4666.654661267775,-2312.1591703544364
2460830.738888889,1945.5894924638621,-4688.929714415988,-1972.8334449848198
2460830.7395833335,2280.9419709813487,-4673.415635414063,-1617.553947346679
2460830.740277778,2597.9143256916827,-4620.214683161489,-1249.185337198181
2460830.7409722223,2893.9363027348204,-4529.735468185375,-870.702549940896
2460830.7416666667,3166.6052449646513,-4402.690565362884,-485.1664748306821
2460830.742361111,3413.7065252197153,-4240.091428703093,-95.69869202528047
2460830.7430555555,3633.2324303347814,-4043.2406171951666,294.5444813823039
2460830.74375,3823.3992778423544,-3813.7213808886736,682.3983713396219
2460830.7444444443,3982.662567880324,-3553.3846985137434,1064.7164734185558
2460830.7451388887,4109.730001487652,-3264.3338987052093,1438.3968414625122
2460830.745833333,4203.5722305030695,-2948.907032120146,1800.4080586369564
2460830.746527778,4263.431238943163,-2609.657195427883,2147.814517932827
2460830.7472222224,4288.826294240897,-2249.3310307506,2477.8007590858597
2460830.747916667,4279.557442483177,-1870.8456485246907,2787.694624497796
2460830.748611111,4235.706558780831,-1477.264227140315,3074.989029737835
2460830.7493055556,4157.6359948474765,-1071.7705516002513,3337.362168191695
2460830.75,4045.9848946978564,-657.6427510167169,3572.6960010173198
2460830.7506944444,3901.663270729865,-238.22648128479253,3779.092916971791
2460830.751388889,3725.843950482916,183.09220618138946,3954.8904701314113
2460830.752083333,3519.952515186018,602.9140900977322,4098.674133047605
2460830.7527777776,3285.655356320571,1017.8538978552696,4209.28802388442
2460830.753472222,3024.8459796486236,1424.5671298226362,4285.843581930956
2460830.754166667,2739.629681740633,1819.776424252456,4327.726180255351
2460830.7548611113,2432.3067209628803,2200.29730857554,4334.5996705152975
2460830.7555555557,2105.3541022048094,2563.063191478868,4306.408859461746
2460830.75625,1761.4060842617398,2905.149464454798,4243.379917978485
2460830.7569444445,1403.2335255927046,3223.7965724412265,4146.018722564917
2460830.757638889,1033.7221743153168,3516.4319239166384,4015.107127900548
2460830.7583333333,655.8500216610539,3780.690495878216,3851.697169993346
2460830.7590277777,272.6638413761796,4014.433988389178,3657.103202063027
2460830.759722222,-112.74495050662289,4215.768375459414,3432.891970935302
2460830.7604166665,-497.26496316931986,4383.0596912331885,3180.870653756756
2460830.761111111,-877.7898589317372,4514.947889158773,2903.0728889899983
2460830.761805556,-1251.2435539844284,4610.358611008018,2601.7428566816793
2460830.7625,-1614.6053863213735,4668.512708876483,2279.3174872028426
2460830.7631944446,-1964.935028928849,4688.9333750804935,1938.4069047234218
2460830.763888889,-2299.39690948045,4671.45075279182,1581.7732442875176
2460830.7645833334,-2615.283895244983,4616.203925240585,1212.3080051565712
2460830.765277778,-2910.039985262778,4523.6402117661055,833.0081457119885
2460830.765972222,-3181.2817706948263,4394.511734109927,446.9511353473446
2460830.7666666666,-3426.8184186207995,4229.869255766267,57.26921743907269
2460830.767361111,-3644.6699570822398,4031.0533397563618,-332.8768500204829
2460830.7680555554,-3833.0836646429843,3799.6829074944085,-720.3243044242681
2460830.76875,-3990.548385854522,3537.6413285718922,-1101.9348464952184
2460830.769444444,-4115.806636666434,3247.060202003467,-1474.6207912213881
2460830.770138889,-4207.86439388288,2930.3010249151307,-1835.3706276440173
2460830.7708333335,-4265.998501626671,2589.93497012789,-2181.273731408312
2460830.771527778,-4289.761664853816,2228.7210156869855,-2509.5439934475557
2460830.7722222223,-4278.985036903029,1849.582679013799,-2817.542157578881
2460830.7729166667,-4233.778440008778,1455.583613550526,-3102.7966878691486
2460830.773611111,-4154.528286629686,1049.9023266362537,-3363.0230154581254
2460830.7743055555,-4041.893293180467,635.8062651147653,-3596.141049185414
2460830.775,-3896.798095014634,216.62550316225966,-3800.290862427634
2460830.7756944443,-3720.4248838736758,-204.27374945904523,-3973.8464953159205
2460830.7763888887,-3514.2031944943983,-623.5156227290635,-4115.427836287062
2460830.777083333,-3279.7979678306683,-1037.7408688960425,-4223.910564702945
2460830.777777778,-3019.09601712274,-1443.6327922357473,-4298.434149263848
2460830.7784722224,-2734.1910115835785,-1837.9426927991044,-4338.407907980557
2460830.779166667,-2427.3670934074953,-2217.514689744212,-4343.515135603438
2460830.779861111,-2101.081224586564,-2579.309817863872,-4313.7153082550185
2460830.7805555556,-1757.9443631252639,-2920.4292801376346,-4249.244368966256
2460830.78125,-1400.701557886475,-3238.136748983945,-4150.613095242764
2460830.7819444444,-1032.2110504312661,-3529.879603310604,-4018.6035439491634
2460830.782638889,-655.4224763245448,-3793.3089797067682,-3854.2635654543838
2460830.783333333,-273.3542669859469,-4026.298506143237,-3658.8993793333716
2460830.7840277776,110.92964338758489,-4226.9615812471075,-3434.066203097567
2460830.784722222,494.34367241878823,-4393.6670428933485,-3181.5569390029536
2460830.785416667,873.8048711290041,-4525.0530729038865,-2903.388928125384
2460830.7861111113,1246.2574619883928,-4620.0391708034485,-2601.788806558934
2460830.7868055557,1608.6974542380021,-4677.836036735545,-2279.175514027647
2460830.7875,1958.1971291062878,-4697.95320640608,-1938.1415367980578
2460830.7881944445,2291.92917659741,-4680.204295889297,-1581.432490896281
2460830.788888889,2607.190244611454,-4624.709732434589,-1211.9251885775086
2460830.7895833333,2901.4236582829017,-4531.8968744750955,-832.6043566500601
2460830.7902777777,3172.2410604149163,-4402.497455022773,-446.5382083083205
2460830.790972222,3417.4427267271044,-4237.542320333162,-56.853098585100916
2460830.7916666665,3635.0363230122766,-4038.3534745572874,333.29248780507845
2460830.792361111,3823.2538846912703,-3806.5334840622636,720.7343453979937
2460830.793055556,3980.566826121568,-3543.9523338792073,1102.3290779280824
2460830.79375,4105.698809890451,-3252.731875632496,1474.980457641571
2460830.7944444446,4197.636348712194,-2935.2280301218134,1835.6653455866247
2460830.795138889,4255.637037532635,-2594.0109559083025,2181.458889436778
2460830.7958333334,4279.235360454556,-2231.8434039837302,2509.5587559068554
2460830.796527778,4268.246047710958,-1851.65750908504,2817.3081603209193
2460830.797222222,4222.764996065971,-1456.5302737723005,3102.217490102363
2460830.7979166666,4143.167796931235,-1049.6580059770888,3361.9843467063984
2460830.798611111,4030.105943804045,-634.3299686036099,3594.5118603893643
2460830.7993055554,3884.500813112598,-213.90149155977988,3797.925162419562
2460830.8,3707.5355277952885,208.23322032454487,3970.585929568099
2460830.800694444,3500.644825642426,628.6683598033152,4111.104937448541
2460830.801388889,3265.503057809932,1044.013671998915,4218.352584686292
2460830.8020833335,3004.0104452657747,1450.9213065808008,4291.467363882232
2460830.802777778,2718.2777183291746,1846.1122006756425,4329.862268275514
2460830.8034722223,2410.609259594613,2226.4018403570713,4333.229130335908
2460830.8041666667,2083.484867892437,2588.725255883141,4301.540891927433
2460830.804861111,1739.5402521846424,2930.161117966819,4235.051806702539
2460830.8055555555,1381.5463692193084,3247.9547956091174,4134.295574524688
2460830.80625,1012.3877129184233,3539.540242611477,4000.081406989571
2460830.8069444443,635.0396707486095,3802.560570808314,3833.488022781761
2460830.8076388887,252.54507390889742,4034.887159674995,3635.8555764094326
2460830.808333333,-132.00992617975027,4234.637150115667,3408.7755282257217
2460830.809027778,-515.5204994872294,4400.189158728322,3154.0784780019417
2460830.8097222224,-894.8881330813796,4530.197051303281,2873.819995439109
2460830.810416667,-1267.0457865444969,4623.601609067922,2570.264508289142
2460830.811111111,-1628.983005337351,4679.639933189264,2245.8673268923767
2460830.8118055556,-1977.7707662799373,4697.852441609013,1903.2549162474454
2460830.8125,-2310.5858181792864,4678.087332551858,1545.2035554378513
2460830.8131944444,-2624.734271271506,4620.502414122333,1174.6165549794523
2460830.813888889,-2917.6741854285633,4525.564230534688,794.5002324974207
2460830.814583333,-3187.0369118419744,4394.04445058156,407.9388714136539
2460830.8152777776,-3430.646945609563,4227.013526019512,18.068919492694537
2460830.815972222,-3646.5400761959695,4025.831663602076,-371.94731633548145
2460830.816666667,-3832.9796275532617,3792.1372045088037,-758.9481857929311
2460830.8173611113,-3988.470625402003,3527.832536179724,-1139.7991494970822
2460830.8180555557,-4111.771750233242,3235.067704333043,-1511.4188852429618
2460830.81875,-4201.904975010657,2916.2219233403607,-1870.804775846146
2460830.8194444445,-4258.162823826814,2573.8832074510797,-2215.0575257185637
2460830.820138889,-4280.113223685842,2210.826368645966,-2541.4046704544403
2460830.8208333333,-4267.601958971971,1829.9896313061843,-2847.2227780930994
2460830.8215277777,-4220.752768877277,1434.4501284234668,-3130.058159941884
2460830.822222222,-4139.965157699655,1027.3985302995616,-3387.64595071373
2460830.8229166665,-4025.9100104225827,612.1130580106897,-3617.927439892462
2460830.823611111,-3879.5231222040716,191.93310936517508,-3819.065573697321
2460830.824305556,-3701.9967642312663,-229.76727956448192,-3989.4585655490287
2460830.825,-3494.7694104515913,-649.6059490814307,-4127.751584676619
2460830.8256944446,-3259.5137533552047,-1064.218926490061,-4232.846503518006
2460830.826388889,-2998.1231313739895,-1470.2863794172079,-4303.909701718521
2460830.8270833334,-2712.696485854661,-1864.558071437506,-4340.377930882986
2460830.827777778,-2405.521954696278,-2243.878198197132,-4341.962248730066
2460830.828472222,-2079.059207392036,-2605.2094834486297,-4308.6500298658
2460830.8291666666,-1735.9206105041303,-2945.6564313620297,-4240.705058246705
2460830.829861111,-1378.8513174249438,-3262.487618969654,-4138.665700649303
2460830.8305555554,-1010.7083706355651,-3553.1569157301733,-4003.3411570267804
2460830.83125,-634.4389054348152,-3815.323510424728,-3835.8057785740752
2460830.831944444,-253.05755982267442,-4046.870609080407,-3637.3914465955477
2460830.832638889,130.37680552632037,-4245.922666818511,-3409.6780039638306
2460830.8333333335,512.7849431954576,-4410.860995985085,-3154.4817449436428
2460830.834027778,891.0914746965763,-4540.337595602182,-2873.8419740614386
2460830.8347222223,1262.2493930081891,-4633.287033862012,-2570.0056717594584
2460830.8354166667,1623.26463233731,-4688.936223912395,-2245.410319181453
2460830.836111111,1971.2204983500326,-4706.811935872282,-1902.6649649677295
2460830.8368055555,2303.301734793859,-4686.745902660535,-1544.5296472824316
2460830.8375,2616.817991816842,-4628.877398009721,-1173.8933127148555
2460830.8381944443,2909.22644992294,-4533.653191159707,-793.7504071659106
2460830.8388888887,3178.1533527264073,-4401.824814932885,-407.17634134216996
2460830.839583333,3421.4142019143424,-4234.443122031586,-17.302064824555053
2460830.840277778,3637.0323836605517,-4032.8501431390027,372.7120015616333
2460830.8409722224,3823.2560088862083,-3798.668302973377,759.7024035461319
2460830.841666667,3978.5727738962755,-3533.787093890548,1140.5291785484458
2460830.842361111,4101.722680697274,-3240.347341797485,1512.1021896458078
2460830.8430555556,4191.708484539229,-2920.723239758292,1871.4069848428667
2460830.84375,4247.803774934483,-2577.5023554173063,2215.5299120294385
2460830.8444444444,4269.5586344036665,-2213.463840411971,2541.682240343655
2460830.845138889,4256.802854403407,-1831.5550865923813,2847.2230606980393
2460830.845833333,4209.646722754849,-1434.8670950911182,3129.680756164509
2460830.8465277776,4128.479429627328,-1026.6088106220388,3386.772877919839
2460830.847222222,4013.965164452404,-610.0806845085602,3616.424279345125
2460830.847916667,3867.036998602805,-188.6477137316623,3816.783397797712
2460830.8486111113,3688.888664326003,234.28780860037267,3986.2366000281418
2460830.8493055557,3480.964350737837,655.3136128043514,4123.4205324047725
2460830.85,3244.946641837323,1071.0346434692706,4227.232438429731
2460830.8506944445,2982.742724155993,1478.099936737774,4296.838420782181
2460830.851388889,2696.468987226885,1873.2290202503104,4331.679638445707
2460830.8520833333,2388.4341368000373,2253.2376827776643,4331.476435271077
2460830.8527777777,2061.120936390714,2615.0629704273983,4296.230400035005
2460830.853472222,1717.1666860124462,2955.7872752410467,4226.224358398313
2460830.8541666665,1359.3425510791772,3272.6613766417163,4122.020296698764
2460830.854861111,990.531847559965,3563.1263031924454,3984.4552160003823
2460830.855555556,613.7074036402249,3824.8338674009633,3814.6349169558084
2460830.85625,231.90811688741442,4055.665728813804,3613.9257168102463
2460830.8569444446,-151.78515159887903,4253.75082497211,3383.9441100924573
2460830.857638889,-534.2741945294365,4417.481009529321,3126.544394963389
2460830.8583333334,-912.4684196939172,4545.524733671015,2843.8043015312796
2460830.859027778,-1283.3099615387355,4636.83860480381,2538.0086839550586
2460830.859722222,-1643.7987384992712,4690.676667097258,2211.63135879534
2460830.8604166666,-1991.0172289082618,4706.597258859867,1867.315204449461
2460830.861111111,-2322.154730160256,4684.4673227090425,1507.850662653885
2460830.8618055554,-2634.5308527409084,4624.464069154563,1136.1528171614846
2460830.8625,-2925.6180000701474,4527.073926534831,755.237252212673
2460830.863194444,-3193.0625881421706,4393.088746194089,368.1949200509486
2460830.863888889,-3434.7047676818356,4223.599272111838,-21.833729005274368
2460830.8645833335,-3648.5964303227747,4019.9859253335158,-411.6850857998013
2460830.865277778,-3833.017301909723,3783.906995599284,-798.1989102505049
2460830.8659722223,-3986.488955212302,3517.2843725411703,-1178.2447642093173
2460830.8666666667,-4107.786607524142,3222.286984764034,-1548.7480697971214
2460830.867361111,-4195.94860357605,2901.312148513131,-1906.7155218231464
2460830.8680555555,-4250.283523076955,2556.96505093295,-2249.2596032982947
2460830.86875,-4270.374888207841,2192.0366116669684,-2573.6219742659623
2460830.8694444443,-4256.083481564756,1809.4799801231422,-2877.195528854444
2460830.8701388887,-4207.54731834006,1412.3859285023286,-3157.5449472663754
2460830.870833333,-4125.179343129194,1003.9573915336933,-3412.4256044200606
2460830.871527778,-4009.662944970542,587.4834070587883,-3639.800718394517
2460830.8722222224,-3861.9453997252062,166.31268224858871,-3837.856662505863
2460830.872916667,-3683.229362170735,-256.1729923545748,-4005.0163811435427
2460830.873611111,-3474.9625309691023,-676.5852957627801,-4139.950881548201
2460830.8743055556,-3238.8256151216137,-1091.5557142511618,-4241.5887823618905
2460830.875,-2976.7187219702237,-1497.7615152981903,-4309.123919330074
2460830.8756944444,-2690.7462839764726,-1891.9512166154816,-4342.021012067
2460830.876388889,-2383.200630978925,-2270.969428215987,-4340.01940091057
2460830.877083333,-2056.5443068406853,-2631.780952891629,-4303.134860977957
2460830.8777777776,-1713.3912257772372,-2971.494031487113,-4231.65949745436
2460830.878472222,-1356.4867564983228,-3287.3826236131786,-4126.159722050217
2460830.879166667,-988.6868202524022,-3576.9076099931417,-3987.472304505112
2460830.8798611113,-612.9360988204271,-3837.7367889362586,-3816.6984917188397
2460830.8805555557,-232.24544955030146,-4067.763536415987,-3615.196185634092
2460830.88125,150.33136143652442,-4265.1239856268485,-3384.570174286687
2460830.8819444445,531.7214783463527,-4428.2125707278965,-3126.6604204295104
2460830.882638889,908.8571832351869,-4555.695774853248,-2843.5284235291124
2460830.8833333333,1278.7003645283182,-4646.5239168506705,-2537.4416910436407
2460830.8840277777,1638.267040997746,-4699.940813991598,-2210.856376385653
2460830.884722222,1984.6517339813183,-4715.491164517844,-1866.398169255758
2460830.8854166665,2315.0514642899457,-4693.0255085215085,-1506.8415533329605
2460830.886111111,2626.789136265918,-4632.702646591191,-1135.0875782354121
2460830.886805556,2917.3360646107385,-4534.989422926265,-754.1403223354883
2460830.8875,3184.333396698819,-4400.657811871816,-367.08225259453417
2460830.8881944446,3425.6121849070396,-4230.7792854078725,22.95128252880262
2460830.888888889,3639.2118778624044,-4026.7164796336833,412.79817252307225
2460830.8895833334,3823.3970182802072,-3790.112217773319,799.2960088548092
2460830.890277778,3976.6719533476744,-3522.875993716434,1179.3086062508403
2460830.890972222,4097.793399918538,-3227.1680546878506,1549.75230259624
2460830.8916666666,4185.780735607223,-2905.381261129915,1907.6217556693093
2460830.892361111,4239.923925177678,-2560.1209308692783,2250.0149701078176
2460830.8930555554,4259.789028300476,-2194.1828978021963,2574.157306354981
2460830.89375,4245.2212707157305,-1810.5300373972811,2877.42424183576
2460830.894444444,4196.345696491975,-1412.2675135399786,3157.362689388814
2460830.895138889,4113.565448834337,-1002.617011822467,3411.7106998907743
2460830.8958333335,3997.5577541806792,-584.8902158316102,3638.4154113983395
2460830.896527778,3849.267704788289,-162.4617740781555,3835.6491359800775
2460830.8972222223,3669.8999504186836,261.25800812043025,4001.823502815585
2460830.8979166667,3460.9084203098073,682.8505331047686,4135.601600537559
2460830.898611111,3223.9841987529926,1098.916136844487,4235.9080842921485
2460830.8993055555,2961.04168206308,1506.1009899993153,4301.937225029708
2460830.9,2674.2031385913892,1901.1235126652339,4333.158893223958
2460830.9006944443,2365.7817903495766,2280.8001506252085,4329.322473799189
2460830.9013888887,2038.2635295308194,2642.070371322777,4290.4587121564855
2460830.902083333,1694.2873828047632,2982.020739578834,4216.879492072253
2460830.902777778,1336.6248274115042,3297.907942674088,4109.175544804415
2460830.9034722224,968.1580740652964,3587.1806209753754,3968.212088697088
2460830.904166667,591.8574282481621,3847.4998644873585,3795.1223983601403
2460830.904861111,210.75785761573374,4076.758221772037,3591.299307603331
2460830.9055555556,-172.06509787889146,4273.097064684417,3358.384657165725
2460830.90625,-553.5199206693641,4434.922145973011,3098.2567097002893
2460830.9069444444,-930.5240410082146,4560.917182345245,2813.0155735467224
2460830.907638889,-1300.0289044919004,4650.055299923275,2504.9666960184245
2460830.908333333,-1659.044971192015,4701.608184507647,2176.6025145449844
2460830.9090277776,-2004.6664227360536,4715.152793670847,1830.5823801363022
2460830.909722222,-2334.0953373503335,4690.575506647585,1469.710900484276
2460830.910416667,-2644.665084945774,4628.073615575846,1096.9148811383202
2460830.9111111113,-2933.862697562201,4528.154092794789,715.2190655948198
2460830.9118055557,-3199.3499638285925,4391.629606382976,327.7209127954712
2460830.9125,-3438.983015827413,4219.611796282126,-62.435336866302535
2460830.9131944445,-3650.8301909933907,4013.501863958324,-452.0850373669708
2460830.913888889,-3833.1879722750937,3774.978573052723,-838.069669725101
2460830.9145833333,-3984.594844300685,3505.983794725258,-1217.263252317896
2460830.9152777777,-4103.842931587813,3208.705771017845,-1586.5983461042513
2460830.915972222,-4189.987323909818,2885.5602981859442,-1943.0913885374885
2460830.9166666665,-4242.353029631433,2539.170058347979,-2283.867104773714
2460830.917361111,-4260.539535278468,2172.342346050452,-2606.181768111881
2460830.918055556,-4244.422984931427,1788.0454450216223,-2907.4451106829415
2460830.91875,-4194.156024406573,1389.3839167985027,-3185.2407123992803
2460830.9194444446,-4110.165382206467,979.5730523230898,-3437.3447328588904
2460830.920138889,-3993.147281801306,561.9127390288254,-3661.742873247193
2460830.9208333334,-3844.060795520946,139.7609696999515,-3856.6454935724987
2460830.921527778,-3664.1192599590513,-283.4927937748501,-4020.500831843305
2460830.922222222,-3454.7798782859645,-704.4542076409534,-4152.006293732729
2460830.9229166666,-3217.7316355609278,-1119.7504106966544,-4250.117799248791
2460830.923611111,-2954.8816458298834,-1526.0560173737265,-4314.057186701598
2460830.9243055554,-2668.3400470726415,-1920.1185988001569,-4343.317678173427
2460830.925,-2360.403548442691,-2298.7835315154616,-4337.6674155877645
2460830.925694444,-2033.5377310392382,-2659.0180949520477,-4297.151074276164
2460830.926388889,-1690.3581913247506,-2997.9347109151954,-4222.089558213399
2460830.9270833335,-1333.6106159503747,-3312.813211758981,-4113.077775064964
2460830.927777778,-966.1498789269466,-3601.1220179945412,-3970.9804862703118
2460830.9284722223,-590.9182487349219,-3860.5381047524115,-3796.926222676409
2460830.9291666667,-210.92280971017658,-4088.9656183090206,-3592.2992584928948
2460830.929861111,170.78779383482126,-4284.553000177964,-3358.7296376930635
2460830.9305555555,551.1471578376149,-4445.7084604309475,-3098.0812595233556
2460830.93125,927.0953209234832,-4571.113640711331,-2812.4380387728697
2460830.9319444443,1295.6031970930135,-4659.7352987336835,-2504.0881806742714
2460830.9326388887,1653.697053055129,-4710.834852038785,-2175.5066298497054
2460830.933333333,1998.482821739967,-4723.975624989969,-1829.3357819448124
2460830.934027778,2327.1700266870866,-4699.02765834622,-1468.3645769638727
2460830.9347222224,2637.095082052936,-4636.169962104321,-1095.5061213746299
2460830.935416667,2925.74371821914,-4535.890120502876,-713.7740245478344
2460830.936111111,3190.7722917036176,-4398.981190572001,-326.2576527060704
2460830.9368055556,3430.0277301922915,-4226.535875785041,63.903455404174366
2460830.9375,3641.565888540688,-4019.9379934265444,453.5457624976918
2460830.9381944444,3823.668098308127,-3780.851300378319,839.5082169295767
2460830.938888889,3974.855724237705,-3511.205783052581,1218.6587657729897
2460830.939583333,4093.9025723413374,-3213.181551102255,1587.92061987315
2460830.9402777776,4179.845020467647,-2889.190520795928,1944.2979827377437
2460830.940972222,4231.989786933905,-2541.8560917650675,2284.9009864810596
2460830.941666667,4249.9192835147915,-2173.9910569401954,2606.9695797221834
2460830.9423611113,4233.494539765981,-1788.5739895766148,2907.8961508383945
2460830.9430555557,4182.855716624024,-1388.7243715906886,3185.246685127752
2460830.94375,4098.420260029046,-977.6767248914308,3436.7802904700093
2460830.9444444445,3980.878769435529,-558.7539985074667,3660.4669585733795
2460830.945138889,3831.188678498429,-135.34046609959336,3854.5034509668803
2460830.9458333333,3650.5658571927115,289.145641379534,4017.327236378194
2460830.9465277777,3440.474257332374,711.27954475543,4147.628421168187
2460830.947222222,3202.6137255620065,1127.657173030654,4244.35964088605
2460830.9479166665,2938.906106219631,1534.9220904285341,4306.743894287129
2460830.948611111,2651.479759523912,1929.7919230734676,4334.280309282192
2460830.949305556,2342.6526101307322,2309.084139496368,4326.747840361825
2460830.95,2014.9138384446067,2669.741042608783,4284.206897061395
2460830.9506944446,1670.9043254484595,3008.8538339734596,4206.998903775455
2460830.951388889,1313.3959590207194,3323.6856146516416,4095.7437909209707
2460830.9520833334,945.2699087912787,3611.693185837076,3951.335415377769
2460830.952777778,569.4939901300689,3870.5474995940913,3774.9349113970943
2460830.953472222,189.09923880128085,4098.15261142672,3567.961975317508
2460830.9541666666,-192.84416451021124,4292.662974415571,3332.0840960416485
2460830.954861111,-573.2514634203434,4452.498909401443,3069.2037570547523
2460830.9555555554,-949.0482175826036,4576.360085516368,2781.443651489121
2460830.95625,-1317.1953243108746,4663.236845888729,2471.1299748814436
2460830.956944444,-1674.7139602354157,4712.419221798569,2140.773885606477
2460830.957638889,-2018.7102153183512,4723.503492423213,1793.0512532653684
2460830.9583333335,-2346.3991829599627,4696.396168546359,1430.7808419733776
2460830.959027778,-2655.128256452461,4631.31530453151,1056.9011108873806
2460830.9597222223,-2942.3993828098824,4528.789076997311,674.445841519193
2460830.9604166667,-3205.890032612341,4389.651604252507,286.5188225939692
2460830.961111111,-3443.4726474992563,4215.036022940068,-103.73214530879248
2460830.9618055555,-3653.232353194952,4006.364878640918,-493.1416574507266
2460830.9625,-3833.482744892966,3765.337929733244,-878.5532419290026
2460830.9631944443,-3982.7795826122174,3493.917503285995,-1256.845742514404
2460830.9638888887,-4099.93226717598,3194.3115782736522,-1624.9592680428207
2460830.964583333,-4184.013004178097,2868.954801548404,-1979.920442210481
2460830.965277778,-4234.3636002403155,2520.487665886352,-2318.866706022158
2460830.9659722224,-4250.599872071737,2151.7340991512438,-2639.069446207858
2460830.966666667,-4232.613684505395,1765.6777190664677,-2937.955755187083
2460830.967361111,-4180.572663951876,1365.4370164582308,-3213.128652555145
2460830.9680555556,-4094.917661714381,954.2397217066361,-3462.3856338166815
2460830.96875,-3976.3580613164727,535.396595401878,-3683.73544403381
2460830.9694444444,-3825.8650411932585,112.27487915118718,-3875.4129964215776
2460830.970138889,-3644.6629128788636,-311.72838578665335,-4035.8923887297674
2460830.970833333,-3434.2186584398287,-733.2129815814469,-4163.89798868791
2460830.9715277776,-3196.2297928945914,-1148.8019037631127,-4258.413575154611
2460830.972222222,-2932.610668253799,-1555.167372689838,-4318.689536841359
2460830.972916667,-2645.47733586225,-1949.0563235061536,-4344.248132631902
2460830.9736111113,-2337.131068226023,-2327.3152585978596,-4334.886823733605
2460830.9743055557,-2010.040639540378,-2686.914343845299,-4290.6796835375435
2460830.975,-1666.8234550889865,-3024.9706386908188,-4211.97688862625
2460830.9756944445,-1310.2256192943214,-3338.770345355763,-4099.402289851902
2460830.976388889,-943.101025050977,-3625.7899643517485,-3953.8490562314532
2460830.9770833333,-568.3895630401878,-3883.7162234575703,-3776.4733845286055
2460830.9777777777,-189.09454569083368,-4110.464649134435,-3568.6862646857853
2460830.978472222,191.74053570313114,-4304.196628979307,-3332.1432994595757
2460830.9791666665,571.0557962904113,-4463.334811873422,-3068.7325814878304
2460830.979861111,945.7991319591359,-4586.576678973807,-2780.5606505110118
2460830.980555556,1312.950616575741,-4672.906120958674,-2469.9365689319498
2460830.98125,1669.5469328631705,-4721.602857077611,-2139.3541786768023
2460830.9819444446,2012.7056251274585,-4732.249540028879,-1791.472633021729
2460830.982638889,2339.6489505532427,-4704.736407746703,-1429.0953232765294
2460830.9833333334,2647.727090785489,-4639.263363974201,-1055.1473529450602
2460830.984027778,2934.4404760766424,-4536.339398715799,-672.65174570058
2460830.984722222,3197.4609786278443,-4396.779292772659,-284.70459598157646
2460830.9854166666,3434.651729528997,-4221.697590279265,105.55059439307234
2460830.986111111,3644.0853326003767,-4012.499863318097,494.9491371082561
2460830.9868055554,3824.060264682899,-3770.871334442708,880.3316621152044
2460830.9875,3973.115275330534,-3498.7629667397123,1258.5706211190704
2460830.988194444,4090.041631990806,-3198.375167836801,1626.5965088406795
2460830.988888889,4173.893088693198,-2872.139290045575,1981.4235247675565
2460830.9895833335,4223.993492243004,-2522.6971409042253,2320.1744089032886
2460830.990277778,4239.941978570165,-2152.878737317191,2640.104209365959
2460830.9909722223,4221.615746386295,-1765.6785573408647,2938.622758184938
2460830.9916666667,4169.170429968524,-1364.2305468339468,3213.315664917119
2460830.992361111,4083.0381226748755,-951.7821472599195,3461.9636612495965
2460830.9930555555,3963.923128103835,-531.6675970981079,3682.5601675725197
2460830.99375,3812.7955360464543,-107.28075669111553,3873.3269760768944
2460830.9944444443,3630.882733593419,317.9523150115838,4032.7279766454694
2460830.9951388887,3419.65897314861,740.6008120816808,4159.480871351433
2460830.995833333,3180.833118282581,1157.2564727561405,4252.566848331505
2460830.996527778,2916.3346935738596,1564.5605247027488,4311.238194477572
2460830.9972222224,2628.2983587856666,1959.2301236560468,4335.0238408066525
2460830.997916667,2319.046921259718,2338.084138094467,4323.732838721311
2460830.998611111,1991.0730020838394,2698.0681324671323,4277.455766895855
2460830.9993055556,1647.0194595840587,3036.27841810132,4196.5640694459835
2460831.0,1289.6586826219914,3349.985028432448,4081.7073248348606
2460831.0006944444,921.8708600285158,3636.6534825703666,3933.80844438043
2460831.001388889,546.6213426228836,3893.965189762816,3754.056800235277
2460831.002083333,166.93722516888207,4119.836340156324,3543.899288214934
2460831.0027777776,-214.1167134187728,4312.435122477355,3305.0293385345176
2460831.003472222,-593.4625555432427,4470.197102675612,3039.373900978086
2460831.004166667,-968.0341025795825,4591.83859603906,2749.0784483590687
2460831.0048611113,-1334.8018498911945,4676.367866990401,2436.4900662669243
2460831.0055555557,-1690.7978682442933,4723.094000552152,2104.138722387869
2460831.00625,-2033.1403665130774,4731.633303899711,1754.7168356293735
2460831.0069444445,-2359.0576924422307,4701.913116622752,1391.0573009100383
2460831.007638889,-2665.9115274929336,4634.17293730799,1016.1101500524624
2460831.0083333333,-2951.2190240869186,4528.962806872167,632.9180639773344
2460831.0090277777,-3212.6736453574063,4387.138926085417,244.59096919603047
2460831.009722222,-3448.1644707962005,4209.856527234383,-145.72001736453888
2460831.0104166665,-3655.7937583061653,3998.5600594421285,-534.8490272666097
2460831.011111111,-3833.8925699938077,3754.9707917139335,-919.6419765975733
2460831.011805556,-3981.0343034805373,3481.0719755946434,-1296.9829174911085
2460831.0125,-4096.04600281425,3179.0917442870177,-1663.8199285032301
2460831.0131944446,-4178.017357737717,2851.4839584582287,-2017.1902758194349
2460831.013888889,-4226.30733977548,2500.907228684351,-2354.2446022039485
2460831.0145833334,-4240.548458015308,2130.202364685582,-2672.269919649222
2460831.015277778,-4220.648652956225,1742.3685086939252,-2968.7112125016297
2460831.015972222,-4166.790877319463,1340.5382135239447,-3241.1914868927265
2460831.0166666666,-4079.430438887836,927.9517188469794,-3487.5301353515
2460831.017361111,-3959.2902014252027,507.93067159904206,-3705.7595137483586
2460831.0180555554,-3807.353754464421,83.85151738396897,-3894.1396590112686
2460831.01875,-3624.8566715954303,-340.88122752836017,-4051.17109985961
2460831.019444444,-3413.2759825099406,-762.8616306297882,-4175.6057327557355
2460831.020138889,-3174.3179796398445,-1178.7087603476818,-4266.455755098109
2460831.0208333335,-2909.9044795197815,-1585.092710797845,-4323.000654271782
2460831.021527778,-2622.157648964394,-1978.7601027027217,-4344.792260351942
2460831.0222222223,-2313.383500255782,-2356.558936657902,-4331.657870362267
2460831.0229166667,-1986.0541510584296,-2715.462684617522,-4283.701450973591
2460831.023611111,-1642.7889384415168,-3052.5935085128262,-4201.302922185772
2460831.0243055555,-1286.334475430378,-3365.244490959506,-4085.1155200434323
2460831.025,-919.5437360674235,-3650.9007607785848,-3936.0612318300127
2460831.0256944443,-545.3542614605885,-3907.259384952835,-3755.3242947601257
2460831.0263888887,-166.76558928152429,-4132.24788794721,-3544.3427508637865
2460831.027083333,213.18398128832365,-4324.041251096816,-3304.798054182201
2460831.027777778,591.4411558905431,-4481.07723192581,-3038.602738409631
2460831.0284722224,964.9617937086127,-4602.0698393757475,-2747.8861667026904
2460831.029166667,1330.7352694036197,-4686.020797841795,-2434.9784045039287
2460831.029861111,1685.8088536521802,-4732.228834556328,-2102.3922845784805
2460831.0305555556,2027.3119062445382,-4740.296636826174,-1752.803755545105
2460831.03125,2352.47965194513,-4710.135339268658,-1389.030641316478
2460831.0319444444,2658.676301518453,-4641.9664255430325,-1014.009966947578
2460831.032638889,2943.4172726105567,-4536.320957403562,-630.774037465074
2460831.033333333,3204.3902621503344,-4394.036079220553,-242.42548799692608
2460831.0340277776,3439.4749321244126,-4216.248783975262,147.88845647312993
2460831.034722222,3646.760980192899,-4004.386968025858,537.0022500346712
2460831.035416667,3824.5643851583127,-3760.157846383529,921.7585450326989
2460831.0361111113,3971.441646623624,-3485.53383892795,1299.0346821935464
2460831.0368055557,4086.2018651234407,-3182.7360786916847,1665.7688672042352
2460831.0375,4167.916544047101,-2854.2157281975847,2018.9857571990242
2460831.0381944445,4215.927031310745,-2502.6333183073257,2355.8211952953015
2460831.038888889,4229.849555199399,-2130.8363478790375,2673.5458496257547
2460831.0395833333,4209.577845037967,-1741.8353953535418,2969.587540393837
2460831.0402777777,4155.283360249478,-1338.7790060837422,3241.5520623158695
2460831.040972222,4067.413181608528,-924.9276151979333,3487.242344671989
2460831.0416666665,3946.6856423856084,-503.6267619153653,3704.6758194717704
2460831.042361111,3794.0837982213034,-78.27984532522991,3892.0998954957945
2460831.043055556,3610.8468445439216,347.67935692149644,4048.005470131554
2460831.04375,3398.4596049621773,770.8141814158496,4171.138423356533
2460831.0444444446,3158.6402098949957,1187.7124001915565,4260.5090689774115
2460831.045138889,2893.3260904783187,1595.013185660365,4315.399543398421
2460831.0458333334,2604.658406265859,1989.4335600723734,4335.3691263515975
2460831.046527778,2294.965022475001,2367.7941784890254,4320.257491876475
2460831.047222222,1966.7421457808239,2727.044305780653,4270.185890074855
2460831.0479166666,1622.6347285016175,3064.285846928429,4185.556259823893
2460831.048611111,1265.415746253107,3376.796295406476,4067.0482718694334
2460831.0493055554,897.9644591603343,3662.0504573773424,3915.6143009919037
2460831.05,523.2437734318431,3917.740803616731,3732.472328093338
2460831.050694444,144.2768285138785,4141.79629530151,3519.0967771682194
2460831.051388889,-235.8770469975979,4332.399520002723,3277.207303123174
2460831.0520833335,-614.1468589878276,4488.001974197478,3008.7555556583143
2460831.052777778,-987.4747672474471,4607.337319393496,2715.909970880527
2460831.0534722223,-1352.8410162221423,4689.432451451619,2401.0386537727836
2460831.0541666667,-1707.2887549392544,4733.616222544965,2066.690454356621
2460831.054861111,-2047.9485249815648,4739.525677534562,1715.5743579119533
2460831.0555555555,-2372.0621709723346,4707.109684502185,1350.5373499149975
2460831.05625,-2677.0059312798912,4636.629869311259,974.5409375693332
2460831.0569444443,-2960.3124561100003,4528.658797106041,590.6365475258583
2460831.0576388887,-3219.6915136712864,4384.075381960672,201.94003622867532
2460831.058333333,-3453.0491515346703,4204.0575474499165,-188.3944239285551
2460831.059027778,-3658.505103462515,3990.072201881989,-577.2008105718932
2460831.0597222224,-3834.40825230364,3743.862636287112,-961.3277827519232
2460831.060416667,-3979.3499949520633,3467.4334884211153,-1337.6649995396967
2460831.061111111,-4092.175383624647,3163.033455999696,-1703.1689445445525
2460831.0618055556,-4171.991958070476,2833.135968372307,-2054.8879959068263
2460831.0625,-4218.176218100396,2480.41805224199,-2389.9864959399174
2460831.0631944444,-4230.377723546261,2107.7376393953955,-2705.767603654054
2460831.063888889,-4208.520841440161,1718.1095771720081,-2999.6947369710156
2460831.064583333,-4152.804191628604,1314.680600454537,-3269.4114457294168
2460831.0652777776,-4063.697867399149,900.7035205290654,-3512.7595859544385
2460831.065972222,-3941.9385275839895,479.51087185808166,-3727.7956984943585
2460831.066666667,-3788.522471563263,54.48824625476518,-3912.8055205395895
2460831.0673611113,-3604.6968172388133,-370.9524778909777,-4066.316585808947
2460831.0680555557,-3391.9489041415623,-793.399825618823,-4187.108889709064
2460831.06875,-3151.994044738346,-1209.4691635884865,-4274.223609110902
2460831.0694444445,-2886.7617393023993,-1615.8287411128117,-4326.969879577359
2460831.070138889,-2598.3804668091675,-2009.2251960660758,-4344.929636036497
2460831.0708333333,-2289.1611501202733,-2386.5084101625343,-4327.960526328018
2460831.0715277777,-1961.5793944632048,-2744.655592341759,-4276.196903029242
2460831.072222222,-1618.256584395321,-3080.794483754938,-4190.048896275945
2460831.0729166665,-1261.9399288307727,-3392.2255659936864,-4070.1995649912956
2460831.073611111,-895.4815370879681,-3676.443156597924,-3917.6001187333986
2460831.074305556,-521.8166247860222,-3931.1552566511773,-3733.463203228208
2460831.075,-143.94094395094137,-4154.302017124922,-3519.254239534442
2460831.0756944446,235.11244146964566,-4344.072668239713,-3276.680816860682
2460831.076388889,612.2969049684535,-4498.92075422313,-3007.6801468145622
2460831.0770833334,984.5763813999854,-4617.577507422428,-2714.404602028375
2460831.077777778,1348.9496897389895,-4699.063192126043,-2399.2053862839543
2460831.078472222,1702.4748671833117,-4742.696255562097,-2064.6144018216182
2460831.0791666666,2042.2932975054919,-4748.10012985722,-1713.3244159934
2460831.079861111,2365.6534108002957,-4715.2075485716405,-1348.1676517619023
2460831.0805555554,2669.933712556717,-4644.262262784077,-972.0929640455156
2460831.08125,2952.6648967552474,-4535.818072531751,-588.141792178508
2460831.081944444,3211.5507963464124,-4390.735124779921,-199.42310864431178
2460831.082638889,3444.48793475928,-4210.173466239145,190.91239669551328
2460831.0833333335,3649.5834478813795,-3995.5838840914557,579.6986276913283
2460831.084027778,3825.171173423645,-3748.696107571671,963.7806157167039
2460831.0847222223,3969.8257257814053,-3471.50448700339,1340.040990465678
2460831.0854166667,4082.3744083138563,-3166.2513019482653,1705.4261088518272
2460831.086111111,4161.906845182709,-2835.4078899386823,2056.971562301731
2460831.0868055555,4207.782254736632,-2481.6538132402347,2391.8268030676436
2460831.0875,4219.634322534877,-2107.8542994160093,2707.2786528313313
2460831.0881944443,4197.373665844921,-1717.036214419609,3000.7734733386483
2460831.0888888887,4141.187916530307,-1312.3628267984307,3269.9378155220634
2460831.089583333,4051.5394776500943,-897.1076278664369,3512.5973882638036
2460831.090277778,3929.161032711691,-474.6274590141381,3726.7942240063767
2460831.0909722224,3775.0489065238953,-48.335195991337166,3910.8019408245127
2460831.091666667,3590.4543884535296,378.32778474522473,4063.1390335441192
2460831.092361111,3376.8731384751295,801.9191422429496,4182.5801449229775
2460831.0930555556,3136.0327972036143,1219.0229197875774,4268.165289783933
2460831.09375,2869.878921714977,1626.276528642035,4319.207016137254
2460831.0944444444,2580.5593661339076,2020.397204807418,4335.295497186006
2460831.095138889,2270.4072208630905,2398.2077900713693,4316.301553520123
2460831.095833333,1941.922418512481,2756.661697697133,4262.377605958814
2460831.0965277776,1597.7521150594239,3092.8669221845025,4173.956559020016
2460831.097222222,1240.6699509589612,3404.1089566754413,4051.7486140978863
2460831.097916667,873.5543049569184,3687.872472474042,3896.7360122508476
2460831.0986111113,499.36565112542166,3941.861617054082,3710.165705613697
2460831.0993055557,121.12315382095629,4164.018767756624,3493.539966307186
2460831.1,-258.11936483048197,4352.541583536006,3248.6049460467752
2460831.1006944445,-635.2979211213092,4505.898182866111,2977.3372190936275
2460831.101388889,-1007.3631586760191,4622.840281811027,2681.9283539611974
2460831.1020833333,-1371.305226619681,4702.414123195148,2364.7675914123874
2460831.1027777777,-1724.178540783946,4743.969044242027,2028.4227229587411
2460831.103472222,-2063.1261928278213,4747.163540666802,1675.6193033032637
2460831.1041666665,-2385.4037717198976,4711.968710994247,1309.2183517162275
2460831.104861111,-2688.4023445336943,4638.6689922169035,932.1927377749818
2460831.105555556,-2969.6703538842994,4527.860133242947,547.6024645014423
2460831.10625,-3226.934187545844,4380.44439052116,158.56909420148543
2460831.1069444446,-3458.1171925850017,4197.622971440698,-231.7504222510181
2460831.107638889,-3661.356922233589,3980.885795350471,-620.1902331094249
2460831.1083333334,-3835.0204344979516,3731.9986801704063,-1003.6021124646762
2460831.109027778,-3977.717485280786,3452.988106030798,-1378.8817378738254
2460831.109722222,-4088.3114984209715,3146.123737329382,-1742.9944480332902
2460831.1104166666,-4165.928226747298,2813.8989194059536,-2093.000214543153
2460831.111111111,-4209.962058781283,2459.0093840410664,-2426.077589449583
2460831.1118055554,-4220.079959796935,2084.3304150675776,-2739.546411922587
2460831.1125,-4196.22306988122,1692.8927347979711,-3030.8890851722663
2460831.113194444,-4138.606012225201,1287.857370930126,-3297.7702675461856
2460831.113888889,-4047.713989311746,872.4897558098849,-3538.054853733538
2460831.1145833335,-3924.2977645567244,450.1333022206053,-3749.8241493490427
2460831.115277778,-3769.3666410615483,24.182680888064443,-3931.390172692778
2460831.1159722223,-3584.1795565975826,-401.94299486627017,-4081.3080417491014
2460831.1166666667,-3370.234417328851,-824.8268900920151,-4198.38642327076
2460831.117361111,-3129.2557915924895,-1241.080907968976,-4281.696036479317
2460831.1180555555,-2863.181077576026,-1647.3717441224196,-4330.576214663898
2460831.11875,-2574.1452558431083,-2040.4463983305527,-4344.639530821937
2460831.1194444443,-2264.464325047383,-2417.157026751435,-4323.77449665413
2460831.1201388887,-1936.6175161133406,-2774.485017174514,-4268.1463403735015
2460831.120833333,-1593.2283706409683,-3109.564177699339,-4178.195864937771
2460831.121527778,-1237.0447732809826,-3419.7029192669906,-4054.6363841815305
2460831.1222222224,-870.9180183411428,-3702.405317293995,-3898.4487280461954
2460831.122916667,-497.7810122944036,-3955.3909129758827,-3710.8743105437716
2460831.123611111,-120.62570609477115,-4176.61312054625,-3493.4062506126024
2460831.1243055556,257.52012089109184,-4364.276083220627,-3247.778546518531
2460831.125,633.6165939188412,-4516.849818246374,-2975.9533130565487
2460831.1256944444,1004.6358397816842,-4633.083483406515,-2680.1061075167163
2460831.126388889,1367.5862728806874,-4712.016595807568,-2362.6093923883345
2460831.127083333,1719.5368781917355,-4752.988039068066,-2026.014205911747
2460831.1277777776,2057.6412769025965,-4755.642704361793,-1673.0301425617276
2460831.128472222,2379.1613468920705,-4719.93562898655,-1306.5037747110578
2460831.129166667,2681.490156241406,-4646.133520370412,-929.3956810073706
2460831.1298611113,2962.1739676771454,-4534.81358332025,-544.7562712778799
2460831.1305555557,3218.933064331951,-4386.859604575551,-155.7006346665792
2460831.13125,3449.6811618406077,-4203.455287346294,234.61734679661055
2460831.1319444445,3652.543179875251,-3986.0748720174615,623.0313506718776
2460831.132638889,3825.871171708913,-3736.4711190220787,1006.3891589654311
2460831.1333333333,3968.2582309874906,-3456.6607757939705,1381.5791063300733
2460831.1340277777,4078.5502320960527,-3148.9076818133663,1745.5561557167448
2460831.134722222,4155.855288715316,-2815.7037074427185,2095.3673213660295
2460831.1354166665,4199.550856509857,-2459.7477434823213,2428.176185079321
2460831.136111111,4209.288439506104,-2083.9229840422863,2741.2862660082856
2460831.136805556,4184.995896180296,-1691.272758114658,3032.1630319936016
2460831.1375,4126.877373700112,-1284.975171660081,3298.4543692364555
2460831.1381944446,4035.4109271827333,-868.3168218680731,3538.009357144465
2460831.138888889,3911.343905231808,-444.665841020857,3748.895224482887
2460831.1395833334,3755.686200078627,-17.444509542831803,3929.41239566244
2460831.140277778,3569.701474286993,409.898330799308,4078.1075577759375
2460831.140972222,3354.8964835247257,833.914853066396,4193.784703951009
2460831.1416666666,3113.008614896734,1251.1856229342843,4275.514127361731
2460831.142361111,2845.991765104047,1658.3465955242943,4322.639349792147
2460831.1430555554,2556.0006709867444,2052.11558026682,4334.781981947765
2460831.14375,2245.3738094014097,2429.318017229541,4311.844512877928
2460831.144444444,1916.6149714189805,2786.9119292766677,4254.011030011734
2460831.145138889,1572.3736193874834,3122.0119078374582,4161.745869514682
2460831.1458333335,1215.4241322205673,3431.911994387823,4035.7901965460146
2460831.146527778,848.6440461165989,3714.1073158383133,3877.156513583418
2460831.1472222223,474.9914104281309,3966.3143204644352,3687.121098746187
2460831.1479166667,97.48138708723287,4186.48945713017,3467.2143821409995
2460831.148611111,-280.8377685040784,4372.846136224474,3219.209275015711
2460831.1493055555,-656.9091804678593,4523.869799479871,2945.107485982192
2460831.15,-1027.6921026823284,4638.330930501575,2647.1238754426204
2460831.1506944443,-1390.1867520445342,4715.295841086005,2327.668920970923
2460831.1513888887,-1741.4590031078747,4754.135075623205,1989.3294015326592
2460831.152083333,-2078.6647218553567,4754.529297279523,1634.84742662991
2460831.152777778,-2399.0734907454535,4716.472538722494,1267.0979788991854
2460831.1534722224,-2700.0914808582766,4640.272732659816,889.0651609723309
2460831.154166667,-2979.283224985423,4526.549470417138,503.8173658276212
2460831.154861111,-3234.3920472058057,4376.228977382029,114.48162045002641
2460831.1555555556,-3463.358925309651,4190.536334577521,-275.7826370686106
2460831.15625,-3664.339576790112,3970.985019015468,-663.810067379618
2460831.1569444444,-3835.7195881433,3719.363875279084,-1046.455945755558
2460831.157638889,-3976.1274333539677,3437.721674578394,-1420.6223954588793
2460831.158333333,-4084.4452692774885,3128.349442557076,-1783.2840738125415
2460831.1590277776,-4159.8174224482555,2793.76077872063,-2131.5130408135587
2460831.159722222,-4201.656527217909,2436.670399468433,-2462.502580236572
2460831.160416667,-4209.647305183786,2059.971160780669,-2773.589755205487
2460831.1611111113,-4183.748011830731,1666.709819980663,-3062.276515141469
2460831.1618055557,-4124.189605162356,1260.0617959128035,-3326.249201350049
2460831.1625,-4031.4727156418176,843.3051812354456,-3563.396328969901
2460831.1631944445,-3906.3625155106224,419.79424613939227,-3771.8245545655195
2460831.163888889,-3749.8815993476433,-7.067340329008515,-3949.8727641124797
2460831.1645833333,-3563.3009948893136,-433.85336775588166,-4096.124242310741
2460831.1652777777,-3348.129425881623,-857.1418354582727,-4209.416902320639
2460831.165972222,-3106.1009463480787,-1273.5414333776303,-4288.85157013383
2460831.1666666665,-2839.161059734096,-1679.7176075305117,-4333.798326789632
2460831.167361111,-2549.451432712383,-2072.418074220952,-4343.900915530648
2460831.168055556,-2239.2932976019874,-2448.49767063789,-4319.079223107944
2460831.16875,-1911.1696424564134,-2804.9424170807965,-4259.529839735734
2460831.1694444446,-1567.7062702975234,-3138.8926863039,-4165.724699691119
2460831.170138889,-1211.6518143886044,-3447.665360599465,-4038.407798060137
2460831.1708333334,-845.8567972895768,-3728.7748530244994,-3878.589976435377
2460831.171527778,-473.25182712374306,-3979.9528604151205,-3687.5417692413453
2460831.172222222,-96.82503131392748,-4199.166707061888,-3466.7843025888365
2460831.1729166666,280.4011505248949,-4384.636121827897,-3218.0782474636417
2460831.173611111,655.3936849569557,-4534.848289094824,-2943.4108358362128
2460831.1743055554,1025.1330126425426,-4648.571001162439,-2644.980972387058
2460831.175,1386.6372994083247,-4724.863746792963,-2325.1824856436237
2460831.175694444,1736.9866654398866,-4763.086567496925,-1986.5856010136647
2460831.176388889,2073.347187255683,-4762.906531147982,-1631.9167333047078
2460831.1770833335,2392.994435404412,-4724.301685988208,-1264.0367407164886
2460831.177777778,2693.336313405096,-4647.562385670783,-885.9178017266275
2460831.1784722223,2971.934947980389,-4533.289905702296,-500.6191162583201
2460831.1791666667,3226.527387907645,-4382.392308331352,-111.26165402103281
2460831.179861111,3455.044873177209,-4196.077553237913,278.9977996654264
2460831.1805555555,3655.630454422156,-3975.843891205553,666.9930378411159
2460831.18125,3826.6547565420346,-3723.4676255078084,1049.5749797228634
2460831.1819444443,3966.729716031543,-3440.9883604351553,1423.6380961548846
2460831.1826388887,4074.7201445759442,-3130.6919018192198,1786.1464242552195
2460831.183333333,4149.753012342955,-2795.0910003783288,2134.158904870804
2460831.184027778,4191.224375822909,-2436.9041646525097,2464.853780472401
2460831.1847222224,4198.8039153696955,-2059.032781815083,2775.5518240756983
2460831.185416667,4172.437079813395,-1664.5368088158987,3063.73818417086
2460831.186111111,4112.344869628793,-1256.6092900629862,3327.0826714941722
2460831.1868055556,4019.0213169938056,-838.549968787093,3563.4583331394547
2460831.1875,3893.2287450184604,-413.73824394531954,3770.958197236553
2460831.1881944444,3735.990905894628,14.39428386915301,3947.9100969947463
2460831.188888889,3548.5841088842076,442.39145319369055,4092.889510521153
2460831.189583333,3332.5264574953,866.800157331585,4204.73037226496
2460831.1902777776,3089.5653170542373,1284.1977446753922,4282.533831682817
2460831.190972222,2821.6631300051326,1691.2190339861195,4325.674947345046
2460831.191666667,2530.9816974276127,2084.5827802426275,4333.807310382582
2460831.1923611113,2219.865037113968,2461.1174457149496,4306.865597816779
2460831.1930555557,1890.820925018815,2817.786135394157,4245.066056027339
2460831.19375,1546.501227276324,3151.7105555639264,4148.904914496725
2460831.1944444445,1189.6811250240944,3460.193859103728,4019.154728329087
2460831.195138889,823.2373458253383,3740.7422280937767,3856.8586496114635
2460831.1958333333,450.1255151105297,3991.085046036222,3663.322628626514
2460831.1965277777,73.35675828897827,4209.1934984150585,3440.1055533293647
2460831.197222222,-304.026303931152,4393.297436440772,3189.007345217067
2460831.1979166665,-678.9740032658909,4541.900332419691,2912.055047409477
2460831.198611111,-1048.45434027158,4653.792159002595,2611.4869555021696
2460831.199305556,-1409.4777654188863,4728.060023605115,2289.734872845868
2460831.2,-1759.1218115078616,4764.096404722691,1949.4045944985571
2460831.2006944446,-2094.555344657193,4761.604852266544,1593.2547572763183
2460831.201388889,-2413.062195537042,4720.603038653623,1224.1742190326127
2460831.2020833334,-2712.0639187566944,4641.423076814588,845.1581683232453
2460831.202777778,-2989.1414361101006,4524.709058272961,459.2831867795757
2460831.203472222,-3242.055326175128,4371.411801889737,69.68150900350207
2460831.2041666666,-3468.764531149407,4182.780847621335,-320.4852494229826
2460831.204861111,-3667.443277645551,3960.353771539882,-708.0526192512245
2460831.2055555554,-3836.496032893433,3705.9429390390333,-1089.8797774395816
2460831.20625,-3974.5703470901253,3421.619853406836,-1462.8757355813823
2460831.206944444,-4080.5674693665333,3109.6972881821935,-1824.0249466298076
2460831.207638889,-4153.650658070697,2772.709425797121,-2170.4120672697077
2460831.2083333335,-4193.251147222977,2413.390236683968,-2499.2456471415694
2460831.209027778,-4199.071761711018,2034.6503587988752,-2807.8805277048828
2460831.2097222223,-4171.08821038921,1639.5527332726501,-3093.838775350836
2460831.2104166667,-4109.548112845132,1231.287257820485,-3354.828996701339
2460831.211111111,-4014.967841174147,813.1447124884395,-3588.763916779244
2460831.2118055555,-3888.1272750403273,388.4901913616549,-3793.77613563642
2460831.2125,-3730.062582900165,-39.26372974245539,-3968.2319977519996
2460831.2131944443,-3542.0571466811616,-466.68389357448837,-4110.743540809536
2460831.2138888887,-3325.6307524952376,-890.3433405761745,-4220.1785020331345
2460831.214583333,-3082.527163730678,-1306.8478098696398,-4295.668379820061
2460831.215277778,-2814.7001911233633,-1712.8618127666846,-4336.614552949933
2460831.2159722224,-2524.298363772062,-2105.1341516329376,-4342.692466261665
2460831.216666667,-2213.6483013409697,-2480.5227602509817,-4313.853890369695
2460831.217361111,-1885.2368742818865,-2836.0187569816567,-4250.327260750437
2460831.2180555556,-1541.6922427700656,-3168.7695908522405,-4152.616096447401
2460831.21875,-1185.7638569987041,-3476.1011667645253,-4021.4954947172164
2460831.2194444444,-820.301503735973,-3755.5388267673625,-3858.00669274769
2460831.220138889,-448.23349752124227,-4004.827048805356,-3663.4496893601313
2460831.220833333,-72.54411396867583,-4221.94772338658,-3439.373917962927
2460831.2215277776,303.74960965103816,-4405.136847246513,-3187.566974527344
2460831.222222222,677.6215748591965,-4552.899473173088,-2910.0414117286246
2460831.222916667,1046.0606667119405,-4664.022745192308,-2609.0196294054854
2460831.2236111113,1406.094961812802,-4737.586847738652,-2286.916917232239
2460831.2243055557,1754.8159087433776,-4772.973706711326,-1946.3227237215674
2460831.225,2089.4022613381226,-4769.873287879381,-1589.9802624109395
2460831.2256944445,2407.143533513977,-4728.287359749402,-1220.76459588687
2460831.226388889,2705.4627395563307,-4648.530612797506,-841.659363136515
2460831.2270833333,2981.9381683025263,-4531.229058576328,-455.7323571076346
2460831.2277777777,3234.323951519001,-4377.315668846075,-66.11017573622557
2460831.228472222,3460.5691886788763,-4188.02325523258,324.047800419296
2460831.2291666665,3658.8354075274583,-3964.8746326433356,711.5758352160354
2460831.229861111,3827.5121619238835,-3709.6701512630225,1093.328390272092
2460831.230555556,3965.2305927786574,-3424.4727264375842,1466.2065165935996
2460831.23125,4070.8748145751215,-3111.5905268540373,1827.1838103200853
2460831.2319444446,4143.591018131677,-2773.557522747725,2173.3316550887585
2460831.232638889,4182.794221383824,-2413.112118471719,2501.8434986960247
2460831.2333333334,4188.172635016747,-2033.1741113297426,2810.0579345391334
2460831.234027778,4159.689643151512,-1636.8202383866558,3095.4803776275735
2460831.234722222,4097.583432965298,-1227.258573179587,3355.8031603592103
2460831.2354166666,4002.3643332792826,-807.802031042832,3588.9239035633927
2460831.236111111,3874.8099460282574,-381.8412427450681,3792.9620431008957
2460831.2368055554,3715.9581695875136,47.182969962242296,3966.273429430448
2460831.2375,3527.0982273349173,475.807284097022,4107.4629339691655
2460831.238194444,3309.7598179924717,900.5735294242621,4215.395025181024
2460831.238888889,3065.7005081730495,1318.0561147907683,4289.2022892209525
2460831.2395833335,2796.891487096981,1724.8890524431079,4328.291883727767
2460831.240277778,2505.5017947190095,2117.7924282583976,4332.349922016293
2460831.2409722223,2193.881137888234,2493.5981627866167,4301.343786076695
2460831.2416666667,1864.5413972147733,2849.2749279679642,4235.522369855262
2460831.242361111,1520.1369312428176,3181.952076776234,4135.414252144178
2460831.2430555555,1163.443783328149,3488.942445115266,4001.823798533219
2460831.24375,797.3378986002672,3767.763881904694,3835.825191090202
2460831.2444444443,424.77247133305593,4016.1593516279527,3638.7543888196474
2460831.2451388887,48.754550659166206,4232.115450376429,3412.199027545804
2460831.245833333,-327.6789506032331,4413.879167836223,3157.986279168791
2460831.246527778,-701.485680339802,4559.9727232925225,2878.1687072057043
2460831.2472222224,-1069.6425260916571,4669.206305780127,2575.008173560008
2460831.247916667,-1429.1703449772717,4740.688551025752,2250.957880386738
2460831.248611111,-1777.1585300782006,4773.834602411296,1908.6426545200243
2460831.2493055556,-2110.7891813028364,4768.371619171701,1550.837613469536
2460831.25,-2427.3606352091447,4724.341620265524,1180.4453864900813
2460831.2506944444,-2724.3101109017857,4642.101583888385,800.4720864719542
2460831.251388889,-2999.2352230236274,4522.320757732094,414.0022625639919
2460831.252083333,-3249.914124623512,4365.975175600975,24.173082883738864
2460831.2527777776,-3474.3240560513314,4174.339418115273,-365.85198433855203
2460831.253472222,-3670.6580982596874,3948.9756966629434,-752.9097137386251
2460831.254166667,-3837.339952080597,3691.720383653978,-1133.8636023299425
2460831.2548611113,-3973.0366001612733,3404.6681482402246,-1505.6300064945135
2460831.2555555557,-4076.6687411575763,3090.1538897247465,-1865.2036659000034
2460831.25625,-4147.418920666498,2750.7326922349553,-2209.6823556054323
2460831.2569444445,-4184.73732267456,2389.1580404172614,-2536.2904361402852
2460831.257638889,-4188.345218587122,2008.3585523095014,-2842.4010933041195
2460831.2583333333,-4158.236104055452,1611.4134893943713,-3125.5570913537654
2460831.2590277777,-4094.674582172436,1201.5273052826994,-3383.489892088113
2460831.259722222,-3998.19307494723,782.003481578363,-3614.137027458735
2460831.2604166665,-3869.586462795458,356.2178915336432,-3815.6576388246526
2460831.261111111,-3709.904764383649,-72.40808733200677,-3986.4461251882544
2460831.261805556,-3520.4439744094016,-500.43451285227525,-4125.143866559511
2460831.2625,-3302.7351796763337,-924.4296867855172,-4230.649004355085
2460831.2631944446,-3058.5320710072997,-1340.9966712393104,-4302.124275778193
2460831.263888889,-2789.796961041783,-1746.7993719933434,-4339.002907452134
2460831.2645833334,-2498.6854135247127,-2138.5880560660935,-4340.992575578321
2460831.265277778,-2187.5295801844645,-2513.2241851116396,-4308.077441063642
2460831.265972222,-1858.820332807296,-2867.704452500771,-4240.518263848161
2460831.2666666666,-1515.188280178847,-3199.1839044843377,-4138.850596688516
2460831.267361111,-1159.3837497820155,-3504.9980327400403,-4003.881053493998
2460831.2680555554,-794.2558231410889,-3782.6837096772742,-3836.6816440482253
2460831.26875,-422.73051800953476,-4029.9988313131335,-3638.582166252044
2460831.269444444,-47.788224618036296,-4244.94051943566,-3411.1606516329916
2460831.270138889,327.5594903454246,-4425.761729596839,-3156.2318628813296
2460831.2708333335,700.2935657874268,-4570.986093496452,-2875.8338628819592
2460831.271527778,1067.4114635896437,-4679.420829610042,-2572.212684146538
2460831.2722222223,1425.9513395631586,-4750.167549170043,-2247.8051556447494
2460831.2729166667,1773.016167883503,-4782.6307932013815,-1905.2199707387704
2460831.273611111,2105.7976061490167,-4776.524149945199,-1547.2171045827536
2460831.2743055555,2421.59936683151,-4731.8738195098485,-1176.685726027391
2460831.275,2717.859853438033,-4649.019520551413,-796.6207791115604
2460831.2756944443,2992.1738186990056,-4528.612665058516,-410.09843487646503
2460831.2763888887,3242.3127977347226,-4371.61176543248,-20.250648800706372
2460831.277083333,3466.2440849569134,-4179.275077517216,369.7609266672242
2460831.277777778,3662.148033100253,-3953.1505279787148,756.7714000178719
2460831.2784722224,3828.4334807351042,-3695.0630133853197,1137.639193549927
2460831.279166667,3963.7511354485746,-3407.099204490897,1509.2724012819067
2460831.279861111,4067.0047776681267,-3091.590021483131,1868.6546764125653
2460831.2805555556,4137.360180591592,-2751.0909839876454,2212.8703748395624
2460831.28125,4174.251681304495,-2388.360659115345,2539.128707559998
2460831.2819444444,4177.386371056838,-2006.3374588879299,2844.7866671965744
2460831.282638889,4146.745909815567,-1608.1150427909054,3127.370529633238
2460831.283333333,4082.5859999820764,-1196.9165902729198,3384.5957561184614
2460831.2840277776,3985.4335815977515,-776.0682035530776,3614.3851539651573
2460831.284722222,3856.0818334885844,-348.97169489108967,3814.885182693537
2460831.285416667,3695.583081341205,80.9230020951876,3984.4803219771807
2460831.2861111113,3505.2397235797616,510.14557557875406,4121.805443099959
2460831.2868055557,3286.5932938880824,935.2330236163322,4225.75614406412
2460831.2875,3041.4117789390552,1352.7571020734804,4295.497027961048
2460831.2881944445,2771.6753075051156,1759.351362659363,4330.467914144202
2460831.288888889,2479.5603270522283,2151.7376192661627,4330.387978074306
2460831.2895833333,2167.4223745471313,2526.751699946399,4295.257820839273
2460831.2902777777,1837.7775472823519,2881.368341772858,4225.359468125591
2460831.290972222,1493.2827800144162,3212.7250861614784,4121.2542989496205
2460831.2916666665,1136.715029452847,3518.14503728887,3983.7789026167384
2460831.292361111,770.9494784141076,3795.1583328843994,3814.0388636265
2460831.293055556,398.9368766157012,4041.522174209961,3613.40047721221
2460831.29375,23.680149889892782,4255.2392520970225,3383.4804062189687
2460831.2944444446,-351.78957752199545,4434.574401574981,3126.133300590434
2460831.295138889,-724.437383066749,4578.069312300648,2843.437418096656
2460831.2958333334,-1091.2491880579687,4684.555123943022,2537.6783037559526
2460831.296527778,-1449.2564339270234,4753.162738507082,2211.3306175896196
2460831.297222222,-1795.5605841400622,4783.330699607764,1867.0382154659999
2460831.2979166666,-2127.357207637988,4774.810500704634,1507.5926355047554
2460831.298611111,-2441.959409599755,4727.669215621412,1135.9101568363815
2460831.2993055554,-2736.8203593927183,4642.289372333647,755.0076361885563
2460831.3,-3009.5546694505697,4519.3660293039375,367.97735372275116
2460831.300694444,-3257.9583892537544,4359.901053875234,-22.03888010245887
2460831.301388889,-3480.027393389965,4165.194643745388,-411.87608810411143
2460831.3020833335,-3673.973962072377,3936.8341762892774,-798.3726781995633
2460831.302777778,-3838.241381628688,3676.6805108010403,-1178.3969005823212
2460831.3034722223,-3971.516422703004,3386.851907220124,-1548.872929100984
2460831.3041666667,-4072.7395886938084,3069.7057591356715,-1906.8062954980294
2460831.304861111,-4141.113064884769,2727.8183621425756,-2249.308426902047
2460831.3055555555,-4176.106332484792,2363.9629628227653,-2573.620053442416
2460831.30625,-4177.459448455442,1981.08634709764,-2877.133280979074
2460831.3069444443,-4145.1840243373235,1582.2842222567144,-3157.412161622392
2460831.3076388887,-4079.5619635417097,1170.7756603588364,-3412.2116120843802
2460831.308333333,-3981.1420411812214,749.8768480011057,-3639.4945741108822
2460831.309027778,-3850.734425963623,322.974379187805,-3837.4473345169617
2460831.3097222224,-3689.403257331332,-106.50168438818191,-4004.4929471207824
2460831.310416667,-3498.457394968687,-535.1047911661291,-4139.302727079623
2460831.311111111,-3279.439459040673,-959.3987360768878,-4240.805801729329
2460831.3118055556,-3034.113278842626,-1375.9841922365324,-4308.196714600915
2460831.3125,-2764.4498579849924,-1781.5248003448935,-4340.941089569268
2460831.3131944444,-2472.611959456004,-2172.77268497226,-4338.7793624708975
2460831.313888889,-2160.93740611856,-2546.5932780397097,-4301.728587953729
2460831.314583333,-1831.9211837377386,-2899.9893368609023,-4230.082325696027
2460831.3152777776,-1488.1964336041851,-3230.124038774794,-4124.408605632238
2460831.315972222,-1132.5144150041417,-3534.343037101209,-3985.545966452051
2460831.316666667,-767.7235266410704,-3810.195348150859,-3814.5975590635717
2460831.3173611113,-396.74748269161813,-4055.4529312028694,-3612.9233075180687
2460831.3180555557,-22.56274483329085,-4268.128816239491,-3382.1301204278802
2460831.31875,351.8246639818882,-4446.4936164866795,-3124.060158240861
2460831.3194444445,723.4028278058128,-4589.090260764447,-2840.7771716462453
2460831.320138889,1089.177926599178,-4694.746772654618,-2534.5509474463515
2460831.3208333333,1446.1983660998467,-4762.586926014296,-2207.8399201201332
2460831.3215277777,1791.5788494270773,-4792.038612716084,-1863.2720335668819
2460831.322222222,2122.5241708490917,-4782.839771275819,-1503.623969523749
2460831.3229166665,2436.352498901105,-4735.041746474169,-1131.7988902624547
2460831.323611111,2730.5179101608114,-4649.009976521509,-750.8028701993337
2460831.324305556,3002.631925156219,-4525.4219370414885,-363.72022709444747
2460831.325,3250.4838046522027,-4365.2623097051965,26.312013609135853
2460831.3256944446,3472.0593747722614,-4169.815383089439,416.1302676425523
2460831.326388889,3665.55816243184,-3940.654737377955,802.5708797141389
2460831.3270833334,3829.408647142551,-3679.630307175346,1182.4966687724716
2460831.327777778,3962.2814635775712,-3388.8529561484115,1552.8232483123659
2460831.328472222,4063.100419691457,-3070.6767358081356,1910.5448411996351
2460831.3291666666,4131.051230918628,-2727.679032990335,2252.7593208779776
2460831.329861111,4165.587907640569,-2362.638834810075,2576.692230529201
2460831.3305555554,4166.436768243826,-1978.513361789156,2879.719551644356
2460831.33125,4133.598084814543,-1578.4133238413049,3159.389027118594
2460831.331944444,4067.3453986755526,-1165.5770715461797,3413.4398621343307
2460831.332638889,3968.222570064493,-743.34389413611,3639.8206716061177
2460831.3333333335,3837.038647773219,-315.1267243434891,3836.705559359979
2460831.334027778,3674.860658993878,115.61551839727598,4002.5082525678877
2460831.3347222223,3483.004432406801,545.4057179665781,4135.894231519287
2460831.3354166667,3263.0235707430334,970.7762848579981,4235.790821140863
2460831.336111111,3016.696690920667,1388.2966258605652,4301.395223332316
2460831.3368055555,2746.0130489858475,1794.6001885023331,4332.18048057214
2460831.3375,2453.1566608604594,2186.410926485056,4327.89936873754
2460831.3381944443,2140.4890274632794,2560.56903786942,4288.586218786082
2460831.3388888887,1810.5305692323634,2914.0558341493047,4214.556667992738
2460831.339583333,1465.940872311648,3244.01760105766,4106.405340358988
2460831.340277778,1109.4978514686127,3547.7883074425963,3965.001455012555
2460831.3409722224,744.075939584198,3822.91101359105,3791.482362453578
2460831.341666667,372.62342167296316,4067.1578235640727,3587.245011785484
2460831.342361111,-1.8609524872732912,4278.548216083773,3353.9353615494556
2460831.3430555556,-376.3519346818325,4455.365587378569,3093.4357551273993
2460831.34375,-747.8221530532537,4596.171829172666,2807.8503040235237
2460831.3444444444,-1113.2667140070562,4699.8197719498085,2499.488339902258
2460831.345138889,-1469.7278293423044,4765.463327806999,2170.8460219504536
2460831.345833333,-1814.3192447404365,4792.565179086936,1824.5862193023481
2460831.3465277776,-2144.2502399793934,4780.901881201832,1463.5168121519723
2460831.347222222,-2456.8489559185573,4730.5662719675665,1090.5675903482772
2460831.347916667,-2749.584800598771,4641.967113157818,708.7659573022803
2460831.3486111113,-3020.0896919718234,4515.8259266155555,321.2116700294746
2460831.3493055557,-3266.1779000464903,4353.171028194171,-68.94912764340239
2460831.35,-3485.86427028081,4155.328804585322,-458.55030949662046
2460831.3506944445,-3677.380627895193,3923.912323224646,-844.4323236179605
2460831.351388889,-3839.1901961683157,3660.807402385855,-1223.468622803317
2460831.3520833333,-3969.9998873649697,3368.1563101929555,-1592.5916846960836
2460831.3527777777,-4068.770363162199,3048.3392930428968,-1948.8183534084963
2460831.353472222,-4134.7237984317935,2703.954156112646,-2289.2742561616583
2460831.3541666665,-4167.349314997914,2337.794146949356,-2611.217060944257
2460831.354861111,-4166.406090732776,1952.8243932131154,-2912.058382193603
2460831.355555556,-4131.924177521269,1552.157161758456,-3189.3841587889683
2460831.35625,-4064.203091164322,1139.0261943451837,-3440.973369471193
2460831.3569444446,-3963.808257427487,716.7603709699224,-3664.81497691061
2460831.357638889,-3831.565415456877,288.7569362163393,-3859.123022363426
2460831.3583333334,-3668.5530902237897,-141.5454947857108,-4022.3498191825315
2460831.359027778,-3476.093252259202,-570.6939505671176,-4153.197213846761
2460831.359722222,-3255.740281889785,-995.2479635246387,-4250.625902946126
2460831.3604166666,-3009.2683514431196,-1411.806119315947,-4313.862804579655
2460831.361111111,-2738.657337735555,-1817.03214766434,-4342.406488710267
2460831.3618055554,-2446.077361140784,-2207.6804362722487,-4336.030677110685
2460831.3625,-2133.872048363068,-2580.6208421096967,-4294.785818509342
2460831.363194444,-1804.540605219744,-2932.8626877869156,-4218.99874332724
2460831.363888889,-1460.7187821073317,-3261.577828329211,-4109.270396385407
2460831.3645833335,-1105.1588174666176,-3564.122665521187,-3966.4716421497674
2460831.365277778,-740.7084445667044,-3838.058982897929,-3791.7371337275267
2460831.3659722223,-370.2890578669989,-4081.173460697501,-3586.4572377095674
2460831.3666666667,3.1268568326989263,-4291.495722096596,-3352.2680093405133
2460831.367361111,376.53890169979076,-4467.314746832765,-3091.0392249744846
2460831.3680555555,746.9424195506857,-4607.193486671896,-2804.8604878830292
2460831.36875,1111.3524542303792,-4709.981507385251,-2496.025447940597
2460831.3694444443,1466.8278407344585,-4774.825487731428,-2167.0141938697075
2460831.3701388887,1810.4952186048663,-4801.177409969766,-1820.4739107619603
2460831.370833333,2139.5727553560705,-4788.800293589738,-1459.1979165262408
2460831.371527778,2451.3933392308954,-4737.771342518298,-1086.1032348687945
2460831.3722222224,2743.4270060431118,-4648.482405938515,-704.2068799115445
2460831.372916667,3013.302351187996,-4521.6376848502605,-316.60106696933855
2460831.373611111,3258.8266862271116,-4358.24865544355,73.57241467916154
2460831.3743055556,3478.00470755796,-4159.626222459671,463.1484072188543
2460831.375,3669.0554649754927,-3927.370156276789,848.9648982805641
2460831.3756944444,3830.427435205053,-3663.3559139996833,1227.889555998525
2460831.376388889,3960.811539895308,-3369.7189805694225,1596.846006458013
2460831.377083333,4059.151974381259,-3048.8369085405066,1952.8395699707871
2460831.3777777776,4124.654753191236,-2703.309260877544,2292.982194665203
2460831.378472222,4156.793911298197,-2335.9356900272514,2614.516338221539
2460831.379166667,4155.315337003716,-1949.692404823385,2914.837573462937
2460831.3798611113,4120.238246262521,-1547.7072828498544,3191.5157248136607
2460831.3805555557,4051.8543382188104,-1133.2338976910096,3442.314365445311
2460831.38125,3950.7246972119237,-709.6247129297109,3665.2085460548965
2460831.3819444445,3817.6745287543076,-280.30370453651915,3858.400642698471
2460831.382638889,3653.78583043073,151.2613597275967,4020.3342517445703
2460831.3833333333,3460.388109665557,581.5867593824461,4149.706075505549
2460831.3840277777,3239.0472655345684,1007.2005759184868,4245.475765130007
2460831.384722222,2991.5527499106024,1424.6701827108047,4306.873703282144
2460831.3854166665,2719.9031260699726,1830.6292951026578,4333.406716609288
2460831.386111111,2426.290132227338,2221.804432130662,4324.861717409416
2460831.386805556,2113.0813610088426,2595.0406365148883,4281.30727383737
2460831.3875,1782.801654013213,2947.3263180819254,4203.0931095839205
2460831.3881944446,1438.1133175779835,3275.8170743977284,4090.847532258049
2460831.388888889,1081.79526204976,3577.8583474973248,3945.472789373243
2460831.3895833334,716.7211760559273,3851.0067651183167,3768.1383523460977
2460831.390277778,345.8368527828337,4093.050010924076,3560.272131758893
2460831.390972222,-27.863196003013346,4302.025055838607,3323.5496377001296
2460831.3916666666,-401.35969119682346,4476.234581049613,3059.881110173542
2460831.392361111,-771.6329377826329,4614.26141913394,2771.3966611801598
2460831.3930555554,-1135.6873879507225,4714.980839130711,2460.4294951652305
2460831.39375,-1490.5762119854633,4777.570511086337,2129.4972990959177
2460831.394444444,-1833.4256580263545,4801.517998948089,1781.281920289639
2460831.395138889,-2161.4589628386716,4786.62564966245,1418.607485450231
2460831.3958333335,-2472.019572581459,4733.012774907214,1044.4171401103345
2460831.396527778,-2762.593426526329,4641.1150534891585,661.748618678078
2460831.3972222223,-3030.8300591986736,4511.681120576849,273.708882098456
2460831.3979166667,-3274.562287080512,4345.766351362552,-116.55191926052592
2460831.398611111,-3491.824263310133,4144.723888694674,-505.8668860012063
2460831.3993055555,-3680.8677047346328,3910.1930069125965,-891.0789311762449
2460831.4,-3840.176122053215,3644.0849478937353,-1269.0671749034059
2460831.4006944443,-3968.4769216444943,3348.5663959199965,-1636.7729007400103
2460831.4013888887,-4064.751274839692,3026.040798320603,-1991.2247999367721
2460831.402083333,-4128.24169266293,2679.1277592059078,-2329.5632587616938
2460831.402777778,-4158.457278058312,2310.64075120808,-2649.063466483127
2460831.4034722224,-4155.176660695761,1923.5634083298162,-2947.157142578509
2460831.404166667,-4118.448652803094,1521.024656853538,-3221.452722102344
2460831.404861111,-4048.590689500467,1106.2729461113322,-3469.7538611722784
2460831.4055555556,-3946.1851397643413,682.6498265928095,-3690.076160158479
2460831.40625,-3812.073589193391,253.56310773326305,-3880.6620303810205
2460831.4069444444,-3647.3492075203926,-177.5401847421827,-4039.993652934747
2460831.407638889,-3453.3473164479437,-607.2008615110224,-4166.804004516376
2460831.408333333,-3231.6342753138115,-1031.9744538627835,-4260.085936954834
2460831.4090277776,-2983.9947990068085,-1448.4577720953648,-4319.099310715887
2460831.409722222,-2712.4178130534374,-1853.3150029858668,-4343.376190013601
2460831.410416667,-2419.0809467757244,-2243.3032162029504,-4332.724106797159
2460831.4111111113,-2106.3337568690395,-2615.29716146949,-4287.227400919544
2460831.4118055557,-1776.6797673408405,-2966.3132420620864,-4207.246639661789
2460831.4125,-1432.7574088214815,-3293.5325481510567,-4093.416114760299
2460831.4131944445,-1077.319939790676,-3594.3228285828677,-3946.6394105316967
2460831.413888889,-713.2144370862276,-3866.25927014858,-3768.083034270374
2460831.4145833333,-343.35995323670693,-4107.143941801223,-3559.16810198767
2460831.4152777777,29.27505621756498,-4315.0237550482525,-3321.5600739051783
2460831.415972222,401.6959062820353,-4488.206773840133,-3057.156548337956
2460831.4166666665,770.9053188075854,-4625.276706840038,-2768.0731323742893
2460831.417361111,1133.9273547750824,-4725.105406248364,-2456.6274321379115
2460831.418055556,1487.8314612326728,-4786.863202902202,-2125.321225873389
2460831.41875,1829.7564291319732,-4810.026913639448,-1776.8209123580784
2460831.4194444446,2156.9340404510963,-4794.38537216647,-1413.9363584289044
2460831.420138889,2466.7121704880246,-4740.0423572601185,-1039.5983004364675
2460831.4208333334,2756.5771050558255,-4647.416819992673,-656.8344826200961
2460831.421527778,3024.1748247255778,-4517.240346246334,-268.74475019536885
2460831.422222222,3267.33101814285,-4350.551828989316,121.5246662311669
2460831.4229166666,3484.0695924271004,-4148.689367478592,510.80741180669617
2460831.423611111,3672.629470008733,-3913.279452112033,895.9435418131591
2460831.4243055554,3831.4794808283696,-3646.223538967887,1273.806042816585
2460831.425,3959.3311919263906,-3349.682154277805,1641.3270613976576
2460831.425694444,4055.1495441900356,-3026.05671114162,1995.5235581630739
2460831.426388889,4118.161205675116,-2677.9692457433616,2333.5221275547797
2460831.4270833335,4147.860583765267,-2308.2403094426872,2652.582736277017
2460831.427777778,4144.0134754607225,-1919.8652678528008,2950.1211611486733
2460831.4284722223,4106.658368060405,-1515.9892703511994,3223.7299327943533
2460831.4291666667,4036.1054321504926,-1099.8811495979103,3471.197626413724
2460831.429861111,3932.933274577874,-674.906517868266,3690.526363053978
2460831.4305555555,3797.9835390527555,-244.5003048569664,3879.947423799209
2460831.43125,3632.3534558301767,187.86102698030572,4037.9349012265097
2460831.4319444443,3437.3864539748406,618.6873652046128,4163.217335059683
2460831.4326388887,3214.6609490508717,1044.5027366768275,4254.787304135852
2460831.433333333,2965.9774258940915,1461.8728110880381,4311.908954026765
2460831.434027778,2693.3439279008153,1867.4319578749344,4334.123455443436
2460831.4347222224,2398.960063525676,2257.909699282434,4321.2523906435445
2460831.435416667,2085.1996365831005,2630.156412609504,4273.399068542621
2460831.436111111,1754.5920014755955,2981.1681422004135,4190.947768986883
2460831.4368055556,1409.8022457867535,3308.1103783702624,4074.5609151774183
2460831.4375,1053.6103063826952,3608.340656524083,3925.1741739306244
2460831.4381944444,688.8891247770989,3879.429829391962,3743.9894826556624
2460831.438888889,318.5819681901753,4119.181847526997,3532.4660103557053
2460831.439583333,-54.32095650266339,4325.651886989993,3292.309063913698
2460831.4402777776,-426.8064411430472,4497.162647767741,3025.4569689870705
2460831.440972222,-795.8626012501745,4632.31864999945,2734.065969789356
2460831.441666667,-1158.5033994750884,4730.018354560841,2420.4932161751776
2460831.4423611113,-1511.7931609442119,4789.463943019328,2087.277933356528
2460831.4430555557,-1852.8708605757354,4810.1686070010755,1737.1208959207613
2460831.44375,-2178.9739432383135,4791.961216691632,1372.86236392264
2460831.4444444445,-2487.4614352261538,4734.988267842456,997.4586644316275
2460831.445138889,-2775.8361031201425,4639.713038078278,613.957628733559
2460831.4458333333,-3041.765410688542,4506.9119233943575,225.47313202539326
2460831.4465277777,-3283.10104895416,4337.667964961536,-164.84101374388877
2460831.447222222,-3497.8968178146306,4133.3616221945695,-553.8175314900615
2460831.4479166665,-3684.424671074527,3895.658887350115,-938.3022383893432
2460831.448611111,-3841.188757625541,3626.496881146193,-1315.1804045885383
2460831.449305556,-3966.9373289500304,3328.0671021354096,-1681.4026371768375
2460831.45,-4060.6724144885375,3002.7965380908067,-2034.010021332082
2460831.4506944446,-4121.657205874602,2653.326867111279,-2370.158277597886
2460831.451388889,-4149.421123442167,2282.492002076947,-2687.140708688303
2460831.4520833334,-4143.762575668652,1893.294233134011,-2982.40974816745
2460831.452777778,-4104.749450349884,1488.8792336194376,-3253.5969451544156
2460831.453472222,-4032.717403818559,1072.5101852137163,-3498.5312562386016
2460831.4541666666,-3928.266035020038,647.5412708810845,-3715.2555436276434
2460831.454861111,-3792.2530470173087,217.39076831653324,-3902.0412081107957
2460831.4555555554,-3625.786506642692,-214.48604588034797,-4057.4009120582664
2460831.45625,-3430.215320510645,-644.6239807063097,-4180.099363693263
2460831.456944444,-3207.118041465565,-1069.5748374155446,-4269.162156280068
2460831.457638889,-2958.290118415447,-1485.9339802365214,-4323.882661528069
2460831.4583333335,-2685.729694734187,-1890.3664340885364,-4343.826984679857
2460831.459027778,-2391.6220537671497,-2279.6323825724853,-4328.836989628923
2460831.4597222223,-2078.3228016075154,-2650.611949082544,-4279.03140071985
2460831.4604166667,-1748.339872435426,-3000.3291451771,-4194.804983417149
2460831.461111111,-1404.3144405397952,-3325.9748671403154,-4076.8258020241115
2460831.4618055555,-1049.000817554919,-3624.928822170884,-3926.0305467880794
2460831.4625,-685.2454274225632,-3894.7802465293007,-3743.6179228473884
2460831.4631944443,-315.96495163089673,-4133.347276587856,-3531.0400924695073
2460831.4638888887,55.8762463904851,-4338.69481778867,-3289.9921674538696
2460831.464583333,427.28928921998255,-4509.150745146119,-3022.3997612213093
2460831.465277778,795.2844041194372,-4643.320265927281,-2730.4046223580726
2460831.4659722224,1156.8948281107425,-4740.09826967096,-2416.348392082657
2460831.466666667,1509.2008109864257,-4798.679492437535,-2082.7545558602274
2460831.467361111,1849.3535141809305,-4818.566333506583,-1732.3086831742326
2460831.4680555556,2174.598580830539,-4799.574176692643,-1367.837084762147
2460831.46875,2482.2991459485193,-4741.834092106865,-992.2840418487542
2460831.4694444444,2769.958038743277,-4645.79282312289,-608.6878023334174
2460831.470138889,3035.2389385715533,-4512.209997844424,-220.15555515954642
2460831.470833333,3275.9862404149453,-4342.152544114147,170.16236945276924
2460831.4715277776,3490.243403984479,-4136.986328490527,559.0988141446442
2460831.472222222,3676.2695743844556,-3898.3650846218384,943.4963434535078
2460831.472916667,3832.5542906585843,-3628.2167357159415,1320.2337485609596
2460831.4736111113,3957.8301227347133,-3328.72725952668,1686.252220750264
2460831.4743055557,4051.0831132260078,-3002.3222787270083,2038.5809184357074
2460831.475,4111.560935455182,-2651.6465884440872,2374.361667549983
2460831.4756944445,4138.778713740357,-2279.5418596654276,2690.8725512994642
2460831.476388889,4132.522488527853,-1889.0227711504592,2985.550173576225
2460831.4770833333,4092.850341150628,-1483.251831851431,3256.0104076038533
2460831.4777777777,4020.0912224327494,-1065.5131591647655,3500.0674705224424
2460831.478472222,3914.841554616739,-639.185472804894,3715.751196286195
2460831.4791666665,3777.9596946756155,-207.71455046451302,3901.3224101178853
2460831.479861111,3610.5583623706216,225.41461647893655,4055.286330830651
2460831.480555556,3413.995143530476,656.7057539042202,4176.403954757715
2460831.48125,3189.8611850536436,1082.6791198207495,4263.7013901822365
2460831.4819444446,2939.968195212256,1499.8990259986117,4316.477128100296
2460831.482638889,2666.3338639237486,1905.0008958026906,4334.307241650912
2460831.4833333334,2371.1658099406395,2294.7177078245845,4317.048513831734
2460831.484027778,2056.844161291312,2665.9056766347608,4264.839493672247
2460831.484722222,1725.9028687336856,3015.5690316303767,4178.099481184202
2460831.4854166666,1381.0098562495107,3340.8837482817917,4057.5254405931337
2460831.486111111,1024.9461089273461,3639.2200896824133,3904.0868399501883
2460831.4868055554,660.5838131717835,3908.163800921721,3719.0184189574625
2460831.4875,290.86366744111683,4145.535798741716,3503.8108903595876
2460831.488194444,-81.22850094613342,4349.410187432241,3260.1995902888107
2460831.488888889,-452.68566238757074,4518.13042769116,2990.151106222933
2460831.4895833335,-820.503883372235,4650.323481641106,2695.8479316562043
2460831.490277778,-1181.7068085934043,4744.911761786654,2379.671218376081
2460831.4909722223,-1533.3701208185812,4801.122719641987,2044.1817231586044
2460831.4916666667,-1872.645750655984,4818.495923742063,1692.099080392751
2460831.492361111,-2196.7856070581,4796.887501088588,1326.2795525057797
2460831.4930555555,-2503.164576597601,4736.471841735912,949.692454400145
2460831.49375,-2789.302551242112,4637.740502774383,565.3954635411556
2460831.4944444443,-3052.885241385143,4501.498284742738,176.50905859164308
2460831.4951388887,-3291.7835413086023,4328.856497201332,-213.80964839386777
2460831.495833333,-3504.071237822783,4121.223470522605,-602.3934158189396
2460831.496527778,-3688.0408680954947,3880.2924174006607,-986.0914229448946
2460831.4972222224,-3842.217568389698,3608.026784883432,-1361.7955871429956
2460831.497916667,-3965.370784890298,3306.643274404093,-1726.466371759157
2460831.498611111,-4056.5237522279863,2978.5927404281283,-2077.157819705564
2460831.4993055556,-4114.960683316708,2626.5392007182645,-2411.041571375598
2460831.5,-4140.231648909145,2253.337209031283,-2725.429648919489
2460831.5006944444,-4132.155158866709,1862.007849486968,-3017.795818452899
2460831.501388889,-4090.818487053612,1455.7136163398643,-3285.795370410317
2460831.502083333,-4016.5758077141777,1037.7324345374266,-3527.2831927226116
2460831.5027777776,-3910.0442312977325,611.431068676074,-3740.3300393752256
2460831.503472222,-3772.0978425242447,180.2381504553303,-3923.2369267360673
2460831.504166667,-3603.8598524685976,-252.38296330725487,-4074.5476140904475
2460831.5048611113,-3406.6929801738,-682.9613106248657,-4193.059145181182
2460831.5055555557,-3182.1881788726355,-1108.0452503358906,-4277.830442594153
2460831.50625,-2932.151817323223,-1524.2290418858142,-4328.188957366705
2460831.5069444445,-2658.591419272736,-1928.1789433683646,-4343.735381169699
2460831.507638889,-2363.7000598381014,-2316.65869880668,-4324.346428890027
2460831.5083333333,-2049.8395068856985,-2686.55429971257,-4270.175698566047
2460831.5090277777,-1719.5221902911712,-3034.8979060432525,-4181.652609855187
2460831.509722222,-1375.3920836516008,-3358.8908046099596,-4059.4794183370414
2460831.5104166665,-1020.2045795256594,-3655.925282925058,-3904.626298916981
2460831.511111111,-656.8054440960226,-3923.605285786587,-3718.324488459575
2460831.511805556,-288.1089511665397,-4159.765706773085,-3502.0574813274884
2460831.5125,82.92469592834712,-4362.49016023968,-3257.550275996236
2460831.5131944446,453.3125281789041,-4530.127067852811,-2986.7566815566743
2460831.513888889,820.0724126157061,-4661.3038857393585,-2691.844710540012
2460831.5145833334,1180.2469278005592,-4754.939298234233,-2375.1801024044094
2460831.515277778,1530.9273217064638,-4810.253204668022,-2039.3080522795342
2460831.515972222,1869.2773514222213,-4826.774338621117,-1686.9332398249717
2460831.5166666666,2192.556773768652,-4804.345372111976,-1320.898295985765
2460831.517361111,2498.144258987818,-4743.125383881842,-944.1608626856776
2460831.5180555554,2783.55947845807,-4643.589598845143,-559.7694446380252
2460831.51875,3046.4841265210116,-4506.526342083878,-170.83827027209472
2460831.519444444,3284.7816363455577,-4333.0311899046565,219.47859133037153
2460831.520138889,3496.515362695119,-4124.498343861357,608.0135915079336
2460831.5208333335,3679.965024953876,-3882.6092959675966,991.612264939757
2460831.521527778,3833.6412265468234,-3609.318896337327,1367.1597098816687
2460831.5222222223,3956.297896636113,-3306.8389747493575,1731.6067023008823
2460831.5229166667,4046.9425340412517,-2977.6197008066893,2081.99517158075
2460831.523611111,4104.844166164436,-2624.328903243461,2415.482773088823
2460831.5243055555,4129.5389755445085,-2249.8295805015223,2729.366326700647
2460831.525,4120.833576791069,-1857.155865441152,3021.1038990820625
2460831.5256944443,4078.8059632902705,-1449.4877026373513,3288.3353503302947
2460831.5263888887,4003.8041696993123,-1030.124503994447,3528.901188787825
2460831.527083333,3896.4427207559916,-602.4580402982072,3740.859610756145
2460831.527777778,3757.596956258759,-169.94481833019495,3922.5016292167793
2460831.5284722224,3588.3953351899777,263.92182496798813,4072.364224243939
2460831.529166667,3390.209830107275,695.6396956719346,4189.241469281547
2460831.529861111,3164.6445257808346,1121.7255872472726,4272.193605955175
2460831.5305555556,2913.5225383424386,1538.7428122718693,4320.554052343691
2460831.53125,2638.8713628502387,1943.3282636590952,4333.934340737698
2460831.5319444444,2342.90676146333,2332.218843366418,4312.226982376308
2460831.532638889,2028.0152922993973,2702.2771197816646,4255.606261217387
2460831.533333333,1696.7355789431156,3050.516071250979,4164.526955592534
2460831.5340277776,1351.7384279039084,3374.1227654805143,4039.720988329932
2460831.534722222,995.8058882190571,3670.4808385288325,3882.1920022828367
2460831.535416667,631.8093745576272,3937.191607918595,3693.2078650760754
2460831.5361111113,262.6869677022378,4172.0936657876355,3474.291107618158
2460831.5368055557,-108.57996735891284,4373.280778210752,3227.2073144731066
2460831.5375,-478.99069428688654,4539.117917193661,2953.951496998712
2460831.5381944445,-845.5493775523722,4668.2552486025415,2656.7324999898547
2460831.538888889,-1205.2895226382645,4759.639902615071,2337.955516841668
2460831.5395833333,-1555.2983768232775,4812.525363308694,2000.2028139046934
2460831.5402777777,-1892.7410632378446,4826.478328830878,1646.2127978364126
2460831.540972222,-2214.8842152779366,4801.382917700417,1278.857584468002
2460831.5416666665,-2519.1188626227427,4737.442124442873,901.1192659588443
2460831.542361111,-2802.9823261774764,4635.176463994149,516.0650940388507
2460831.543055556,-3064.1788810136354,4495.419782349075,126.8218240734447
2460831.54375,-3300.5989571530945,4319.312253854934,-263.4505144252543
2460831.5444444446,-3510.3366681950665,4108.29062847056,-651.5851444294902
2460831.545138889,-3691.705481542125,3864.0758338100213,-1034.4350828818904
2460831.5458333334,-3843.251869720011,3588.6580809457337,-1408.8994088422314
2460831.546527778,-3963.7668217227224,3284.2796518976606,-1771.9489904668023
2460831.547222222,-4052.29512152452,2953.415584149603,-2120.651404693909
2460831.5479166666,-4108.142341338969,2598.752487722077,-2452.194811456272
2460831.548611111,-4130.879531607873,2223.165745543077,-2763.910569550642
2460831.5493055554,-4120.3456219895,1829.6953598656946,-3053.2944067748513
2460831.55,-4076.6475781674435,1421.5207056915565,-3318.02599127944
2460831.550694444,-4000.158383764257,1001.9344477840181,-3555.9867809403654
2460831.551388889,-3891.5129363461942,574.3158659536834,-3765.276058222768
2460831.5520833335,-3751.6019613542535,142.10381997190564,-3944.2250846478073
2460831.552777778,-3581.5640544624307,-291.2304407721395,-4091.4093367180117
2460831.5534722223,-3382.7759686357645,-722.2104276682525,-4205.658799495274
2460831.5541666667,-3156.841258042457,-1147.381359066285,-4286.066313645861
2460831.554861111,-2905.577389595229,-1563.3367468807478,-4331.993977423837
2460831.5555555555,-2631.0014234233695,-1966.7444909762144,-4343.077612333985
2460831.55625,-2335.3143581809077,-2354.372355083417,-4319.229300268329
2460831.5569444443,-2020.8842277434662,-2723.112708585644,-4260.63799772972
2460831.5576388887,-1690.2280360223108,-3070.006413284799,-4167.768228713822
2460831.558333333,-1345.9926059247762,-3392.2657423685696,-4041.3568521784496
2460831.559027778,-990.9344293689298,-3687.2962000284865,-3882.4078972494754
2460831.5597222224,-627.8986035464219,-3952.7171094874966,-3692.185456841973
2460831.560416667,-259.7969518087528,-4186.380821575125,-3472.204632770113
2460831.561111111,110.41455902506823,-4386.390385478645,-3224.2205321629235
2460831.5618055556,479.75897607889374,-4551.115513931682,-2950.215326692848
2460831.5625,845.2619471575696,-4679.206669831313,-2652.3834004755854
2460831.5631944444,1203.9755635382603,-4769.607096026451,-2333.1146391725724
2460831.563888889,1553.0022743318598,-4821.562618566718,-1994.9759319471707
2460831.564583333,1889.518662188643,-4834.629060493359,-1640.6909913013521
2460831.5652777776,2210.7988553838104,-4808.677122078579,-1273.1186263370594
2460831.565972222,2514.2373397171523,-4743.894608237329,-895.2296364654451
2460831.566666667,2797.370930909501,-4640.785913309172,-510.0825179315855
2460831.5673611113,3057.899657814942,-4500.1687109609875,-120.79821510872159
2460831.5680555557,3293.7063256227298,-4323.167834980546,269.46584317329575
2460831.56875,3502.874528513017,-4111.206382903926,657.5421473714187
2460831.5694444445,3683.704911853994,-3865.99411270155,1040.27968028285
2460831.570138889,3834.729498088228,-3589.513252713751,1414.5703657984363
2460831.5708333333,3954.723931507222,-3284.0018735289414,1777.3751223599531
2460831.5715277777,4042.717518874933,-2951.9350196825803,2125.749235950406
2460831.572222222,4098.000988487068,-2596.003813090957,2456.8668058518974
2460831.5729166665,4120.131918520645,-2219.0927749719513,2768.0440201545766
2460831.573611111,4108.937824333914,-1824.2556209515383,3056.761053724017
2460831.574305556,4064.51692483441,-1414.689791770144,3320.6824083423717
2460831.575,3987.2366368406033,-993.7099883449536,3557.675541175585
2460831.5756944446,3877.7298691246,-564.7209615527282,3765.827666627918
2460831.576388889,3736.889207871824,-131.18981290373097,3943.4606343617174
2460831.5770833334,3565.8590949748955,303.3819731837295,4089.1438242394656
2460831.577777778,3366.026112216803,735.4865423983872,4201.705010275686
2460831.578472222,3139.007483073399,1161.6375408404447,4280.2391714411615
2460831.5791666666,2886.637907781958,1578.3976580704555,4324.1152344004695
2460831.579861111,2610.9548390838236,1982.4056853159216,4332.980745031254
2460831.5805555554,2314.1823082447636,2370.4029300217994,4306.764467034143
2460831.58125,1998.7134005874323,2739.25884694039,4245.676909025208
2460831.581944444,1667.091482709102,3085.995739613721,4150.208779622081
2460831.582638889,1321.990281741368,3407.812388939727,4021.1273699642124
2460831.5833333335,966.1929190780207,3702.1064616642147,3859.4708622257713
2460831.584027778,602.5700129044556,3966.4955401431444,3666.5405667523733
2460831.5847222223,234.05696944703124,4198.836612284254,3443.8910947535123
2460831.5854166667,-136.36939816672427,4397.2438489139695,3193.3184854351857
2460831.586111111,-505.71476906960817,4560.104492806881,2916.8463213636774
2460831.5868055555,-870.991559942058,4686.092682768588,2616.7098847108823
2460831.5875,-1229.2433215912492,4774.18103836256,2295.338434098438
2460831.5881944443,-1577.569079994722,4823.649843520603,1955.335704828697
2460831.5888888887,-1913.1473924166544,4834.093681234374,1599.4587707148048
2460831.589583333,-2233.2598821527345,4805.425397367873,1230.5954331514208
2460831.590277778,-2535.3140094801283,4737.877300379804,851.740331424428
2460831.5909722224,-2816.864830670165,4631.999539192663,465.97000119629604
2460831.591666667,-3075.635506901559,4488.655641893065,76.41712778263229
2460831.592361111,-3309.5363369168404,4309.015239233144,-313.75574111842286
2460831.5930555556,-3516.6821035883936,4094.5440410555234,-701.3827429842173
2460831.59375,-3695.407550351651,3846.991176810455,-1083.321223478768
2460831.5944444444,-3844.2808343563956,3568.3740492962156,-1456.4779547406868
2460831.595138889,-3962.114833863369,3260.9608879806883,-1817.8347736548233
2460831.595833333,-4047.9762239021575,2927.251218114303,-2164.4733814604415
2460831.5965277776,-4101.192271003684,2569.9544813952234,-2493.5990708078093
2460831.597222222,-4121.355330705462,2191.9670653544663,-2802.5631655092593
2460831.597916667,-4108.325066569043,1796.3480005981573,-3088.8839945193427
2460831.5986111113,-4062.2284370216435,1386.2935884613407,-3350.266248939976
2460831.5993055557,-3983.4575211933175,965.1112151179134,-3584.6186028471316
2460831.6,-3872.665274169719,536.1925960884114,-3790.069509091551
2460831.6006944445,-3730.759314702301,102.98667606994418,-3964.981109764352
2460831.601388889,-3558.8938577526055,-331.0276038736481,-4107.961221436467
2460831.6020833333,-3358.459904774337,-762.3684891704655,-4217.873378704728
2460831.6027777777,-3131.0738051160197,-1187.5783737376562,-4293.84492941117
2460831.603472222,-2878.5642963810424,-1603.2503924570692,-4335.273186083202
2460831.6041666665,-2602.9581234726493,-2006.0545116603068,-4341.8296417788815
2460831.604861111,-2306.464332270023,-2392.762989765937,-4313.462257898322
2460831.605555556,-1991.4573221226196,-2760.2750948044572,-4250.395829671978
2460831.60625,-1660.4587407822733,-3105.640959323559,-4153.1304294367565
2460831.6069444446,-1316.1183025987407,-3426.0844524039476,-4022.437923936329
2460831.607638889,-961.1936114989131,-3719.0249424446292,-3859.356557837363
2460831.6083333334,-598.529076662762,-3982.0978134343177,-3665.1835942063885
2460831.609027778,-231.0340195411597,-4213.173585473751,-3441.466005373607
2460831.609722222,138.33991174222294,-4410.375477599057,-3189.9892170992944
2460831.6104166666,506.6218967643187,-4572.095247781817,-2912.7639154192266
2460831.611111111,870.8455106266321,-4697.007130685509,-2612.010949378753
2460831.6118055554,1228.072535995133,-4784.079698125876,-2290.1443817691325
2460831.6125,1575.4168315453312,-4832.5854710410895,-1949.7527635422757
2460831.613194444,1910.0680423378453,-4842.108120557843,-1593.578743489778
2460831.613888889,2229.314929610953,-4812.5471168827835,-1224.4971497075387
2460831.6145833335,2530.5680816052686,-4744.119708368018,-845.4917144821479
2460831.615277778,2811.3817631595116,-4637.360144938951,-459.6306424182908
2460831.6159722223,3069.4746604279408,-4493.11609687722,-70.04125076373312
2460831.6166666667,3302.749286524227,-4312.542259379307,320.1160697976633
2460831.617361111,3509.309821177418,-4097.091179763033,707.6742985857265
2460831.6180555555,3687.478187091449,-3848.5013822182905,1089.4863607762045
2460831.61875,3835.8081811211578,-3568.7829132517095,1462.45154409469
2460831.6194444443,3953.0975160444914,-3260.2004644718736,1823.541480148312
2460831.6201388887,4038.3976573855807,-2925.2542681496016,2169.8254157560314
2460831.620833333,4091.0213773106443,-2566.6589890397186,2498.4945188651222
2460831.621527778,4110.547983836837,-2187.320851983219,2806.8849905552265
2460831.6222222224,4096.826215454981,-1790.3132685642738,3092.4997710296016
2460831.622916667,4049.974825255051,-1378.8512225024078,3353.028667058892
2460831.623611111,3970.3809051743137,-956.2646822146759,3586.366750638987
2460831.6243055556,3858.6960242574137,-525.9712938744467,3790.630915606516
2460831.625,3715.8302718880664,-91.44860107401622,3964.174503405927
2460831.6256944444,3542.944310623755,343.79397641713365,4105.599934861667
2460831.626388889,3341.4395473275913,776.2431991690971,4213.7693100844335
2460831.627083333,3112.9465379718217,1202.4098991385495,4287.8129500490595
2460831.6277777776,2859.311736649212,1618.8565335851977,4327.135870459837
2460831.628472222,2582.5826985845833,2022.2242370623333,4331.422183055592
2460831.629166667,2284.991842147457,2409.2592199569344,4300.637424325357
2460831.6298611113,1968.9388709534373,2776.8383687339333,4235.028812236655
2460831.6305555557,1636.9719553866535,3121.9939046920344,4135.123430675213
2460831.63125,1291.7677747356042,3441.9369551714326,4001.724340891438
2460831.6319444445,936.1105227456845,3734.0798888421145,3835.904619065383
2460831.632638889,572.8699889568333,3996.0572570133468,3638.9993221233335
2460831.6333333333,204.97884046237772,4225.745174819669,3412.595391277727
2460831.6340277777,-164.5907583402493,4421.278970664081,3158.519512984746
2460831.634722222,-532.8510320122128,4581.068926477022,2878.823973072164
2460831.6354166665,-896.8228099635505,4703.813930255947,2575.7705616544467
2460831.636111111,-1253.5598812495773,4788.512869014042,2251.812607595064
2460831.636805556,-1600.1732700604612,4834.473597664684,1909.5752572097251
2460831.6375,-1933.8552143678016,4841.319341807872,1551.8341284295377
2460831.6381944446,-2251.9025989150914,4808.992411380028,1181.492520143646
2460831.638888889,-2551.7396064811496,4737.755137146585,801.5573689984651
2460831.6395833334,-2830.9393380078113,4628.187975593851,415.1141855936474
2460831.640277778,-3087.2441654750505,4481.184768919893,25.30121836151019
2460831.640972222,-3318.584591456651,4297.945189444319,-364.7168856519618
2460831.6416666666,-3523.0964101598365,4079.964440684975,-751.7756444117424
2460831.642361111,-3699.135988279705,3829.0203304017978,-1132.7372434848446
2460831.6430555554,-3845.2935141712483,3547.157871570518,-1504.5166942690003
2460831.64375,-3960.4041002097915,3236.6715966831725,-1864.1073817551248
2460831.644444444,-4043.5566520129946,2900.08581025527,-2208.605737002311
2460831.645138889,-4094.1004619404634,2540.1330128805243,-2535.2348104116795
2460831.6458333335,-4111.649512281815,2159.730757908929,-2841.366531137851
2460831.646527778,-4096.084510108561,1761.9571996829106,-3124.5424791922446
2460831.6472222223,-4047.5527025400684,1350.0255973924739,-3382.4930220002234
2460831.6479166667,-3966.465545095389,927.2580256975112,-3613.154703092991
2460831.648611111,-3853.4943147514755,497.05853970325865,-3814.6857941967737
2460831.6493055555,-3709.563770547719,62.88601234181258,-3985.4799569209576
2460831.65,-3535.843974918986,-371.7731407352149,-4124.1779742099025
2460831.6506944443,-3333.7403862991264,-803.4321740012807,-4229.677539799558
2460831.6513888887,-3104.8823367391665,-1228.6309885248659,-4301.141098308259
2460831.652083333,-2851.109999491153,-1643.9627289594778,-4338.001742692786
2460831.652777778,-2574.45994675211,-2046.0998657948567,-4339.967176669274
2460831.6534722224,-2277.1493886063436,-2431.8196414429794,-4307.021750112079
2460831.654166667,-1961.559180639894,-2798.0287595758828,-4239.426572027273
2460831.654861111,-1630.2156784235053,-3141.787204460645,-4137.71770086427
2460831.6555555556,-1285.7715228436905,-3460.3310638333555,-4002.7024080168294
2460831.65625,-930.9854338762325,-3751.0942317347203,-3835.4535053994496
2460831.6569444444,-568.7011060723514,-4011.728847227309,-3637.30172954454
2460831.657638889,-201.82530175964706,-4240.124321705755,-3409.8261753343236
2460831.658333333,166.6947407195847,-4434.424790263169,-3154.842782978774
2460831.6590277776,533.8944557676656,-4593.044818650391,-2874.3908909018714
2460831.659722222,896.815499493023,-4714.683186254244,-2570.7178907085054
2460831.660416667,1252.5295327887673,-4798.334571009374,-2246.2620351830137
2460831.6611111113,1598.1620375302962,-4843.298961281698,-1903.6334880327804
2460831.6618055557,1930.9159640607631,-4849.188638071313,-1545.5937191410512
2460831.6625,2248.094974255288,-4815.932584505772,-1175.0333963422452
2460831.6631944445,2547.126048695738,-4743.778209409964,-794.9489425723358
2460831.663888889,2825.581211106734,-4633.290302226086,-408.4179667492636
2460831.6645833333,3081.198131147919,-4485.347173675006,-18.573795778891064
2460831.6652777777,3311.8993674066287,-4301.1339789172025,371.42063415295326
2460831.665972222,3515.8100325132646,-4082.133261836089,758.3992594297107
2460831.6666666665,3691.2736790472804,-3830.1128035210045,1139.2194613652666
2460831.667361111,3836.8662324258125,-3547.1108994875276,1510.7884452128112
2460831.668055556,3951.407826977285,-3235.4192288370664,1870.0891454315959
2460831.66875,4033.9724343880143,-2897.563514984084,2214.2053850940483
2460831.6694444446,4083.8952114671083,-2536.282199552758,2540.3460416090816
2460831.670138889,4100.777526409863,-2154.5033778399043,2845.8679856237504
2460831.6708333334,4084.4896588365045,-1755.3202560409793,3128.2975902106473
2460831.671527778,4035.171199738965,-1341.965391921684,3385.3506399053836
2460831.672222222,3953.2292039496956,-917.7839855351249,3614.9504944341847
2460831.6729166666,3839.334170486979,-486.20647445572683,3815.2443961852064
2460831.673611111,3694.4139435627653,-50.72067968255172,3984.6178361622524
2460831.6743055554,3519.645636791584,385.15627481610505,4121.70692173828
2460831.675,3316.445691641052,817.9060545415233,4225.4087057801535
2460831.675694444,3086.458183298726,1244.037026748079,4294.889456200881
2460831.676388889,2831.541482303314,1660.1118228672874,4329.590856897375
2460831.6770833335,2553.753384033359,2062.7743810411944,4329.234135008884
2460831.677777778,2255.334804226688,2448.776327647476,4293.822115935912
2460831.6784722223,1938.69214777826,2815.0025415272366,4223.639205880097
2460831.6791666667,1606.3784429325276,3158.4957673837093,4119.249302010076
2460831.679861111,1261.0733447507553,3476.480126198009,3981.491628941971
2460831.6805555555,905.5621111934357,3766.3833730587558,3811.4745013816687
2460831.68125,542.7136633004158,4025.85774431234,3610.56701524746
2460831.6819444443,175.4578571863621,4252.799224573696,3380.388678891899
2460831.6826388887,-193.2378968161752,4445.365063110245,3122.7970039097618
2460831.683333333,-560.3925053758798,4601.989357648672,2839.873096452461
2460831.684027778,-923.0353800754615,4721.396529453594,2533.9053070665923
2460831.6847222224,-1278.2307447544515,4802.612515684545,2207.371024922187
2460831.685416667,-1623.101850430407,4844.973518133981,1862.9167284898253
2460831.686111111,-1954.8548673826801,4848.132164749427,1503.336438237598
2460831.6868055556,-2270.802217790705,4812.060966735413,1131.5487436038688
2460831.6875,-2568.385103069664,4737.052984409052,750.5726093141424
2460831.6881944444,-2845.1949826844725,4623.719652082312,363.5021908717317
2460831.688888889,-3098.993766077457,4472.985753494308,-26.519085609617044
2460831.689583333,-3327.732496729034,4286.081581242179,-416.324911849616
2460831.6902777776,-3529.5683238951815,4064.532357499658,-802.7526721684361
2460831.690972222,-3702.879583448,3810.145036756362,-1182.669918380465
2460831.691666667,-3846.278841724156,3524.9926484607026,-1553.000466205256
2460831.6923611113,-3958.623787785431,3211.396372662566,-1910.7498423955144
2460831.6930555557,-4039.025894945657,2871.9055716176513,-2253.0298278242353
2460831.69375,-4086.8568097116627,2509.2760177898645,-2577.081869072818
2460831.6944444445,-4101.752458700441,2126.446577550431,-2880.2991520331693
2460831.695138889,-4083.6148976020227,1726.5146104508156,-3160.247166999399
2460831.6958333333,-4032.6119531184354,1312.710348612432,-3414.68262052757
2460831.6965277777,-3949.174732605194,888.3705074744461,-3641.570585432863
2460831.697222222,-3833.9930934142963,456.91136975310695,-3839.099806504156
2460831.6979166665,-3688.009175966326,21.80156499263076,-4005.6961076798225
2460831.698611111,-3512.409111732089,-413.4652501306809,-4140.033867649812
2460831.699305556,-3308.6130179241463,-845.3976298405852,-4241.0455501903
2460831.7,-3078.263390162229,-1270.533329088016,-4307.929286124837
2460831.7006944446,-2823.211996088126,-1685.4659032893198,-4340.154513503432
2460831.701388889,-2545.505369459924,-2086.87078183436,-4337.465683225588
2460831.7020833334,-2247.3689955420705,-2471.5306934873033,-4299.884038445051
2460831.702777778,-1931.190269355092,-2836.360329498533,-4227.707471556844
2460831.703472222,-1599.500311036817,-3178.4301207390727,-4121.50845812626
2460831.7041666666,-1254.9547143375185,-3494.989011045339,-3982.130062281817
2460831.704861111,-900.3133133598185,-3783.486092814404,-3810.6800057559417
2460831.7055555554,-538.4190542897197,-4041.590966396359,-3608.522791146902
2460831.70625,-172.17607408249725,-4267.2126687610025,-3377.2698747025715
2460831.706944444,195.47289628230018,-4458.5170066975825,-3118.7678936687817
2460831.707638889,561.5696754637019,-4613.942125163058,-2835.084962110276
2460831.7083333335,923.1641637278756,-4732.212129599757,-2528.4950736673895
2460831.709027778,1277.3380899342942,-4812.348586024758,-2201.460669965976
2460831.7097222223,1621.2287819865494,-4853.679728120622,-1856.6134578442134
2460831.7104166667,1952.0527433601221,-4855.847211140787,-1496.7335949823569
2460831.711111111,2267.1288096792596,-4818.810275207716,-1124.7273901061824
2460831.7118055555,2563.9006484327942,-4742.847205933181,-743.6036947464286
2460831.7125,2839.9583562551193,-4628.5540134872845,-356.4491976211731
2460831.7131944443,3093.0589145741956,-4476.840289015931,33.59714627234055
2460831.7138888887,3321.1452682913177,-4288.92223963669,423.3702926414942
2460831.714583333,3522.3638111599817,-4066.3129451793307,809.7056213731785
2460831.715277778,3695.080079021903,-3810.8099244827727,1189.4655027816646
2460831.7159722224,3837.892479219698,-3524.48014248168,1559.5656301182055
2460831.716666667,3949.6439188371246,-3209.6426217341973,1917.0008449419988
2460831.717361111,4029.431221854169,-2868.8488647804265,2258.870179751502
2460831.7180555556,4076.6122670215855,-2504.8613110865044,2582.4008745755714
2460831.71875,4090.810809285793,-2120.6300790956193,2884.9711378350003
2460831.7194444444,4071.9189830915393,-1719.2682525566095,3164.1314539693503
2460831.720138889,4020.0975160447883,-1304.025978091594,3417.624267397843
2460831.720833333,3935.7737079071553,-878.2636344775212,3643.401906360703
2460831.7215277776,3819.637252195664,-445.42433370589276,3839.642635180056
2460831.722222222,3672.633992321976,-9.005989097501011,4004.764758483991
2460831.722916667,3495.9577173498924,427.46681663750326,4137.438717617846
2460831.7236111113,3291.0401059676574,860.4709607392301,4236.59714639711
2460831.7243055557,3059.538931916476,1286.5127121000437,4301.442864568534
2460831.725,2803.3246377543796,1702.1552983718068,4331.454801618433
2460831.7256944445,2524.465388213775,2104.045938822361,4326.391846468153
2460831.726388889,2225.210700659978,2488.9422019836743,4286.294624907233
2460831.7270833333,1907.9737557050416,2853.737535962222,4211.485204155406
2460831.7277777777,1575.312485572988,3195.485829074089,4102.56472502383
2460831.728472222,1229.909536657445,3511.424857015216,3960.408959553415
2460831.7291666665,874.5512152556578,3798.9984585513525,3786.1617949564943
2460831.729861111,512.1055268324641,4055.8772827527337,3581.226646952196
2460831.730555556,145.49943552186392,4279.977937920672,3347.2558140387737
2460831.73125,-222.30451523258776,4469.480366990023,3086.137796103762
2460831.7319444446,-588.3320582602677,4622.843268433124,2799.982620724289
2460831.732638889,-949.6213625275724,4738.817387344866,2491.1052354350068
2460831.7333333334,-1303.2472927934566,4816.456499979103,2162.007059303901
2460831.734027778,-1646.3455583765003,4855.125933812176,1815.3558083769326
2460831.734722222,-1976.1365213850813,4854.508481308583,1453.9637425742499
2460831.7354166666,-2289.948422247274,4814.607592167433,1080.7645152325351
2460831.736111111,-2585.2397821036893,4735.7477615318385,698.7888289033804
2460831.7368055554,-2859.620734918792,4618.572068590417,311.13913564263436
2460831.7375,-3110.873057654041,4464.0368605706535,-79.03636694127135
2460831.738194444,-3336.9686734593797,4273.403622056384,-468.57016672142
2460831.738888889,-3536.086430461379,4048.228111153639,-854.3020174401316
2460831.7395833335,-3706.626980736055,3790.346886307294,-1233.105383450419
2460831.740277778,-3847.225613569769,3501.8613896116854,-1601.9134647669123
2460831.7409722223,-3956.7629359568086,3185.1197799847505,-1957.744540217781
2460831.7416666667,-4034.373323074633,2842.6967435120077,-2297.7263735894544
2460831.742361111,-4079.451100717832,2477.371523270866,-2619.119459110041
2460831.7430555555,-4091.654453496689,2092.1044306614504,-2919.338902552812
2460831.74375,-4070.9070861797686,1690.0120962698763,-3195.974773791453
2460831.7444444443,-4017.397690959173,1274.3417260651875,-3446.8107886813978
2460831.7451388887,-3931.577296854925,848.4446114092759,-3669.841216865182
2460831.745833333,-3814.154594477447,415.74913590559555,-3863.2859351160555
2460831.746527778,-3666.089340092342,-20.266503627331506,-4025.60357719582
2460831.7472222224,-3488.5839496957183,-456.1016578209617,-4155.502748832081
2460831.747916667,-3283.07339478437,-888.2604867547511,-4251.951295787368
2460831.748611111,-3051.213507950959,-1313.2789632267168,-4314.183624563705
2460831.7493055556,-2794.8678030624465,-1727.7514697400734,-4341.706081141146
2460831.75,-2516.0929032554823,-2128.356863681169,-4334.30039700279
2460831.7506944444,-2217.1226715009643,-2511.8838792888905,-4292.025208902791
2460831.751388889,-1900.3511190748925,-2875.255760628863,-4215.215656420141
2460831.752083333,-1568.3141789925817,-3215.5539953284447,-4104.48105571939
2460831.7527777776,-1223.6704181171467,-3530.041032899491,-3960.7006435459243
2460831.753472222,-869.1807737851245,-3816.1818510664098,-3785.0173834325283
2460831.754166667,-507.6874021220877,-4071.6642298704405,-3578.829824834447
2460831.7548611113,-142.09174184969737,-4294.417576510052,-3343.7820117796823
2460831.7555555557,224.66808927435264,-4482.630135606785,-3081.751446412083
2460831.75625,589.6404314892596,-4634.764411635845,-2794.8351256955307
2460831.7569444445,949.8835968288497,-4749.5706238154025,-2485.333690262771
2460831.757638889,1302.489582583569,-4826.098015353523,-2155.733748420192
2460831.7583333333,1644.6077893690833,-4863.703846553278,-1808.6884640646329
2460831.7590277777,1973.4685281482566,-4862.059913965788,-1446.9965295211698
2460831.759722222,2286.4060867261687,-4821.156459475265,-1073.5796756946627
2460831.7604166665,2580.881119072022,-4741.303360539711,-691.4588999981667
2460831.761111111,2854.5021121883688,-4623.128526304626,-303.7296266841023
2460831.761805556,3105.0456905071383,-4467.573463626788,86.46396266586808
2460831.7625,3330.475528470043,-4275.88601686715,475.9551731172795
2460831.7631944446,3528.959650760215,-4049.610332475258,861.5813343270405
2460831.763888889,3698.885929165724,-3790.5741393218386,1240.210354746585
2460831.7645833334,3838.8756064582776,-3500.8734802311606,1608.7670047535328
2460831.765277778,3947.7947122981423,-3182.85506430866,1964.2586538229716
2460831.765972222,4024.7632664058983,-2839.0964485863074,2303.800190815747
2460831.7666666666,4069.1622037641223,-2472.3842775092203,2624.6378846304956
2460831.767361111,4080.6379890699486,-2085.6908286722414,2924.1719630164002
2460831.7680555554,4059.1049207536416,-1682.1491314955315,3199.977709901965
2460831.76875,4004.7451566634745,-1265.0269192397336,3449.824921100575
2460831.769444444,3918.006518350886,-837.6996818414138,3671.695580400444
2460831.770138889,3799.598151793911,-403.6230689135174,3863.7996547751904
2460831.7708333335,3650.4841382261616,33.695113380823535,4024.5889294595963
2460831.771527778,3471.8751595990657,470.7230870716632,4152.768830312809
2460831.7722222223,3265.218327966319,903.9332638021085,4247.308201144256
2460831.7729166667,3032.185286966037,1329.8301988171872,4307.447018308133
2460831.773611111,2774.658700071084,1744.9781531354422,4332.70203206704
2460831.7743055555,2494.7172232530816,2146.0281206314426,4322.8703361061
2460831.775,2194.6190706237157,2529.7441558735068,4278.030863001069
2460831.7756944443,1876.7842669962208,2893.028865949528,4198.54380749805
2460831.7763888887,1543.7756850778098,3232.9479196446414,4085.047976019884
2460831.777083333,1198.278970782256,3546.7534216278277,3938.4560626881607
2460831.777777778,843.0814548665106,3831.9060047015455,3759.9478502092948
2460831.7784722224,481.0501708528635,4086.095471375163,3550.9613417121113
2460831.779166667,115.10910266409961,4307.25981814751,3313.181835189773
2460831.779861111,-251.7841921777636,4493.6024633722445,3048.5289678931367
2460831.7805555556,-616.6624263902037,4643.607500747961,2759.1417720377085
2460831.78125,-976.57270839278,4756.052796295348,2447.3618113587263
2460831.7819444444,-1328.6007566691226,4830.020759362523,2115.7144859825726
2460831.782638889,-1669.8949781491622,4864.9066254525815,1766.888634111171
2460831.783333333,-1997.6901903356752,4860.424114902513,1403.714573685763
2460831.7840277776,-2309.3307381263417,4816.60835289387,1029.14077467057
2460831.784722222,-2602.292767201819,4733.8159726938975,646.2093675141383
2460831.785416667,-2874.205406710701,4612.722361092929,258.0307305486877
2460831.7861111113,-3122.870632980755,4454.316045184129,-132.24259230750042
2460831.7868055557,-3346.281589276411,4259.890265847916,-521.4423618940747
2460831.7875,-3542.6391677882943,4031.031824677466,-906.4112243559618
2460831.7881944445,-3710.3666826771178,3769.607331841276,-1284.029118830869
2460831.788888889,-3848.122490403302,3477.747026364374,-1651.2392267278865
2460831.7895833333,-3954.810455325826,3157.826364387261,-2005.0732048758957
2460831.7902777777,-4029.588186112119,2812.445607275381,-2342.675447954172
2460831.790972222,-4071.8730092183487,2444.4076540236642,-2661.326160740998
2460831.7916666665,-4081.3456769173204,2056.6943781458126,-2958.463043086488
2460831.792361111,-4057.9518389971413,1652.4417315749529,-3231.701423424946
2460831.793055556,-4001.901333868236,1234.9138780828528,-3478.852705895602
2460831.79375,-3913.665376665741,807.4766051516851,-3697.9410303833683
2460831.7944444446,-3793.97173823588,373.57025373803305,-3887.218070064313
2460831.795138889,-3643.798018931488,-63.31761789025856,-4045.175919736267
2460831.7958333334,-3464.3631283897475,-499.67963218998995,-4170.55804565134
2460831.796527778,-3257.117080773031,-932.0158784239167,-4262.368288530327
2460831.797222222,-3023.729213398178,-1356.8609249465987,-4319.877918969239
2460831.7979166666,-2766.0749298492397,-1770.810416114319,-4342.630752144535
2460831.798611111,-2486.221064635158,-2170.5471199324334,-4330.446330034198
2460831.7993055554,-2186.4099525741503,-2552.866312205687,-4283.421178538587
2460831.8,-1869.0422906809818,-2914.700369735132,-4201.928141948373
2460831.800694444,-1536.6588660631662,-3253.1424609624573,-4086.6137929785805
2460831.801388889,-1191.9212305773,-3565.469205191715,-3938.393911549562
2460831.8020833335,-837.5914066410837,-3849.16216506386,-3758.4470245977964
2460831.802777778,-476.51071055623106,-4101.928031191487,-3548.205997100399
2460831.8034722223,-111.57780187557914,-4321.717337042058,-3309.3476736747275
2460831.8041666667,254.2739276482271,-4506.741540814283,-3043.7805749670656
2460831.804861111,618.0994851118018,-4655.488295852854,-2753.6306718179894
2460831.8055555555,976.9657705712549,-4766.734730568488,-2441.22527843786
2460831.80625,1327.9752554462539,-4839.558559484047,-2109.0751307786154
2460831.8069444443,1668.289647346945,-4873.346855055464,-1759.8547436168344
2460831.8076388887,1995.1533248495618,-4867.80232419869,-1396.3811710911575
2460831.808333333,2305.916311623006,-4822.946955566519,-1021.5913273438313
2460831.809027778,2598.0565521498006,-4739.122931953341,-638.5180526243632
2460831.8097222224,2869.20124471571,-4616.990736512826,-250.26514249844973
2460831.810416667,3117.1469926067807,-4457.524420923967,140.0184191436093
2460831.811111111,3339.8785437805795,-4262.004045538765,529.1647622195261
2460831.8118055556,3535.5859045692723,-4032.005345811822,914.0136910425803
2460831.8125,3702.6796365892346,-3769.3867215275673,1291.4392215739801
2460831.8131944444,3839.804170303896,-3476.2736907236126,1658.3758067401398
2460831.813888889,3945.8490062911146,-3155.0409789061355,2011.8439811688913
2460831.814583333,4019.957700757185,-2808.2924601924983,2348.9751505446307
2460831.8152777776,4061.534576468354,-2438.839173879695,2667.035294446624
2460831.815972222,4070.2491265959716,-2049.6756790355166,2963.447351434434
2460831.816666667,4046.0381182234187,-1643.9550015821765,3235.812104128135
2460831.8173611113,3989.105428179643,-1224.9624445871377,3481.9273986000785
2460831.8180555557,3899.9196707038336,-796.0885217080513,3699.805570030162
2460831.81875,3779.209696406774,-360.80126803779694,3887.6889731136607
2460831.8194444445,3627.9580567882354,77.38183377899715,4044.0635445199678
2460831.820138889,3447.3925375649796,514.9220911806377,4167.670347581903
2460831.8208333333,3238.9758719721863,948.287792941371,4257.515066581639
2460831.8215277777,3004.3937400514455,1373.9821774342213,4312.875437421128
2460831.822222222,2745.5411656180827,1788.5709969117577,4333.306604728038
2460831.8229166665,2464.507411327671,2188.709527733007,4318.644405872583
2460831.823611111,2163.559475573821,2571.1688703413165,4269.006581407398
2460831.824305556,1845.1242857934533,2932.8613985644683,4184.791912756761
2460831.825,1511.7696866852255,3270.865209886229,4066.677286209916
2460831.8256944446,1166.1843221837405,3582.447428204184,3915.612682318844
2460831.826388889,811.156515151702,3865.086204189688,3732.814090602472
2460831.8270833334,449.55226326167156,4116.491246244064,3519.7543565422766
2460831.827777778,84.29247443057446,4334.622714460552,3278.151973026832
2460831.828472222,-281.670409776363,4517.7082957961165,3009.957845897998
2460831.8291666666,-645.3762403971226,4664.258280235418,2717.3400802659603
2460831.829861111,-1003.8812571849058,4773.078459421998,2402.666855218859
2460831.8305555554,-1354.282249393754,4843.280673904082,2068.4874864205603
2460831.83125,-1693.740568693895,4874.29085318891,1717.5117978655942
2460831.831944444,-2019.505758078029,4865.854410091628,1352.5879629521173
2460831.832638889,-2328.93855822069,4818.03888139133,976.6790001856062
2460831.8333333335,-2619.533047971942,4731.233739163108,592.838137739163
2460831.834027778,-2888.9376760677033,4606.147335893274,204.18328889270074
2460831.8347222223,-3134.974952328173,4443.8009887108055,-186.12910120968124
2460831.8354166667,-3355.6595821266815,4245.520251183256,-574.9305627159749
2460831.836111111,-3549.21484760404,4012.9234664067835,-959.0671759856889
2460831.8368055555,-3714.0870707166437,3747.907733012687,-1335.4259351398387
2460831.8375,-3848.958018510543,3452.632458094765,-1700.9606177832381
2460831.8381944443,-3952.755149556261,3129.5007008740736,-2052.7168987686996
2460831.8388888887,-4024.659634752707,2781.1385358176403,-2387.856465048507
2460831.839583333,-4064.1121193456383,2410.3726871999124,-2703.6799083309193
2460831.840277778,-4070.816228678654,2020.2066919741965,-2997.6482077115247
2460831.8409722224,-4044.739848700076,1613.7958580714055,-3267.402638226828
2460831.841666667,-3986.114239660292,1194.4212753883025,-3510.7829787397895
2460831.842361111,-3895.4310615287604,765.4631301428383,-3725.8439197816506
2460831.8430555556,-3773.437406004518,330.3735594798831,-3910.869600469596
2460831.84375,-3621.1289403138735,-107.35073652477665,-4064.386229977525
2460831.8444444444,-3439.7412701027206,-544.1959345211158,-4185.172771102978
2460831.845138889,-3230.739633993511,-976.6583926517934,-4272.26967298124
2460831.845833333,-2995.807034011355,-1401.2716705455693,-4324.985658045941
2460831.8465277776,-2736.830901862832,-1814.6331219013887,-4342.902569211106
2460831.847222222,-2455.8883953453224,-2213.429928396677,-4325.878285338422
2460831.847916667,-2155.2304108435064,-2594.4644547400044,-4274.047711897653
2460831.8486111113,-1837.2643916451461,-2954.6788076244034,-4187.821848794433
2460831.8493055557,-1504.536012480434,-3291.17847496659,-4067.8849331390197
2460831.85,-1159.709814504376,-3601.254923753465,-3915.1896491096763
2460831.8506944445,-805.5488786175363,-3882.4070148211044,-3730.950397339738
2460831.851388889,-444.89362535343935,-4132.361091289776,-3516.6346154922544
2460831.8520833333,-80.63984473939594,-4349.089581399964,-3273.9521468971857
2460831.8527777777,284.28391823925915,-4530.827942717825,-3004.842668871851
2460831.853472222,646.9394901511171,-4676.0897752371375,-2711.461200735139
2460831.8541666665,1004.4025424226247,-4783.67991901942,-2396.161739406868
2460831.854861111,1353.786233426066,-4852.705359614807,-2061.4790907117035
2460831.855555556,1692.2648189516742,-4882.583770970884,-1710.1089942724263
2460831.85625,2017.0970113283229,-4873.049541310036,-1344.886673006025
2460831.8569444446,2325.6488593587196,-4824.157151006694,-968.7639644587683
2460831.857638889,2615.4159069811326,-4736.281799597159,-584.785227422011
2460831.8583333334,2884.044388888762,-4610.117215068492,-196.06224306838354
2460831.859027778,3129.3512248600528,-4446.670617746358,194.25164561706137
2460831.859722222,3349.3425832405396,-4247.254854744217,582.9878902185447
2460831.8604166666,3542.230804137097,-4013.4777631163015,966.9893146707185
2460831.861111111,3706.4494923192165,-3747.22886432071,1343.1366289553991
2460831.8618055554,3840.6666177728325,-3450.6635362713687,1708.3745919869775
2460831.8625,3943.7954983845725,-3126.184838154519,2059.737555881488
2460831.863194444,4015.0035658621946,-2776.4232061289263,2394.3741214327874
2460831.863888889,4053.7188580924903,-2404.2142523678635,2709.570670249748
2460831.8645833335,4059.634211798541,-2012.5749213914917,3002.77355683525
2460831.865277778,4032.709162651168,-1604.6782708505077,3271.609770822808
2460831.8659722223,3973.1695897775367,-1183.827137946911,3513.9059168581366
2460831.8666666667,3881.505165521019,-753.4269574005115,3727.7053827546715
2460831.867361111,3758.464691378507,-316.9579801832174,3911.2836013066853
2460831.8680555555,3605.0494141952477,122.05287133302022,4063.1613360690767
2460831.86875,3422.5044279876256,560.0602863481112,4182.115941867334
2460831.8694444443,3212.3082689361295,993.5287889310927,4267.1905739212625
2460831.8701388887,2976.160811007281,1418.9607182183308,4317.701330268565
2460831.870833333,2715.969571299904,1832.9237904284723,4333.242320293437
2460831.871527778,2433.8345266382485,2232.07808942446,4313.688659801797
2460831.8722222224,2132.0315393677297,2613.2023375357176,4259.197392666973
2460831.872916667,1812.9944912316798,2973.2192973544697,4170.206339131151
2460831.873611111,1479.2962200421598,3309.2201609062777,4047.430870144784
2460831.8743055556,1133.6283588014533,3618.4877747761197,3891.8586066481494
2460831.875,778.7801828791079,3898.5185438125136,3704.7420448089583
2460831.8756944444,417.6165812504544,4147.042847682988,3487.589113668863
2460831.876388889,53.055280866500006,4362.043797070987,3242.1516808460424
2460831.877083333,-311.95652863209233,4541.77414915713,2970.412037141645
2460831.8777777776,-674.4660047739575,4684.771200478424,2674.5674099951093
2460831.878472222,-1031.5387156964036,4789.869478683456,2357.012576333442
2460831.879166667,-1380.2827491530238,4856.211059409371,2020.3206791147597
2460831.8798611113,-1717.8726530999033,4883.253354262363,1667.2223732546006
2460831.8805555557,-2041.5729718170237,4870.774234099128,1300.5834644898878
2460831.88125,-2348.7611379853056,4818.8743825280735,923.3812310797155
2460831.8819444445,-2636.949477732377,4727.9768079490705,538.6796462544715
2460831.882638889,-2903.8060862460975,4598.823482005993,149.60374730307583
2460831.8833333333,-3147.1743443505547,4432.4691149481905,-240.68658614927438
2460831.8840277777,-3365.0908630569056,4230.272120791719,-629.0231697734356
2460831.884722222,-3555.801660547407,3993.8828724157524,-1012.2560781924293
2460831.8854166665,-3717.77641258822,3725.2293811934337,-1387.2799599775306
2460831.886111111,-3849.7206380496905,3426.500582168775,-1751.059818241219
2460831.886805556,-3950.585725186831,3100.127428233329,-2100.656003022288
2460831.8875,-4019.576732726962,2748.762030421743,-2433.2481682094667
2460831.8881944446,-4056.157939188537,2375.255092095833,-2746.1579811691304
2460831.888888889,-4060.0561441178415,1982.6318993756288,-3036.8703958276365
2460831.8895833334,-4031.261755976094,1574.0671337001888,-3303.053331583308
2460831.890277778,-3970.027726937408,1152.858761616349,-3542.5756365822635
2460831.890972222,-3876.86641484243,722.4012549011687,-3753.5232376544177
2460831.8916666666,-3752.5444676091033,286.15837124307575,-3934.213412949099
2460831.892361111,-3598.0758343166217,-152.36428936745662,-4083.2071446195846
2460831.8930555554,-3414.713012940798,-589.6467547170361,-4199.319528439495
2460831.89375,-3203.9366420305237,-1022.1820073659931,-4281.628235322065
2460831.894444444,-2967.4435413781316,-1446.5030107589848,-4329.480026147
2460831.895138889,-2707.1333006882755,-1859.2092941422604,-4342.495327554771
2460831.8958333335,-2425.0935076380556,-2256.992968818678,-4320.5708773131
2460831.896527778,-2123.5837001584705,-2636.6640546998306,-4263.880445157547
2460831.8972222223,-1805.0181227243145,-2995.174998178658,-4172.873630696063
2460831.8979166667,-1471.947362491388,-3329.6442612667033,-4048.272734552647
2460831.898611111,-1127.0389466766826,-3637.378850258106,-3891.0676963397095
2460831.8993055555,-773.0569810571044,-3915.8956500685454,-3702.5090897267305
2460831.9,-412.8409234535863,-4162.9414128426015,-3484.0991676097847
2460831.9006944443,-49.28359893575453,-4376.511239150968,-3237.580957356711
2460831.9013888887,314.6914239804035,-4554.865382414589,-2964.925414753164
2460831.902083333,676.1529513238737,-4696.544195438313,-2668.3166654334523
2460831.902777778,1032.1856168479924,-4800.381039463269,-2350.135379893642
2460831.9034722224,1379.9134865083784,-4865.512976175068,-2012.9403561856443
2460831.904166667,1716.5236108986905,-4891.389073569227,-1659.4484138829566
2460831.904861111,2039.2893092604509,-4877.776173798833,-1292.5127300648476
2460831.9055555556,2345.592950231627,-4824.761993402008,-915.0997847045609
2460831.90625,2632.9479905555154,-4732.755457675393,-530.2651099057413
2460831.9069444444,2899.020030610779,-4602.4842057733085,-141.12806513752182
2460831.907638889,3141.6466468876342,-4434.989244427999,249.1541110230849
2460831.908333333,3358.8557772590857,-4231.6167701061095,637.4127092688186
2460831.9090277776,3548.882448968867,-3994.0072240640447,1020.4941379682133
2460831.909722222,3710.183663293872,-3724.0816889274843,1395.2864060049174
2460831.910416667,3841.451280895952,-3424.0257740216157,1758.7452195201688
2460831.9111111113,3941.6227817844006,-3096.271174597335,2107.9194173283595
2460831.9118055557,4009.8898088054725,-2743.4751215965734,2439.9754852602146
2460831.9125,4045.704439726261,-2368.49795865474,2752.220914824171
2460831.9131944445,4048.7831654257825,-1974.3791053381644,3042.1261909932537
2460831.913888889,4019.108585356978,-1564.3116672387873,3307.3452298955763
2460831.9145833333,3956.92885909744,-1141.6159645127984,3545.7341098636794
2460831.9152777777,3862.75497650878,-709.7122306653895,3755.3679801624307
2460831.915972222,3737.3559295798455,-272.0927440624383,3934.556047106709
2460831.9166666665,3581.7518800207195,167.70638443554816,4081.854578343421
2460831.917361111,3397.2054269757746,606.1335427855645,4196.077876897358
2460831.918055556,3185.211083877966,1039.649866593792,4276.307199283731
2460831.91875,2947.4830690293525,1464.7572301065493,4321.897606368623
2460831.9194444446,2685.9415187326786,1878.02580257375,4332.482739511046
2460831.920138889,2402.697223024423,2276.121018382608,4307.9775231071335
2460831.9208333334,2100.0349796395703,2655.829814394758,4248.578793283035
2460831.921527778,1780.3956682148164,3014.0859796534414,4154.763853299453
2460831.922222222,1446.357133051961,3347.99448111844,4027.2869542470776
2460831.9229166666,1100.6139790668099,3654.8546058030124,3867.173700550163
2460831.923611111,745.9563851267142,3932.181763274839,3675.7133818559923
2460831.9243055554,385.24805083805194,4177.72778152457,3454.449238142118
2460831.925,21.40340917373574,4389.4995196198215,3205.166676272382
2460831.925694444,-342.6357461292732,4565.775616119722,2929.8794717195947
2460831.926388889,-703.9240560719071,4705.121192714472,2630.8140048987357
2460831.9270833335,-1059.5366216203583,4806.400329461349,2310.3916139708767
2460831.927777778,-1406.5930624286252,4868.786144988169,1971.209162188315
2460831.9284722223,-1742.2813819564587,4891.768323898036,1616.0179587908328
2460831.9291666667,-2063.881406995137,4875.157961120483,1247.7011980155503
2460831.929861111,-2368.7875643811863,4819.089620712552,869.2501066980105
2460831.9305555555,-2654.53074499561,4724.02054151965,483.7390301317213
2460831.93125,-2918.7990211406295,4590.726962325178,94.29969703241949
2460831.9319444443,-3159.456984602527,4420.297582274441,-295.90506590972876
2460831.9326388887,-3374.563496721716,4214.124214929943,-683.707895424428
2460831.933333333,-3562.3876590527652,3973.889739954152,-1065.9634407253204
2460831.934027778,-3721.4228459582487,3701.553494808823,-1439.574620493918
2460831.9347222224,-3850.3986688909295,3399.334287809714,-1801.5183111490696
2460831.935416667,-3948.2907785247207,3069.691242961063,-2148.8702088068335
2460831.936111111,-4014.3284443613184,2715.302715507886,-2478.8286234734724
2460831.9368055556,-4047.9998890226652,2339.0435250662185,-2788.736999619731
2460831.9375,-4049.055382942295,1943.960776649146,-3076.104971680005
2460831.9381944444,-4017.5081385241056,1533.2485254727824,-3338.6278103588775
2460831.938888889,-3953.6330647898703,1110.221549504517,-3574.204134210432
2460831.939583333,-3857.9634646326613,678.2884741691638,-3780.951798753824
2460831.9402777776,-3731.285770675979,240.92448228635857,-3957.221899408887
2460831.940972222,-3574.6324237971735,-198.35618066137854,-4101.610850599361
2460831.941666667,-3389.2730033718863,-636.0277103162576,-4212.970519906956
2460831.9423611113,-3176.703715800228,-1068.5800877018762,-4290.4164134086595
2460831.9430555557,-2938.6353447051347,-1492.5461090445897,-4333.33391504195
2460831.94375,-2676.9797612503794,-1904.5279606001811,-4341.38258789822
2460831.9444444445,-2393.8350816090237,-2301.2232166603817,-4314.498546238176
2460831.945138889,-2091.469558212958,-2679.450133926527,-4252.894902807941
2460831.9458333333,-1772.3042820366104,-3036.1721259977476,-4157.060293036394
2460831.9465277777,-1438.894771683263,-3368.5212960471727,-4027.7554716782643
2460831.947222222,-1093.9115279077093,-3673.820896863199,-3866.0079740033702
2460831.9479166665,-740.1196388048695,-3949.606577171246,-3673.1048334410857
2460831.948611111,-380.3575275237332,-4193.646264624891,-3450.5833488524836
2460831.949305556,-17.514947269255405,-4403.958523225482,-3200.2199000320984
2460831.95,345.4896452720336,-4578.82920709864,-2924.016828222914
2460831.9506944446,705.7322048129274,-4716.826237098726,-2624.1874045896475
2460831.951388889,1060.3065256787193,-4816.81231166189,-2303.1389454504115
2460831.9520833334,1406.3478082873212,-4877.955378436406,-1963.4541445698253
2460831.952777778,1741.0561530088585,-4899.736695336938,-1607.8707344030174
2460831.953472222,2061.719764198516,-4881.956331907288,-1239.2596114303142
2460831.9541666666,2365.7376297526303,-4824.735984559102,-860.6015964891644
2460831.954861111,2650.6414381366685,-4728.519010392252,-474.9630271060875
2460831.9555555554,2914.116487867987,-4594.067621425243,-85.4704131526339
2460831.95625,3154.021356282183,-4422.4572212010935,304.7155973021798
2460831.956944444,3368.406101365866,-4215.067909581878,692.4266713390828
2460831.957638889,3555.5287911655482,-3973.573225103609,1074.5133848373414
2460831.9583333335,3713.8701779997077,-3699.9262376468014,1447.8716714034695
2460831.959027778,3842.146362555631,-3396.343147489092,1809.468841064801
2460831.9597222223,3939.3193301934452,-3065.2845737160537,2156.36890484594
2460831.9604166667,4004.605268260367,-2709.434757537642,2485.7569397137954
2460831.961111111,4037.4806152161036,-2331.678918545565,2794.962265612499
2460831.9618055555,4037.6858227786793,-1935.0790215322195,3081.4802257454267
2460831.9625,4005.2268446114736,-1522.8482214078545,3342.992389825681
2460831.9631944443,3940.3743932581233,-1098.3242484896832,3577.385035229465
2460831.9638888887,3843.6610298913,-664.9419970646451,3782.765786145863
2460831.964583333,3715.8761706003497,-226.20556647759955,3957.478322377622
2460831.965277778,3558.059103912033,214.34001655118408,4100.11509694682
2460831.9659722224,3371.4901248000765,653.1371713751089,4209.528018036102
2460831.966666667,3157.679890793796,1086.6440402786397,4284.837073760945
2460831.967361111,2918.357107533504,1511.3624847822366,4325.436886585075
2460831.9680555556,2655.4546485727246,1923.8656341572957,4331.001193598805
2460831.96875,2371.094207383841,2320.824834686668,4301.485252639074
2460831.9694444444,2067.569582124807,2699.035844700641,4237.126174435344
2460831.970138889,1747.3286843003673,3055.444135226329,4138.441180932319
2460831.970833333,1412.954370012377,3387.1691433944197,4006.223788923702
2460831.9715277776,1067.1441905135962,3691.5273287528253,3841.537917911822
2460831.972222222,712.6891702448372,3966.0538698271653,3645.709924541191
2460831.972916667,352.4517303209556,4208.522832081707,3420.318572480698
2460831.9736111113,-10.657111021247982,4416.9656312228235,3167.1829567586256
2460831.9743055557,-373.70110996815947,4589.687608645462,2888.3484185372513
2460831.975,-733.7425732589851,4725.28253622361,2586.070505288812
2460831.9756944445,-1087.8663492046405,4822.644869774006,2262.797058151154
2460831.976388889,-1433.2038289409454,4880.979582422002,1921.148533881547
2460831.9770833333,-1766.956736532657,4899.809424688214,1563.8966989620462
2460831.9777777777,-2086.420469855474,4878.979481682658,1193.9418690639482
2460831.978472222,-2389.0067556434306,4818.65892953652,814.2888882939376
2460831.9791666665,-2672.2653721276797,4719.339927528504,428.0220782266173
2460831.979861111,-2933.9047023871613,4581.833623621741,38.27940540822802
2460831.980555556,-3171.8108913185065,4407.263293917696,-351.77386438130816
2460831.98125,-3384.0653970548997,4197.054680780703,-738.9717451201022
2460831.9819444446,-3568.9607517236805,3952.9236370704575,-1120.174058971309
2460831.982638889,-3725.01437311425,3676.8612264645726,-1492.2926293668522
2460831.9833333334,-3850.9803042794547,3371.1164624695843,-1852.3168697499284
2460831.984027778,-3945.858788808533,3038.1769028504286,-2197.338508329715
2460831.984722222,-4008.903627017766,2680.747338067241,-2524.5752148352785
2460831.9854166666,-4039.627292372144,2301.7268269897318,-2831.392922304616
2460831.986111111,-4037.803818786499,1904.1843441888461,-3115.3266636156955
2460831.9868055554,-4003.469499040471,1491.333302580527,-3374.0997757075006
2460831.9875,-3936.921458421855,1066.505207800867,-3605.6413563994774
2460831.988194444,-3838.7141863538536,633.1226902138706,-3808.1018872831137
2460831.988888889,-3709.6541228461065,194.6721454345286,-3979.866963036966
2460831.9895833335,-3550.792403394281,-245.32381016386776,-4119.56909312288
2460831.990277778,-3363.415871411334,-683.3338733610784,-4226.097556204204
2460831.9909722223,-3149.0364622747643,-1115.8454149393515,-4298.606306317344
2460831.9916666667,-2909.3790630528747,-1539.3915091315596,-4336.519933070933
2460831.992361111,-2646.36794119868,-1950.577500077918,-4339.537685532636
2460831.9930555555,-2362.1118327749873,-2346.106974418763,-4307.635566906954
2460831.99375,-2058.8877702891727,-2722.8070230317917,-4241.066505252631
2460831.9944444443,-1739.1237295185783,-3077.6526691131558,-4140.35860028301
2460831.9951388887,-1405.3801692917489,-3407.790341626259,-4006.3114413244825
2460831.995833333,-1060.330544869806,-3710.5602596041103,-3839.99048901491
2460831.996527778,-706.740876572314,-3983.5175883822644,-3642.7195112149384
2460831.9972222224,-347.4484697195642,-4224.4522121738755,-3416.071067781556
2460831.997916667,14.66010617064953,-4431.406958352663,-3161.8550458247614
2460831.998611111,376.67165318289045,-4602.694098308866,-2882.105259763257
2460831.9993055556,735.6694489748231,-4736.9099428623795,-2579.0641494773326
2460832.0,1088.7566554378648,-4832.947350720155,-2255.165629268382
2460832.0006944444,1433.0798423966335,-4890.005970078283,-1913.016171034392
2460832.001388889,1765.8524203805882,-4907.600047065963,-1555.3742332948864
2460832.002083333,2084.377763691721,-4885.563652916557,-1185.128175165681
2460832.0027777776,2386.071785426566,-4824.053206031869,-805.2728335298116
2460832.003472222,2668.4847279810538,-4723.547198028931,-418.8849630537786
2460832.004166667,2929.321924854973,-4584.843069813964,-29.09777349561371
2460832.0048611113,3166.463300356057,-4409.051225214869,360.92518373054793
2460832.0055555557,3377.9813857007,-4197.5862119156845,748.0165110047428
2460832.00625,3562.1576448091305,-3952.1551469687734,1129.0315557286178
2460832.0069444445,3717.4969338784113,-3674.7435032403278,1500.8748173212632
2460832.007638889,3842.7399433304677,-3367.5984153922996,1860.5258868230349
2460832.0083333333,3936.873504645974,-3033.209699525543,2205.064647947599
2460832.0090277777,3999.138679968308,-2674.2888076182585,2531.6954881215497
2460832.009722222,4029.0365859694025,-2293.7459614536356,2837.7702882636067
2460832.0104166665,4026.3319375184938,-1894.665725523445,3120.80998713816
2460832.011111111,3991.0543279686326,-1480.2812842846786,3378.5245466481274
2460832.011805556,3923.4972900974244,-1053.9476903218772,3608.8311740062827
2460832.0125,3824.215204116607,-619.1143402289666,3809.870688904435
2460832.0131944446,3694.0181373155656,-179.29692890060247,3980.021948847251
2460832.013888889,3533.9647108825816,261.95089057400395,4117.914275377348
2460832.0145833334,3345.3530986578653,701.0659221904638,4222.437840426033
2460832.015277778,3129.7102621867543,1134.5037275096197,4292.751992981818
2460832.015972222,2888.7795302780482,1558.7666251631808,4328.2915135854555
2460832.0166666666,2624.5066227060133,1970.4312314812303,4328.770795001428
2460832.017361111,2339.024220854051,2366.175380049548,4294.185947831666
2460832.0180555554,2034.635177515193,2742.8042782547036,4224.8148323757
2460832.01875,1713.7944635293159,3097.2757484472017,4121.215016407808
2460832.019444444,1379.0899430152144,3426.7244094467815,3984.2196574898026
2460832.020138889,1033.2220788933225,3728.484640434162,3814.9313095339116
2460832.0208333335,678.9826756817636,4000.112165706858,3614.7136566344393
2460832.021527778,319.2327778786998,4239.404090048633,3385.1811836908187
2460832.0222222223,-43.120141558316135,4444.417205662712,3128.186805410209
2460832.0229166667,-405.14554977058384,4613.484386675533,2845.8074926199515
2460832.023611111,-763.9136112828387,4745.228888471942,2540.3279534597277
2460832.0243055555,-1116.5191416818975,4838.576370813853,2214.2224555069256
2460832.025,-1460.1055523714965,4892.764477186742,1870.1348994341677
2460832.0256944443,-1791.88855927436,4907.349818411991,1510.8572905677918
2460832.0263888887,-2109.179424884936,4882.212235486399,1139.3067779289925
2460832.027083333,-2409.4074879428063,4817.5562457016,758.5014679670613
2460832.027777778,-2690.141740047059,4713.909614289925,371.53524165067233
2460832.0284722224,-2949.11121254175,4572.119033685832,-18.448172668783936
2460832.029166667,-3184.2239474489693,4393.342936770053,-408.2815985158399
2460832.029861111,-3393.584347820256,4179.041513475792,-794.8010041163559
2460832.0305555556,-3575.5087235692854,3930.9640447550037,-1174.8720015485858
2460832.03125,-3728.538880064135,3651.1337075787164,-1545.4159713866993
2460832.0319444444,-3851.4536294228697,3341.8300383443398,-1903.435544203038
2460832.032638889,-3943.2781365720903,3005.5692747728613,-2246.0391824311464
2460832.033333333,-4003.2910490345307,2645.0828188005917,-2570.4646309529007
2460832.0340277776,-4031.0293942745166,2263.29407255072,-2874.1010364757235
2460832.034722222,-4026.2912574980714,1863.2939154563708,-3154.5095566078994
2460832.035416667,-3989.1362833943535,1448.315084026864,-3409.442318292731
2460832.0361111113,-3919.884067416627,1021.7057093356951,-3636.859614650012
2460832.0368055557,-3819.110521163884,586.9022601873486,-3834.9452558114463
2460832.0375,-3687.642308254893,147.40211370912263,-4002.120021686004
2460832.0381944445,-3526.5494555027185,-293.26403420758885,-4137.053181139288
2460832.038888889,-3337.136245995185,-731.5597335456059,-4238.672064102478
2460832.0395833333,-3120.930498661414,-1163.9701530735215,-4306.169684318436
2460832.0402777777,-2879.6713354437334,-1587.0291097423856,-4339.0104175715815
2460832.040972222,-2615.295529020531,-1997.3456211199057,-4336.933744326359
2460832.0416666665,-2329.9225187178477,-2391.6298534921725,-4299.956064058755
2460832.042361111,-2025.8381743848809,-2766.71834654765,-4228.370585517069
2460832.043055556,-1705.4773866878509,-3119.5983915893785,-4122.745292586593
2460832.04375,-1371.4055572672012,-3447.431441302272,-3983.9189803595887
2460832.0444444446,-1026.2990669323628,-3747.5754170494893,-3812.9953525204705
2460832.045138889,-672.9248092716783,-4017.6057673800146,-3611.335172607136
2460832.0458333334,-314.11888228251695,-4255.3351249987045,-3380.54646309476
2460832.046527778,47.23545086109494,-4458.831393399878,-3122.472755741038
2460832.047222222,408.230402849526,-4626.434085669819,-2839.179410872315
2460832.0479166666,765.956760407828,-4756.768734453573,-2532.938038727436
2460832.048611111,1117.5272663617193,-4848.759187282835,-2206.209084897782
2460832.0493055554,1460.1001010416353,-4901.637611666885,-1861.6226622555905
2460832.05,1790.9022539721266,-4914.952042949675,-1501.957745500252
2460832.050694444,2107.25256009888,-4888.571328486024,-1130.1198778436667
2460832.051388889,2406.5841686429126,-4822.687348985148,-749.1175656551433
2460832.0520833335,2686.4662030423033,-4717.814429399846,-362.03756988127253
2460832.052777778,2944.624372164645,-4574.785889697576,27.980672075674335
2460832.0534722223,3178.960297333077,-4394.74772870815,417.77123496955153
2460832.0541666667,3387.5693367614267,-4179.149477155468,804.168234457039
2460832.054861111,3568.7567060390265,-3929.7323006047773,1184.03241297117
2460832.0555555555,3721.0517190901655,-3648.514475609981,1554.277498183152
2460832.05625,3843.220003184032,-3337.7744024517347,1911.8960533077127
2460832.0569444443,3934.273575211692,-3000.031350894521,2253.984552280737
2460832.0576388887,3993.478699627021,-2638.024166681137,2577.7674272718764
2460832.058333333,4020.361484904763,-2254.6881834078554,2880.6198643573925
2460832.059027778,4014.711206958845,-1853.1305999675124,3160.089147180254
2460832.0597222224,3976.581379280832,-1436.6045947438374,3413.914375534231
2460832.060416667,3906.288616483013,-1008.4824337496733,3640.044425951178
2460832.061111111,3804.409359481166,-572.2278389109441,3836.654039353635
2460832.0618055556,3671.7745475734027,-131.3678567374998,4002.157958753114
2460832.0625,3509.4623335300357,310.5355423962651,4135.223059764904
2460832.0631944444,3318.788946032149,749.9139191483642,4234.778437073054
2460832.063888889,3101.297803504134,1183.2206851023877,4300.023428613893
2460832.064583333,2858.7469850966604,1606.9591062112179,4330.43356693746
2460832.0652777776,2593.095159401816,2017.7098283584917,4325.764455777223
2460832.065972222,2306.486070623831,2412.1577678555072,4286.053571861194
2460832.066666667,2001.2316739031328,2787.118223389947,4211.619992582772
2460832.0673611113,1679.7940171455662,3139.562056142312,4103.062049237968
2460832.0680555557,1344.7659606158454,3466.6397931452584,3961.252904428941
2460832.06875,998.8508356637499,3765.7044948960797,3787.334053366716
2460832.0694444445,644.8411520730724,4034.333222301282,3582.706753651641
2460832.070138889,285.59647059805917,4270.346933611991,3349.021393038508
2460832.0708333333,-75.97941911249063,4471.828627397839,3088.1648210445674
2460832.0715277777,-436.9618651284907,4637.139549950557,2802.2456834212207
2460832.072222222,-794.4290900077872,4764.933280908482,2493.5778229249977
2460832.0729166665,-1145.486105263366,4854.167517879648,2164.6618354907
2460832.073611111,-1487.2885966112965,4904.113393532014,1818.1648965058362
2460832.074305556,-1817.0665517840362,4914.362175106426,1456.8990076469127
2460832.075,-2132.1473967967195,4884.82922419904,1083.7978412445398
2460832.0756944446,-2429.97839912669,4815.755125451044,701.8923892021052
2460832.076388889,-2708.148094317757,4707.703930521119,314.28565225122423
2460832.0770833334,-2964.4065025847517,4561.558504622343,-75.87337717921373
2460832.077777778,-3196.683909790249,4378.513008008334,-465.41616220989516
2460832.078472222,-3403.1080129012407,4160.0625864453805,-851.1812220302135
2460832.0791666666,-3582.019247218128,3907.990391509492,-1230.0405949582594
2460832.079861111,-3731.98414932177,3624.3520864097345,-1598.9258895056469
2460832.0805555554,-3851.8066361997703,3311.4580328464535,-1954.8536501402623
2460832.08125,-3940.537119514374,2971.8533801457384,-2294.9497889602626
2460832.081944444,-3997.4794075453383,2608.296299809824,-2616.4728561844718
2460832.082638889,-4022.195380722092,2223.7346249301995,-2916.8359478496363
2460832.0833333335,-4014.507458849023,1821.2811560992259,-3193.6270833975823
2460832.084027778,-3974.4989047174286,1404.1879004674997,-3444.6279119855367
2460832.0847222223,-3902.512032381215,975.81949576539,-3667.8306434329265
2460832.0854166667,-3799.1444050104865,539.6260625908438,-3861.4531246676847
2460832.086111111,-3665.243119994137,99.11571106502191,-4023.9520094812915
2460832.0868055555,-3501.8972852775532,-342.1730941709439,-4154.033992630505
2460832.0875,-3310.428792854852,-780.699125500106,-4250.665095365571
2460832.0881944443,-3092.381492255698,-1212.9457771114332,-4313.078001865189
2460832.0888888887,-2849.508864962821,-1635.4480902115897,-4340.777451623123
2460832.089583333,-2583.7602896444755,-2044.8192900764097,-4333.543697713334
2460832.090277778,-2297.2659847025084,-2437.7767067120208,-4291.434037246148
2460832.0909722224,-1992.3207075200908,-2811.1669588802533,-4214.782417823436
2460832.091666667,-1671.3662858105802,-3161.9902806611376,-4104.197118668381
2460832.092361111,-1336.9730567313384,-3487.42386352702,-3960.5565007657783
2460832.0930555556,-991.8202909453377,-3784.844080102177,-3785.0028170689493
2460832.09375,-638.675687748824,-4051.847442564005,-3578.9340744554374
2460832.0944444444,-280.37403963378665,-4286.270136647279,-3343.9939444763368
2460832.095138889,80.2048271945192,-4486.205965511447,-3082.059724640576
2460832.095833333,440.15869855017456,-4650.022519046507,-2795.228374180653
2460832.0965277776,796.5860610792653,-4776.375389804756,-2485.8006587366294
2460832.097222222,1146.6094608192925,-4864.220249437254,-2156.263467477992
2460832.097916667,1487.398938916639,-4912.822607952812,-1809.2703940855693
2460832.0986111113,1816.195337574012,-4921.76509250119,-1447.620699537051
2460832.0993055557,2130.333249798799,-4890.952101055709,-1074.2368097428898
2460832.1,2427.263377201802,-4820.611714817478,-692.1405315805404
2460832.1006944445,2704.5740572563345,-4711.294786094166,-304.4281971378374
2460832.101388889,2960.011717668365,-4563.871157548174,85.75502240974451
2460832.1020833333,3191.500028642745,-4379.523009827316,475.24137777102976
2460832.1027777777,3397.157531924508,-4159.735380890572,860.8670983630467
2460832.103472222,3575.313551135319,-3906.2839426962896,1239.498964859897
2460832.1041666665,3724.5222112093593,-3621.220162945617,1608.0606136150996
2460832.104861111,3843.5744227604305,-3306.8540224308126,1963.5582900342738
2460832.105555556,3931.5077246978562,-2965.7344859331165,2303.105790252213
2460832.10625,3987.6139083546714,-2600.627958723238,2623.9483395989387
2460832.1069444446,4011.4443839036962,-2214.4949766671552,2923.4851867629036
2460832.107638889,4002.813281582149,-1810.4653910940572,3199.290718636552
2460832.1083333334,3961.7983102808953,-1391.812317000536,3449.1339292065713
2460832.109027778,3888.739422381246,-961.9251073099472,3670.996109630589
2460832.109722222,3784.2353550459134,-524.2816126748073,3863.0866531476245
2460832.1104166666,3649.1381337218063,-82.41996732499892,4023.8568997578504
2460832.111111111,3484.545634772929,360.0898694981692,4152.011966383062
2460832.1118055554,3291.7923105791474,799.6746061588527,4246.520529456705
2460832.1125,3072.4381812530137,1232.7859551985723,4306.622542533498
2460832.113194444,2828.2561965256873,1655.9286371726932,4331.8348805631595
2460832.113888889,2561.2180680282154,2065.6878891925053,4321.954908814868
2460832.1145833335,2273.4786693850842,2458.7563236861565,4277.061976905172
2460832.115277778,1967.3590973874136,2831.959990109134,4197.516838627178
2460832.1159722223,1645.3284864722243,3182.283492130677,4083.9589967040206
2460832.1166666667,1309.9846717278342,3506.894007923555,3937.301971248758
2460832.117361111,964.0338016407362,3803.1640548357936,3758.726492806527
2460832.1180555555,610.2690075112247,4068.692834808805,3549.671623804393
2460832.11875,251.5482505330812,4301.325985765491,3311.823820319691
2460832.1194444443,-109.22851004240039,4499.17355335955,3047.103963914624
2460832.1201388887,-469.1426820474667,4660.626004491204,2757.652401177752
2460832.120833333,-825.2807534708511,4784.3680904083085,2445.812064085972
2460832.121527778,-1174.7581686713852,4869.3903858410295,2114.1097573213233
2460832.1222222224,-1514.743150093414,4914.99833465923,1765.2357386985345
2460832.122916667,-1842.4802420731532,4920.818657223321,1402.0217430061057
2460832.123611111,-2155.3133396344883,4886.8029993586,1027.4176323999948
2460832.1243055556,-2450.707960905945,4813.2287358215335,644.4668843910863
2460832.125,-2726.2725205511333,4700.6968793975575,256.2811565999656
2460832.1256944444,-2979.7783708830143,4550.127088931366,-133.98581355889175
2460832.126388889,-3209.1783904706067,4362.74981323057,-523.1647003336287
2460832.127083333,-3412.623920251966,4140.095651177076,-908.0971906282725
2460832.1277777776,-3588.4798695853206,3883.982053562356,-1285.6624062908497
2460832.128472222,-3735.3378482962376,3596.497529461004,-1652.802870833956
2460832.129166667,-3852.0272124436933,3279.9835529051293,-2006.5497558228922
2460832.1298611113,-3937.623943669731,2937.0143987066735,-2344.047154621504
2460832.1305555557,-3991.4573207709504,2570.3751500817307,-2662.5751646390877
2460832.13125,-4013.1143722245247,2183.038139559305,-2959.5715794461717
2460832.1319444445,-4002.44213094746,1778.138088140597,-3232.6520260317975
2460832.132638889,-3959.547738999939,1358.9462024385116,-3479.628415825555
2460832.1333333333,-3884.7964714670065,928.8434864402476,-3698.525604597359
2460832.1340277777,-3778.8077666817003,491.2935092484639,-3887.5961875997205
2460832.134722222,-3642.449359462498,49.814845837622435,-4045.3333845300335
2460832.1354166665,-3476.8296220508823,-392.0465998667645,-4170.481983864639
2460832.136111111,-3283.2882170530124,-830.7452117879485,-4262.047338316576
2460832.136805556,-3063.385165312072,-1262.7630534065177,-4319.302411042575
2460832.1375,-2818.8884247539704,-1684.6368907646138,-4341.79287974987
2460832.1381944446,-2551.7600733028594,-2092.9847087659596,-4329.340306556502
2460832.138888889,-2264.141176648132,-2484.5316023646405,-4282.043381322143
2460832.1395833334,-1958.3354209390072,-2856.1349177497923,-4200.2772405957185
2460832.140277778,-1636.7915854400728,-3204.808521868482,-4084.6908606791294
2460832.140972222,-1302.0849281778799,-3527.7460745635367,-3936.2025179646607
2460832.1416666666,-956.8975637762403,-3822.343164904709,-3755.9933075518115
2460832.142361111,-603.9979231349121,-4086.218160934023,-3545.498714203796
2460832.1430555554,-246.219384074713,-4317.231620024364,-3306.3982278729177
2460832.14375,113.56180172864075,-4513.504078238282,-3040.603016715818
2460832.144444444,472.4491633122144,-4673.432046434716,-2750.2416740738377
2460832.145138889,827.5490885098732,-4795.702023769452,-2437.64408452684
2460832.1458333335,1175.9941559743736,-4879.302346511259,-2105.3234727271793
2460832.146527778,1514.9665240393642,-4923.532693774684,-1755.956732587875
2460832.1472222223,1841.721169999206,-4928.011088960815,-1392.3631571760955
2460832.1479166667,2153.608747224376,-4892.678254445778,-1017.4817322556795
2460832.148611111,2448.0978323905147,-4817.799207161694,-634.3471720278178
2460832.1493055555,2722.7963130516473,-4703.96201624115,-246.06492367582288
2460832.15,2975.4716842560983,-4552.073683154992,144.21462611912003
2460832.1506944443,3204.070019309581,-4363.353148104162,533.3224753415689
2460832.1513888887,3406.7334011819385,-4139.321469940038,918.097587812697
2460832.152083333,3581.815619248005,-3881.7892713470815,1295.413446965823
2460832.152777778,3727.895961727805,-3592.8415852299504,1662.2042955714203
2460832.1534722224,3843.790967988502,-3274.8202719399355,2015.4907888322464
2460832.154166667,3928.5640336188176,-2930.304214708849,2352.4047937713167
2460832.154861111,3981.5327979346953,-2562.087527225533,2670.213090158099
2460832.1555555556,4002.274278826164,-2173.156020191456,2966.339758429229
2460832.15625,3990.627749646324,-1766.6621946561759,3238.3870587020265
2460832.1569444444,3946.6953847448794,-1345.899027042462,3484.154642795122
2460832.157638889,3870.840724542133,-914.2728103694586,3701.6569689613866
2460832.158333333,3763.6850316269138,-475.27530675544114,3889.1388191071574
2460832.1590277776,3626.1016250551525,-32.45545441216682,4045.0888447195243
2460832.159722222,3459.208289860047,410.60914656266687,4168.251092546685
2460832.160416667,3264.357863859983,850.3407625639618,4257.634479389586
2460832.1611111113,3043.1271057442077,1283.1898781989094,4312.52019924386
2460832.1618055557,2797.30394824318,1705.6631948288314,4332.467056106445
2460832.1625,2528.8732318171988,2114.3511215442236,4317.314721921906
2460832.1631944445,2240.0010189424243,2505.9545967137424,4267.184919026805
2460832.163888889,1933.0175776414696,2877.3110992107418,4182.480528078192
2460832.1645833333,1610.3991295415303,3225.419695468711,4063.882620565485
2460832.1652777777,1274.7484555169679,3547.4649722893705,3912.3454149234426
2460832.165972222,928.774460083723,3840.839695026259,3729.0891570364074
2460832.1666666665,575.2708025876628,4103.166024972069,3515.5909296269156
2460832.167361111,217.09372159025463,4332.315116673456,3273.5734066928
2460832.168055556,-142.86081160649252,4526.424915070914,3004.9915796689925
2460832.16875,-501.6804505317585,4683.915963950382,2712.017503362585
2460832.1694444446,-856.4601658055506,4803.5050409660225,2397.0231315776973
2460832.170138889,-1204.326078559473,4884.216441561679,2062.56133702891
2460832.1708333334,-1542.4592173354117,4925.390745401963,1711.3452455595434
2460832.171527778,-1868.1189751444258,4926.690923182215,1346.2260382147397
2460832.172222222,-2178.66602740866,4888.10566664911,970.1694101538312
2460832.1729166666,-2471.5844696515346,4809.949859323257,586.2309016112102
2460832.173611111,-2744.5029341313257,4692.86214390874,197.53034240155577
2460832.1743055554,-2995.214451922306,4537.799585600958,-192.77432678291524
2460832.175,-3221.694845917097,4346.029472316781,-581.5135854272486
2460832.175694444,-3422.1194519176374,4119.118341348163,-965.5329251529262
2460832.176388889,-3594.878001159949,3858.9183589050886,-1341.7192260404604
2460832.1770833335,-3738.5875186305216,3567.5512237556777,-1707.0266330218587
2460832.177777778,-3852.1031315108803,3247.3897938237874,-2058.501673453
2460832.1784722223,-3934.5267120268763,2901.0376663546394,-2393.307368162228
2460832.1791666667,-3985.2133159552213,2531.3069598724846,-2708.746117228206
2460832.179861111,-4003.7754105765653,2141.194558148662,-3002.281169700628
2460832.1805555555,-3990.084915833791,1733.8570809444584,-3271.556516884658
2460832.18125,-3944.273108692738,1312.584843818571,-3514.415080092032
2460832.1819444443,-3866.728462378167,880.7750605354292,-3728.9150944744974
2460832.1826388887,-3758.0925075776704,441.9045235229319,-3913.344620916502
2460832.183333333,-3619.253813925104,-0.498013960269346,-4066.234139295609
2460832.184027778,-3451.340194261576,-442.8795577646348,-4186.367200836159
2460832.1847222224,-3255.7092372892207,-881.6905097910551,-4272.789128998264
2460832.185416667,-3033.9372673360695,-1313.4120684427828,-4324.813773025472
2460832.186111111,-2787.8068289603907,-1734.583241928587,-4342.028319339782
2460832.1868055556,-2519.292784947467,-2141.827344844774,-4324.296170409465
2460832.1875,-2230.5471081292494,-2531.877856619557,-4271.757897147179
2460832.1881944444,-1923.8824478943784,-2901.603514631319,-4184.830267128578
2460832.188888889,-1601.7545399062078,-3248.032526994083,-4064.2033452687124
2460832.189583333,-1266.743539742506,-3568.3757671783287,-3910.835661148813
2460832.1902777776,-921.5343538923145,-3860.0488184521128,-3725.947432947509
2460832.190972222,-568.8960574076981,-4120.692714344877,-3511.0118405972835
2460832.191666667,-211.66050015642608,-4348.193211139003,-3267.7443481226205
2460832.1923611113,147.29978962796156,-4540.69842373389,-2998.090079807825
2460832.1930555557,505.0942625365504,-4696.634636912153,-2704.2092792806184
2460832.19375,858.8374166954009,-4814.720110170646,-2388.460893541174
2460832.1944444445,1205.6721005146846,-4893.976690230009,-2053.384353433311
2460832.195138889,1542.792854148047,-4933.739055335002,-1701.679649472817
2460832.1958333333,1867.4690775660367,-4933.661430563272,-1336.1858315668371
2460832.1965277777,2177.0677958201304,-4893.721635299129,-959.858096018384
2460832.197222222,2469.075786328039,-4814.222354170784,-575.743650542041
2460832.1979166665,2741.120828606094,-4695.789556709727,-186.9565764528161
2460832.198611111,2990.9918358497084,-4539.368032097123,203.34806332523144
2460832.199305556,3216.6576421021327,-4346.214047682399,592.000608676466
2460832.2,3416.28423120468,-4117.885184510548,975.8434005492013
2460832.2006944446,3588.2502150057376,-3856.2274486641995,1351.7573067147478
2460832.201388889,3731.160398020876,-3563.3597957419943,1716.6878952261975
2460832.2020833334,3843.8572918184145,-3241.656248983899,2067.6709748285753
2460832.202777778,3925.4304805949455,-2893.7258176346204,2401.8572460925625
2460832.203472222,3975.2237701144268,-2522.390452351885,2716.5358202601537
2460832.2041666666,3992.8400877783715,-2130.6612926041807,3009.156389990332
2460832.204861111,3978.1441341201044,-1721.713467645943,3277.349868029355
2460832.2055555554,3931.2628137454926,-1298.8597197101424,3518.947336223417
2460832.20625,3852.583499491923,-865.5231146418649,3731.9971788534067
2460832.206944444,3742.7502023504685,-425.20908904226775,3914.7803070685295
2460832.207638889,3602.657736118619,18.522918026505145,4065.8234008868753
2460832.2083333335,3433.4439719933484,462.0880356609801,4183.9101271060445
2460832.209027778,3236.480287409231,901.9045187344207,4268.090300667287
2460832.2097222223,3013.3603100863793,1334.4221121912076,4317.686977982205
2460832.2104166667,2765.887059528691,1756.1500455188311,4332.301475041517
2460832.211111111,2496.0585830890996,2163.68449879722,4311.816309838094
2460832.2118055555,2206.0521818354327,2553.7353863655253,4256.396069619191
2460832.2125,1898.2073170095073,2923.1523112766895,4166.486203209087
2460832.2131944443,1575.0072895004164,3268.9495397240294,4042.809737440982
2460832.2138888887,1239.0597873174345,3588.329841272803,3886.3619170808556
2460832.214583333,893.076400648246,3878.7070352718397,3698.402768912175
2460832.215277778,539.8512158473806,4137.7270729570355,3480.447596417054
2460832.2159722224,182.23861365975623,4363.287476601066,3234.2554217786455
2460832.216666667,-176.8695861106273,4553.5549509543425,2961.8154071429517
2460832.217361111,-534.567479254069,4706.980982562998,2665.331301352909
2460832.2180555556,-887.9587440473477,4822.315236406805,2347.2039916476097
2460832.21875,-1234.1804301614693,4898.616576587378,2010.0122558521903
2460832.2194444444,-1570.4266492951429,4935.261545371504,1656.4918500848205
2460832.220138889,-1893.9719414258002,4931.950160845674,1289.5130917851266
2460832.220833333,-2202.1940798368832,4888.70892001284,912.0571284376949
2460832.2215277776,-2492.596068965292,4805.890929249541,527.1911168500772
2460832.222222222,-2762.827101274353,4684.1731232038355,138.04255108377043
2460832.222916667,-3010.7022370381887,4524.550576737814,-252.22699035056328
2460832.2236111113,-3234.2205956376856,4328.327957457016,-640.4484057150396
2460832.2243055557,-3431.581860219446,4097.108213464945,-1023.471649817086
2460832.225,-3601.2009317162083,3832.778628323076,-1398.1920550519121
2460832.2256944445,-3741.7205908671554,3537.494419185994,-1761.5761113494618
2460832.226388889,-3852.0220663686937,3213.6600819243863,-2110.6864476244004
2460832.2270833333,-3931.2334383316843,2863.908716737843,-2442.705771437226
2460832.2277777777,-3978.7358424839745,2491.07958288799,-2754.9595536730826
2460832.228472222,-3994.1674715272497,2098.194146786348,-3044.937268906783
2460832.2291666665,-3977.425401321045,1688.4308878281586,-3310.3120371841637
2460832.229861111,-3928.6652942473183,1265.0991211968392,-3548.95854442777
2460832.230555556,-3848.2990527116267,831.6120917939953,-3758.9691456865057
2460832.23125,-3736.9905110402456,391.45957251518064,-3938.668087614206
2460832.2319444446,-3595.649264233199,-51.819812622413174,-4086.62380738442
2460832.232638889,-3425.42273601716,-494.6663455752917,-4201.659287982311
2460832.2333333334,-3227.686588645034,-933.5268746072549,-4282.860462726344
2460832.234027778,-3004.0335759017235,-1364.8822152533191,-4329.582671051849
2460832.234722222,-2756.260931304046,-1785.2741549215914,-4341.4551748487265
2460832.2354166666,-2486.356380135068,-2191.3319266891494,-4318.383742632347
2460832.236111111,-2196.482855398211,-2579.7980303298086,-4260.551307688723
2460832.2368055554,-1888.9619938441995,-2947.5532783464696,-4168.416701472383
2460832.2375,-1566.2564860302723,-3291.640942362881,-4042.711459122456
2460832.238194444,-1230.9513526256446,-3609.289871298245,-3884.4346890521324
2460832.238888889,-885.7342292380702,-3897.936436755173,-3694.8459987414426
2460832.2395833335,-533.3747432763195,-4155.245157320437,-3475.4564677381313
2460832.240277778,-176.70309007279167,-4379.127831197974,-3228.0176704156574
2460832.2409722223,181.41208105114288,-4567.761007150383,-2954.50875572286
2460832.2416666667,538.0863298485626,-4719.601606253011,-2657.1216136488724
2460832.242361111,890.442481957149,-4833.400509096869,-2338.2441764418827
2460832.2430555555,1235.6339013513707,-4908.21392397744,-2000.4419293361993
2460832.24375,1570.8677819943985,-4943.412361097514,-1646.4377331667645
2460832.2444444443,1893.4282420361023,-4938.687053246924,-1279.0900949267327
2460832.2451388887,2200.698993175333,-4894.053687872569,-901.3700513711769
2460832.245833333,2490.1853475122284,-4809.853345051502,-516.3368627445308
2460832.246527778,2759.535321150733,-4686.750572418372,-127.11274217791336
2460832.2472222224,3006.5596007232507,-4525.728566979245,263.1431348447078
2460832.247916667,3229.2501405178787,-4328.081480669196,651.2610661073915
2460832.248611111,3425.79718580911,-4095.403906452697,1034.0874325275831
2460832.2493055556,3594.604529650069,-3829.5776504370165,1408.5111909883562
2460832.25,3734.3028438514075,-3532.7559345199593,1771.4899695067513
2460832.2506944444,3843.7609543158337,-3207.345211026043,2120.0754915739026
2460832.251388889,3922.0949636968962,-2855.9848027451753,2451.438071123287
2460832.252083333,3968.675158516962,-2481.524609599483,2762.8899386349353
2460832.2527777776,3983.1306736039473,-2087.0011336114558,3051.907191731072
2460832.253472222,3965.3519159565367,-1675.6120903174606,3316.150185174971
2460832.254166667,3915.4907797784617,-1250.6898716043177,3553.4822108941457
2460832.2548611113,3833.9587086652073,-815.6741279993896,3761.986344161413
2460832.2555555557,3721.422678841088,-374.0837140971128,3939.98036953699
2460832.25625,3578.7991926090895,70.51175605919506,4086.0297157459822
2460832.2569444445,3407.2463784992965,514.5205286893223,4198.958359490847
2460832.257638889,3208.1543004874748,954.3572979930353,4277.857670745236
2460832.2583333333,2983.1335769742795,1386.471579891909,4322.093187878092
2460832.2590277777,2734.002410643997,1807.3756974478558,4331.309316890189
2460832.259722222,2462.772125603228,2213.672219835651,4305.431954929685
2460832.2604166665,2171.6313030872907,2602.0807055329333,4244.66903839883
2460832.261111111,1862.928610510112,2969.4635948819696,4149.509015858276
2460832.261805556,1539.1544116219197,3312.851107366198,4020.7172447899006
2460832.2625,1202.9212531212906,3629.4649862015326,3859.330310843509
2460832.2631944446,856.9433317463283,3916.740925065247,3666.6482725556357
2460832.263888889,504.01504991215063,4172.349509669659,3444.2248377256255
2460832.2645833334,146.9887888210474,4394.21549126416,3193.8554906966087
2460832.265277778,-211.2479595393937,4580.535207497366,2917.563603165911
2460832.265972222,-567.795936306764,4729.791960435,2617.584584666978
2460832.2666666666,-919.7677615078217,4840.769169862282,2296.3481451326675
2460832.267361111,-1264.3116730279417,4912.561120534211,1956.4587818688012
2460832.2680555554,-1598.635150210728,4944.581145943027,1600.6746200250377
2460832.26875,-1920.028185632282,4936.567108083892,1231.8847789587458
2460832.269444444,-2225.8859724515764,4888.5840657576,853.0854553283635
2460832.270138889,-2513.7307618383934,4801.024056991649,467.3549509179432
2460832.2708333335,-2781.2326528909102,4674.602962888768,77.8278927603207
2460832.271527778,-3026.229087771316,4510.354462100138,-312.33108997881635
2460832.2722222223,-3246.7428367264993,4309.621131038152,-699.953950002873
2460832.2729166667,-3440.9982837032885,4074.042787673762,-1081.8957845779444
2460832.273611111,-3607.4358470327325,3805.542219882602,-1455.0610918938473
2460832.2743055555,-3744.724402238973,3506.308476411194,-1816.4294472308109
2460832.275,-3851.7716079081547,3178.7779279925003,-2163.080342817669
2460832.2756944443,-3927.7320666998376,2825.613339089328,-2492.2169475262754
2460832.2763888887,-3972.0132932974275,2449.6811966295527,-2801.188583066532
2460832.277083333,-3984.2794879495877,2054.027562687991,-3087.511729357186
2460832.277777778,-3964.4531464404204,1641.8527166058964,-3348.889409064751
2460832.2784722224,-3912.7145614428964,1216.484843229349,-3583.2288347406047
2460832.279166667,-3829.4992897440575,781.3530211583214,-3788.6572262824193
2460832.279861111,-3715.49367433127,339.95974065218974,-3963.535739940123
2460832.2805555556,-3571.628519860902,-104.1468300737701,-4106.471468886736
2460832.28125,-3399.071023267934,-547.4006382995268,-4216.327498034381
2460832.2819444444,-3199.2150619456597,-986.2454231097098,-4292.231007283121
2460832.282638889,-2973.6699373343317,-1417.1621199110816,-4333.579427815595
2460832.283333333,-2724.247666513383,-1836.6958515193216,-4340.044659221655
2460832.2840277776,-2452.948907529704,-2241.4823761076304,-4311.575355661278
2460832.284722222,-2161.947597397272,-2628.273869307473,-4248.397286237859
2460832.285416667,-1853.5743781888807,-2993.9639173465976,-4151.011770250248
2460832.2861111113,-1530.2988837865207,-3335.6115964874307,-4020.1921833840797
2460832.2868055557,-1194.7109598912741,-3650.464507629499,-3856.9785263441536
2460832.2875,-849.5008991665145,-3935.9806202028676,-3662.6700477033755
2460832.2881944445,-497.4387796391004,-4189.848771737077,-3438.8159145892428
2460832.288888889,-141.35300863008862,-4410.007656018207,-3187.2039318224715
2460832.2895833333,215.89180965079058,-4594.663122472073,-2909.8473214159217
2460832.2902777777,571.4175392073364,-4742.303598918479,-2608.969596471149
2460832.290972222,922.3555593648367,-4851.713454911023,-2286.987575493121
2460832.2916666665,1265.870003695579,-4921.984116203728,-1946.4926236890715
2460832.292361111,1599.180999572441,-4952.52276026929,-1590.2302226118331
2460832.293055556,1919.5876854962999,-4943.058433857147,-1221.078013088722
2460832.29375,2224.490781858386,-4893.6454613429,-842.0224771469633
2460832.2944444446,2511.414473037713,-4804.664041885574,-456.1344646565015
2460832.295138889,2778.0273630078564,-4676.817971568132,-66.54379155201298
2460832.2958333334,3022.1622690055347,-4511.129467000086,323.58683882517505
2460832.296527778,3241.8346282855796,-4308.931110697565,711.0883217265779
2460832.297222222,3435.259309918361,-4071.854983570665,1092.8117631983537
2460832.2979166666,3600.865645756086,-3801.8190954220763,1465.6549311857195
2460832.298611111,3737.3105262693844,-3501.011260402018,1826.5882690835815
2460832.2993055554,3843.489431949018,-3171.8706084111936,2172.680193120117
2460832.3,3918.5453105549577,-2817.066946668154,2501.1214235026473
2460832.300694444,3961.875240724995,-2439.478215713319,2809.248112561232
2460832.301388889,3973.1348582916885,-2042.1662929100555,3094.563567445942
2460832.3020833335,3952.240550846787,-1628.3514177991608,3354.758383294469
2460832.302777778,3899.3694560566655,-1201.3854961815587,3587.7288487964825
2460832.3034722223,3814.957320515409,-764.7245532408913,3791.593501259989
2460832.3041666667,3699.694295830999,-321.9005833906258,3964.707746753963
2460832.304861111,3554.518760139464,123.5069695302848,4105.67648410293
2460832.3055555555,3380.609262668166,567.8998795149888,4213.364690527128
2460832.30625,3179.3746932974627,1007.6897512359345,4286.905946045096
2460832.3069444443,2952.4427752180713,1439.326401759275,4325.708886937241
2460832.3076388887,2701.646982821066,1859.3258327332464,4329.46158216917
2460832.308333333,2429.0119776492406,2264.2976411677814,4298.133834273023
2460832.309027778,2136.737654837529,2650.9717153194933,4231.977404470377
2460832.3097222224,1827.1818920820572,3016.2240639886845,4131.524162357457
2460832.310416667,1502.8420895479364,3357.10163161561,3997.582158905053
2460832.311111111,1166.335596587601,3670.845940219294,3831.2296220139838
2460832.3118055556,820.3791277363416,3954.9153933985867,3633.806877300963
2460832.3125,467.7672810110063,4207.006069431678,3406.90620326901
2460832.3131944444,111.3502852390235,4425.070822610601,3152.359640420765
2460832.313888889,-245.98887701330355,4607.336504145488,2872.2247914510795
2460832.314583333,-601.3578076389326,4752.319114261384,2568.768669301346
2460832.3152777776,-951.8783086809,4858.83669985239,2244.4496753189014
2460832.315972222,-1294.7100758308015,4926.019822535649,1901.8978155898271
2460832.316666667,-1627.0742462639707,4953.319436580682,1543.893300770471
2460832.3173611113,-1946.2765779108283,4940.512043548899,1173.343692985134
2460832.3180555557,-2249.7300127487765,4887.7020170448595,793.259809245534
2460832.31875,-2534.9763897038483,4795.3210300541405,406.7306026762958
2460832.3194444445,-2799.707065759371,4664.124556574734,16.89727729668945
2460832.320138889,-3041.78222021618,4495.185463316467,-373.073096573108
2460832.3208333333,-3259.2486312081232,4289.884751935283,-760.0141849431445
2460832.3215277777,-3450.355736789562,4049.8995562480122,-1140.7869258657088
2460832.322222222,-3613.5698202677377,3777.18854011008,-1512.3057160778517
2460832.3229166665,-3747.5861902131264,3473.9748794644593,-1871.5639752835873
2460832.323611111,-3851.3392607746523,3142.727039935116,-2215.6588354021787
2460832.324305556,-3924.010468822221,2786.1375931643065,-2541.81471504751
2460832.325,-3965.0340034306405,2407.1003201391263,-2847.4055800108354
2460832.3256944446,-3974.1003498959944,2008.6858724216568,-3129.9757050640274
2460832.326388889,-3951.1576828437787,1594.1162489816568,-3387.2587980934563
2460832.3270833334,-3896.411164599855,1166.738354763879,-3617.1953664580547
2460832.327777778,-3810.3202254860776,729.9968834731471,-3817.9482451396857
2460832.328472222,-3693.593915770662,287.40675917348386,-3987.916226922202
2460832.3291666666,-3547.184427024098,-157.474653477156,-4125.745761333201
2460832.329861111,-3372.2788857483743,-601.0753735644593,-4230.340704318178
2460832.3305555554,-3170.2895178213676,-1039.8364982075454,-4300.870118088311
2460832.33125,-2942.8422835070833,-1470.2396038576917,-4336.7741234026935
2460832.331944444,-2691.764070372098,-1888.833724156133,-4337.767814776668
2460832.332638889,-2419.0685312234737,-2292.2617682587847,-4303.843244954184
2460832.3333333335,-2126.940643559413,-2677.2862602452587,-4235.269484160957
2460832.334027778,-1817.720063548048,-3040.81427736419,-4132.590753497902
2460832.3347222223,-1493.8833482735263,-3379.921458249611,-3996.62262788354
2460832.3354166667,-1158.025119054276,-3691.8749485919666,-3828.4463002135594
2460832.336111111,-812.8382467107226,-3974.155138000437,-3629.400898135183
2460832.3368055555,-461.0931474947689,-4224.476031799583,-3401.073847011976
2460832.3375,-105.6162979582315,-4440.804085040888,-3145.289283903036
2460832.3381944443,250.73191600330463,-4621.375323829397,-2864.094534217911
2460832.3388888887,605.0798690697058,-4764.710563003973,-2559.744688112098
2460832.339583333,954.5677277798192,-4869.628534745823,-2234.685330179616
2460832.340277778,1296.3706577625057,-4935.256742482826,-1891.5335078273115
2460832.3409722224,1627.7220055651826,-4961.0398681529705,-1533.0570514674712
2460832.341666667,1945.9362405902614,-4946.745578650986,-1162.1523868063205
2460832.342361111,2248.4314202913192,-4892.467601293831,-781.8210212147428
2460832.3430555556,2532.7509438127654,-4798.625972875099,-395.1449073681849
2460832.34375,2796.5843576933917,-4665.96440135153,-5.260912347057013
2460832.3444444444,3037.786971899623,-4495.544724446418,384.6653430079571
2460832.345138889,3254.3980710295737,-4288.738489776717,771.4660125813224
2460832.345833333,3444.6575108899424,-4047.215729513224,1151.9976326765245
2460832.3465277776,3607.02052118464,-3772.9310439979317,1523.167526681921
2460832.347222222,3740.1705607240515,-3468.1071498803794,1881.9597254644882
2460832.347916667,3843.030103152855,-3135.2160850179807,2225.4601328308654
2460832.3486111113,3914.769265485641,-2776.95829202027,2550.8806838382257
2460832.3493055557,3954.8122261550457,-2396.239822514984,2855.5822687486198
2460832.35,3962.841410936796,-1996.1479239074467,3137.096217749475
2460832.3506944445,3938.7994573569886,-1579.9252754416182,3393.1441746886826
2460832.351388889,3882.888994641711,-1150.9431381871668,3621.656219720118
2460832.3520833333,3795.570298776557,-712.6736827496552,3820.7871271781773
2460832.3527777777,3677.5569000211867,-268.66174180896616,3988.9306769969903
2460832.353472222,3529.8092324610893,177.50377795618735,4124.731960946638
2460832.3541666665,3353.526422720133,622.2186082108235,4227.097646436795
2460832.354861111,3150.1363176533378,1061.8917579590202,4295.204176891073
2460832.355555556,2921.2838518267267,1492.9738951972665,4328.503898383174
2460832.35625,2668.817851179152,1911.9853061611664,4326.7291102232475
2460832.3569444446,2394.776367328774,2315.543273213201,4289.8940390969365
2460832.357638889,2101.370633876245,2700.388719570712,4218.29473751114
2460832.3583333334,1790.9677339648297,3063.411971624703,4112.506906401899
2460832.359027778,1466.0720691798238,3401.6774868809384,3973.381640593284
2460832.359722222,1129.3057251110433,3712.447388416688,3802.039096728492
2460832.3604166666,783.3878363103177,3993.2036395293553,3599.8600867770056
2460832.361111111,431.1130666072049,4241.668682213288,3368.475608575959
2460832.3618055554,75.32933094769676,4455.824358946325,3109.75433395204
2460832.3625,-281.0850902975234,4633.9289259242,2825.7880958716974
2460832.363194444,-635.2448814349839,4774.531970377571,2518.8754334721116
2460832.363888889,-984.2812780623751,4876.487045159517,2191.503282883272
2460832.3645833335,-1325.3657080883527,4938.961847168118,1846.3269273949575
2460832.365277778,-1655.7332671744068,4961.445782449202,1486.1483522050476
2460832.3659722223,-1972.7057963725472,4943.754785809832,1113.8931799403078
2460832.3666666667,-2273.7143210634235,4886.033294719278,732.5863946507976
2460832.367361111,-2556.320614503241,4788.753313901103,345.3270818440842
2460832.3680555555,-2818.237645808227,4652.710548267763,-44.73755621772176
2460832.36875,-3057.3486899756704,4479.0176258419215,-434.4386413320021
2460832.3694444443,-3271.724890800078,4269.094478037135,-820.6122319664163
2460832.3701388887,-3459.6410951887515,4024.655985479917,-1200.1258271536176
2460832.370833333,-3619.58979830816,3747.697044033083,-1569.9044734162974
2460832.371527778,-3750.293078717805,3440.475235031795,-1926.9562115197396
2460832.3722222224,-3850.712429508689,3105.491320597354,-2268.3966051309394
2460832.372916667,-3920.0564302617086,2745.4678028901085,-2591.4721250482307
2460832.373611111,-3957.7862356963515,2363.325805433687,-2893.582184638023
2460832.3743055556,-3963.6188894137454,1962.160540504617,-3172.2996549458267
2460832.375,-3937.52849860499,1545.2156275488028,-3425.3897185164606
2460832.3756944444,-3879.745328987053,1115.8565200668188,-3650.826952797894
2460832.376388889,-3790.7528975744826,677.5432879660447,-3846.8105622881235
2460832.377083333,-3671.283153919443,233.8029838917817,-4011.777706357733
2460832.3777777776,-3522.3098476918517,-211.79819733740666,-4144.414891586922
2460832.378472222,-3345.0401834417876,-655.6827763165608,-4243.667414365178
2460832.379166667,-3140.904862405484,-1094.2896935011324,-4308.746852165764
2460832.3798611113,-2911.54660660922,-1524.1017090381245,-4339.136609591788
2460832.3805555557,-2658.807253468337,-1941.6723617522628,-4334.59552769441
2460832.38125,-2384.7135051269374,-2343.652355811335,-4295.159563719588
2460832.3819444445,-2091.4614069909912,-2726.815256004351,-4221.141545512608
2460832.382638889,-1781.3996293895134,-3088.0823657499814,-4113.128999340275
2460832.3833333333,-1457.0116247403532,-3424.5466595757657,-3971.980046258745
2460832.3840277777,-1120.8967313404519,-3733.4956371699373,-3798.8173574154052
2460832.384722222,-775.7503085940033,-4012.432946769231,-3595.020161125778
2460832.3854166665,-424.3429914939459,-4259.098621971026,-3362.214295633757
2460832.386111111,-69.49917319907043,-4471.487757270584,-3102.260312974403
2460832.386805556,285.9251624199151,-4647.867442290682,-2817.2396510006843
2460832.3875,639.0651142138705,-4786.791766290349,-2509.4389107109396
2460832.3881944446,987.0698788729552,-4887.114704238988,-2181.332299329413
2460832.388888889,1327.1259233889953,-4948.00070105914,-1835.5623264247922
2460832.3895833334,1656.4801099306976,-4968.93278232527,-1474.918871960545
2460832.390277778,1972.462553932519,-4949.718039900178,-1102.3167751840265
2460832.390972222,2272.5089835955164,-4890.490367087252,-720.7721251963872
2460832.3916666666,2554.1823630001263,-4791.710350705444,-333.37746288267874
2460832.392361111,2815.1935391522607,-4654.162265982202,56.72386822874027
2460832.3930555554,3053.420679586546,-4478.948163243757,446.36396291506685
2460832.39375,3266.927282924827,-4267.479077433517,832.3769175109204
2460832.394444444,3453.9785563326113,-4021.4634403927676,1211.6254261111171
2460832.395138889,3613.055985904405,-3742.8928143298936,1581.0271308684048
2460832.3958333335,3742.869947532272,-3434.025111165737,1937.580440546001
2460832.396527778,3842.37024447077,-3097.3654888672368,2278.3895573678906
2460832.3972222223,3910.7544844983927,-2735.645155835913,2600.688455269655
2460832.3979166667,3947.474249572731,-2351.7983261725212,2901.863589928477
2460832.398611111,3952.23904013061,-1948.9375892386627,3179.4751401803455
2460832.3993055555,3925.018007708473,-1530.3279585896444,3431.2766151474975
2460832.4,3866.039515601943,-1099.3598710991976,3655.232687349908
2460832.4006944443,3775.7885890910584,-659.5213897171856,3849.535148952011
2460832.4013888887,3655.0023341371925,-214.36986420308108,4012.616907954372
2460832.402083333,3504.6634138693735,232.49672520841037,4143.163973359108
2460832.402777778,3325.991680993262,677.4685210569402,4240.125392143594
2460832.4034722224,3120.434063587218,1116.952449517601,4302.721121361851
2460832.404166667,2889.652805498171,1547.4006017719535,4330.447824731611
2460832.404861111,2635.512156088524,1965.3381743598552,4323.082593063265
2460832.4055555556,2360.063601134249,2367.3908123608785,4280.684588089903
2460832.40625,2065.5297283275445,2750.3111984249726,4203.594610378172
2460832.4069444444,1754.2868124371273,3111.004743827343,4092.4325910524585
2460832.407638889,1428.8462120608888,3446.5542246628793,3948.093005845345
2460832.408333333,1091.8346727907067,3754.2432036931777,3771.7382113690373
2460832.4090277776,745.9736424854161,4031.578067805856,3564.789708768003
2460832.409722222,394.05771106302143,4276.308507311959,3328.917345232244
2460832.410416667,38.932308542133306,4486.446249383606,3066.0264790712604
2460832.4111111113,-316.5291890297072,4660.281856026732,2778.2431513766205
2460832.4118055557,-669.4487795494695,4796.399397783247,2467.897327234177
2460832.4125,-1016.967390508456,4893.688816735676,2137.5042989230915
2460832.4131944445,-1356.2684676694882,4951.355806995301,1789.7443679576668
2460832.413888889,-1684.6013706228227,4968.929056916154,1427.4409606708773
2460832.4145833333,-1999.3043486868849,4946.264726176686,1053.5373520528208
2460832.4152777777,-2297.826850821356,4883.548060492195,671.0722149657275
2460832.415972222,-2577.750935990663,4781.292086026945,283.15422357307654
2460832.4166666665,-2836.81154352396,4640.33336719879,-107.06402458842697
2460832.417361111,-3072.915404547933,4461.824855644929,-496.4124985979478
2460832.418055556,-3284.158389071119,4247.22590267451,-881.7303525027069
2460832.41875,-3468.8411070861293,3998.2895522752788,-1259.892385416046
2460832.4194444446,-3625.482612174273,3717.0472713689564,-1627.8350643263182
2460832.420138889,-3752.8320877283923,3405.7913080878047,-1982.581843520681
2460832.4208333334,-3849.8784272044154,3067.0549027659904,-2321.267527073643
2460832.421527778,-3915.8576578815664,2703.5905923668893,-2641.1614531633027
2460832.422222222,-3950.2581875194323,2318.346869933527,-2939.689298757353
2460832.4229166666,-3952.8238864233786,1914.4434609349644,-3214.4533406407563
2460832.423611111,-3923.5550429147725,1495.1454829564063,-3463.2510347321504
2460832.4243055554,-3862.7072541143116,1063.8367465496685,-3684.0918088984636
2460832.425,-3770.7883308058827,623.9924376472304,-3875.2119957642226
2460832.425694444,-3648.553307792316,179.1514124793004,-4035.0878532532233
2460832.426388889,-3496.9976564529743,-267.11169421072043,-4162.44664744593
2460832.4270833335,-3317.3488015691864,-711.2143525173419,-4256.275782727941
2460832.427777778,-3111.056038988179,-1149.5938530068318,-4315.8299824491105
2460832.4284722223,-2879.7789482426933,-1578.7347015981725,-4340.636524949383
2460832.4291666667,-2625.374388312823,-1995.19555631838,-4330.498543650206
2460832.429861111,-2349.8821561648765,-2395.6355812374563,-4285.496398584789
2460832.4305555555,-2055.509384824237,-2776.8400916841397,-4205.987122439148
2460832.43125,-1744.6137509702503,-3135.745369560497,-4092.6019393610068
2460832.4319444443,-1419.685564445345,-3469.462517340829,-3946.2418504146863
2460832.4326388887,-1083.3288135292364,-3775.30021318608,-3768.071276941316
2460832.433333333,-738.241247531364,-4050.7862172124424,-3559.509753534183
2460832.434027778,-387.19359034337674,-4293.687465974072,-3322.2216675866434
2460832.4347222224,-33.00799031125474,-4502.028582853621,-3058.1040497575464
2460832.435416667,321.4641631181797,-4674.108617489946,-2769.2724390140706
2460832.436111111,673.3649159862459,-4808.515829210048,-2458.044858514886
2460832.4368055556,1019.8527468180333,-4904.140321689932,-2126.923971362269
2460832.4375,1358.1257028670418,-4960.184348776117,-1778.5775036789898
2460832.4381944444,1685.44446298329,-4976.170119359247,-1415.8170639674347
2460832.438888889,1999.1551124520308,-4951.944954079902,-1041.57550682454
2460832.439583333,2296.711391597523,-4887.683670950037,-658.8830321634033
2460832.4402777776,2575.696182159976,-4783.888113216139,-270.84223271666093
2460832.440972222,2833.841994940908,-4641.383769850219,119.39767225664815
2460832.441666667,3069.050223383629,-4461.313483908093,508.6671506390663
2460832.4423611113,3279.4089482282534,-4245.128287182905,893.8029466700851
2460832.4430555557,3463.209094007057,-3994.575444065117,1271.6746619457704
2460832.44375,3618.9587607460626,-3711.683834671549,1639.2110385563153
2460832.4444444445,3745.3955900485107,-3398.746839071081,1993.4256740592145
2460832.445138889,3841.4970488059485,-3058.3029280387427,2331.441895939363
2460832.4458333333,3906.4885535626713,-2693.114187116039,2650.516553964818
2460832.4465277777,3939.84938980963,-2306.1430229315047,2948.0625093803937
2460832.447222222,3941.3164127650957,-1900.5273163184856,3221.669626102759
2460832.4479166665,3910.8855468178513,-1479.554289223756,3469.1241024090746
2460832.448611111,3848.8111258690587,-1046.6333506304854,3688.4260115654456
2460832.449305556,3755.6031383614813,-605.2681825799755,3877.804947600088
2460832.45,3632.0224560148968,-159.0283069655531,4035.7337039519193
2460832.4506944446,3479.074137201096,288.4796329103792,4160.939931353882
2460832.451388889,3297.9989019451286,733.6406656357536,4252.415744538659
2460832.4520833334,3090.2628758762717,1172.8601693248456,4309.425261453305
2460832.452777778,2857.5457022310634,1602.5922511431165,4331.510066355576
2460832.453472222,2601.727116783098,2019.3676651925539,4318.492596083327
2460832.4541666666,2324.872075654005,2419.821115408845,4270.477449890563
2460832.454861111,2029.2145271379452,2800.717788033717,4187.850622977313
2460832.4555555554,1717.1399141512982,3158.9789654886367,4071.276663278258
2460832.45625,1391.166498682982,3491.7065650103095,3921.693750614301
2460832.456944444,1053.9256017463097,3796.2064426666752,3740.306697771831
2460832.457638889,708.1408662870214,4070.010289215286,3528.5778795675665
2460832.4583333335,356.60665987902604,4310.895940020783,3288.216104022465
2460832.459027778,2.165746951838303,4516.905914708262,3021.1634505241955
2460832.4597222223,-352.3136119927311,4686.363990995963,2729.580124461246
2460832.4604166667,-703.9609692222025,4817.88962635098,2415.8273930823057
2460832.461111111,-1049.9272124026359,4910.410040316003,2082.4487007693892
2460832.4618055555,-1387.4080963259555,4963.169787648942,1732.1490857917022
2460832.4625,-1713.6675591863223,4975.7376697288155,1367.7730550881151
2460832.4631944443,-2026.0605895929505,4948.010859881002,992.2811031253051
2460832.4638888887,-2322.0554068444467,4880.216151011825,608.725086831285
2460832.464583333,-2599.2547108820204,4772.908272800288,220.2227013167455
2460832.465277778,-2855.4157727485986,4626.965267988266,-170.06868739896709
2460832.4659722224,-3088.4691438655905,4443.580961211768,-558.9785759249718
2460832.466666667,-3296.5357809419697,4224.254600789263,-943.3499365374184
2460832.467361111,-3477.9424123452263,3970.777794365536,-1320.065629115907
2460832.4680555556,-3631.2349959787093,3685.21890147494,-1686.0743308118745
2460832.46875,-3755.1901532150687,3369.9050796647994,-2038.4157190909652
2460832.4694444444,-3848.8244963641073,3027.402210223275,-2374.2446614765836
2460832.470138889,-3911.4018019590653,2660.4929491905073,-2690.8541917104735
2460832.470833333,-3942.438014137484,2272.1531647923116,-2985.697078024324
2460832.4715277776,-3941.704093449483,1865.5270256978106,-3256.405822419526
2460832.472222222,-3909.226752473343,1443.9010057443836,-3500.8109588340317
2460832.472916667,-3845.287141989265,1010.6770588422053,-3716.9575518249144
2460832.4736111113,-3750.4175675143424,569.3452055252438,-3903.119824299194
2460832.4743055557,-3625.396327944565,123.4557570238629,-4057.813867359278
2460832.475,-3471.240774027577,-323.40862016739356,-4179.808407969062
2460832.4756944445,-3289.198685542215,-767.6608160716448,-4268.133625170488
2460832.476388889,-3080.7380645069675,-1205.7369995525044,-4322.088015738587
2460832.4770833333,-2847.5354363735937,-1634.1240040286812,-4341.243316704854
2460832.4777777777,-2591.462745053753,-2049.3862414415826,-4325.447493235652
2460832.478472222,-2314.572920407995,-2448.192018830866,-4274.825798323644
2460832.4791666665,-2019.0841945722032,-2827.3391306230437,-4189.779907109382
2460832.479861111,-1707.3632327325338,-3183.7796092304616,-4070.985122408559
2460832.480555556,-1381.907156602591,-3514.6434926815323,-3919.385646317833
2460832.48125,-1045.32452759888,-3817.261478897957,-3736.187907042954
2460832.4819444446,-700.315377614674,-4089.186307306027,-3522.851934725713
2460832.482638889,-349.6503795419761,-4328.212705926907,-3281.080783419354
2460832.4833333334,3.8507328935584337,-4532.395727449361,-3012.8080068643344
2460832.484027778,357.3413674179912,-4700.067288417084,-2720.1832116752594
2460832.484722222,707.9707488369016,-4829.850721241195,-2405.555732231526
2460832.4854166666,1052.906898546699,-4920.673149829217,-2071.4564964181354
2460832.486111111,1389.3597297504878,-4971.775507133817,-1720.5781781631065
2460832.4868055554,1714.6040493990024,-4982.7200260074815,-1355.7537654607079
2460832.4875,2026.002242483013,-4953.395057292438,-979.9337052365298
2460832.488194444,2321.02640710809,-4884.017098215598,-596.161813965552
2460832.488888889,2597.2797027804336,-4775.129947500555,-207.5501717817848
2460832.4895833335,2852.5166708868446,-4627.600944958021,182.74675098586877
2460832.490277778,3084.6623015349014,-4442.614295312304,571.5584755924713
2460832.4909722223,3291.829629067665,-4221.661521751279,955.7251247797353
2460832.4916666667,3472.3356605882072,-3966.529140151059,1332.1239756145883
2460832.492361111,3624.71546920629,-3679.283684527821,1697.695674935365
2460832.4930555555,3747.73430794984,-3362.254259759257,2049.4698343488826
2460832.49375,3840.397639688469,-3018.0128212671157,2384.5897507358773
2460832.4944444443,3901.9590046699504,-2649.3524215317443,2700.3360012563317
2460832.4951388887,3931.925687808578,-2259.2636677132873,2994.148705007537
2460832.495833333,3930.0621743295833,-1850.909660780382,3263.6482562916135
2460832.496527778,3896.391414901024,-1427.59968089799,3506.654375445874
2460832.4972222224,3831.1939448599164,-992.7618854943978,3721.203349170967
2460832.497916667,3735.0049228453904,-549.9152766516316,3905.563362879262
2460832.498611111,3608.609169594615,-102.6411819116502,4058.247854090246
2460832.4993055556,3453.03429781621,345.4455248468734,4178.0268396729025
2460832.5,3269.5420282987134,790.7252561667066,4263.936188605471
2460832.5006944444,3059.617792826302,1229.602398225803,4315.284823250076
2460832.501388889,2824.958715982632,1658.5336882813024,4331.659845859227
2460832.502083333,2567.4600748200965,2074.0561055356434,4312.929586614069
2460832.5027777776,2289.200322427514,2472.8141303857183,4259.244575664683
2460832.503472222,1992.424765195508,2851.5862159448125,4171.036438371197
2460832.504166667,1679.5279826378464,3207.3103189971334,4049.0147137753456
2460832.5048611113,1353.0350759746716,3537.1083390908775,3894.161594103052
2460832.5055555557,1015.5818469502245,3838.309295536277,3707.724587890361
2460832.50625,669.8940075243868,4108.471076109337,3491.207111111142
2460832.5069444445,318.7655433221661,4345.400572054521,3246.357023633941
2460832.507638889,-34.96363668802151,4547.172013808401,2975.153139595889
2460832.5083333333,-388.43060903797823,4712.143313933122,2679.7897616013543
2460832.5090277777,-738.7727294737313,4838.970226567996,2362.6593121254487
2460832.509722222,-1083.1511221287537,4926.618141046727,2026.3331595844938
2460832.5104166665,-1418.7741516769456,4974.37133838144,1673.5407706491626
2460832.511111111,-1742.92065545254,4981.839562624218,1307.1473481123983
2460832.511805556,-2052.9627008155576,4948.961786146985,930.1301450005202
2460832.5125,-2346.3876276640876,4876.0070822521775,545.5536744194966
2460832.5131944446,-2620.8191376796312,4763.5725579438895,156.5440585995621
2460832.513888889,-2874.037199667815,4612.578341884424,-233.73722063096454
2460832.5145833334,-3103.9965504985366,4424.259669036642,-622.1198887861946
2460832.515277778,-3308.843596206036,4200.156146614812,-1005.4514822199675
2460832.515972222,-3486.9315388634504,3942.0983298387587,-1380.6237023995025
2460832.5166666666,-3636.8335855581086,3652.191774839599,-1744.5982445325596
2460832.517361111,-3757.354127134769,3332.7987719290904,-2094.4318360195894
2460832.5180555554,-3847.5378105682676,2986.517985854694,-2427.300245898377
2460832.51875,-3906.676459728075,2616.16225449659,-2740.5210450780173
2460832.519444444,-3934.313833998894,2224.7348057480413,-3031.5749312311527
2460832.520138889,-3930.248242794973,1815.4041612699066,-3298.1254589125015
2460832.5208333335,-3894.533060758848,1391.4779858934055,-3538.037052778408
2460832.521527778,-3827.4752085674336,956.3761408207419,-3749.391205513049
2460832.5222222223,-3729.6316808421598,513.6031770089484,-3930.500795869899
2460832.5229166667,-3601.804213461108,66.72049324930525,-4079.9224829752206
2460832.523611111,-3445.032186583617,-380.68164475265246,-4196.467156831204
2460832.5243055555,-3260.583862531041,-825.0120383175758,-4279.20843550781
2460832.525,-3049.946053752906,-1262.7062832384822,-4327.489212892428
2460832.5256944443,-2814.812312316628,-1690.2541427736057,-4340.926264353427
2460832.5263888887,-2557.0697223334296,-2104.2264377937145,-4319.412919147816
2460832.527083333,-2278.784376909378,-2501.3013201978843,-4263.1198048280385
2460832.527777778,-1982.1856085561947,-2878.289813237576,-4172.493665760254
2460832.5284722224,-1669.64904649763,-3232.160487124111,-4048.2542526543266
2460832.529166667,-1343.6785684717527,-3560.063141781026,-3891.3892754095045
2460832.529861111,-1006.8872230110408,-3859.3513520089527,-3703.147410097208
2460832.5305555556,-661.9772078543133,-4127.60371859523,-3485.029354290142
2460832.53125,-311.7189961847312,-4362.64366215321,-3238.776927631686
2460832.5319444444,41.070273775676014,-4562.557577466262,-2966.360229674758
2460832.532638889,393.54901778850194,-4725.711163391778,-2669.9628800339674
2460832.533333333,742.87388013538,-4850.7637357679005,-2351.9653901271913
2460832.5340277776,1086.222694683865,-4936.68033520277,-2014.926737404471
2460832.534722222,1420.8175365408342,-4982.741446786905,-1661.5642476390747
2460832.535416667,1743.9476569924398,-4988.550167472477,-1294.731916454652
2460832.5361111113,2052.992078258106,-4954.036677506968,-917.3973334834412
2460832.5368055557,2345.4416099996615,-4879.459902313829,-532.6174089612929
2460832.5375,2618.92005226593,-4765.406287909964,-143.51312345244844
2460832.5381944445,2871.204349108842,-4612.785651607093,246.7564528597348
2460832.538888889,3100.243461048387,-4422.824116191798,635.0205989779894
2460832.5395833333,3304.175748373027,-4197.054177217359,1018.1235677471624
2460832.5402777777,3481.3446682274152,-3937.3020029458057,1392.9511038158619
2460832.540972222,3630.3126239650574,-3645.672101539734,1756.4565797981975
2460832.5416666665,3749.8728257694365,-3324.5295373374374,2105.6864677185245
2460832.542361111,3839.0590616191685,-2976.479903223984,2437.8048918180625
2460832.543055556,3897.1533072607635,-2604.3472865766776,2750.1170223579356
2460832.54375,3923.691138813053,-2211.150481104333,3040.091100110765
2460832.5444444446,3918.4649419557536,-1800.0777133259255,3305.378905087705
2460832.545138889,3881.524941568772,-1374.4601487701789,3543.8345198516768
2460832.5458333334,3813.1780989278755,-937.7444446093274,3753.5312636064928
2460832.546527778,3713.984943615886,-493.4646030636597,3932.7767048320566
2460832.547222222,3584.754421855674,-45.213367792846256,4080.1256854408402
2460832.5479166666,3426.5368516622057,403.38661457506464,4194.391313159188
2460832.548611111,3240.6150814269117,848.7116578176159,4274.653894514724
2460832.5493055554,3028.493948649433,1287.1657370467137,4320.267796178454
2460832.55,2791.888133500474,1715.2088539617491,4330.86622959343
2460832.550694444,2532.708500088506,2129.3849022755226,4306.363957735786
2460832.551388889,2253.047016380958,2526.348876368394,4246.957925261528
2460832.5520833335,1955.160335662948,2902.8932783906716,4153.125811811256
2460832.552777778,1641.4521316860191,3255.973562863282,4025.6225079622136
2460832.5534722223,1314.4542730225403,3582.7324679369613,3865.4745121605715
2460832.5541666667,976.806936556091,3880.5230633120173,3673.9722508015316
2460832.554861111,631.2377669563037,4146.930341528432,3452.6603294909064
2460832.5555555555,280.5401989800875,4379.791172608823,3203.3257308243983
2460832.55625,-72.44891405902996,4577.212427093828,2927.983995015345
2460832.5569444443,-424.8722152414229,4737.587079186569,2628.8634327386585
2460832.5576388887,-773.8751236653094,4859.6080963744125,2308.387449084056
2460832.558333333,-1116.6292843278345,4942.279933483031,1969.1550836293027
2460832.559027778,-1450.355980573364,4984.927464470909,1613.9198973144692
2460832.5597222224,-1772.349277560215,4987.202204252557,1245.5673768866936
2460832.560416667,-2079.998665237737,4949.085705625386,867.0910491916685
2460832.561111111,-2370.810961824468,4870.890048848385,481.5675274290148
2460832.5618055556,-2642.431236029594,4753.255382681046,92.13074151295535
2460832.5625,-2892.6625223311885,4597.144518576536,-298.05438586307594
2460832.5631944444,-3119.4841113112607,4403.834625434303,-685.8185348722212
2460832.563888889,-3321.0682222274168,4174.906115694457,-1068.0145738862202
2460832.564583333,-3495.7948862518033,3912.2288588495094,-1441.5438471183393
2460832.5652777776,-3642.2649031197766,3617.9458938151943,-1803.3818932291626
2460832.565972222,-3759.310763097556,3294.454846594535,-2150.60333382911
2460832.566666667,-3846.0054606115655,2944.3872876316123,-2480.40569166698
2460832.5673611113,-3901.669161367262,2570.58627768038,-2790.13192931099
2460832.5680555557,-3925.873714413607,2176.082368154126,-3077.29152166822
2460832.56875,-3918.445031826982,1764.0683192442573,-3339.5799132596226
2460832.5694444445,-3879.4633824445837,1337.8727996796108,-3574.8962381778256
2460832.570138889,-3809.261667156047,900.9333201235795,-3781.359212940257
2460832.5708333333,-3708.421758096633,456.76863671536734,-3957.3211401092276
2460832.5715277777,-3577.768993727095,8.950843272580695,-4101.379983932065
2460832.572222222,-3418.364926772651,-438.9226488584346,-4212.3894983449745
2460832.5729166665,-3231.4984225536527,-883.2570648032864,-4289.467402223929
2460832.573611111,-3018.675201047459,-1320.4879966013864,-4332.001606124287
2460832.574305556,-2781.6059128972297,-1747.1087624947386,-4339.654497765038
2460832.575,-2522.1928301761714,-2159.6972665037224,-4312.365295184187
2460832.5756944446,-2242.5152299202964,-2554.9422289282934,-4250.350472593455
2460832.576388889,-1944.8135400251215,-2929.6686672820383,-4154.102259861431
2460832.5770833334,-1631.472317856746,-3280.8624983572386,-4024.385211374064
2460832.577777778,-1305.0021325967969,-3605.6941266685385,-3862.2308370064593
2460832.578472222,-968.0204256123191,-3901.540875879224,-3668.9302859509435
2460832.5791666666,-623.2314332077747,-4166.008105693501,-3446.025076526474
2460832.579861111,-273.4052705942882,-4396.948843237669,-3195.2958731637505
2460832.5805555554,78.6437093340327,-4592.481748857248,-2918.7493231510857
2460832.58125,430.07915107120584,-4751.007228494715,-2618.6029815391003
2460832.581944444,778.0653696789813,-4871.221499046069,-2297.2683773785375
2460832.582638889,1119.790288662381,-4952.128418088275,-1957.3322985150533
2460832.5833333335,1452.4884480982862,-4993.0488977012765,-1601.5364021455816
2460832.584027778,1773.4638699903624,-4993.627738780041,-1232.7552908190917
2460832.5847222223,2080.1125572339483,-4953.8377465865915,-853.9732217037599
2460832.5854166667,2369.944389053828,-4873.981018223605,-468.259651961277
2460832.586111111,2640.6041765394284,-4754.687329713332,-78.74384619771844
2460832.5868055555,2889.891640381196,-4596.909592350063,311.41119907417095
2460832.5875,3115.780089001509,-4401.916389782644,699.0352503734601
2460832.5881944443,3316.4335822737785,-4171.281655993484,1080.9774643208343
2460832.5888888887,3490.2223955854993,-3906.87159521281,1454.1328667687412
2460832.589583333,3635.7366194069173,-3610.8289907060284,1815.468397232592
2460832.590277778,3751.7977644524462,-3285.555082361689,2162.0482501405413
2460832.5909722224,3837.4682709359868,-2933.6892311280344,2491.05825186229
2460832.591666667,3892.0588583861754,-2558.0866050957948,2799.8290448431576
2460832.592361111,3915.133681602418,-2161.7941482861634,3085.857866259645
2460832.5930555556,3906.513292249102,-1748.0250944786574,3346.8287467052446
2460832.59375,3866.275431699608,-1320.1322980754207,3580.630978228638
2460832.5944444444,3794.753705712942,-881.5806449692683,3785.3757359609644
2460832.595138889,3692.5342089818114,-435.9187933886653,3959.4107665866604
2460832.595833333,3560.4501822844823,13.249511167425664,4101.333078166314
2460832.5965277776,3399.574793288863,462.29432773678496,4209.999592250364
2460832.597222222,3211.2121362146167,907.5884140910115,4284.535734157672
2460832.597916667,2996.8865466269845,1345.53593544851,4324.341949641194
2460832.5986111113,2758.330325006366,1772.6008165040446,4329.098144205885
2460832.5993055557,2497.469960597649,2185.334574247582,4298.7660445361735
2460832.6,2216.410944844652,2580.403475738224,4233.589483179262
2460832.6006944445,1917.4212573333539,2954.614874145703,4134.0926060169595
2460832.601388889,1602.9136141981273,3304.942563617173,4001.0760015512997
2460832.6020833333,1275.4265687244745,3628.5509955393773,3835.610751901287
2460832.6027777777,937.60455950965,3922.8181910278404,3639.0304067737457
2460832.603472222,592.1770153043262,4185.357171466425,3412.9208891198105
2460832.6041666665,241.93664259161844,4414.035719711451,3159.1083549574328
2460832.604861111,-110.28297174186768,4606.9942865472385,2879.6450388168314
2460832.605555556,-461.6302770687422,4762.661842914901,2576.7931458302173
2460832.60625,-809.2590232722013,4879.76949125009,2253.006867500631
2460832.6069444446,-1150.3516711561267,4957.361651364156,1910.912634167966
2460832.607638889,-1482.1427384893384,4994.804657009805,1553.2877415249907
2460832.6083333334,-1801.9418539523185,4991.792620124891,1183.037522083283
2460832.609027778,-2107.1562819697638,4948.3504504619505,803.1712632231225
2460832.609722222,-2395.3126810322424,4864.833954363138,416.7770972290251
2460832.6104166666,-2664.077856072721,4741.926977188111,26.99611738795749
2460832.611111111,-2911.278279049368,4580.635597766333,-363.00401308258483
2460832.6118055554,-3134.91816499148,4382.279427829204,-750.0556787790272
2460832.6125,-3333.195910262997,4148.4801160377265,-1131.017868151548
2460832.613194444,-3504.5187305913237,3881.1471951790186,-1502.8023895361798
2460832.613888889,-3647.5153613498287,3582.461452836412,-1862.399470218243
2460832.6145833335,-3761.0467194018333,3254.8560343864497,-2206.9024851143545
2460832.615277778,-3844.214456712542,2900.9955160557297,-2533.531578105116
2460832.6159722223,-3896.3673712262394,2523.7532018897055,-2839.655968915753
2460832.6166666667,-3917.105671818222,2126.1869066419927,-3122.8147689896105
2460832.617361111,-3906.283121767799,1711.5134933063587,-3380.736157228421
2460832.6180555555,-3864.0071107898334,1283.0824249972393,-3611.3548019403866
2460832.61875,-3790.6367243893405,844.3485810165113,-3812.827443667889
2460832.6194444443,-3686.7788937299592,398.84457246378133,-3983.54658003566
2460832.6201388887,-3553.2827192523423,-49.847224145095595,-4122.152216875503
2460832.620833333,-3391.232062504076,-498.1227277883833,-4227.541671985358
2460832.621527778,-3201.936504577729,-942.3841230420553,-4298.877424248991
2460832.6222222224,-2986.9207621231503,-1379.0675896736902,-4335.593015783813
2460832.622916667,-2747.912649234395,-1804.6706455297403,-4337.397014127403
2460832.623611111,-2486.8296654829915,-2215.778972993055,-4304.275042910736
2460832.6243055556,-2205.7642841615134,-2609.09260430617,-4236.489885403242
2460832.625,-1906.9680133620539,-2981.451337844921,-4134.579661308401
2460832.6256944444,-1592.834294983112,-3329.859262274081,-3999.354071408486
2460832.626388889,-1265.8803161988767,-3651.508246418522,-3831.888702909095
2460832.627083333,-928.7278054331101,-3943.800252712148,-3633.517385431512
2460832.6277777776,-584.0829018008857,-4204.368310618776,-3405.8225932285163
2460832.628472222,-234.71519435901195,-4431.09598067229,-3150.623894255148
2460832.629166667,116.56394905222714,-4622.135123250432,-2869.9644633840962
2460832.6298611113,466.92363234356,-4775.9217850567375,-2566.0956898075174
2460832.6305555557,813.5361009994722,-4891.190007689057,-2241.4599370426818
2460832.63125,1153.5996551921585,-4966.983370334632,-1898.671537749448
2460832.6319444445,1484.3616116288076,-5002.664088223016,-1540.4961335018975
2460832.632638889,1803.1410959244838,-4997.919504619232,-1169.828507564279
2460832.6333333333,2107.3514429357965,-4952.765841524355,-789.6690815458848
2460832.6340277777,2394.521966095543,-4867.549104235009,-403.0992850132054
2460832.634722222,2662.3188606931953,-4742.943072920999,-13.256027103551263
2460832.6354166665,2908.5650038285153,-4579.944356951289,376.6944708825787
2460832.636111111,3131.2584308790215,-4379.864530267265,763.5832152237386
2460832.636805556,3328.5892775497286,-4144.3194142117345,1144.2650646672068
2460832.6375,3498.955004638094,-3875.21561623897,1515.6451583347202
2460832.6381944446,3640.9737465993535,-3574.734475426345,1874.7048643448675
2460832.638888889,3753.495656182585,-3245.313602727569,2218.5269785281907
2460832.6395833334,3835.61215029851,-2889.626235564513,2544.3199196307887
2460832.640277778,3886.6629967698427,-2510.558646578408,2849.44069375865
2460832.640972222,3906.2412122907585,-2111.1858689650685,3131.41642131361
2460832.6416666666,3894.195774735027,-1694.7460030178224,3387.9642560113107
2460832.642361111,3850.632178705864,-1264.6133726506914,3617.009552730941
2460832.6430555554,3775.9108867025584,-824.2707960185387,3816.7021713449262
2460832.64375,3670.643745847912,-377.2812190201684,3985.430834348793
2460832.644444444,3535.6884538849195,72.74104725815833,4121.835477530036
2460832.645138889,3372.141164676864,522.1592708288632,4224.817558318104
2460832.6458333335,3181.327328947274,967.3432185917281,4293.5482985109065
2460832.646527778,2964.7908640965375,1404.697870697947,4327.474852608054
2460832.6472222223,2724.281747962109,1830.691753959859,4326.324397802028
2460832.6479166667,2461.742123674081,2241.8847400347618,4290.1061465294615
2460832.648611111,2179.2910057345493,2634.9551478836115,4219.111281695083
2460832.6493055555,1879.2076696223587,3006.7260039451303,4113.910814438639
2460832.65,1563.9138139468791,3354.190300696583,3975.3513635357604
2460832.6506944443,1235.9545831289256,3674.535096178639,3804.548855382993
2460832.6513888887,897.9785521006686,3965.1642814179254,3602.8801489351767
2460832.652083333,552.7167782904805,4223.719841893047,3371.9725939622062
2460832.652777778,202.96105004936607,4448.101421505978,3113.691547407894
2460832.6534722224,-148.45853147474415,4636.48400054429,2830.1258841170484
2460832.654166667,-498.6964720168113,4787.333489993679,2523.571565108839
2460832.654861111,-844.9151300520932,4899.420054451748,2196.513345489025
2460832.6555555556,-1184.308083937109,4971.82898020268,1851.6047413797257
2460832.65625,-1514.1234114321458,5003.968928081421,1491.646395123232
2460832.6569444444,-1831.6866475206705,4995.577430268746,1119.5630198182723
2460832.657638889,-2134.42318865951,4946.723524534797,738.3791239063144
2460832.658333333,-2419.879901456385,4857.807454339081,351.19375059527357
2460832.6590277776,-2685.745700283384,4729.557406003063,-38.84551316265423
2460832.659722222,-2929.8708701682635,4563.023297000085,-428.5689896632414
2460832.660416667,-3150.284922193517,4359.567676507313,-814.8115392562006
2460832.6611111113,-3345.2127954665366,4120.85384280949,-1194.43908178439
2460832.6618055557,-3513.089245277563,3848.8313224169274,-1564.3747308934076
2460832.6625,-3652.57128398191,3545.718897962659,-1921.6242650766883
2460832.6631944445,-3762.548580153631,3213.985396286869,-2263.300688330168
2460832.663888889,-3842.1517497558175,2856.328479188947,-2586.6476454742633
2460832.6645833333,-3890.758509914603,2475.6516899236544,-2889.061492599451
2460832.6652777777,-3907.9976945660483,2075.0400253385164,-3168.111845185956
2460832.665972222,-3893.7511616671145,1657.7342916864525,-3421.560469213751
2460832.6666666665,-3848.1536426856037,1227.1045129281943,-3647.3783980767134
2460832.667361111,-3771.590605762241,786.6226325397537,-3843.7612002685855
2460832.668055556,-3664.6942166689246,339.83474635288695,-4009.142340244929
2460832.66875,-3528.3374898895127,-109.66692425467642,-4142.2046030771335
2460832.6694444446,-3363.6267251851423,-558.2721260681225,-4241.889568230909
2460832.670138889,-3171.8923245708893,-1002.3805615245852,-4307.405130409057
2460832.6708333334,-2954.678083460003,-1438.4296101195052,-4338.231072868984
2460832.671527778,-2713.729035990936,-1862.9216561505236,-4334.122703723767
2460832.672222222,-2450.977939824837,-2272.4508774389187,-4295.112560259137
2460832.6729166666,-2168.530469273764,-2663.72938023006,-4221.510186877633
2460832.673611111,-1868.6491882585758,-3033.612550278512,-4113.899985244686
2460832.6743055554,-1553.7363708749024,-3379.1234914207357,-3973.1371315031215
2460832.675,-1226.3157383861426,-3697.476414930473,-3800.3415512796273
2460832.675694444,-889.013192218727,-3986.098826558486,-3596.889945019742
2460832.676388889,-544.5366275398904,-4242.652351904404,-3364.405858076238
2460832.6770833335,-195.65492983632996,-4465.052023948075,-3104.747800026246
2460832.677777778,154.8237282691754,-4651.483848587427,-2819.9954301153234
2460832.6784722223,504.07415038573225,-4800.420455270515,-2512.4338463782165
2460832.6791666667,849.2767807090753,-4910.634639735358,-2184.5360391322342
2460832.679861111,1187.640592904663,-4981.210611249492,-1838.9435933658622
2460832.6805555555,1516.4260001777202,-5011.552765126211,-1478.4457613196876
2460832.68125,1832.9675724760823,-5001.391823553096,-1105.957053401774
2460832.6819444443,2134.69633456613,-4950.788212357577,-724.4935255104068
2460832.6826388887,2419.161404486408,-4860.132574316006,-337.1479783503369
2460832.683333333,2684.0507404966215,-4730.143357705135,52.93570131369678
2460832.684027778,2927.2107590391743,-4561.861461755438,442.58879364149874
2460832.6847222224,3146.6646042529683,-4356.641965311045,828.6443213851923
2460832.685416667,3340.6288648000063,-4116.143009789508,1207.9636655047777
2460832.686111111,3507.5285552158894,-3842.3119534341563,1577.4629331846643
2460832.6868055556,3646.0102092711263,-3537.3689525141604,1934.1388005981632
2460832.6875,3754.952961662723,-3203.788162380806,2275.093561830464
2460832.6881944444,3833.477527404867,-2844.2767829178742,2597.559132865842
2460832.688888889,3880.953023324197,-2461.752191543251,2898.919787791645
2460832.689583333,3897.0016065178593,-2059.3174272394294,3176.73342628238
2460832.6902777776,3881.5009362333576,-1640.2352904828722,3428.751207074704
2460832.690972222,3834.5844910705587,-1207.9013303385627,3652.93540756978
2460832.691666667,3756.639796055535,-765.8159767028095,3847.475404804706
2460832.6923611113,3648.304631518579,-317.55607180628505,4010.8016960782516
2460832.6930555557,3510.4613069702377,133.2539697432751,4141.597907065391
2460832.69375,3344.2290916208663,582.9711511414621,4238.810750728156
2460832.6944444445,3150.9548950763697,1027.9628377726008,4301.657919170962
2460832.695138889,2932.2022929362656,1464.6354705565861,4329.633899184677
2460832.6958333333,2689.7389881714475,1889.4628814080922,4322.5137097124
2460832.6965277777,2425.5227976922984,2299.0140494665025,4280.3545612464995
2460832.697222222,2141.6862498850196,2689.98014494011,4203.495438033821
2460832.6979166665,1840.5198762956559,3059.200709623531,4092.5546021228924
2460832.698611111,1524.4542868363121,3403.6888133896205,3948.425018933562
2460832.699305556,1196.0411151026713,3720.655029728066,3772.267703080237
2460832.7,857.9329375782327,4007.5300533578843,3565.5029901725115
2460832.7006944446,512.8622730332451,4261.985784652635,3329.7997445219667
2460832.701388889,163.61979275160363,4481.954687846006,3067.0625297490637
2460832.7020833334,-186.96811823275834,4665.647232385316,2779.416782348937
2460832.702777778,-536.0622812871069,4811.567219559879,2469.1920558712204
2460832.703472222,-880.8339500842319,4918.524807981171,2138.903420548906
2460832.7041666666,-1218.4881327494293,4985.647054477109,1791.2311447253824
2460832.704861111,-1546.2867987251625,5012.385813158686,1428.998803864105
2460832.7055555554,-1861.5717406573076,4998.522856473986,1055.1499975719466
2460832.70625,-2161.786850309454,4944.17211513341,672.7238892638068
2460832.706944444,-2444.499575413808,4849.778972114938,284.82979838408374
2460832.707638889,-2707.421318265775,4716.116587347504,-105.37889160004151
2460832.7083333335,-2948.426554372305,4544.279275113221,-494.7312375473151
2460832.709027778,-3165.570464839576,4335.67300078251,-880.0653708777801
2460832.7097222223,-3357.1048984189483,4092.003107291785,-1258.2549769326888
2460832.7104166667,-3521.492503676635,3815.259427126756,-1626.2353339742033
2460832.711111111,-3657.418910240925,3507.69896332267,-1981.0286528825955
2460832.7118055555,-3763.802860932405,3171.8263651664797,-2319.7684577353016
2460832.7125,-3839.8042394125837,2810.3724351799738,-2639.7227897501502
2460832.7131944443,-3884.8299641032945,2426.2709320252966,-2938.316029033397
2460832.7138888887,-3898.537754938565,2022.6339270527417,-3213.149174337105
2460832.714583333,-3880.8378024510484,1602.7259872520917,-3462.018437955563
2460832.715277778,-3831.892394894988,1169.9374408669223,-3682.9320539929445
2460832.7159722224,-3752.113575098508,727.7569686510769,-3874.12522562233
2460832.716666667,-3642.158911994968,279.7437549411327,-4034.073158423236
2460832.717361111,-3502.9254795199513,-170.50059349354405,-4161.50215316332
2460832.7180555556,-3335.542137139821,-619.3601734867092,-4255.398746940357
2460832.71875,-3141.3602069573,-1063.2327823581543,-4315.01690129013
2460832.7194444444,-2921.9426358644264,-1498.5576372909293,-4339.883245088942
2460832.720138889,-2679.0517270433043,-1921.8426761498042,-4329.800379981086
2460832.720833333,-2414.635518873464,-2329.691309567793,-4284.848255722918
2460832.7215277776,-2130.812881997162,-2718.8285013079235,-4205.3836187540655
2460832.722222222,-1829.8574040134256,-3086.126048833184,-4092.0375323077724
2460832.722916667,-1514.18012804805,-3428.626934789976,-3945.7109616093353
2460832.7236111113,-1186.3112169819244,-3743.5686070703764,-3767.568415619548
2460832.7243055557,-848.8806212345804,-4028.4050353593593,-3559.0296376106317
2460832.725,-504.59783581720933,-4280.827381652776,-3321.759339416441
2460832.7256944445,-156.2308541451681,-4498.783103586811,-3057.6549878127435
2460832.726388889,193.41556577462066,-4680.493307814975,-2768.8326603295895
2460832.7270833333,541.5221761420081,-4824.468156120858,-2457.6110149299607
2460832.7277777777,885.2778998448098,-4929.520134353912,-2126.4934332645225
2460832.728472222,1221.9026883775691,-4994.77499267928,-1778.148434752069
2460832.7291666665,1548.6703800370237,-5019.680183799495,-1415.3884809549975
2460832.729861111,1862.9313377778076,-5004.010642814753,-1041.147327856873
2460832.730555556,2162.1346402101385,-4947.87178122215,-658.4561088649014
2460832.73125,2443.8495867190345,-4851.699600529152,-270.4183667141467
2460832.7319444446,2705.786282472721,-4716.257870150856,119.81572828939532
2460832.732638889,2945.8150691061155,-4542.632358096135,509.07570853630915
2460832.7333333334,3161.9845840536805,-4332.222147163737,894.1974145697492
2460832.734027778,3352.53824745534,-4086.728113856837,1272.0495925464813
2460832.734722222,3515.9289955797267,-3808.1386961094304,1639.560192406675
2460832.7354166666,3650.8321164165445,-3498.7131070057035,1993.742097927153
2460832.736111111,3756.1560643260204,-3160.962197431519,2331.7180149134288
2460832.7368055554,3831.0511705745776,-2797.627193300485,2650.7442752652023
2460832.7375,3874.9161979360047,-2411.656553038927,2948.2333378796525
2460832.738194444,3887.402717828029,-2006.1812124070111,3221.7747886786456
2460832.738888889,3868.4173205389457,-1584.4884817857312,3469.154680451388
2460832.7395833335,3818.121693424833,-1149.9948656852623,3688.373078667532
2460832.740277778,3736.930623539117,-706.2180615880949,3877.6597128477974
2460832.7409722223,3625.507997898086,-256.74838994432025,4035.487656366114
2460832.7416666667,3484.760885606644,194.78011597373853,4160.584985625371
2460832.742361111,3315.8317921402913,644.7187465203982,4251.944386582649
2460832.7430555555,3120.089181136152,1089.4330764696792,4308.830690467963
2460832.74375,2899.116353300433,1525.3316789941694,4330.786333772056
2460832.7444444443,2654.698776489032,1948.8944150654656,4317.634738607356
2460832.7451388887,2388.809952206888,2356.700146090815,4269.4816155492745
2460832.745833333,2103.5959037440593,2745.453714437369,4186.714188802993
2460832.746527778,1801.3583696748049,3112.0120385584128,4069.9983428625937
2460832.7472222224,1484.5367901504792,3453.4091634451784,3920.2736900684486
2460832.747916667,1155.6891756600744,3766.8801042865316,3738.746559134711
2460832.748611111,817.4719587374116,4049.883309165033,3526.8809095813335
2460832.7493055556,472.6189421452877,4300.121557456525,3286.38718651974
2460832.75,123.91947067083618,4515.56110468252,3019.2091426066263
2460832.7506944444,-225.80402586777032,4694.448877640777,2727.5086738020555
2460832.751388889,-573.7189551090245,4835.327525879075,2413.6487357278725
2460832.752083333,-917.0057616306842,4937.0481378256745,2080.174438597278
2460832.7527777776,-1252.8812030684896,4998.780446072267,1729.7924431488786
2460832.753472222,-1578.6214820104499,5020.0203632292705,1365.3488148161923
2460832.754166667,-1891.5850053856782,5000.594717767665,989.8055198662009
2460832.7548611113,-2189.2345314016866,4940.663091377157,606.2157811110388
2460832.7555555557,-2469.1584669687422,4840.716699181191,217.69853256191703
2460832.75625,-2729.0910834589286,4701.574295807348,-172.58776705219537
2460832.7569444445,-2966.931427925233,4524.3751360051,-561.4716839542059
2460832.757638889,-3180.7607281824476,4310.569062535864,-945.7954410615449
2460832.7583333333,-3368.858107758289,4061.903842103638,-1322.4413406149476
2460832.7590277777,-3529.7144637463543,3780.4099031616183,-1688.357708350516
2460832.759722222,-3662.0443808287723,3468.382674501233,-2040.5840844499344
2460832.7604166665,-3764.795996498156,3128.362745340506,-2376.275420833899
2460832.761111111,-3837.1587615807543,2763.1140942202687,-2692.725060852968
2460832.761805556,-3878.5690746791206,2375.6006435466415,-2987.386311212223
2460832.7625,-3888.713797267353,1968.9614104954592,-3257.8924396222747
2460832.7631944446,-3867.5316851271236,1546.4845161530232,-3502.0749709683355
2460832.763888889,-3815.212792441555,1111.580311428602,-3717.980181058809
2460832.7645833334,-3732.195922261683,667.7538626830926,-3903.883717510749
2460832.765277778,-3619.164208788152,218.57702424581518,-4058.303301455588
2460832.765972222,-3477.0389237318677,-232.33969533195275,-4180.0094851078875
2460832.7666666666,-3306.9716011427577,-681.3752866925103,-4268.034456062446
2460832.767361111,-3110.334573021759,-1124.9262463992561,-4321.678890013404
2460832.7680555554,-2888.7100039871966,-1559.4342859502449,-4340.516858849359
2460832.76875,-2643.877506577164,-1981.4136068727298,-4324.398802772292
2460832.769444444,-2377.8004143159023,-2387.4776106926415,-4273.452572975066
2460832.770138889,-2092.6107805863553,-2774.3649228506238,-4188.082547168521
2460832.7708333335,-1790.593174473652,-3138.9645975085555,-4068.9668158974578
2460832.771527778,-1474.1673365347663,-3478.3403768962,-3917.052432087634
2460832.7722222223,-1145.8697691159714,-3789.753857020305,-3733.548715810178
2460832.7729166667,-808.3343364936533,-4070.686408915591,-3519.9186053687763
2460832.773611111,-464.27196820040234,-4318.859684346529,-3277.8680541320605
2460832.7743055555,-116.44956687427667,-4532.254529988921,-3009.333479066038
2460832.775,232.33175284387448,-4709.128118115421,-2716.4672864709664
2460832.7756944443,579.2589527220426,-4848.029101043536,-2401.621518019003
2460832.7763888887,921.5297216398704,-4947.810594646894,-2067.329686572042
2460832.777083333,1256.3753028152382,-5007.640803428016,-1716.2869003193953
2460832.777777778,1581.0832966856583,-5027.011114338353,-1351.3284008498347
2460832.7784722224,1893.0202152574498,-5005.741506093806,-975.4066803430925
2460832.779166667,2189.6535622898023,-4943.983151512337,-591.5673641515382
2460832.779861111,2468.5732006536796,-4842.218123077238,-202.92408069222157
2460832.7805555556,2727.5117699750294,-4701.256153308049,187.36743554131095
2460832.78125,2964.3639270534536,-4522.228443806488,576.1357463701453
2460832.7819444444,3177.204189888015,-4306.578563632425,960.2203364688165
2460832.782638889,3364.3031888036016,-4056.050522015091,1336.4981810557601
2460832.783333333,3524.14215067472,-3772.6741441210306,1701.9099700814634
2460832.7840277776,3655.4254708599847,-3458.7479184670815,2053.4857120313827
2460832.784722222,3757.0912585585893,-3116.819520957522,2388.3694532220925
2460832.785416667,3828.3197767915785,-2749.6642419981367,2703.8428757808915
2460832.7861111113,3868.539727059436,-2360.2615729606964,2997.3475518753576
2460832.7868055557,3877.432364166757,-1951.770212779137,3266.5056699459424
2460832.7875,3854.9334537289487,-1527.5017666778306,3509.1390730278918
2460832.7881944445,3801.2331105856806,-1090.893398892903,3723.2864857728055
2460832.788888889,3716.7735766009505,-645.4797043042445,3907.218828767992
2460832.7895833333,3602.245012348432,-194.86404034394724,4059.452552787437
2460832.7902777777,3458.5793863287813,257.31045324318615,4178.760945499292
2460832.790972222,3286.9425543540938,707.3899275301877,4264.183379381474
2460832.7916666665,3088.724620110306,1151.7388044077236,4315.032489116089
2460832.792361111,2865.528668304665,1586.7684829356667,4330.8992709087
2460832.793055556,2619.157962863088,2008.9655995537762,4311.656102523202
2460832.79375,2351.60169097091,2414.919695719906,4257.457685629834
2460832.7944444446,2065.0193425509815,2801.350127552217,4168.73991004611
2460832.795138889,1761.7238038442495,3165.1320720303142,4046.2166391236633
2460832.7958333334,1444.1632551645148,3503.3214643778283,3890.8744159626785
2460832.796527778,1114.9019601893826,3813.1787061230602,3703.965089964748
2460832.797222222,776.6000526114705,4092.190962796411,3486.996371770691
2460832.7979166666,431.9924307040592,4338.092870946533,3241.7203308217463
2460832.798611111,83.8668938018517,4548.885459071153,2970.1198679066133
2460832.7993055554,-264.95833520223204,4722.853089732902,2674.3932089937916
2460832.8,-611.6575282499476,4858.5782235878,2356.9364967515357
2460832.800694444,-953.4206264017965,4954.953818682936,2020.324578490411
2460832.801388889,-1287.476466316262,5011.193189643243,1667.290118466891
2460832.8020833335,-1611.1158322018223,5026.837170495079,1300.7012015800549
2460832.802777778,-1921.714110731416,5001.758456496881,923.537610575585
2460832.8034722223,-2216.7533014160017,4936.163030698023,538.8660069800702
2460832.8041666667,-2493.84315416314,4830.588622698702,149.81424973830113
2460832.804861111,-2750.7411948924064,4685.900189890528,-240.45487512310223
2460832.8055555555,-2985.371426541262,4503.2824552676775,-628.7702438564057
2460832.80625,-3195.841499503128,4284.229584835725,-1011.9790105387195
2460832.8069444443,-3380.4581804393547,4030.5321262233247,-1386.9729722202042
2460832.8076388887,-3537.740967318828,3744.26137559146,-1750.7144003148912
2460832.808333333,-3666.4337364474854,3427.7513705090732,-2100.261079438125
2460832.809027778,-3765.5143374913914,3083.5787357460927,-2432.790311305584
2460832.8097222224,-3834.2020851890156,2714.5406343526565,-2745.621663031397
2460832.810416667,-3871.9631320673543,2323.6310798123855,-3036.23827819132
2460832.811111111,-3878.5137319907717,1914.015881371347,-3302.3065883448153
2460832.8118055556,-3853.821433174528,1489.0064827202393,-3541.6943038044055
2460832.8125,-3798.1042589644585,1052.0329520522644,-3752.4865869390173
2460832.8131944444,-3711.8279517849733,606.6163647857682,-3933.0003421590704
2460832.813888889,-3595.701366457762,156.34080246280405,-4081.7965809901175
2460832.814583333,-3450.6701039762474,-295.17483131814885,-4197.690841141405
2460832.8152777776,-3277.9084798440404,-744.3049901638833,-4279.761650695265
2460832.815972222,-3078.8099193015955,-1187.4454943163332,-4327.357041159801
2460832.816666667,-2854.9758623109365,-1621.0412307373895,-4340.099118381565
2460832.8173611113,-2608.2032631693496,-2041.613396147963,-4317.886697495916
2460832.8180555557,-2340.4707557131183,-2445.786163579096,-4260.896009570515
2460832.81875,-2053.9235539025285,-2830.3126442763833,-4169.579480501211
2460832.8194444445,-1750.857157123169,-3192.100013468645,-4044.6625798258465
2460832.820138889,-1433.6999219842423,-3528.233672625453,-3887.1387306990864
2460832.8208333333,-1104.9945772822973,-3836.0002955234495,-3698.2622735606747
2460832.8215277777,-767.3787575968449,-4112.909606030592,-3479.5394750549026
2460832.822222222,-423.56464989315106,-4356.714714252656,-3232.717582612537
2460832.8229166665,-76.31785826064154,-4565.430831237035,-2959.7719339434666
2460832.823611111,271.5643865430176,-4737.352170227155,-2662.8911485656477
2460832.824305556,617.2755245366889,-4871.066838259919,-2344.4604514420307
2460832.825,958.0223086304935,-4965.469526306876,-2007.0431984748996
2460832.8256944446,1291.0475978052111,-5019.771808496991,-1653.36071185846
2460832.826388889,1613.6530987566466,-5033.509881378355,-1286.2705568231074
2460832.8270833334,1923.221836478789,-5006.549593989275,-908.7434234921143
2460832.827777778,2217.24011780889,-4939.088649173035,-523.8388152782542
2460832.828472222,2493.3187561194763,-4831.655893221107,-134.67976319172337
2460832.8291666666,2749.2133191035646,-4685.1076507058815,255.57318255546986
2460832.829861111,2982.84317102758,-4500.621107044454,643.7484147800338
2460832.8305555554,3192.3090993730148,-4279.684783173501,1026.6899119876261
2460832.83125,3375.9093251767927,-4024.086198585979,1401.2837664047295
2460832.831944444,3532.153733685997,-3735.8968532408653,1764.4843241351005
2460832.832638889,3659.7761792962506,-3417.454708078371,2113.3396532248134
2460832.8333333335,3757.744759563861,-3071.34436821088,2445.0160873674336
2460832.834027778,3825.2699809462883,-2700.375203485133,2756.8216058793723
2460832.8347222223,3861.810772259221,-2307.557664890637,3046.2278342250033
2460832.8354166667,3867.078335777459,-1896.0780568253604,3310.8904878303633
2460832.836111111,3841.0378511296194,-1469.2720359640537,3548.668104637107
2460832.8368055555,3783.908073323994,-1030.5971076996389,3757.6389424674026
2460832.8375,3696.158885290331,-583.6043678592084,3936.115954485699
2460832.8381944443,3578.506880376221,-131.90974171664706,4082.659771374828
2460832.8388888887,3431.9090597273103,320.83505818368593,4196.089649605237
2460832.839583333,3257.554734826405,770.9716449869411,4275.492358845279
2460832.840277778,3056.855727825783,1214.8639479127353,4320.228995383437
2460832.8409722224,2831.4349581799074,1648.926908694564,4329.939717601033
2460832.841666667,2583.1135067653877,2069.6547112738263,4304.546401778173
2460832.842361111,2313.896239572132,2473.6483947489055,4244.253220069073
2460832.8430555556,2025.9560748288732,2857.642692596357,4149.545139932981
2460832.84375,1721.6169781695594,3218.531941087105,4021.1843448516156
2460832.8444444444,1403.3357682464482,3553.3949014094283,3860.2045743940403
2460832.845138889,1073.682828570291,3859.518322242805,3667.9033860501067
2460832.845833333,735.3218278784007,4134.419066524577,3445.832347063683
2460832.8465277776,390.988562505547,4375.864618152326,3195.7851727775737
2460832.847222222,43.469054372810575,4581.891773003346,2919.783844765062
2460832.847916667,-304.4229402411972,4750.82331483297,2620.0627652647167
2460832.8486111113,-649.8688467425341,4881.282484848656,2299.0510209078334
2460832.8493055557,-990.0684185002613,4972.205053696468,1959.352864315634
2460832.85,-1322.2629080847373,5022.848823990805,1603.7265471357637
2460832.8506944445,-1643.7580387872667,5032.8004114926935,1235.0616733648903
2460832.851388889,-1951.9465475503014,5001.979183447356,856.3552657612317
2460832.8520833333,-2244.3300591352263,4930.6382659207875,470.6867720103318
2460832.8527777777,-2518.5400533063134,4819.362574308725,81.19226129015357
2460832.853472222,-2772.3577009450337,4669.063862495014,-308.96192903120436
2460832.8541666665,-3003.732345796208,4480.972834649792,-696.6058076531029
2460832.854861111,-3210.798440319416,4256.628406029277,-1078.5923263118282
2460832.855555556,-3391.890760745181,3997.8642445214377,-1451.8236722143938
2460832.85625,-3545.557758550062,3706.7927631155044,-1813.276981986016
2460832.8569444446,-3670.572936487427,3385.7867675310877,-2160.02921766311
2460832.857638889,-3765.9441702728154,3037.4589914270487,-2489.280965794772
2460832.8583333334,-3830.9209314234295,2664.6397674418363,-2798.3789506317125
2460832.859027778,-3864.9993959026942,2270.3531025537445,-3084.8370735185736
2460832.859722222,-3867.9254557789404,1857.7914187429149,-3346.3558332141038
2460832.8604166666,-3839.695673144299,1430.2892257304984,-3580.8400040372867
2460832.861111111,-3780.556237641498,991.2959793263628,-3786.4144830978075
2460832.8618055554,-3691.000004060911,544.3483641193975,-3961.438245158941
2460832.8625,-3571.7616960790465,93.04221967345649,-4104.516367641602
2460832.863194444,-3423.8113681538352,-358.9956864948935,-4214.510105657506
2460832.863888889,-3248.346217688404,-808.1358610632843,-4290.545013257925
2460832.8645833335,-3046.7808377712804,-1250.774098592615,-4332.017114374686
2460832.865277778,-2820.735994057246,-1683.3591637370494,-4338.597132059948
2460832.8659722223,-2572.026006028767,-2102.420003433517,-4310.232783534895
2460832.8666666667,-2302.644804792841,-2504.592363512721,-4247.149147073874
2460832.867361111,-2014.7507340192283,-2886.64468556106,-4149.847100892892
2460832.8680555555,-1710.6501622160633,-3245.5031508693223,-4019.0998301818686
2460832.86875,-1392.7799711448463,-3578.2757381112856,-3855.9473941410024
2460832.8694444443,-1063.6889934871845,-3882.275145262474,-3661.6893444208554
2460832.8701388887,-726.0184799560385,-4155.040416530132,-3437.87538863607
2460832.870833333,-382.48168795532973,-4394.357102301608,-3186.2940988113196
2460832.871527778,-35.84270409393071,-4598.275765479196,-2908.959679450559
2460832.8722222224,311.105374326038,-4765.128644187487,-2608.096823274495
2460832.872916667,655.562746225503,-4893.544271983549,-2286.1237097285466
2460832.873611111,994.7455354389344,-4982.459863444188,-1945.6332224067326
2460832.8743055556,1325.9085481336208,-5031.131278425705,-1589.3724960585514
2460832.875,1646.3679519888174,-5039.140397098735,-1220.2209320181482
2460832.8756944444,1953.5236554555636,-5006.399760638056,-841.1668522681692
2460832.876388889,2244.881153403525,-4933.154362909472,-455.2829952176769
2460832.877083333,2518.0726028636645,-4819.980516000226,-65.70108244569461
2460832.8777777776,2770.876895827884,-4667.781753003347,324.4142931168208
2460832.878472222,3001.2385011296315,-4477.781776853322,711.8921849726107
2460832.879166667,3207.2848657427758,-4251.514508604423,1093.581937907224
2460832.8798611113,3387.3421831842516,-3990.8113349714195,1466.379672353711
2460832.8805555557,3539.9493637817513,-3697.785697552111,1827.2543256165113
2460832.88125,3663.8700718061436,-3374.815202185889,2173.2729799161657
2460832.8819444445,3758.102723650861,-3024.5214636003816,2501.625218097236
2460832.882638889,3821.888377096402,-2649.7479222966517,2809.6462758278003
2460832.8833333333,3854.7164727688305,-2253.5358891567757,3094.838783627764
2460832.8840277777,3856.328419381332,-1839.099088161568,3354.892918300687
2460832.884722222,3826.719043434764,-1409.7969616977564,3587.7048210915486
2460832.8854166665,3766.1359463547838,-969.107008165057,3791.39316295795
2460832.886111111,3675.076831491213,-520.5964026242815,3964.313772308826
2460832.886805556,3554.284877612424,-67.89314590801594,4105.072260986451
2460832.8875,3404.742243223784,385.34303952227634,4212.534610681985
2460832.8881944446,3227.6617938088916,835.4498521485528,4285.835693674068
2460832.888888889,3024.4771395094167,1278.7914149416508,4324.3857200071925
2460832.8895833334,2796.8310762583606,1711.7869534599781,4327.8746042337225
2460832.890277778,2546.5625150441524,2130.9389918865013,4296.274253629273
2460832.890972222,2275.6919833919765,2532.8609087493865,4229.838777914205
2460832.8916666666,1986.4057806332664,2914.303698515846,4129.102620089563
2460832.892361111,1681.0388718892857,3272.181779560183,3994.876608119602
2460832.8930555554,1362.0566034661576,3603.597691481979,3828.2419259409016
2460832.89375,1032.0353355616096,3905.8655073875525,3630.54200685547
2460832.894444444,693.6420946180597,4176.532783426672,3403.372357939068
2460832.895138889,349.61336444364713,4413.4008557026045,3148.568336442062
2460832.8958333335,2.7331507712932175,4614.5432897621595,2868.1909147105584
2460832.896527778,-344.1895289209191,4778.322285518285,2564.510489267804
2460832.8972222223,-688.3435525514302,4903.402839334191,2239.9888198353815
2460832.8979166667,-1026.9388099985672,4988.764479544512,1897.2592049973246
2460832.898611111,-1357.2293166663462,5033.710402636082,1539.105037377114
2460832.8993055555,-1676.5360991212347,5037.873862833357,1168.4369118257298
2460832.9,-1982.2696248894931,5001.221698032976,788.2684823218568
2460832.9006944443,-2271.9515303895278,4924.054909944464,401.691305930262
2460832.9013888887,-2543.235419538602,4807.006258554053,11.848916457181737
2460832.902083333,-2793.9265001942176,4651.03487422821,-378.08959678047563
2460832.902777778,-3021.9998461660457,4457.417937313624,-764.9562250367511
2460832.9034722224,-3225.61709119977,4227.739520484758,-1145.610604829019
2460832.904166667,-3403.141388527052,3963.876729610736,-1516.9662316206907
2460832.904861111,-3553.150494228901,3667.9833218960944,-1876.0160448885517
2460832.9055555556,-3674.4478697799454,3342.4710084800918,-2219.857132463199
2460832.90625,-3766.0717286597387,2989.9886788140725,-2545.71431754564
2460832.9069444444,-3827.301987526241,2613.399797250279,-2850.962425021344
2460832.907638889,-3857.665110902457,2215.7582403111087,-3133.147045595113
2460832.908333333,-3856.9368695081566,1800.2828383178107,-3390.0036556475943
2460832.9090277776,-3825.1430550072546,1370.3308856001572,-3619.4749770064896
2460832.909722222,-3762.558214341301,929.3708705206257,-3819.7264930118167
2460832.910416667,-3669.7024807240186,480.9546601326697,-3989.1600641621626
2460832.9111111113,-3547.3365883881875,28.689360339923198,-4126.4256074762625
2460832.9118055557,-3396.455162549333,-423.7909525239866,-4230.4308248092875
2460832.9125,-3218.278374525588,-872.8534551152874,-4300.348977844713
2460832.9131944445,-3014.242052531639,-1314.8945888901696,-4335.624712770205
2460832.913888889,-2785.986329793342,-1746.3677221279484,-4335.977945014988
2460832.9145833333,-2535.3429068783453,-2163.810327717346,-4301.40581112366
2460832.9152777777,-2264.320999934836,-2563.8705481448424,-4232.182692225538
2460832.915972222,-1975.0920414220714,-2943.3330218716155,-4128.858309025291
2460832.9166666665,-1669.9731991782924,-3299.1438396776484,-3992.2538836456124
2460832.917361111,-1351.4097792401665,-3628.4344941428144,-3823.456359614415
2460832.918055556,-1021.9565859615119,-3928.5446705213594,-3623.8106715171784
2460832.91875,-684.2583206533748,-4197.043717144398,-3394.9100586646373
2460832.9194444446,-341.02911472187543,-4431.750619170099,-3138.58442580609
2460832.920138889,4.968692282962184,-4630.752290252855,-2856.886765518852
2460832.9208333334,350.94639707678584,-4792.419986427756,-2552.077677019437
2460832.921527778,694.1112468471605,-4915.423645109618,-2226.6080392445674
2460832.922222222,1031.6890534787608,-4998.7439567574875,-1883.0999193718114
2460832.9229166666,1360.9469119238531,-5041.681983715591,-1524.3258331066047
2460832.923611111,1679.2158126322363,-5043.866160985082,-1153.1865023417117
2460832.9243055554,1983.9129264173007,-5005.256538199123,-772.6872844412424
2460832.925,2272.563326752197,-4926.146152832484,-385.9134818907754
2460832.925694444,2542.820912980244,-4807.159463574697,3.995233382920589
2460832.926388889,2792.4883026904567,-4649.247814161903,393.87102700583574
2460832.9270833335,3019.5354687371496,-4453.6819425282765,780.5444675893183
2460832.927777778,3222.1169101836376,-4222.0415985813515,1160.871164064693
2460832.9284722223,3398.5871740871517,-3956.2023739661754,1531.7581959348718
2460832.9291666667,3547.514563289537,-3658.319894525348,1890.1900494122247
2460832.929861111,3667.6929004465014,-3330.811560307735,2233.253792089051
2460832.9305555555,3758.1512481076384,-2976.3360528947546,2558.1632315101083
2460832.93125,3818.1615204367668,-2597.7708457549825,2862.281834760239
2460832.9319444443,3847.243949328154,-2198.187985305939,3143.144198028402
2460832.9326388887,3845.170403701006,-1780.8284040003157,3398.4759011672777
2460832.933333333,3811.965583909542,-1349.0750343829914,3626.211604789776
2460832.934027778,3747.9061376594614,-906.4249954503572,3824.5112749232358
2460832.9347222224,3653.5177612583184,-456.46109303058637,3991.774459376108
2460832.935416667,3529.5703636517123,-2.8228828146365204,4126.65255220069
2460832.936111111,3377.071378732431,450.82248772606613,4228.059012551949
2460832.9368055556,3197.257314823535,900.8094552586891,4295.177516687061
2460832.9375,2991.5836320740686,1343.5030448997231,4327.468032835558
2460832.9381944444,2761.713035701379,1775.3275317072573,4324.670816763341
2460832.938888889,2509.5022705861834,2192.7945965677804,4286.808328154743
2460832.939583333,2236.9874987168096,2592.530821896011,4214.185068120106
2460832.9402777776,1946.3683437742866,2971.3043675003955,4107.385338024326
2460832.940972222,1639.9906810108973,3326.0506758009956,3967.2689178426967
2460832.941666667,1320.3282628431625,3653.8970364075,3794.9646646202887
2460832.9423611113,989.9632709773731,3952.1858421333054,3591.8620333364775
2460832.9430555557,651.5659023748333,4218.496351810391,3359.600531632992
2460832.94375,307.8731091042565,4450.664769697809,3100.057131685576
2460832.9444444445,-38.33337237750825,4646.802445991726,2815.3316778463177
2460832.945138889,-384.2495435071829,4805.311997592238,2507.7303534030116
2460832.9458333333,-727.072044092716,4924.9011556255155,2179.7472916669067
2460832.9465277777,-1064.0212349262913,5004.594153225152,1834.0444479250634
2460832.947222222,-1392.3642491205555,5043.740485169636,1473.429880550885
2460832.9479166665,-1709.4377901321536,5042.0208966539485,1100.8346155954903
2460832.948611111,-2012.670440203894,4999.450487699044,719.2883037705669
2460832.949305556,-2299.604242661632,4916.37885797063,331.8939024497518
2460832.95,-2567.9153226086564,4793.4872583764145,-58.198360694109326
2460832.9506944446,-2815.4333216917607,4631.782759875279,-447.817471968874
2460832.951388889,-3040.1594340626007,4432.589497098726,-833.7982780862542
2460832.9520833334,-3240.2828560601906,4197.537087828741,-1213.0080120395014
2460832.952777778,-3414.195484784174,3928.5463725095706,-1582.3724157615075
2460832.953472222,-3560.5047306121414,3627.8126574505213,-1938.9011874182434
2460832.9541666666,-3678.0443438786106,3297.786672420638,-2279.712505510266
2460832.954861111,-3765.883184248592,2941.153485136438,-2602.056395280693
2460832.9555555554,-3823.3318981287775,2560.809627423342,-2903.3367382405786
2460832.95625,-3849.9474987905382,2159.8386963502253,-3181.131754598123
2460832.956944444,-3845.5358707577457,1741.485701028817,-3433.2128153373496
2460832.957638889,-3810.1522452352033,1309.1304127632259,-3657.5614784075065
2460832.9583333335,-3744.0997110199364,866.2599703915566,-3852.3846681258588
2460832.959027778,-3647.925839280923,416.4409726267937,-4016.12794601282
2460832.9597222223,-3522.41750970509,-36.70872484050134,-4147.486841105923
2460832.9604166667,-3368.594027412509,-489.5483194116201,-4245.4162287825075
2460832.961111111,-3187.698622791927,-938.4422963590363,-4309.137754190601
2460832.9618055555,-2981.1884187955366,-1379.7884402132572,-4338.145308839263
2460832.9625,-2750.722949681628,-1810.0454727334472,-4332.208567157974
2460832.9631944443,-2498.151303428737,-2225.76019277524,-4291.374591534649
2460832.9638888887,-2225.497960479098,-2623.5939841271484,-4215.967508967813
2460832.964583333,-1934.9473924634783,-3000.3485686672448,-4106.586258576669
2460832.965277778,-1628.8274865592414,-3352.9908706303154,-3964.100404206254
2460832.9659722224,-1309.5918627136757,-3678.6768511130244,-3789.6440039614463
2460832.966666667,-979.8011532120508,-3974.774163828843,-3584.6075261411115
2460832.967361111,-642.1033356687852,-4238.883458544679,-3350.6278114184765
2460832.9680555556,-299.21320696859937,-4468.858163972178,-3089.5760805648965
2460832.96875,46.108879863050355,-4662.822553605437,-2803.544010475136
2460832.9694444444,391.0788860698507,-4819.18790246788,-2494.827913695207
2460832.970138889,732.9114073517896,-4936.666535092418,-2165.911084938175
2460832.970833333,1068.8422704021148,-5014.283572640316,-1819.4444018468619
2460832.9715277776,1396.1512088296215,-5051.386196214937,-1458.2253007330507
2460832.972222222,1712.1844061621414,-5047.6502636573705,-1085.175278537172
2460832.972916667,2014.376682079659,-5003.084143019438,-703.316101628187
2460832.9736111113,2300.2730856967023,-4918.029658597006,-315.7449363456546
2460832.9743055557,2567.5496625507026,-4793.160084224277,74.39136359928362
2460832.975,2814.0331616274634,-4629.475161102462,463.9225515653337
2460832.9756944445,3037.719460748086,-4428.293163216444,849.6815891939042
2460832.976388889,3236.790505972474,-4191.240078163323,1228.5312723150384
2460832.9770833333,3409.6295800419666,-3920.2360176974885,1597.3905936675155
2460832.9777777777,3554.834744013224,-3617.479012544558,1953.2605638953069
2460832.978472222,3671.2303255192637,-3285.4263825002145,2293.249224007934
2460832.9791666665,3757.876358685622,-2926.7739045250823,2614.5955998489317
2460832.979861111,3814.0759142540733,-2544.433024644,2914.6923739949666
2460832.980555556,3839.3802906724104,-2141.506371954373,3191.107080498028
2460832.98125,3833.5920653939042,-1721.2618483146541,3441.601651920082
2460832.9819444446,3796.766033683355,-1287.1055562755932,3664.15018795191
2460832.982638889,3729.2080827762743,-842.5538335747428,3856.954835833254
2460832.9833333334,3631.4720674566593,-391.2046419727796,4018.4597072147176
2460832.984027778,3504.3547646601023,63.29145350896826,4147.362777357778
2460832.984722222,3348.888992719922,517.260495425858,4242.625732597582
2460832.9854166666,3166.3349847256277,967.0343330264625,4303.481747790705
2460832.986111111,2958.170103876677,1408.9796285170708,4329.441186510006
2460832.9868055554,2726.0769884838214,1839.5264966201269,4320.295221027024
2460832.9875,2471.9302111045477,2255.196615959114,4276.117372901255
2460832.988194444,2197.7815331903726,2652.630657032177,4197.2629749524185
2460832.988888889,1905.8438342871402,3028.614873325108,4084.366553479182
2460832.9895833335,1598.473800656388,3380.1066923127264,3938.337130192827
2460832.990277778,1278.1534583341888,3704.2591439170405,3760.3514438700117
2460832.9909722223,947.4706448253393,3998.4439521240147,3551.8450952547
2460832.9916666667,609.0985301636554,4260.273101939887,3314.5016300858965
2460832.992361111,265.77430278363346,4487.618695227245,3050.2395818346076
2460832.9930555555,-79.7228311010661,4678.630889582893,2761.1975234206675
2460832.99375,-424.59418513335976,4831.7537283098245,2449.717187119127
2460832.9944444443,-766.0444799743098,4945.738660479335,2118.324751460061
2460832.9951388887,-1101.3048903875806,5019.655571824568,1769.710410114293
2460832.995833333,-1427.6560315038628,5052.901157921842,1406.7063811016237
2460832.996527778,-1742.4506632988491,5045.204502236171,1032.2635340037436
2460832.9972222224,-2043.135876311736,4996.629750241955,649.426849036811
2460832.997916667,-2327.2745197415516,4907.575810912294,261.3099482822222
2460832.998611111,-2592.565642403915,4778.7730583706225,-128.93104654886466
2460832.9993055556,-2836.8637188266966,4611.277052465515,-518.1240498283946
2460833.0,-3058.1964568774565,4406.459340952019,-903.1076629077759
2460833.0006944444,-3254.780996584638,4165.99545471902,-1280.75764787846
2460833.001388889,-3425.0383454733274,3891.8502435349615,-1648.0129516958752
2460833.002083333,-3567.6059171571824,3586.260743086165,-2001.9010067429851
2460833.0027777776,-3681.34807827545,3251.7167903772634,-2339.5620626462696
2460833.003472222,-3765.3646392242945,2890.9396300901817,-2658.2723239392662
2460833.004166667,-3818.997256960014,2506.8587706427647,-2955.46569666458
2460833.0048611113,-3841.8337488569528,2102.5873549351154,-3228.753979099552
2460833.0055555557,-3833.71034303889,1681.3963140258043,-3475.945360918557
2460833.00625,-3794.7119142433753,1246.6875628569155,-3695.061128618076
2460833.0069444445,-3725.1702714021944,801.9664830405331,-3884.350504118119
2460833.007638889,-3625.6605766378652,350.8139286725676,-4042.3035653182023
2460833.0083333333,-3496.9959824180087,-103.14203898442419,-4167.662224532272
2460833.0090277777,-3340.2205766222805,-556.2544950489121,-4259.429252635718
2460833.009722222,-3156.600725401209,-1004.885899480323,-4316.875349220771
2460833.0104166665,-2947.614898166113,-1445.4360997469664,-4339.544266543598
2460833.011111111,-2714.9420548830194,-1874.369945161677,-4327.255995184478
2460833.011805556,-2460.448669610952,-2288.2443814525677,-4280.108018676442
2460833.0125,-2186.1744567619057,-2683.734901368238,-4198.474639772879
2460833.0131944446,-1894.3168681510822,-3057.661217671024,-4083.004376875364
2460833.013888889,-1587.2144207792717,-3407.012031568364,-3934.6154234324413
2460833.0145833334,-1267.328926112649,-3728.9687476654003,-3754.489162321749
2460833.015277778,-937.2266930622154,-4020.927983188435,-3544.061726907037
2460833.015972222,-599.5587884998843,-4280.522703619249,-3305.013604811283
2460833.0166666666,-257.0404563770396,-4505.641802020918,-3039.25729200339
2460833.017361111,87.570187102174,-4694.447931335795,-2748.9230196529847
2460833.0180555554,431.4940493215622,-4845.393394676528,-2436.3425923244035
2460833.01875,771.9533841760687,-4957.233891523861,-2104.0314086892204
2460833.019444444,1106.1943699847116,-5029.039930697771,-1754.66875381172
2460833.020138889,1431.5097379632953,-5060.20572726369,-1391.0764941326097
2460833.0208333335,1745.2612437938258,-5050.455425661053,-1016.1963252217249
2460833.021527778,2044.90174881771,-4999.846515034473,-633.0657672189191
2460833.0222222223,2327.9966816994292,-4908.77033940205,-244.79311990672576
2460833.0229166667,2592.2446432089696,-4777.949643007034,145.46837841503242
2460833.023611111,2835.49692235951,-4608.433136155278,534.5469235685943
2460833.0243055555,3055.7757074146098,-4401.587110340786,919.2787767441156
2460833.025,3251.2907865918737,-4159.084179782864,1296.534865447215
2460833.0256944443,3420.454560220875,-3882.8892698100494,1663.2470705443802
2460833.0263888887,3561.895212730684,-3575.2430122351284,2016.4339227866162
2460833.027083333,3674.467921564385,-3238.6427457062096,2353.225442702533
2460833.027777778,3757.26401378727,-2875.821347601118,2670.8868796638762
2460833.0284722224,3809.618013649896,-2489.7241465374327,2966.8411302396053
2460833.029166667,3831.1125562821767,-2083.4841756551127,3238.689646576034
2460833.029861111,3821.5811705937626,-1660.3960398233767,3484.231670520196
2460833.0305555556,3781.1089617080497,-1223.8886625356993,3701.481665920054
2460833.03125,3710.031243133653,-777.4971724969821,3888.684848784164
2460833.0319444444,3608.9301866068354,-324.8341848255425,4044.3307394202016
2460833.032638889,3478.6295668816265,130.4393002739388,4167.164691633035
2460833.033333333,3320.1876889875407,584.6431531540618,4256.197363388684
2460833.0340277776,3134.888583783803,1034.107338433672,4310.712117187549
2460833.034722222,2924.231561672381,1475.2009159938723,4330.270340641551
2460833.035416667,2689.9192089564735,1904.3606544549773,4314.714687224475
2460833.0361111113,2433.843911854537,2318.1190922912983,4264.170237654679
2460833.0368055557,2158.0729838959187,2713.1318992158617,4179.043581818212
2460833.0375,1864.832483623459,3086.2043693360383,4060.0198212423775
2460833.0381944445,1556.4897981881995,3434.316896963137,3908.0574903092174
2460833.038888889,1235.5350841996071,3754.6492607416003,3724.381397555657
2460833.0395833333,904.5616593774621,4044.603542862068,3510.4733916945493
2460833.0402777777,566.245455505227,4301.825494693121,3268.0610677993686
2460833.040972222,223.32365735577912,4524.224154697078,2999.1044428570467
2460833.0416666665,-121.42733386739883,4709.989521746989,2705.780645035953
2460833.042361111,-465.2144454483796,4857.608079874076,2390.4666909061852
2460833.043055556,-805.2508092185711,4965.8759833030335,2055.720444983851
2460833.04375,-1138.7787657034462,5033.909718257233,1704.2598913759582
2460833.0444444446,-1463.092785404567,5061.154080912706,1338.9408706924246
2460833.045138889,-1775.5620732401742,5047.387334287842,962.733476667405
2460833.0458333334,-2073.6526266748074,4992.723443555285,578.6973237373533
2460833.046527778,-2354.948506397674,4897.611326271313,189.95593267372044
2460833.047222222,-2617.172090551532,4762.831097875439,-200.32950667698435
2460833.0479166666,-2858.203090503456,4589.487337296319,-588.9867181120876
2460833.048611111,-3076.096121411223,4378.999445859276,-972.8589787285965
2460833.0493055554,-3269.0966497725685,4133.089213276188,-1348.8315365813132
2460833.05,-3435.6551593991376,3853.7657501495637,-1713.8575223937535
2460833.050694444,-3574.439413468126,3543.307979117124,-2064.9830940437328
2460833.051388889,-3684.344720147727,3204.2449074073133,-2399.371568856394
2460833.0520833335,-3764.502141893402,2839.3339283407104,-2714.326321882425
2460833.052777778,-3814.2846223931606,2451.5374103967883,-3007.312261279925
2460833.0534722223,-3833.311033525953,2043.9978403314874,-3275.9757204911475
2460833.0541666667,-3821.4481711930625,1620.0117886862283,-3518.162637040085
2460833.054861111,-3778.810751600004,1183.0029529137698,-3731.934922679712
2460833.0555555555,-3705.7594758631813,736.4945250437383,-3915.5849542159835
2460833.05625,-3602.897243061385,284.0811105049372,-4067.648141507326
2460833.0569444443,-3471.063599000942,-170.59959233535304,-4186.913548372834
2460833.0576388887,-3311.327509402851,-623.8951670397656,-4272.432559224229
2460833.058333333,-3124.9785455406195,-1072.1667379674025,-4323.525592518059
2460833.059027778,-2913.516566482914,-1511.8169608440162,-4339.786868704617
2460833.0597222224,-2678.6399752022194,-1939.317608284282,-4321.087241633257
2460833.060416667,-2422.232620579843,-2351.236618988945,-4267.575099390639
2460833.061111111,-2146.3494124930107,-2744.264482810589,-4179.675336701896
2460833.0618055556,-1853.2007134288706,-3115.239833333664,-4058.086396020614
2460833.0625,-1545.1355708884298,-3461.174111752918,-3903.7753704244033
2460833.0631944444,-1224.6238574664703,-3779.275157246961,-3717.9711592307494
2460833.063888889,-894.2373936533551,-4066.9695656355425,-3502.155668807693
2460833.064583333,-556.6301388666285,-4321.9236458369305,-3258.053056192781
2460833.0652777776,-214.517555842468,-4542.062787908714,-2987.617027134205
2460833.065972222,129.344738599185,-4725.589054822689,-2693.016208948194
2460833.066666667,472.18288891549525,-4870.996793467177,-2376.6176496880535
2460833.0673611113,811.2271287381635,-4977.086071145365,-2040.9685092812808
2460833.0680555557,1143.7343325478055,-5042.973742028296,-1688.7760489947125
2460833.06875,1467.010599407441,-5068.101969032742,-1322.886041977839
2460833.0694444445,1778.4336427243852,-5052.244041784367,-946.2597772283474
2460833.070138889,2075.4747670460733,-4995.507365054812,-561.9498412752881
2460833.0708333333,2355.7201903366986,-4898.333524143319,-173.07490750386847
2460833.0715277777,2616.8914816941115,-4761.495375283931,217.20622570617553
2460833.072222222,2856.864884215134,-4586.091151793678,605.7210811770777
2460833.0729166665,3073.689302858276,-4373.535625952498,989.3101490786357
2460833.073611111,3265.6027649228276,-4125.548405935032,1364.8534577092803
2460833.074305556,3431.0471705660993,-3844.139500370359,1729.2967730422492
2460833.075,3568.681191498894,-3531.5923132434236,2079.677160757906
2460833.0756944446,3677.391197004857,-3190.4442761351856,2413.1476423188637
2460833.076388889,3756.3001254247342,-2823.465344273254,2727.000710563354
2460833.0770833334,3804.7742470776043,-2433.6346119345562,3018.6904853645715
2460833.077777778,3822.427799007652,-2024.1153091611616,3285.853326492469
2460833.078472222,3809.125498788157,-1598.2284498991949,3526.326747606728
2460833.0791666666,3764.9829700507744,-1159.4254007974969,3738.166506057002
2460833.079861111,3690.365132587733,-711.2596264717695,3919.661775439143
2460833.0805555554,3585.8826261991726,-257.35786455041375,4069.3483290925415
2460833.08125,3452.3863462710474,198.60904865020126,4186.019693183668
2460833.081944444,3290.9601780149096,652.9554786342242,4268.736237643611
2460833.082638889,3102.9120148626985,1102.0102333394327,4316.832194215468
2460833.0833333335,2889.7631504371534,1542.1455550093997,4329.920594034021
2460833.084027778,2653.2361252407427,1969.8057046389913,4307.8961255546865
2460833.0847222223,2395.2411133553533,2381.5349703274055,4250.935912409472
2460833.0854166667,2117.860925800087,2774.0049502733145,4159.498211996623
2460833.086111111,1823.3347118014478,3144.04094953295,4034.319033799181
2460833.0868055555,1514.040439100884,3488.647330437967,3876.4066765313455
2460833.0875,1192.476240693594,3805.0316472774325,3687.034184928397
2460833.0881944443,861.2407265741476,4090.6273847132306,3467.729733572783
2460833.0888888887,523.0123714721511,4343.11511153043,3220.2649553146384
2460833.089583333,180.52810132177498,4560.441856432811,2946.6412431862186
2460833.090277778,-163.43877076562882,4740.838500310998,2649.0740809017434
2460833.0909722224,-506.1010994560874,4882.834989030357,2329.975473730402
2460833.091666667,-844.6807661098585,4985.273171127252,1991.9345845179337
2460833.092361111,-1176.4316407296662,5047.3170816349675,1637.696706578885
2460833.0930555556,-1498.6624300005146,5068.460513096026,1270.1407361422237
2460833.09375,-1808.7591796386089,5048.531742640837,892.2553412378568
2460833.0944444444,-2104.2071999360755,4987.695319522936,507.11404426891596
2460833.095138889,-2382.612173418047,4886.450856525561,117.84947040335983
2460833.095833333,-2641.7202192342547,4745.628812100782,-272.3729788614018
2460833.0965277776,-2879.436690085557,4566.383297514489,-660.3817408559255
2460833.097222222,-3093.8435054973074,4350.181986604725,-1043.0257167606583
2460833.097916667,-3283.2148402852204,4098.793252684137,-1417.200617292909
2460833.0986111113,-3446.031020168794,3814.270694647569,-1779.8747563454644
2460833.0993055557,-3580.990502946992,3498.9352534705695,-2128.1140273996216
2460833.1,-3687.019860092974,3155.3551446301644,-2459.1058256956026
2460833.1006944445,-3763.281703801941,2786.323854937262,-2770.181700680813
2460833.101388889,-3809.18053617354,2394.836469393431,-3058.8385501666326
2460833.1020833333,-3824.366528827924,1984.0645898450941,-3322.7582071391084
2460833.1027777777,-3808.7372639493383,1557.330115737813,-3559.8252919423317
2460833.103472222,-3762.4374910571196,1118.078140386251,-3768.1432404426896
2460833.1041666665,-3685.8569686773612,669.8492046938942,-3946.0484436076486
2460833.104861111,-3579.626472222588,216.25113707872046,-4092.1224566615156
2460833.105555556,-3444.6120541870073,-239.0693219000709,-4205.202260254653
2460833.10625,-3281.9076454125707,-692.4549214258401,-4284.3885654897185
2460833.1069444446,-3092.8260839840864,-1140.2661644266716,-4329.052166973882
2460833.107638889,-2878.888654113158,-1578.9092838076238,-4338.838351957729
2460833.1083333334,-2641.813209671482,-2004.86379689721,-4313.669374023427
2460833.109027778,-2383.500955193979,-2414.709502689678,-4253.744996616805
2460833.109722222,-2106.021947356337,-2805.1527998822403,-4159.541107912725
2460833.1104166666,-1811.5993810275072,-3173.0521925697426,-4031.806402866266
2460833.111111111,-1502.592724716239,-3515.4428450301702,-3871.557125698007
2460833.1118055554,-1181.4797699278704,-3829.5600417748233,-3680.0698624646866
2460833.1125,-850.8376741068444,-4112.861387409123,-3458.8723784122612
2460833.113194444,-513.323082880072,-4363.047575553619,-3209.7324990172783
2460833.113888889,-171.65143593472862,-4578.081539935576,-2934.645046356677
2460833.1145833335,171.4244199747027,-4756.205791852248,-2635.816860240252
2460833.115277778,513.1361704296153,-4895.957745734746,-2315.649952612119
2460833.1159722223,850.722357998982,-4996.182832281054,-1976.7228743774897
2460833.1166666667,1181.4509109332946,-5056.04521036079,-1621.77039775081
2460833.117361111,1502.6416724247108,-5075.035901353259,-1253.6616511514542
2460833.1180555555,1811.6887098144166,-5052.978193089359,-875.3768779645619
2460833.11875,2106.0821779602506,-4990.030191463278,-489.9830148977961
2460833.1194444443,2383.4294998843684,-4886.684432816076,-100.60831942442778
2460833.1201388887,2641.475632689325,-4743.764511280516,289.58370570064267
2460833.120833333,2878.122189054102,-4562.418720554917,677.4208188608777
2460833.121527778,3091.4452011370213,-4344.1107555718545,1059.7486971349497
2460833.1222222224,3279.7113324185716,-4090.607564119778,1433.4574607440622
2460833.122916667,3441.39236512624,-3803.9644833842917,1795.5077793096743
2460833.123611111,3575.1778202457886,-3486.5078360878133,2142.9562856358334
2460833.1243055556,3679.9855989710054,-3140.815193141042,2472.9800407967377
2460833.125,3754.9705657721515,-2769.6935369925195,2782.8998147640973
2460833.1256944444,3799.5310249687877,-2376.1555834936757,3070.2019699492726
2460833.126388889,3813.313075713406,-1963.394523314365,3332.5587720317917
2460833.127083333,3796.212855616942,-1534.7574571727669,3567.8469745811703
2460833.1277777776,3748.3767089847775,-1093.717787948824,3774.164561323703
2460833.128472222,3670.199335099704,-643.8468336448611,3949.8455528042637
2460833.129166667,3562.319985489478,-188.78489499473477,4093.4728186375587
2460833.1298611113,3425.61679117334,267.7879823175524,4203.888847652772
2460833.1305555557,3261.1993029258697,722.1813529872123,4280.20445622061
2460833.13125,3070.3993337044703,1170.7236211167954,4321.805419032774
2460833.1319444445,2854.7601863374202,1609.7910243821175,4328.357020643678
2460833.132638889,2616.0243523469453,2035.836179161164,4299.8065260198155
2460833.1333333333,2356.1197600410037,2445.416033597401,4236.383571627155
2460833.1340277777,2077.1446514900954,2835.219069382107,4138.598476409613
2460833.134722222,1781.3511689308918,3202.0915925680174,4007.238472562813
2460833.1354166665,1471.1277288184153,3543.062955458231,3843.361854102398
2460833.136111111,1148.9802757353525,3855.3695322620756,3648.290046172727
2460833.136805556,817.5125145860194,4136.477268767962,3423.597604053647
2460833.1375,479.40522902413903,4384.102619048592,3171.100158058828
2460833.1381944446,137.39482370068248,4596.231663510523,2892.84034485384
2460833.138888889,-205.74877217633895,4771.137215274274,2591.0717736880115
2460833.1395833334,-547.2446644617515,4907.393707990116,2268.2411132285974
2460833.140277778,-884.3238337247365,5003.889676109224,1926.9684048633214
2460833.140972222,-1214.252051233276,5059.83765005378,1570.0257397292685
2460833.1416666666,-1534.3526493775023,5074.781310214385,1200.3144711863124
2460833.142361111,-1842.0289187366534,5048.599774747107,820.8411598443819
2460833.1430555554,-2134.7858944058125,4981.508930566753,434.6924798693871
2460833.14375,-2410.2512971881365,4874.059758280329,45.0093360617762
2460833.144444444,-2666.1954010168097,4727.133645388967,-345.0395400418811
2460833.145138889,-2900.549609320508,4541.9347287658875,-732.2842327154839
2460833.1458333335,-3111.423542925151,4319.979353761453,-1113.5802370740096
2460833.146527778,-3297.120468512917,4063.0827776322235,-1485.8347277032258
2460833.1472222223,-3456.1509173625795,3773.3432917226714,-1846.032218635873
2460833.1479166667,-3587.2443850609898,3453.123961167231,-2191.2593661574815
2460833.148611111,-3689.3590257442042,3105.032219640218,-2518.7286696907213
2460833.1493055555,-3761.689294638625,2731.897566587938,-2825.8008673882728
2460833.15,-3803.6715195395154,2336.747631623316,-3110.0058444326455
2460833.1506944443,-3814.987411743719,1922.7828754435168,-3369.0619045482845
2460833.1513888887,-3795.565552442494,1493.3501884231066,-3600.8932903836144
2460833.152083333,-3745.5809099742314,1051.9156444704586,-3803.645863766405
2460833.152777778,-3665.452459266698,602.0366474821169,-3975.700888139412
2460833.1534722224,-3555.838983954029,147.33369036007434,-4115.686877113349
2460833.154166667,-3417.6331492857676,-308.5380646126712,-4222.489489255064
2460833.154861111,-3251.953931178226,-761.917214299408,-4295.2594695389835
2460833.1555555556,-3060.137488230634,-1209.1643800366787,-4333.418638542411
2460833.15625,-2843.726556285426,-1646.6901669969836,-4336.663939421339
2460833.1569444444,-2604.458440347475,-2070.9826805330404,-4304.969550414008
2460833.157638889,-2344.251671750297,-2478.634471701726,-4238.587067733144
2460833.158333333,-2065.1913959669737,-2866.3687817245836,-4138.043759058669
2460833.1590277776,-1769.5135521005575,-3231.064955931586,-4004.1388828856766
2460833.159722222,-1459.5879093252847,-3569.782885067087,-3837.938066297114
2460833.160416667,-1137.9000264746207,-3879.786326425376,-3640.765731555746
2460833.1611111113,-807.03221266398,-4158.564939816844,-3414.195565507438
2460833.1618055557,-469.6435804555621,-4403.85486043602,-3160.0390345164697
2460833.1625,-128.44929577853765,-4613.6576222572885,-2880.3319581172996
2460833.1631944445,213.80084852658433,-4786.257233507712,-2577.319174720175
2460833.163888889,554.3443913796398,-4920.235204637335,-2253.437353029803
2460833.1645833333,890.4285262325991,-5014.483329357633,-1911.2960317139539
2460833.1652777777,1219.3326007760481,-5068.214029736329,-1553.6569989086997
2460833.165972222,1538.3905888830063,-5080.96809299412,-1183.4121538990023
2460833.1666666665,1845.0133143616258,-5052.619651375203,-803.5600259587811
2460833.167361111,2136.710197713861,-4983.378287571397,-417.1811534891089
2460833.168055556,2411.110289118047,-4873.788185454253,-27.412557815800984
2460833.16875,2665.9823569504997,-4724.724287387805,362.57843693002593
2460833.1694444446,2899.253803482281,-4537.385465635861,749.6207620745787
2460833.170138889,3109.0281993915023,-4313.284759646139,1130.5662626791343
2460833.1708333334,3293.6012436558644,-4054.2367779731558,1502.3161675819433
2460833.171527778,3451.4749813286226,-3762.3424080812706,1861.8470872507187
2460833.172222222,3581.370143745199,-3439.971010619773,2206.2362734306244
2460833.1729166666,3682.2365011484367,-3089.7403151082926,2532.6858805659317
2460833.173611111,3753.261155150684,-2714.4942534589927,2838.546001471367
2460833.1743055554,3793.8747278751557,-2317.2789885985353,3121.336272046731
2460833.175,3803.755435331891,-1901.317407341037,3378.765869134846
2460833.175694444,3782.831060561059,-1469.9823445186332,3608.7517601234536
2460833.176388889,3731.2788644873185,-1026.768806843256,3809.4350888872063
2460833.1770833335,3649.5234916701806,-575.2654500427603,3979.1956146996645
2460833.177777778,3538.2329421373747,-119.12555364819434,4116.6641432855
2460833.1784722223,3398.3126891508928,337.96228441301037,4220.732913078089
2460833.1791666667,3230.8980266826593,792.3035276228447,4290.563914520223
2460833.179861111,3037.34473462256,1240.226958082224,4325.595130777027
2460833.1805555555,2819.218143379512,1678.1136445179125,4325.544698771419
2460833.18125,2578.280682186652,2102.425448464376,4290.412988999892
2460833.1819444443,2316.477989338766,2509.7329136310573,4220.482605610707
2460833.1826388887,2035.9236627834,2896.7423805674007,4116.316306487563
2460833.183333333,1738.8827280772316,3260.322169679952,3978.752841712564
2460833.184027778,1427.7539084079322,3597.5276636705053,3808.9007106470963
2460833.1847222224,1105.050784735072,3905.625118026874,3608.129840371381
2460833.185416667,773.3819451925826,4182.114016515907,3378.0611946136464
2460833.186111111,435.4302410037119,4424.747775953238,3120.5543366006063
2460833.1868055556,93.93127874473305,4631.552602725887,2837.6929835649757
2460833.1875,-248.34870229386536,4800.844299124225,2531.768610985143
2460833.1881944444,-588.6353934099037,4931.24281679753,2205.262194912442
2460833.188888889,-924.169234260131,5021.68436892388,1860.8242037763066
2460833.189583333,-1252.2282782060463,5071.430925725288,1501.2529835604935
2460833.1902777776,-1570.1508819722885,5080.076941603762,1129.471713683808
2460833.190972222,-1875.3579919713668,5047.553193908676,748.5041347588428
2460833.191666667,-2165.374786771764,4974.127648969143,361.4492854237674
2460833.1923611113,-2437.851446402664,4860.403313224221,-28.544503287019182
2460833.1930555557,-2690.5828182004257,4707.313071358517,-418.30608074350494
2460833.19375,-2921.52676673135,4516.111560117895,-804.6681352701482
2460833.1944444445,-3128.821013928833,4288.364172047531,-1184.4937523547483
2460833.195138889,-3310.798300078113,4025.933326894943,-1554.7025898736463
2460833.1958333333,-3465.9997261726144,3730.9621852076452,-1912.2964013024102
2460833.1965277777,-3593.186165759898,3405.8560166829343,-2254.383647979506
2460833.197222222,-3691.3476715246284,3053.261457127244,-2578.2029726682476
2460833.1979166665,-3759.7108316485587,2676.04390806498,-2881.1453298436977
2460833.198611111,-3797.744061843203,2277.2633450449684,-3160.774597482156
2460833.199305556,-3805.1608477663044,1860.148802645854,-3414.8465281299946
2460833.2,-3781.920976462485,1428.0717965499928,-3641.3259300318423
2460833.2006944446,-3728.229814476148,984.5189391889338,-3838.4019942532673
2460833.201388889,-3644.5357048386736,533.0639800008382,-4004.501716386407
2460833.2020833334,-3531.525565057516,77.33949565067572,-4138.3013770753505
2460833.202777778,-3390.1187715160163,-378.99157919195557,-4238.736070406922
2460833.203472222,-3221.4594175207485,-832.2643971820927,-4305.007276062418
2460833.2041666666,-3026.907027534583,-1278.8404642573337,-4336.588482197921
2460833.204861111,-2808.0258081151787,-1715.1355757943634,-4333.228866689874
2460833.2055555554,-2566.5725057912746,-2137.647295017687,-4294.955045328322
2460833.20625,-2304.4829408397677,-2542.981839622902,-4222.070890256873
2460833.206944444,-2023.8572801681164,-2927.880248945283,-4115.155418610318
2460833.207638889,-1726.9441088406925,-3289.243701533104,-3975.058745245273
2460833.2083333335,-1416.1233665322657,-3624.157836986424,-3802.8960918927055
2460833.209027778,-1093.8882157377786,-3929.915932184975,-3600.0398434846707
2460833.2097222223,-762.8259213990284,-4204.040763882174,-3368.1096471093865
2460833.2104166667,-425.59783330525687,-4444.304978791332,-3108.9605568670686
2460833.211111111,-84.91858116223442,-4648.7497793588855,-2824.66924272658
2460833.2118055555,256.46539040083303,-4815.701727399446,-2517.518299086142
2460833.2125,595.7977986797414,-4943.787464147929,-2189.9787119480925
2460833.2131944443,930.334838771089,-5031.946147341888,-1844.6905744675023
2460833.2138888887,1257.367653019696,-5079.439419730483,-1484.4421639912905
2460833.214583333,1574.2447414201156,-5085.858737508535,-1112.147534312475
2460833.215277778,1878.3940961240696,-5051.12991581068,-730.8227986276611
2460833.2159722224,2167.344824692399,-4975.514778733873,-343.56131823708347
2460833.216666667,2438.748032198872,-4859.609840112509,46.491972009599536
2460833.217361111,2690.3967259819897,-4704.341983998238,436.16683828929695
2460833.2180555556,2920.244521259471,-4510.961159714948,822.2943495839568
2460833.21875,3126.422941047435,-4281.030150321863,1201.73352627034
2460833.2194444444,3307.257117989593,-4016.411524256744,1571.3977420708711
2460833.220138889,3461.2797416326357,-3719.2519133122623,1928.280608823316
2460833.220833333,3587.243112279804,-3391.9638089948703,2269.4810655011934
2460833.2215277776,3684.1292033810837,-3037.205091116643,2592.2274282911167
2460833.222222222,3751.1576612511444,-2657.856532969127,2893.900172221459
2460833.222916667,3787.79170457868,-2256.9975423060987,3172.0532459293704
2460833.2236111113,3793.741915716107,-1837.8804075283276,3424.433750194909
2460833.2243055557,3768.967942571806,-1403.9033165542835,3648.9998440156046
2460833.225,3713.6781517122304,-958.5824142271105,3843.936769128182
2460833.2256944445,3628.327292181686,-505.52315427040077,4007.6709125506995
2460833.226388889,3513.6122413988696,-48.391179059196155,4138.8818546223765
2460833.2270833333,3370.4659137435965,409.11704547391145,4236.512365008488
2460833.2277777777,3200.049415901581,863.3036384358738,4299.776328849499
2460833.228472222,3003.74253327715,1310.498569062263,4328.1645941975285
2460833.2291666665,2783.132632642467,1747.0885998031897,4321.44873798511
2460833.229861111,2540.0020588610046,2169.545750672971,4279.6827517259535
2460833.230555556,2276.314106387258,2574.455120200171,4203.202646710306
2460833.23125,1994.1976419762073,2958.5419082700982,4092.6239789499505
2460833.2319444446,1695.93045556812,3318.6974820968144,3948.8372921422097
2460833.232638889,1383.9214238044062,3652.0043152172248,3773.0014790349314
2460833.2333333334,1060.6915761157434,3955.7596246282733,3566.5350652938246
2460833.234027778,728.8541630740505,4227.4975219015505,3331.105426313621
2460833.234722222,391.09384821366586,4465.009478834541,3068.615964365428
2460833.2354166666,50.14515296279445,4666.362910969332,2781.1912856098756
2460833.236111111,-291.22969095857354,4829.917673861929,2471.1604414340604
2460833.2368055554,-630.2633046495248,4954.340270799733,2141.038328246329
2460833.2375,-964.2059573377057,5038.615587101743,1793.5053573441194
2460833.238194444,-1290.3483750035452,5082.055974238611,1431.3855537060222
2460833.238888889,-1606.044345743284,5084.307540280883,1057.6232593289023
2460833.2395833335,-1908.732889425548,5045.353530281828,675.25865130423
2460833.240277778,-2195.959753260071,4965.514718970825,287.40231426229036
2460833.2409722223,-2465.3980024726407,4845.4467808502095,-102.79087754727534
2460833.2416666667,-2714.8674800161,4686.134647443101,-492.14829316011014
2460833.242361111,-2942.3529246635426,4488.883908457455,-877.5062085112658
2460833.2430555555,-3146.02055897488,4255.3093576015945,-1255.7363172683115
2460833.24375,-3324.2329803595435,3987.320828662949,-1623.7718049839316
2460833.2444444443,-3475.562220498203,3687.106504309454,-1978.6327190962857
2460833.2451388887,-3598.800869188037,3357.11391156049,-2317.450385257855
2460833.245833333,-3692.97119045045,3000.0288434356303,-2637.490643043411
2460833.246527778,-3757.332190724355,2618.7524658818925,-2936.175700412054
2460833.2472222224,-3791.3846310913086,2216.3768731697646,-3211.104441938576
2460833.247916667,-3794.874000827423,1796.1593595998272,-3460.0710532585827
2460833.248611111,-3767.791493685505,1361.4956725489394,-3681.0818546457963
2460833.2493055556,-3710.3730472227326,915.892491321377,-3872.370271445378
2460833.25,-3623.096518004059,462.9393691191559,-4032.4098885919166
2460833.2506944444,-3506.6770753814044,6.280354524203094,-4159.925560879372
2460833.251388889,-3362.060898242468,-450.41451959566706,-4253.902569726848
2460833.252083333,-3190.4172615599855,-903.4776971915618,-4313.593823597248
2460833.2527777776,-2993.1290936653054,-1349.2723590221963,-4338.5251107378135
2460833.253472222,-2771.7820815591967,-1784.2203359127946,-4328.498411903867
2460833.254166667,-2528.1523953366864,-2204.8295420036748,-4283.593280393819
2460833.2548611113,-2264.1930975747305,-2607.7207990256798,-4204.166292810667
2460833.2555555557,-1982.01929879976,-2989.6539236271656,-4090.8485686475806
2460833.25625,-1683.8921216711801,-3347.5529404911636,-3944.5413529526927
2460833.2569444445,-1372.2015357217686,-3678.530279899804,-3766.409652862629
2460833.257638889,-1049.4481332671896,-3979.909802214805,-3557.8739197994305
2460833.2583333333,-718.2239271268445,-4249.248479543672,-3320.5997741319834
2460833.2590277777,-381.1922635762615,-4484.3565531344975,-3056.485777800533
2460833.259722222,-41.06696192671729,-4683.3159730613415,-2767.649275279609
2460833.2604166665,299.40918704981414,-4844.4969191862865,-2456.410344101728
2460833.261111111,637.4864135644805,-4966.572202433339,-2125.2739181919083
2460833.261805556,970.4302768012636,-5048.529347684843,-1776.9101787414943
2460833.2625,1295.544098774469,-5089.680173921985,-1414.133333003666
2460833.2631944446,1610.1913101043212,-5089.667704082154,-1039.8789401304991
2460833.263888889,1911.8174899503526,-5048.470266068005,-657.1799644304377
2460833.2645833334,2197.9718626245485,-4966.402677938742,-269.1417780322319
2460833.265277778,2466.328020887191,-4844.11445088201,121.08365069989733
2460833.265972222,2714.7036431721012,-4682.58498606808,510.32411895784577
2460833.2666666666,2941.078984481372,-4483.115787202251,895.4138259908177
2460833.267361111,3143.613933974374,-4247.319758750051,1273.2199967345457
2460833.2680555554,3320.66345880511,-3977.107700562961,1640.6692128345637
2460833.26875,3470.7912721059115,-3674.6721582137848,1994.7731647638084
2460833.269444444,3592.781600130702,-3342.468818673255,2332.6535649893185
2460833.270138889,3685.648950835957,-2983.195673947563,2651.5659751216026
2460833.2708333335,3748.6458183659392,-2599.770202211761,2948.922322394976
2460833.271527778,3781.268292001862,-2195.3048233372265,3222.3119169223687
2460833.2722222223,3783.259564271832,-1773.0809027029607,3469.520802455068
2460833.2729166667,3754.6113610671327,-1336.521569463872,3688.549311490895
2460833.273611111,3695.563337176377,-889.1636144443866,3877.6277210103553
2460833.2743055555,3606.6004977841876,-434.6287165690399,4035.2299354083893
2460833.275,3488.4487191850535,23.405762077069223,4160.085143942874
2460833.2756944443,3342.068447900193,481.2361998452069,4251.187423481366
2460833.2763888887,3168.6466637455674,935.16214807433,4307.803267025611
2460833.277083333,2969.5871886058876,1381.5155961883086,4329.477033536021
2460833.277777778,2746.4994244332256,1816.6898912195702,4316.034315743778
2460833.2784722224,2501.185599897747,2237.168150272978,4267.583227315699
2460833.279166667,2235.626601957832,2639.551009542879,4184.513609709287
2460833.279861111,1951.966469211329,3020.58355067343,4067.4941578639437
2460833.2805555556,1652.4956257107349,3377.1812420969372,3917.4674639814225
2460833.28125,1339.632937084032,3706.4547279462527,3735.6429793617144
2460833.2819444444,1015.9066817624116,4005.733284267795,3523.487899886258
2460833.282638889,683.9345405674,4272.586754966339,3282.7159891638485
2460833.283333333,346.40272255191553,4504.845771243374,3015.274366143613
2460833.2840277776,6.044365067027604,4700.620050561503,2723.328303907688
2460833.284722222,-334.38263499214264,4858.314571362723,2409.2441096056455
2460833.285416667,-672.1181866720711,4976.643426622292,2075.570177970253
2460833.2861111113,-1004.422767653554,5054.641165949359,1725.0163477403394
2460833.2868055557,-1328.6001763336526,5091.671459749788,1360.4317141827348
2460833.2875,-1642.0200476461232,5087.432942265085,984.7810856582967
2460833.2881944445,-1942.1399007515083,5041.962124134012,601.1202990131131
2460833.288888889,-2226.5264821288165,4955.633303631245,212.57063606900553
2460833.2895833333,-2492.8761728788727,4829.1554488557385,-177.70739818487573
2460833.2902777777,-2739.0342368836723,4663.566068707119,-566.5406583764213
2460833.290972222,-2963.012703278939,4460.222136492596,-950.770018831967
2460833.2916666665,-3163.006695473561,4220.788177006589,-1327.2768225583861
2460833.292361111,-3337.4090498871537,3947.2216655819566,-1693.0088457293486
2460833.293055556,-3484.8230892943234,3641.7559319526954,-2045.0055043611646
2460833.29375,-3604.0734555681825,3306.880784477061,-2380.422063943704
2460833.2944444446,-3694.2149325984483,2945.3211015868574,-2696.5526253948597
2460833.295138889,-3754.5392262865626,2560.013646451648,-2990.851698186185
2460833.2958333334,-3784.5796955525507,2154.0823742869807,-3260.9541958311547
2460833.296527778,-3784.11405666497,1730.812498493123,-3504.6937246243156
2460833.297222222,-3753.1651048791837,1293.623573526848,-3720.1190673379024
2460833.2979166666,-3691.9995150795544,846.0418467597901,-3905.508788323234
2460833.298611111,-3601.124795845858,391.67210440447485,-4059.3839177716713
2460833.2993055554,-3481.2844792319747,-65.8307719801812,-4180.518687730009
2460833.3,-3333.4516304479394,-522.7903529499331,-4267.949313124616
2460833.300694444,-3158.8207628065916,-975.537135246466,-4320.980817474336
2460833.301388889,-2958.7982377534704,-1420.4367921097728,-4339.1919121494475
2460833.3020833335,-2734.991224139472,-1853.9180595160296,-4322.4379371169925
2460833.302777778,-2489.1952890256503,-2272.5001194446795,-4270.851869587974
2460833.3034722223,-2223.3806804391893,-2672.819359848571,-4184.843403313629
2460833.3041666667,-1939.6773662664693,-3051.6553741475764,-4065.0960957832694
2460833.304861111,-1640.3588870910653,-3405.956068592005,-3912.562575929753
2460833.3055555555,-1327.8250912688,-3732.8617249834533,-3728.4578052977326
2460833.30625,-1004.5838159777927,-4029.7278686765444,-3514.250381634839
2460833.3069444443,-673.2316029075032,-4294.1467606990855,-3271.651885862159
2460833.3076388887,-336.43354244571293,-4523.967332961085,-3002.6042800047435
2460833.308333333,3.097641869402303,-4717.313372374095,-2709.2653779083394
2460833.309027778,342.6231300501772,-4872.599748587428,-2393.9924366262253
2460833.3097222224,679.4000110580877,-4988.5464853526755,-2059.3239364407186
2460833.310416667,1010.7035805223812,-5064.190478357479,-1707.959647989989
2460833.311111111,1333.8497349534425,-5098.89467579615,-1342.7391161126766
2460833.3118055556,1646.2172497595811,-5092.354559006496,-966.6187222778373
2460833.3125,1945.2697181330566,-5044.601788691805,-582.647515811403
2460833.3131944444,2228.576915920208,-4956.00491668789,-193.94203792384405
2460833.313888889,2493.8353626046282,-4827.267102846272,196.33962089211855
2460833.314583333,2738.887844534381,-4659.420821575532,585.0242592030404
2460833.3152777776,2961.7416848104754,-4453.819587724565,968.9502238181879
2460833.315972222,3160.58555633204,-4212.126778896495,1344.994002124643
2460833.316666667,3333.804659527645,-3936.3016743676935,1710.0964648654012
2460833.3173611113,3479.9941101282348,-3628.582874491399,2061.2884797077527
2460833.3180555557,3597.97041530933,-3291.4692967528595,2395.7156363990002
2460833.31875,3686.7809450146524,-2927.6989788647256,2710.66183827789
2460833.3194444445,3745.7113403710305,-2540.225936249503,3003.5715467517716
2460833.320138889,3774.2908301091397,-2132.1953377088075,3272.0704903443298
2460833.3208333333,3772.2954549392152,-1706.9172708872834,3513.984680091526
2460833.3215277777,3739.749225616308,-1267.839364859903,3727.357606492289
2460833.322222222,3676.9232605948346,-818.5185310912219,3910.4655211371455
2460833.3229166665,3584.3329657563627,-362.59207381660354,4061.830732280543
2460833.323611111,3462.7333295746353,96.25159962741688,4180.232868911004
2460833.324305556,3313.112413946566,554.3024512067996,4264.718084136782
2460833.325,3136.6831237585784,1007.8582690862836,4314.606183426943
2460833.3256944446,2934.8733384898733,1453.2539252636313,4329.495672049453
2460833.326388889,2709.3144858950636,1886.890265749678,4309.266721129807
2460833.3270833334,2461.828636623929,2305.2624693354915,4254.082052645233
2460833.327777778,2194.4141956337903,2704.987717819861,4164.385743776204
2460833.328472222,1909.2302662723987,3082.83201881022,4040.899949789633
2460833.3291666666,1608.5797652689066,3435.736017561765,3884.6195445558565
2460833.329861111,1294.8913712390438,3760.8396277827405,3696.804679166125
2460833.3305555554,970.7004020524172,4055.505297589729,3478.971266491043
2460833.33125,638.6287230256024,4317.3397239705355,3232.879406047573
2460833.331944444,301.3638107373015,4544.213813052988,2960.5197819590367
2460833.332638889,-38.36289081913822,4734.280684993989,2664.0980823933487
2460833.3333333335,-377.79816105491193,4885.991517829266,2346.0175154404196
2460833.334027778,-714.1895622298337,4998.109032662093,2008.8595225243778
2460833.3347222223,-1044.8081714443567,5069.71843520356,1655.3628192326762
2460833.3354166667,-1366.9712684534745,5100.235647600279,1288.4009290729027
2460833.336111111,-1678.0647583441485,5089.412694492982,910.9583979631524
2460833.3368055555,-1975.5650929486255,5037.340138385051,526.1059130041766
2460833.3375,-2257.0604540884774,4944.446501602611,136.97457392655616
2460833.3381944443,-2520.270974500683,4811.4946535438985,-253.27042619993935
2460833.3388888887,-2763.06776778024,4639.57519040817,-641.4564215632095
2460833.339583333,-2983.4905703592003,4430.096877888554,-1024.4299192636036
2460833.340277778,-3179.7638084946548,4184.774276185032,-1399.0829777521599
2460833.3409722224,-3350.310938581358,3905.612703565264,-1762.3790467561494
2460833.341666667,-3493.7669332241703,3594.890733775313,-2111.378003590941
2460833.342361111,-3608.9888187972265,3255.140453417755,-2443.2601425952416
2460833.3430555556,-3695.0642046056414,2889.125723431491,-2755.3489048415613
2460833.34375,-3751.3177723358403,2499.8187084224583,-3045.132157958178
2460833.3444444444,-3777.3157259868203,2090.374938333979,-3310.2818729761775
2460833.345138889,-3772.8682266240794,1664.1071722962465,-3548.6720709621395
2460833.345833333,-3738.0298594586716,1224.458320842112,-3758.3949479081643
2460833.3465277776,-3673.0981963898043,774.9736703957775,-3937.775112427876
2460833.347222222,-3578.610529437002,319.2726407216632,-4085.381893538222
2460833.347916667,-3455.3388569526055,-138.97972018924602,-4200.039699008027
2460833.3486111113,-3304.2832065112793,-596.1013158680017,-4280.836417072747
2460833.3493055557,-3126.6633787101027,-1048.4214834840889,-4327.12986400148
2460833.35,-2923.9091884613126,-1492.3092339025031,-4338.552286943659
2460833.3506944445,-2697.6492802262533,-1924.2011011269626,-4315.012928972163
2460833.351388889,-2449.69858134013,-2340.6284784522095,-4256.698663185005
2460833.3520833333,-2182.0444593793663,-2738.244304813505,-4164.072696737948
2460833.3527777777,-1896.83164203481,-3113.848973906174,-4037.8713416574005
2460833.353472222,-1596.3459598932586,-3464.415326922222,-3879.098844691787
2460833.3541666665,-1282.9969763521083,-3787.1125795378043,-3689.0202670909985
2460833.354861111,-959.2995777653792,-4079.3290201511586,-3469.152408086547
2460833.355555556,-627.8546049028314,-4338.693306654383,-3221.2527700681285
2460833.35625,-291.32862783278443,-4563.094170594621,-2947.3065784327937
2460833.3569444446,47.56702257344764,-4750.6983344533255,-2649.511881036289
2460833.357638889,386.09782492162316,-4899.966435690214,-2330.2627796978745
2460833.3583333334,721.5280841597654,-5009.66675749881,-1992.1308665300967
2460833.359027778,1051.1432151372592,-5078.886569817028,-1637.8449697563672
2460833.359722222,1372.2720937805934,-5107.040899345033,-1270.2693454482767
2460833.3604166666,1682.3092623907767,-5093.878570137256,-892.3804818710956
2460833.361111111,1978.7367623392827,-5039.485385383267,-507.2427153318591
2460833.3618055554,2259.1453642262168,-4944.284356277552,-117.98288013267558
2460833.3625,2521.2549577112595,-4809.032925621654,272.23575189715973
2460833.363194444,2762.9338776887184,-4634.817177291678,660.2399795740083
2460833.363888889,2982.2169467676435,-4423.043071141081,1042.873342012145
2460833.3645833335,3177.3220395365233,-4175.424785699571,1417.0226696878692
2460833.365277778,3346.664989448807,-3893.970299864403,1779.6442272493364
2460833.3659722223,3488.8726925248598,-3580.964380970731,2127.7891774319223
2460833.3666666667,3602.7942884711297,-3238.949184630609,2458.6281050183434
2460833.367361111,3687.510333883429,-2870.702696071386,2769.474366333707
2460833.3680555555,3742.33991145002,-2479.215270184883,3057.8060488262004
2460833.36875,3766.845653113275,-2067.664530201102,3321.286364314247
2460833.3694444443,3760.836679911853,-1639.3889000620786,3557.7823205314025
2460833.3701388887,3724.36948770629,-1197.8600350286117,3765.381553490653
2460833.370833333,3657.746827252855,-746.6544140446202,3942.4072271985397
2460833.371527778,3561.51464196377,-289.4243342734665,4087.430938684906
2460833.3722222224,3436.4571383407183,170.13145375432808,4199.283581887753
2460833.372916667,3283.590067873899,628.2972666226062,4277.064148683539
2460833.373611111,3104.152304354856,1081.3699601093513,4320.146451708044
2460833.3743055556,2899.595797016994,1525.6881785027724,4328.183766436987
2460833.375,2671.5739798702425,1957.6612090928286,4301.111391247457
2460833.3756944444,2421.9287141202794,2373.797281478894,4239.147126528049
2460833.376388889,2152.6758379207045,2770.731154944709,4142.7896725534865
2460833.377083333,1865.9894012963825,3145.2508301258063,4012.8149458760736
2460833.3777777776,1564.1846606014556,3494.3232259577007,3850.270312340088
2460833.378472222,1249.6999209019752,3815.1186423887443,3656.4667398668475
2460833.379166667,925.0773162249862,4105.03383102138,3432.9688770775892
2460833.3798611113,592.9426412690004,4361.713474263508,3181.5830801026304
2460833.3805555557,255.98434916443995,4583.069880855313,2904.3434156937674
2460833.38125,-83.0681310573383,4767.300682764337,2603.4957029767265
2460833.3819444445,-421.46660612362143,4912.904338054875,2281.479664879007
2460833.382638889,-756.4666697287389,5018.693236663068,1940.9093022980671
2460833.3833333333,-1085.3503976422123,5083.80422926133,1584.5516248591653
2460833.3840277777,-1405.4489700335364,5107.706416979201,1215.3039074093897
2460833.384722222,-1714.164993733275,5090.206069642446,836.1696709828783
2460833.3854166665,-2008.994291706866,5031.448575477943,450.2336133422131
2460833.386111111,-2287.5469252926155,4931.917365161077,60.63573860986557
2460833.386805556,-2547.5672174777933,4792.42979870921,-329.455042173145
2460833.3875,-2786.9525640458037,4614.130047853727,-716.8675651616854
2460833.3881944446,-3003.770827139606,4398.479055882806,-1098.4550295032805
2460833.388888889,-3196.27613781637,4147.241697588959,-1471.121297098233
2460833.3895833334,-3362.9229532550153,3862.4713075703407,-1831.8465954674134
2460833.390277778,-3502.3782520109517,3546.491773166921,-2177.7123718673283
2460833.390972222,-3613.531774804879,3201.8774261847825,-2505.925053860063
2460833.3916666666,-3695.5042577073787,2831.430978417635,-2813.838512196177
2460833.392361111,-3747.6536302190316,2438.159768546048,-3098.9750395616375
2460833.3930555554,-3769.5791831620836,2025.2505852085658,-3359.0446990187415
2460833.39375,-3761.1237343275247,1596.0433321083428,-3591.9629230402224
2460833.394444444,-3722.3738410755745,1154.0037923018633,-3795.8662746673813
2460833.395138889,-3653.658125421506,702.6957348979842,-3969.1263101878935
2460833.3958333335,-3555.5437871078148,245.75258388858035,-4110.361508446684
2460833.396527778,-3428.8313870500124,-213.1511409060411,-4218.447246184249
2460833.3972222223,-3274.547983632455,-670.3284330247122,-4292.523817573131
2460833.3979166667,-3093.93870506259,-1122.108286323205,-4332.002500362188
2460833.398611111,-2888.4568329582585,-1564.8639176953225,-4336.569678742
2460833.3993055555,-2659.752470548899,-1995.040581599583,-4306.189029764906
2460833.4,-2409.6598605108393,-2409.182848540419,-4241.101779089783
2460833.4006944443,-2140.183414182954,-2803.9612171565964,-4141.825026239051
2460833.4013888887,-1853.482512050065,-3176.197926342644,-4009.1481352428846
2460833.402083333,-1551.855133652056,-3522.891829507156,-3844.127181834909
2460833.402777778,-1237.7203852371838,-3841.2421743088757,-3648.0774498464207
2460833.4034722224,-913.5999943034135,-4128.67112838702,-3422.563968935283
2460833.404166667,-582.0988589591017,-4382.844869276977,-3169.390095918166
2460833.404861111,-245.8847526699733,-4601.693048993518,-2890.5841531538154
2460833.4055555556,92.3326941554952,-4783.426432769755,-2588.3841567001223
2460833.40625,429.82359862078584,-4926.552510049953,-2265.2206854632195
2460833.4069444444,763.8598499189937,-5029.888872367586,-1923.6979754875501
2460833.407638889,1091.7373750950453,-5092.574166113162,-1566.5733470268744
2460833.408333333,1410.7984439521967,-5114.076441062278,-1196.7351070838586
2460833.4090277776,1718.453795810776,-5094.198740164721,-817.1791022693582
2460833.409722222,2012.2043642359179,-5033.081806773166,-430.98412186789113
2460833.410416667,2289.662361745355,-4931.203822241511,-41.28638836180802
2460833.4111111113,2548.5714979391496,-4789.377128127875,348.74661799167643
2460833.4118055557,2786.8260998063042,-4608.741933441518,735.9427225023229
2460833.4125,3002.488924364974,-4390.757052407272,1117.1517296340849
2460833.4131944445,3193.807466229295,-4137.187766790631,1489.271916652692
2460833.413888889,3359.228591161339,-3850.0909478399412,1849.276067955393
2460833.4145833333,3497.4113512498107,-3531.797613978101,2194.2367767079368
2460833.4152777777,3607.2378686035113,-3184.8931343878094,2521.3507583429737
2460833.415972222,3687.822206880284,-2812.195313893105,2827.961944751101
2460833.4166666665,3738.5171804308966,-2416.7306173582692,3111.5831513950866
2460833.417361111,3758.919082786071,-2001.708796486857,3369.9161451353193
2460833.418055556,3748.870341435627,-1570.4961937369549,3600.869964200373
2460833.41875,3708.4601311042557,-1126.587986922362,3802.577378549408
2460833.4194444446,3638.022996237572,-673.5796360792594,3973.409402610122
2460833.420138889,3538.1355473111994,-215.13777030655785,4111.987802979152
2460833.4208333334,3409.611306462208,245.02925009992802,4217.195558597384
2460833.421527778,3253.4937811969353,703.2008946611188,4288.18525427432
2460833.422222222,3071.0478486940196,1155.6739479700714,4324.3853947594425
2460833.4229166666,2863.749531063703,1598.791743343697,4325.50463710438
2460833.423611111,2633.2742395137825,2028.9729779993895,4291.533941188989
2460833.4243055554,2381.4835638222285,2442.739947724814,4222.746638980224
2460833.425,2110.4106808743495,2836.7460438460425,4119.6964223946015
2460833.425694444,1822.2444573669102,3207.802351043776,3983.213248592573
2460833.426388889,1519.31232597021,3552.903178070709,3814.3971627189135
2460833.4270833335,1204.0620185870118,3869.250347968776,3614.6100401986187
2460833.427777778,879.0422524478994,4154.27606126031,3385.465257951227
2460833.4284722223,546.8824813197339,4405.664134438015,3128.815317729801
2460833.4291666667,210.27183401282747,4621.369415236638,2846.7374566505705
2460833.429861111,-128.06260944121973,4799.63516436476,2541.517307620466
2460833.4305555555,-465.3780456088051,4939.008204273915,2215.630688581257
2460833.43125,-798.9384878820375,5038.351634509827,1871.7236391696222
2460833.4319444443,-1126.0374212994293,5096.854936709042,1512.5908444051274
2460833.4326388887,-1444.020353216282,5114.0413110515965,1141.152620720938
2460833.433333333,-1750.3070319756323,5089.772117154827,760.4306680471601
2460833.434027778,-2042.4130989855646,5024.248328731312,373.52281993475304
2460833.4347222224,-2317.970941961798,4918.008952571813,-16.422956238744447
2460833.435416667,-2574.749518830889,4771.926408219693,-406.23503358854
2460833.436111111,-2810.6729415844916,4587.1989092975,-792.7447981241382
2460833.4368055556,-3023.8376188166017,4365.339936559451,-1172.813226642749
2460833.4375,-3212.5277875301913,4108.164932987329,-1543.3570931185484
2460833.4381944444,-3375.2292859094555,3817.7753943315897,-1901.374527544901
2460833.438888889,-3510.6414523267704,3496.5405619955263,-2243.9696723866264
2460833.439583333,-3617.6870685114986,3147.076949686082,-2568.376206866216
2460833.4402777776,-3695.5202943323266,2772.225958597413,-2871.9795313398345
2460833.440972222,-3743.5325742642767,2375.0298439847274,-3152.337438392774
2460833.441666667,-3761.356522383242,1958.706306463096,-3407.1991234882344
2460833.4423611113,-3748.867819147248,1526.621961164798,-3634.5224311230363
2460833.4430555557,-3706.1851699128465,1082.2649528965912,-3832.4892443842896
2460833.44375,-3633.6683930065738,629.2169451158529,-3999.51897025292
2460833.4444444445,-3531.914713323021,171.12470937740727,-4134.28008396307
2460833.445138889,-3401.7533429747264,-288.32848698156477,-4235.699719061574
2460833.4458333333,-3244.238432010103,-745.4515118975348,-4302.971300296312
2460833.4465277777,-3060.640468683622,-1196.573859044972,-4335.560225771918
2460833.447222222,-2852.4362052004653,-1638.073848370142,-4333.20760624936
2460833.4479166665,-2621.2971789596363,-2066.4064003874128,-4295.932069634792
2460833.448611111,-2369.0768931585626,-2478.130254727354,-4224.029634928582
2460833.449305556,-2097.796717164718,-2869.9345022529506,-4118.071654841427
2460833.45,-1809.630566202795,-3238.664295137208,-3978.900822244267
2460833.4506944446,-1506.888418972677,-3581.345594439063,-3807.6252316033306
2460833.451388889,-1191.9987392555843,-3895.208799146559,-3605.6104867240942
2460833.4520833334,-867.4898763336996,-4177.711088578642,-3374.469850009421
2460833.452777778,-535.9705318734424,-4426.557296952827,-3116.05243680249
2460833.453472222,-200.10939652162818,-4639.719127658765,-2832.4294712121837
2460833.4541666666,137.3859215574759,-4815.452505744655,-2525.8786380428915
2460833.454861111,473.79052856715657,-4952.31286129785,-2198.8665931617975
2460833.4555555554,806.3842772232786,-5049.168144671367,-1854.0297147264305
2460833.45625,1132.4740106669065,-5105.209379021965,-1494.153214482262
2460833.456944444,1449.4158158836165,-5119.9585760132595,-1122.1487563899698
2460833.457638889,1754.637070235758,-5093.273864299421,-741.0307600241784
2460833.4583333335,2045.658047832046,-5025.351712377806,-353.89160411903737
2460833.459027778,2320.112858713727,-4916.726166133609,36.124040479295225
2460833.4597222223,2575.769486267475,-4768.265062525481,425.8454874223186
2460833.4604166667,2810.548697887742,-4581.16322824718,812.1026452913254
2460833.461111111,3022.5416201911858,-4356.932717812832,1191.7526802495288
2460833.4618055555,3210.0257875234497,-4097.3901914517055,1561.7064445701524
2460833.4625,3371.4794968720407,-3804.6415766862533,1918.954389457524
2460833.4631944443,3505.5943306401946,-3481.0641964103893,2260.5916925718752
2460833.4638888887,3611.285739716842,-3129.286578913616,2583.842349300519
2460833.464583333,3687.701611483329,-2752.1661888077106,2886.0820020299925
2460833.465277778,3734.2287772755003,-2352.76533931279,3164.859305359581
2460833.4659722224,3750.4974450294417,-1934.3255522672255,3417.915659278886
2460833.466666667,3736.3835685942686,-1500.2406395551643,3643.2031693390804
2460833.467361111,3692.009188560945,-1054.0287653828686,3838.9007291298203
2460833.4680555556,3617.740797239753,-599.3037537728891,4003.428139460824
2460833.46875,3514.185793991625,-139.74587360618844,4135.458213314397
2460833.4694444444,3382.1871063196263,320.9276678511404,4233.9268279902335
2460833.470138889,3222.816055546102,778.9923215142816,4298.040906858942
2460833.470833333,3037.363548061142,1230.745690001117,4327.284320637088
2460833.4715277776,2827.3296726826393,1672.536740252273,4321.421706194307
2460833.472222222,2594.4117789024663,2100.7945750043455,4280.500203734537
2460833.472916667,2340.491113123089,2512.0565966732856,4204.849112338608
2460833.4736111113,2067.618084900519,2902.995908644713,4095.077463862831
2460833.4743055557,1777.996238071971,3270.4477907786554,3952.0695138139067
2460833.475,1473.9650059513106,3611.435079594597,3776.9781492948027
2460833.4756944445,1157.9813359164555,3923.192276249198,3571.2162173891224
2460833.476388889,832.6002824299015,4203.188192254795,3336.4457866547236
2460833.4770833333,500.45467742014597,4449.146938390847,3074.5653641022855
2460833.4777777777,164.23401222259906,4659.067048106299,2787.695112968786
2460833.478472222,-173.3373289141718,4831.238534954297,2478.1601286861205
2460833.4791666665,-509.52230604272523,4964.257673029048,2148.47187034766
2460833.479861111,-841.5937512541769,5057.039311725741,1801.3078608220565
2460833.480555556,-1166.8569787619645,5108.826545379904,1439.4898076673132
2460833.48125,-1482.6722603436165,5119.197585715694,1065.9603228894712
2460833.4819444446,-1786.4769330327078,5088.069715147933,683.7584556216193
2460833.482638889,-2075.8069103817916,5015.700237777463,295.9942678269638
2460833.4833333334,-2348.3173590297947,4902.684386252224,-94.17728265624474
2460833.484027778,-2601.8023201437077,4749.950187736756,-483.58288407962783
2460833.484722222,-2834.2130587428637,4558.750340620397,-869.0575475446115
2460833.4854166666,-3043.674951878249,4330.651197235042,-1247.4711377952676
2460833.486111111,-3228.502744117071,4067.5189940145137,-1615.7544725468401
2460833.4868055554,-3387.2140323260255,3771.5035053256192,-1970.9247256492854
2460833.4875,-3518.5408667252223,3445.0193363674066,-2310.1098773363283
2460833.488194444,-3621.4393931285135,3090.7250891238186,-2630.5719897611352
2460833.488888889,-3695.0974882170653,2711.5006603996685,-2929.729104198822
2460833.4895833335,-3738.940373100588,2310.4229358472944,-3205.175593560976
2460833.490277778,-3752.6342162315755,1890.7401474641692,-3454.700832896184
2460833.4909722223,-3736.0877604416587,1455.8451611435785,-3676.3060797147727
2460833.4916666667,-3689.4520283538295,1009.2479391017805,-3868.2194918058094
2460833.492361111,-3613.1181740287157,554.5474230275377,-4028.909226462602
2460833.4930555555,-3507.7135574282797,95.40304426471361,-4157.094597977975
2460833.49375,-3374.096123473822,-364.49393319031316,-4251.7552772949275
2460833.4944444443,-3213.3471664337426,-821.4490659752926,-4312.138536204411
2460833.4951388887,-3026.7625588668257,-1271.793217839852,-4337.764541238882
2460833.495833333,-2815.84251944216,-1711.9107342081986,-4328.429706576263
2460833.496527778,-2582.279985476385,-2138.2671745238777,-4284.208113193649
2460833.4972222224,-2327.947656396654,-2547.436464087509,-4205.450997314025
2460833.497916667,-2054.8837639285143,-2936.127341974097,-4092.784306663849
2460833.498611111,-1765.276630262405,-3301.208962963938,-3947.1043190233218
2460833.4993055556,-1461.4480711280837,-3639.7355135261723,-3769.5713133723716
2460833.5,-1145.8357115850247,-3948.969681173021,-3561.6012855097856
2460833.5006944444,-820.9742928104663,-4226.404804604046,-3324.855706189645
2460833.501388889,-489.4760544107257,-4469.7855257362335,-3061.2293241407588
2460833.502083333,-154.01030330915043,-4677.126742979311,-2772.8360366360275
2460833.5027777776,182.71770564765893,-4846.73066410236,-2461.992867147102
2460833.503472222,517.9884309545458,-4977.201753417754,-2131.2021136960957
2460833.504166667,849.0900790472359,-5067.459371194698,-1783.1317602573324
2460833.5048611113,1173.3408228151497,-5116.747914657415,-1420.5942752809576
2460833.5055555557,1488.111001449209,-5124.644289757706,-1046.523948291646
2460833.50625,1790.845077215304,-5091.062567178554,-663.9529550976011
2460833.5069444445,2079.0831224181975,-5016.255711735052,-275.9863645246416
2460833.507638889,2350.4816063889075,-4900.814310649091,114.22367649910656
2460833.5083333333,2602.8332444379453,-4745.662272583423,503.5043077770923
2460833.5090277777,2834.085695217407,-4552.049511902906,888.6886049738958
2460833.509722222,3042.358893361454,-4321.541682756374,1266.6422202947467
2460833.5104166665,3225.9608331904533,-4056.0070708484477,1634.2897327244023
2460833.511111111,3383.401640619147,-3757.600794620159,1988.6404270828411
2460833.511805556,3513.40580013834,-3428.746505008546,2326.8132358850053
2460833.5125,3614.922435049959,-3072.11580266265,2646.0605988992083
2460833.5131944446,3687.1335691530267,-2690.605619063006,2943.7910158850023
2460833.513888889,3729.4603309430254,-2287.3138216406905,3217.590099779892
2460833.5145833334,3741.567089762693,-1865.5133123837054,3465.2399665655344
2460833.515277778,3723.363539383958,-1428.624889062897,3684.7368297125495
2460833.515972222,3675.0047663009027,-980.1891353042997,3874.306695309761
2460833.5166666666,3596.8893575472825,-523.8375904959389,4032.4190839509643
2460833.517361111,3489.6556154236423,-63.263439927055146,4157.798726969852
2460833.5180555554,3354.175954171548,397.80805596183416,4249.43520620463
2460833.51875,3191.5495579437224,855.6491878587269,4306.590519539421
2460833.519444444,3003.0933794242005,1306.5592934963565,4328.804565470191
2460833.520138889,2790.331558212857,1746.8939465287408,4315.898544819976
2460833.5208333335,2554.983333682283,2173.093676626646,4267.976280574653
2460833.521527778,2298.949526450392,2581.7120589688793,4185.423455871746
2460833.5222222223,2024.297662523052,2969.4430120840734,4068.9047702311473
2460833.5229166667,1733.2458106858255,3333.1471463614234,3919.3590115588345
2460833.523611111,1428.145217559195,3669.8769839006727,3737.9920460194235
2460833.5243055555,1111.461824272725,3976.9008751296246,3526.267729981942
2460833.525,785.7567632033068,4251.725421181667,3285.8967568069615
2460833.5256944443,453.66595269351427,4492.116198671954,3018.823468236064
2460833.5263888887,117.8789182781532,4696.116584800149,2727.2106741056314
2460833.527083333,-218.8830073143794,4862.064473892097,2413.4225494527773
2460833.527777778,-553.8889332415656,4988.606681730108,2080.005705375866
2460833.5284722224,-884.4209205268064,5074.710846618261,1729.668556655428
2460833.529166667,-1207.7965434712041,5119.674652248406,1365.2591438573247
2460833.529861111,-1521.391282563337,5123.132225144045,989.7415955606425
2460833.5305555556,-1822.6605197487781,5085.057591148555,606.1714447576716
2460833.53125,-2109.160899815062,5005.7651139277405,217.67004299092724
2460833.5319444444,-2378.570827552768,4885.90688228138,-172.60166749631716
2460833.532638889,-2628.709878600382,4726.467057306584,-561.4697491470025
2460833.533333333,-2857.556910435649,4528.753240415621,-945.7739406006019
2460833.5340277776,-3063.266691001076,4294.384963561337,-1322.3941280753909
2460833.534722222,-3244.1848742527004,4025.2794530919464,-1688.2763269851735
2460833.535416667,-3398.8611920267467,3723.6348494436397,-2040.4579152674078
2460833.5361111113,-3526.0607556205864,3391.9111006175644,-2376.091868836168
2460833.5368055557,-3624.7733940844896,3032.808772812804,-2692.4697757524086
2460833.5375,-3694.2209895355304,2649.246033494102,-2987.0434389852653
2460833.5381944445,-3733.862796702992,2244.3340778121333,-3257.4449013192993
2460833.538888889,-3743.398763290939,1821.3512610898954,-3501.5047658561407
2460833.5395833333,-3722.770888118591,1383.7162035965175,-3717.268708395178
2460833.5402777777,-3672.1626737516094,934.9601138242847,-3903.012113120978
2460833.540972222,-3591.996742272891,478.69856301063584,-4057.252785286402
2460833.5416666665,-3482.9306915450256,18.602926256455643,-4178.76171513804
2460833.542361111,-3345.851272799862,-441.6283176577121,-4266.571884778433
2460833.543055556,-3181.866969212811,-898.2982558853928,-4319.985119720745
2460833.54375,-2992.299054084549,-1347.7400188979848,-4338.576991476532
2460833.5444444446,-2778.671198837825,-1786.344928899401,-4322.199781101704
2460833.545138889,-2542.6976975580337,-2210.5901821783023,-4270.983509129909
2460833.5458333334,-2286.270371913885,-2617.065931082574,-4185.335035132807
2460833.546527778,-2011.4442104982918,-3002.501641957202,-4065.9352239359555
2460833.547222222,-1720.4218032144634,-3363.791584690654,-3913.73417184991
2460833.5479166666,-1415.5366296855118,-3698.0193088377227,-3729.9444837985893
2460833.548611111,-1099.2352701022637,-4002.48094422482,-3516.032594249354
2460833.5493055554,-774.0586138003762,-4274.707154551934,-3273.708128184865
2460833.55,-442.622160622431,-4512.48355335393,-3004.911312002773
2460833.550694444,-107.59552263726938,-4713.8693865202085,-2711.7984569452146
2460833.551388889,228.31874325373172,-4877.214275453791,-2396.725560282655
2460833.5520833335,562.4068218825358,-5001.172815231345,-2062.230093477393
2460833.552777778,891.9656748237877,-5084.716827000173,-1711.0110746626692
2460833.5534722223,1214.3252298178909,-5127.1450755156875,-1345.90755744819
2460833.5541666667,1526.8705205881927,-5128.090285357205,-969.8756925624812
2460833.554861111,1827.063551019853,-5087.523314411586,-585.9645589859675
2460833.5555555555,2112.4646575844463,-5005.754379493265,-197.29098096147385
2460833.55625,2380.753134176752,-4883.4312681763795,192.98641980451384
2460833.5569444443,2629.746892285396,-4721.534515158147,581.6936740393123
2460833.5576388887,2857.4209356516635,-4521.369568092992,965.6681363240498
2460833.558333333,3061.9244468324387,-4284.556013408552,1341.7850945853222
2460833.559027778,3241.5963001999644,-4013.0139812395496,1706.9840280917213
2460833.5597222224,3394.97884756795,-3708.9478852239135,2058.294242278903
2460833.560416667,3520.829845705625,-3374.827694975936,2392.8596131882146
2460833.561111111,3618.132430296122,-3013.3679644882864,2707.9622025881504
2460833.5618055556,3686.10306973528,-2627.504866672029,3001.0445245832684
2460833.5625,3724.1974647097554,-2220.371496049891,3269.7302771383743
2460833.5631944444,3732.11438719048,-1795.2717107453166,3511.843380357984
2460833.563888889,3709.7974779222754,-1355.652779221307,3725.4251973628443
2460833.564583333,3657.435042316823,-905.0771035424636,3908.7498356377855
2460833.5652777776,3575.4579015086742,-447.19325829827966,4060.3374653688707
2460833.565972222,3464.5353666726382,14.293410405436447,4178.965602629554
2460833.566666667,3325.5694119265245,475.6504127506993,4263.678331557973
2460833.5673611113,3159.6871246269784,933.1477672121642,4313.793450025143
2460833.5680555557,2968.2315114019643,1383.0874934564356,4328.907533483815
2460833.56875,2752.750737282177,1821.8327723635966,4308.898915758803
2460833.5694444445,2514.985872658784,2245.836609445881,4253.928587728069
2460833.570138889,2256.857219909036,2651.669843255596,4164.439014039312
2460833.5708333333,1980.4492930942235,3036.0483360484614,4041.1508672613786
2460833.5715277777,1687.9945233806566,3395.8591843857535,3885.057677969243
2460833.572222222,1381.8557721621648,3728.185773091674,3697.418402613667
2460833.5729166665,1064.507738261925,4030.331492844651,3479.7479146732685
2460833.573611111,738.517362230137,4299.841925773199,3233.805436212906
2460833.574305556,406.52334291637385,4534.525299061874,2961.5809396377153
2460833.575,71.21490196941508,4732.470998315908,2665.2795701283676
2460833.5756944446,-264.6900486798383,4892.065932716285,2347.304163311942
2460833.576388889,-598.4671647688983,5012.008551073448,2010.2359570088386
2460833.5770833334,-927.4081569651031,5091.320316843766,1656.8136307247269
2460833.577777778,-1248.8432988117702,5129.354473113622,1289.9108343432629
2460833.578472222,-1560.1637346801165,5125.801954751562,912.512396321807
2460833.5791666666,-1858.8433538904187,5080.694337841314,527.68943533819
2460833.579861111,-2142.4599984428573,4994.4037577077725,138.57362000726633
2460833.5805555554,-2408.715775114923,4867.639769386012,-251.66915982396145
2460833.58125,-2655.456248381221,4701.443171555611,-639.8654281483878
2460833.581944444,-2880.688310800662,4497.176860644602,-1022.860781799086
2460833.582638889,-3082.5965436952993,4256.513829131972,-1397.5462847213232
2460833.5833333335,-3259.5579112544383,3981.422461174949,-1760.884324010237
2460833.584027778,-3410.154655532166,3674.1493192671487,-2109.933661228416
2460833.5847222223,-3533.185294785546,3337.199642833954,-2441.873439606107
2460833.5854166667,-3627.6736571476736,2973.3158050170937,-2754.0259292518717
2460833.586111111,-3692.8759138303462,2585.45398793574,-3043.8778234992596
2460833.5868055555,-3728.2856049519996,2176.759343064158,-3309.0999307975626
2460833.5875,-3733.636676582719,1750.5399076860672,-3547.565135063304
2460833.5881944443,-3708.904570841196,1310.2395317396627,-3757.3645347421398
2460833.5888888887,-3654.305426053741,859.4100634707047,-3936.8216927592725
2460833.589583333,-3570.293457683613,401.6830269005095,-4084.50495494295
2460833.590277778,-3457.5565967658144,-59.259006196508125,-4199.237818785271
2460833.5909722224,-3317.0104667108517,-519.711152926281,-4280.107343009536
2460833.591666667,-3149.790776680309,-975.9749002855341,-4326.470603304177
2460833.592361111,-2957.2442077223177,-1424.3865726888682,-4337.959200789563
2460833.5930555556,-2740.91786157427,-1861.3454465843042,-4314.48183223802
2460833.59375,-2502.5473371338653,-2283.3413779783423,-4256.22492785151
2460833.5944444444,-2244.0434943530927,-2686.981812915393,-4163.651358127075
2460833.595138889,-1967.4779620160982,-3069.0180488053093,-4037.4972059252873
2460833.595833333,-1675.067448148905,-3426.3706041787837,-3878.7665967996745
2460833.5965277776,-1369.1569129841912,-3756.153548213166,-3688.7245785687437
2460833.597222222,-1052.2016708434694,-4055.697628021809,-3468.888041701376
2460833.597916667,-726.7485055981796,-4322.5720109074155,-3221.0146830954845
2460833.5986111113,-395.41588744400735,-4554.604458602073,-2947.0900198454424
2460833.5993055557,-60.873409492697895,-4749.899726924651,-2649.3124843851147
2460833.6,274.17942499619727,-4906.855987331764,-2330.07664944069
2460833.6006944445,607.0349141139463,-5024.179065246483,-1991.9546547349842
2460833.601388889,934.9991865604933,-5100.894292074678,-1637.675945447075
2460833.6020833333,1255.4143597487182,-5136.355788386976,-1270.1054533917436
2460833.6027777777,1565.6806148283065,-5130.253012987037,-892.2203890186862
2460833.603472222,1863.2779626232489,-5082.614443167766,-507.08584578202846
2460833.6041666665,2145.787474383151,-4993.808287581565,-117.82943791037303
2460833.604861111,2410.911741901115,-4864.540173078429,272.38477476934725
2460833.605555556,2656.494340102661,-4695.847792462492,660.3828071257816
2460833.60625,2880.538075275296,-4489.092546360123,1043.0074335625402
2460833.6069444446,3081.2218183977157,-4245.948259093358,1417.1447512037728
2460833.607638889,3256.91574472656,-3968.387093658276,1779.7503367872637
2460833.6083333334,3406.1948274436463,-3658.662831971141,2127.874722316034
2460833.609027778,3527.8504630563034,-3319.2917209115635,2458.6879316515196
2460833.609722222,3620.9001359965487,-2953.031116038366,2769.5028388731025
2460833.6104166666,3684.59506308532,-2562.8561724852566,3057.797139533367
2460833.611111111,3718.425786996159,-2151.9348508794765,3321.233750291272
2460833.6118055554,3722.125717535877,-1723.6015065199008,3557.6794880983084
2460833.6125,3695.672642807098,-1281.3293317445139,3765.221907534652
2460833.613194444,3639.288253078939,-828.701912578545,3942.1842051590256
2460833.613888889,3553.4357352601464,-369.3841455204903,4087.138126701263
2460833.6145833335,3438.8155073665325,92.90724924736655,4198.9148325166525
2460833.615277778,3296.3591683153004,554.4334066963987,4276.613697790218
2460833.6159722223,3127.2217399410333,1011.462992132882,4319.609034761365
2460833.6166666667,2932.7722812448205,1460.301682890064,4327.554731376064
2460833.617361111,2714.582947653648,1897.3212955493411,4300.386807637523
2460833.6180555555,2474.4165713855223,2318.988387433029,4238.323889227603
2460833.61875,2214.2128331212625,2721.8921769219255,4141.8655991586265
2460833.6194444443,1936.073095826513,3102.7716215751466,4011.788865712229
2460833.6201388887,1642.2439784557735,3458.5414821582153,3849.142147161588
2460833.620833333,1335.0997461493387,3786.3172033851806,3655.2375738112655
2460833.621527778,1017.1236081862946,4083.438422952746,3431.6410152909
2460833.6222222224,690.888030122445,4347.490910564259,3180.160094294832
2460833.622916667,359.03417294858315,4576.32673962524,2902.830176666673
2460833.623611111,24.250604173779113,4768.0824763387145,2601.898397274761
2460833.6243055556,-310.74856691836925,4921.195183114468,2279.8057971198828
2460833.625,-643.2459507202061,5034.416032956075,1939.167679911025
2460833.6256944444,-970.5433387772891,5106.821347225171,1582.7523263841604
2460833.626388889,-1289.98415440643,5137.820891303683,1213.458233920185
2460833.627083333,-1598.9756682328166,5127.163290394277,834.2900800609609
2460833.6277777776,-1895.0107472843497,5074.938462862066,448.33363596336585
2460833.628472222,-2175.6889033857756,4981.577009290313,58.72988104934468
2460833.629166667,-2438.7364126267244,4847.8465400215355,-331.35141341611063
2460833.6298611113,-2682.025287670148,4674.844969830834,-718.7383516661284
2460833.6305555557,-2903.5908984783387,4463.990856953432,-1100.283542193516
2460833.63125,-3101.6480642438414,4217.010905484115,-1472.8904087742542
2460833.6319444445,-3274.605458856582,3935.9247954851016,-1833.538903653794
2460833.632638889,-3421.078207434528,3623.027536774587,-2179.310368038245
2460833.6333333333,-3539.898578203241,3280.8695765723883,-2507.41129861463
2460833.6340277777,-3630.1247101619006,2912.234905430257,-2815.1958145717294
2460833.634722222,-3691.0473428294727,2520.117429583842,-3100.1866378458726
2460833.6354166665,-3722.194547541693,2107.6958739273205,-3360.0944414879273
2460833.636111111,-3723.3344821753763,1678.307482941839,-3592.835446560659
2460833.636805556,-3694.4762129200467,1235.420777313381,-3796.5471797046102
2460833.6375,-3635.868663083134,782.6076109245988,-3969.602330771175
2460833.6381944446,-3547.9977595643477,323.5147503967153,-4110.620675403206
2460833.638888889,-3431.581854593573,-138.16481195997218,-4218.4790424878865
2460833.6395833334,-3287.5655018864786,-598.720629516731,-4292.319324107168
2460833.640277778,-3117.1116649507535,-1054.4534889257602,-4331.554531849801
2460833.640972222,-2921.5924316015503,-1501.7038620417277,-4335.872907752779
2460833.6416666666,-2702.5783028940727,-1936.879983540182,-4305.240098188998
2460833.642361111,-2461.826120229722,-2356.485420047171,-4239.899395852892
2460833.6430555554,-2201.265687745194,-2757.1460028728684,-4140.37005008297
2460833.64375,-1922.9851479226547,-3135.6359866539588,-4007.443641233311
2460833.644444444,-1629.2151665997933,-3488.9032937458296,-3842.178511153828
2460833.645138889,-1322.3119874307117,-3814.093692038564,-3645.8922399144976
2460833.6458333335,-1004.7394292552074,-4108.573734864772,-3420.1521649850106
2460833.646527778,-679.0499021913055,-4369.952289194701,-3166.7639408894697
2460833.6472222223,-347.86454497996016,-4596.100452993259,-2887.7581564373486
2460833.6479166667,-13.852596139286424,-4785.169662713167,-2585.375039331165
2460833.648611111,320.28986433989985,-4935.607782488992,-2262.047302627112
2460833.6493055555,651.8616444595317,-5046.172968237634,-1920.3812149443675
2460833.65,978.1784643012037,-5115.945109254182,-1563.1360037404224
2460833.6506944443,1296.5950765477032,-5144.334663976337,-1193.2017348797858
2460833.6513888887,1604.5272713832255,-5131.088730766698,-813.5758414605194
2460833.652083333,1899.4735395271516,-5076.294224782181,-427.33850808686753
2460833.652777778,2179.0361658728134,-4980.378068663368,-37.627137770926325
2460833.6534722224,2440.9415181516974,-4844.104346656091,352.3898394499423
2460833.654166667,2683.059306122238,-4668.568417827355,739.5395459842964
2460833.654861111,2903.420598340278,-4455.18802912336,1120.671344000678
2460833.6555555556,3100.2343965316327,-4205.691518826107,1492.6833392655244
2460833.65625,3271.902596701362,-3922.103241222086,1852.5484236800407
2460833.6569444444,3417.0331876477035,-3606.7263869005983,2197.3395810680327
2460833.657638889,3534.4515700095344,-3262.123406109776,2524.2542020314554
2460833.658333333,3623.209909906105,-2891.0942691983023,2830.637176524465
2460833.6590277776,3682.5944714638226,-2496.652820466648,3114.0025572151153
2460833.659722222,3712.1309035881122,-2082.001491068122,3372.0536192242143
2460833.660416667,3711.587482882921,-1650.5046425951493,3602.7011708413356
2460833.6611111113,3680.9763385348097,-1205.6608076794694,3804.0800018991827
2460833.6618055557,3620.552704186146,-751.0740892060616,3974.5633827075
2460833.6625,3530.8122566826355,-290.42496098956144,4112.775554992392
2460833.6631944445,3412.486610882545,172.559301338308,4217.602175642299
2460833.663888889,3266.5370461889815,634.1343453709206,4288.198690317194
2460833.6645833333,3094.1465421835396,1090.568429397304,4323.996627289573
2460833.6652777777,2896.7101987041647,1538.1718951936061,4324.707808333615
2460833.665972222,2675.8241169864855,1973.3262509502774,4290.326476029498
2460833.6666666665,2433.2728114118836,2392.512708906222,4221.129338683008
2460833.667361111,2171.0152261941344,2792.340009766116,4117.673532912529
2460833.668055556,1891.1694238141476,3169.571379948431,3980.7925020739212
2460833.66875,1595.9960238410076,3521.1504452727445,3811.5897908206507
2460833.6694444446,1287.8804716886984,3844.2259269998362,3611.4307583948807
2460833.670138889,969.3142277297354,4136.174932838819,3381.932219428004
2460833.6708333334,642.8749862620415,4394.624640702222,3124.9500364890264
2460833.671527778,311.20604044449976,4617.472175528095,2842.564698452085
2460833.672222222,-23.00506060116989,4802.902464279959,2537.06494754739
2460833.6729166666,-357.0484032297558,4949.4038635043025,2210.9295393089346
2460833.673611111,-688.2139723013895,5055.781361027946,1866.8072452907586
2460833.6743055554,-1013.8140826324691,5121.167164306093,1507.4952463147417
2460833.675,-1331.2057666383455,5145.02851512334,1135.916089620038
2460833.675694444,-1637.8128927196797,5127.1725987573745,755.0934144342697
2460833.676388889,-1931.1477835517987,5067.748451734527,368.1266760340511
2460833.6770833335,-2208.8320986560016,4967.24581411007,-21.834873800071847
2460833.677777778,-2468.616756388061,4826.49091753393,-411.61868114241366
2460833.6784722223,-2708.400678184335,4646.639246984364,-798.055574989181
2460833.6791666667,-2926.24815692442,4429.165360626574,-1178.0063572121383
2460833.679861111,-3120.404673347305,4175.849896470828,-1548.3880146954102
2460833.6805555555,-3289.3110098758775,3888.7639370366346,-1906.1992788752998
2460833.68125,-3431.6155449314724,3570.2509331672054,-2248.545282506091
2460833.6819444443,-3546.1846368428983,3222.906422246508,-2572.661076494024
2460833.6826388887,-3632.1110426446335,2849.555790174219,-2875.9338056585716
2460833.683333333,-3688.7203441747433,2453.230345047257,-3155.9233650410038
2460833.684027778,-3715.575384682089,2037.1419661400826,-3410.3813979650563
2460833.6847222224,-3712.478740830084,1604.6565986441403,-3637.2685198106033
2460833.685416667,-3679.4732772171396,1159.2668450698645,-3834.769689136026
2460833.686111111,-3616.840844263266,704.5638956830704,-4001.307669405511
2460833.6868055556,-3525.099191359355,244.20902087987477,-4135.554548867434
2460833.6875,-3404.9971722850214,-218.0951740796659,-4236.441304790515
2460833.6881944444,-3257.5083211211927,-678.6335493822819,-4303.165409673157
2460833.688888889,-3083.822876150343,-1133.707119060941,-4335.19648475733
2460833.689583333,-2885.338322206053,-1579.661484495891,-4332.2800105382585
2460833.6902777776,-2663.6485195700257,-2012.914869787235,-4294.439100904416
2460833.690972222,-2420.531479878413,-2429.985629779919,-4221.974345561058
2460833.691666667,-2157.9358483802903,-2827.5190956494034,-4115.4617206446255
2460833.6923611113,-1877.9661430384076,-3202.313630596882,-3975.748560522252
2460833.6930555557,-1582.8668149476814,-3551.3457386843797,-3803.947584822632
2460833.69375,-1275.005185173371,-3871.79408179701,-3601.428969718483
2460833.6944444445,-956.8533324223737,-4161.062228848438,-3369.810459581667
2460833.695138889,-630.969014513808,-4416.7999549074575,-3110.945522370256
2460833.6958333333,-299.97572391255585,-4636.922894240077,-2826.9095662159484
2460833.6965277777,33.458005211414104,-4819.630343646098,-2519.9842519929257
2460833.697222222,366.63989532995413,-4963.421005495798,-2192.639964446787
2460833.6979166665,696.8756751158872,-5067.106468136202,-1847.5165227983168
2460833.698611111,1021.4910909199436,-5129.822222679331,-1487.4022552459242
2460833.699305556,1337.85398579088,-5151.0360400628,-1115.211581322098
2460833.7,1643.3962299167558,-5130.553552537049,-733.9612831192143
2460833.7006944446,1935.635276157346,-5068.520916412459,-346.7456759557161
2460833.701388889,2212.1951078843285,-4965.424471789187,43.28908273523056
2460833.7020833334,2470.8263519215548,-4822.087356567101,432.9712924519175
2460833.702777778,2709.4253290109227,-4639.663078599769,819.1303378288748
2460833.703472222,2926.051831175053,-4419.626097347293,1198.6233626188816
2460833.7041666666,3118.9454341800433,-4163.7595112887175,1568.3617050460218
2460833.704861111,3286.5401747504357,-3874.139991828359,1925.336812296041
2460833.7055555554,3427.4774491896683,-3553.120146256476,2266.645362202246
2460833.70625,3540.617023983203,-3203.3085194773157,2589.513346521132
2460833.706944444,3625.0460754800843,-2827.547476156589,2891.3188851372997
2460833.707638889,3680.0862092430325,-2428.889221216858,3169.6135722901417
2460833.7083333335,3705.298438897589,-2010.5702260936262,3422.1421863039614
2460833.709027778,3700.486130423518,-1575.9843317302982,3646.8606242331443
2460833.7097222223,3665.6959407421136,-1128.6547945770806,3841.951953420753
2460833.7104166667,3601.2167980982067,-672.2055342518847,4005.8404990945432
2460833.711111111,3507.576985337493,-210.3318225834858,4137.2039141794285
2460833.7118055555,3385.539395844291,253.2293597258274,4234.983195687601
2460833.7125,3236.0950373392466,714.7290893501175,4298.3906279603
2460833.7131944443,3060.4548600365592,1170.4361982709843,4326.915644562093
2460833.7138888887,2860.0399844742237,1616.6667259931014,4320.328606627161
2460833.714583333,2636.4704021714506,2049.812958366532,4278.682497924396
2460833.715277778,2391.5522204558606,2466.3718904607026,4202.312537226002
2460833.7159722224,2127.2635209477594,2862.972953713941,4091.8337075239156
2460833.716666667,1845.7389040116036,3236.4048413342794,3948.136201506671
2460833.717361111,1549.2527914542811,3583.641265135313,3772.378782096522
2460833.7180555556,1240.2015734793183,3901.865458159278,3565.9800635216966
2460833.71875,921.0846890985435,4188.4932378239555,3330.6077226500583
2460833.7194444444,594.4847522154829,4441.194423972382,3068.1656677854753
2460833.720138889,263.04684479909747,4657.912408439782,2780.779204954332
2460833.720833333,-70.54287724486201,4836.881663927936,2470.778266907383
2460833.7215277776,-403.5791025061815,4976.642985243241,2140.678794457609
2460833.722222222,-733.3596215049247,5076.056263815163,1793.1623914112588
2460833.722916667,-1057.2077252586123,5134.310615550064,1431.0543999747672
2460833.7236111113,-1372.494523945628,5150.931703012352,1057.3005827824898
2460833.7243055557,-1676.660964139265,5125.786127742967,674.9426166124028
2460833.725,-1967.2393090419635,5059.082803024296,287.09263789246745
2460833.7256944445,-2241.8738494954237,4951.371261959714,-103.09290068494735
2460833.726388889,-2498.3406228579115,4803.5369000764795,-492.4397912996553
2460833.7270833333,-2734.565923898302,4616.793199603796,-877.7827621903112
2460833.7277777777,-2948.643414492586,4392.671028437877,-1255.9920145334925
2460833.728472222,-3138.849660529797,4133.005150411933,-1623.9993237985013
2460833.7291666665,-3303.6579504640695,3839.9181252632143,-1978.8234337122626
2460833.729861111,-3441.7502842194226,3515.8018047312435,-2317.594497449094
2460833.730555556,-3552.0274463605183,3163.296665999382,-2637.577332602401
2460833.73125,-3633.617114805688,2785.2692344743805,-2936.1932958579887
2460833.7319444446,-3685.87998281446,2384.787862455755,-3211.0406075800424
2460833.732638889,-3708.4139001244503,1965.0971330399066,-3459.9129891936614
2460833.7333333334,-3701.0560630837217,1529.5911516648464,-3680.8165092065988
2460833.734027778,-3663.883302297776,1081.7859798623494,-3871.9845608430887
2460833.734722222,-3597.210530447113,625.2914444641086,-4031.8909231602083
2460833.7354166666,-3501.5874229416063,163.78254806011032,-4159.260874098801
2460833.736111111,-3377.7934076012416,-299.0293296192406,-4253.080347752933
2460833.7368055554,-3226.8310415456767,-759.4252538553078,-4312.603133131943
2460833.7375,-3049.9178493796467,-1213.7074247386192,-4337.356122593075
2460833.738194444,-2848.4766944530516,-1658.2275832616408,-4327.142617787501
2460833.738888889,-2624.124746274647,-2089.415002540639,-4282.043700943827
2460833.7395833335,-2378.6611063572204,-2503.8039262053917,-4202.417674547737
2460833.740277778,-2114.053144928724,-2898.060329247553,-4088.897567243889
2460833.7409722223,-1832.4216086099018,-3269.007854284261,-3942.3867010752792
2460833.7416666667,-1536.024549826717,-3613.652786608263,-3764.052309188997
2460833.742361111,-1227.2401475429394,-3929.2078984991344,-3555.317198641734
2460833.7430555555,-908.5484845703444,-4213.114999105791,-3317.8494509383972
2460833.74375,-582.5123748650205,-4463.065994350834,-3053.55017065616
2460833.7444444443,-251.75733694263292,-4677.022265567976,-2764.539298534204
2460833.7451388887,81.04915973470148,-4853.232155681603,-2453.1395327148684
2460833.745833333,413.2190346000391,-4990.2463560143115,-2121.858421537157
2460833.746527778,742.0653577199478,-5086.9309878388085,-1773.3687207652163
2460833.7472222224,1064.924347209992,-5142.478183653762,-1410.4871407180042
2460833.747916667,1379.177402991409,-5156.413993410566,-1036.151635406485
2460833.748611111,1682.2729561374383,-5128.603464917672,-653.3974243391972
2460833.7493055556,1971.747909723045,-5059.252782751196,-265.3319599606003
2460833.75,2245.248437925835,-4948.908388096354,124.89091544337074
2460833.7506944444,2500.5499156721576,-4798.453045097034,514.0973638462469
2460833.751388889,2735.5757527482347,-4609.098867762713,899.1202137777057
2460833.752083333,2948.414929763292,-4382.377364172714,1276.825614128438
2460833.7527777776,3137.338039897997,-4120.126608453634,1644.1393824475806
2460833.753472222,3300.8116791104785,-3824.4756833221504,1998.0727805515749
2460833.754166667,3437.5110416911903,-3497.826585981268,2335.7474410130926
2460833.7548611113,3546.3306183334457,-3142.83381268992,2654.4192048257087
2460833.7555555557,3626.39292000748,-2762.3818663446946,2951.5006467721028
2460833.75625,3677.055182666648,-2359.5609484527504,3224.5820944578195
2460833.7569444445,3697.9140372544375,-1937.6411047103377,3471.4509786348826
2460833.757638889,3688.8081550963548,-1500.0450933845343,3690.109383744235
2460833.7583333333,3649.818900444683,-1050.3202441582287,3878.78969513279
2460833.7590277777,3581.2690398633395,-592.1095590746401,4035.968270049319
2460833.759722222,3483.7195702392332,-129.12229518537623,4160.377081087463
2460833.7604166665,3357.964736626053,334.89574507534127,4251.013299815768
2460833.761111111,3205.02531383857,796.1920159704058,4307.146805786603
2460833.761805556,3026.1402267531525,1251.0369329980567,4328.3256127730665
2460833.7625,2822.7565862316815,1695.7532974695403,4314.3792105121765
2460833.7631944446,2596.5182090244975,2126.7452855906668,4265.419823826845
2460833.763888889,2349.2526942584323,2540.5268321633384,4181.841588420896
2460833.7645833334,2082.9571249696405,2933.7492504307265,4064.3176433212375
2460833.765277778,1799.7824652205802,3303.227922818705,3913.7951386806403
2460833.765972222,1502.016728551019,3645.9678888563753,3731.4881594261265
2460833.7666666666,1192.0670013886242,3959.1881474345905,3518.8685700544497
2460833.767361111,872.440416284011,4240.344480506812,3277.654794479711
2460833.7680555554,545.7241854406082,4487.150595169503,3009.7985588587608
2460833.76875,214.56482369628017,4697.597374296877,2717.4696449673847
2460833.769444444,-118.35329558186721,4869.9700275214045,2403.038720486027
2460833.770138889,-450.3298799624146,5002.8629319775155,2069.0583461429846
2460833.7708333335,-778.6709688646745,5095.191968953845,1718.2422836343314
2460833.771527778,-1100.7112922422973,5146.204178121454,1353.443260612235
2460833.7722222223,-1413.8365175380993,5155.484576494557,977.6293816494275
2460833.7729166667,-1715.5051575951188,5122.96002303202,593.8594011154565
2460833.773611111,-2003.26990754651,5048.90004794585,205.2570992998954
2460833.7743055555,-2274.798179119666,4933.91460901397,-185.01497509777283
2460833.775,-2527.891609449061,4778.948783205891,-573.7821197151882
2460833.7756944443,-2760.5043330447347,4585.274449965745,-957.8841632696876
2460833.7763888887,-2970.7598282241784,4354.479066996555,-1334.201937379923
2460833.777083333,-3156.9661696058633,4088.4516841463937,-1699.6832537700589
2460833.777777778,-3317.629547695576,3789.3663799973315,-2051.3681203422257
2460833.7784722224,-3451.465948985901,3459.6633339926784,-2386.412953938153
2460833.779166667,-3557.4109167220086,3102.0277787216082,-2702.113563218639
2460833.779861111,-3634.627348250231,2719.367087893343,-2995.92671261896
2460833.7805555556,-3682.511311793191,2314.786267177153,-3265.490104878184
2460833.78125,-3700.6958924628966,1891.5621175577944,-3508.6406512007893
2460833.7819444444,-3689.053100754225,1453.1163318013082,-3723.430931537035
2460833.782638889,-3647.6938940820646,1002.9877734315007,-3908.143774768266
2460833.783333333,-3576.966375495983,544.8041745821316,-4061.3049123741125
2460833.7840277776,-3477.452242507007,82.25346640877997,-4181.693682223206
2460833.784722222,-3349.9615619227484,-380.9450656457791,-4268.351774365977
2460833.785416667,-3195.5259475362172,-841.0696234642865,-4320.590019551544
2460833.7861111113,-3015.390214123637,-1294.424578317104,-4337.993228669511
2460833.7868055557,-2811.0025757927297,-1737.3688502415066,-4320.423091697273
2460833.7875,-2584.003452457811,-2166.3438471645927,-4268.019142326819
2460833.7881944445,-2336.212943160388,-2577.9008318576844,-4181.197791011833
2460833.788888889,-2069.6170193155754,-2968.7275869192617,-4060.649423149672
2460833.7895833333,-1786.352495203466,-3335.674232969779,-3907.333556208505
2460833.7902777777,-1488.6908308007576,-3675.7780545250694,-3722.472046410598
2460833.790972222,-1179.0208303661682,-3986.2871705325088,-3507.540336620779
2460833.7916666665,-859.8303139848747,-4264.682869817735,-3264.256745347612
2460833.792361111,-533.6868460326198,-4508.700426402924,-2994.56980259982
2460833.793055556,-203.2176315596564,-4716.348188556867,-2700.6436606993716
2460833.79375,128.91129911265915,-4885.924738190809,-2384.8416214327863
2460833.7944444446,460.0164672757404,-5016.033907641536,-2049.707852898755
2460833.795138889,787.4187177956906,-5105.5974506035245,-1697.9473944650413
2460833.7958333334,1108.4651981576685,-5153.86517503978,-1332.404580474697
2460833.796527778,1420.551340590071,-5160.422366325078,-956.0400435102179
2460833.797222222,1721.142626338871,-5125.194355888464,-571.9064925623079
2460833.7979166666,2007.795905681193,-5048.448126100098,-183.12348634090387
2460833.798611111,2278.1800421542325,-4930.790881461566,207.14855163092787
2460833.7993055554,2530.0956515007083,-4773.165561009623,595.7348089152795
2460833.8,2761.4937159183664,-4576.843313562323,979.4727719650982
2460833.800694444,2970.492869268049,-4343.413003711436,1355.2388410826475
2460833.801388889,3155.3951667772744,-4074.767864180445,1719.9745846271999
2460833.8020833335,3314.700181666877,-3773.0894486670286,2070.7123594878067
2460833.802777778,3447.1172937024544,-3440.8290837931754,2404.600028869113
2460833.8034722223,3551.576072933306,-3080.687037933524,2718.9245447282615
2460833.8041666667,3627.234684968091,-2695.589659748059,3011.1341718235585
2460833.804861111,3673.486279680944,-2288.6647475274794,3278.859169174802
2460833.8055555555,3689.9633518941614,-1863.21541940301,3519.9307725492495
2460833.80625,3676.540087667735,-1422.6927542503886,3732.3983524860364
2460833.8069444443,3633.33273100948,-970.6674678253104,3914.5446512845133
2460833.8076388887,3560.6980226373043,-510.80087527626745,4064.8990303146347
2460833.808333333,3459.229773737561,-46.81537470232425,4182.248681871345
2460833.809027778,3329.753645708543,417.53532625467324,4265.647776663685
2460833.8097222224,3173.320209567912,878.4960420242263,4314.424533736796
2460833.810416667,2991.1963603222807,1332.3398095095542,4328.186206654901
2460833.811111111,2784.855158678401,1775.3972863222566,4306.8219858320235
2460833.8118055556,2555.9641707247106,2204.0856808647322,4250.503817213724
2460833.8125,2306.3723757631956,2614.9370503662462,4159.685137818452
2460833.8131944444,2038.095710117147,3004.625807023753,4035.09752761251
2460833.813888889,1753.3013159211266,3369.995266932243,3877.7452755780714
2460833.814583333,1454.2905752334404,3708.0830600300283,3688.8978630015895
2460833.8152777776,1143.481009939692,4016.145222413448,3470.0803688572955
2460833.815972222,823.3871472059298,4291.678771119896,3223.061814883909
2460833.816666667,496.6004639610402,4532.4425567026965,2949.8414825792984
2460833.8173611113,165.7685375966916,4736.476186109173,2652.633250099496
2460833.8180555557,-166.42644156111183,4902.116800141982,2333.8480278380257
2460833.81875,-497.2896298118404,5028.013502906235,1996.0743917208954
2460833.8194444445,-824.1357698005833,5113.139247532061,1642.0575484321737
2460833.820138889,-1144.3115045592738,5156.800004671032,1274.6767954934235
2460833.8208333333,-1455.2175463591273,5158.6410668444505,896.9216695296046
2460833.8215277777,-1754.3304705099276,5118.65037555249,511.8670060332877
2460833.822222222,-2039.2239028304648,5037.158798225587,122.64715617545787
2460833.8229166665,-2307.5888703844953,4914.837325767266,-267.5703725443542
2460833.823611111,-2557.2530942950602,4752.6912082111585,-655.6115723365434
2460833.824305556,-2786.1990179658346,4552.051093160037,-1038.322601816065
2460833.825,-2992.580383985527,4314.561277633927,-1412.59617790612
2460833.8256944446,-3174.737198638279,4042.1652252959652,-1775.3974172532987
2460833.826388889,-3331.2089484185444,3737.0885420048644,-2123.788861060351
2460833.8270833334,-3460.7459687622836,3401.819626889998,-2454.954448053353
2460833.827777778,-3562.318890065044,3039.088248702385,-2766.2222134449835
2460833.828472222,-3635.1261228494077,2651.84230312805,-3055.085533302751
2460833.8291666666,-3678.599368293867,2243.2230243619897,-3319.222754194542
2460833.829861111,-3692.4071698763473,1816.5389109511668,-3556.515090936478
2460833.8305555554,-3676.4565402614135,1375.23863430466,-3765.062693580509
2460833.83125,-3630.892717590102,922.8831712111123,-3943.19882356428
2460833.831944444,-3556.0971162512997,463.1173947669058,-4089.5020963435413
2460833.832638889,-3452.6835443626737,-0.358671196280948,-4202.806772183207
2460833.8333333335,-3321.4927648421285,-463.8187353321728,-4282.2110861408055
2460833.834027778,-3163.5854740909676,-923.5390965520995,-4327.083623580856
2460833.8347222223,-2980.2337716064303,-1375.8273142051553,-4337.067747364081
2460833.8354166667,-2772.9111855946758,-1817.0505546718814,-4312.0840862997375
2460833.836111111,-2543.2813177725743,-2243.6634742633214,-4252.3310898791915
2460833.8368055555,-2293.18516285389,-2652.235510253852,-4158.283650848438
2460833.8375,-2024.6271576763536,-3039.477443379768,-4030.68979186986
2460833.8381944443,-1739.7600140230434,-3402.2670907288907,-3870.565408933778
2460833.8388888887,-1440.8683910262266,-3737.6739785215677,-3679.187061467734
2460833.839583333,-1130.3514757476476,-4042.982824221535,-3458.082804296053
2460833.840277778,-810.704543485084,-4315.715653972269,-3209.0210586747194
2460833.8409722224,-484.49959262604665,-4553.652357639918,-2933.9975361590086
2460833.841666667,-154.36516099906225,-4754.849480464659,-2635.2202426398258
2460833.842361111,177.03454705370578,-4917.657041264684,-2315.0926128865567
2460833.8430555556,507.0210725867318,-5040.733167103679,-1976.1948520594929
2460833.84375,832.9234797981084,-5123.0563405985085,-1621.2635920941427
2460833.8444444444,1152.1003143275377,-5163.935072470656,-1253.169994288837
2460833.845138889,1461.9615265322095,-5163.014828980794,-874.8964751473842
2460833.845833333,1759.9901459817577,-5120.282078106278,-489.5122477767844
2460833.8465277776,2043.763474838529,-5036.065350453503,-100.14791009471844
2460833.847222222,2310.9735700612027,-4911.033253644181,290.030669979629
2460833.847916667,2559.4467859346655,-4746.189424310707,677.8489009443473
2460833.8486111113,2787.1621626571596,-4542.864446626209,1060.1501688239878
2460833.8493055557,2992.268454717976,-4302.7048175471255,1433.822399439174
2460833.85,3173.0996236069573,-4027.6590783403954,1795.8242054810812
2460833.8506944445,3328.1886355721786,-3719.961280417981,2143.2103366021443
2460833.851388889,3456.279441871835,-3382.111981706928,2473.156180688593
2460833.8520833333,3556.3370429092924,-3016.8570077515324,2782.9810738412148
2460833.8527777777,3627.555574114468,-2627.1642244980953,3070.170214289242
2460833.853472222,3669.3643774415495,-2216.1985901320327,3332.3949965594197
2460833.8541666665,3681.432051920729,-1787.2957568681918,3567.53161657498
2460833.854861111,3663.6685008518293,-1343.9344908155122,3773.6778294858173
2460833.855555556,3616.225013121554,-889.7081728848025,3949.16776937226
2460833.85625,3539.492431800957,-428.29562746448283,4092.5847679409
2460833.8569444446,3434.0974741139717,36.568486185198935,4202.7721292485885
2460833.857638889,3300.8972738310194,501.1235040361104,4278.841836305659
2460833.8583333334,3140.9722191680253,961.6126123206204,4320.181178081476
2460833.859027778,2955.617160104118,1414.3125416835876,4326.457292161644
2460833.859722222,2746.331056908091,1855.562929216307,4297.619623178839
2460833.8604166666,2514.8051389601546,2281.7951847812915,4233.900297613658
2460833.861111111,2262.909643518211,2689.5606967986328,4135.8124153638
2460833.8618055554,1992.6791991131581,3075.5582205405276,4004.1462562034676
2460833.8625,1706.2969288824277,3436.660271733872,3839.9634016305317
2460833.863194444,1406.0773473870954,3769.9383539023697,3644.5887732717215
2460833.863888889,1094.4481379105794,4072.686829414493,3419.6005960683215
2460833.8645833335,773.9309116593163,4342.445233857015,3166.818307030567
2460833.865277778,447.1210606503119,4577.018830611638,2888.288442036097
2460833.8659722223,116.66684445425031,4774.497188513249,2586.268561098072
2460833.8666666667,-214.75214450465992,4933.270578082978,2263.2092850832832
2460833.867361111,-544.4469531160233,5052.043973908185,1921.734561153536
2460833.8680555555,-869.7414930024271,5129.848477649125,1564.6202886245294
2460833.86875,-1187.9948043325144,5166.049988606359,1194.7714808535711
2460833.8694444443,-1496.6231416726805,5160.354982429684,815.1981577920329
2460833.8701388887,-1793.1216468252082,5112.81329073442,428.99020295653247
2460833.870833333,-2075.0853815331675,5023.817817243381,39.29143055195793
2460833.871527778,-2340.22948719276,4894.101170181332,-350.7268622456119
2460833.8722222224,-2586.4082573455776,4724.72923651973,-737.8925823423975
2460833.872916667,-2811.6329145499694,4517.091773639085,-1119.0594733185317
2460833.873611111,-3014.0879146826173,4272.890134882443,-1491.1334172017175
2460833.8743055556,-3192.145617217924,3994.122292612172,-1851.098123739625
2460833.875,-3344.379196642871,3683.0653535311985,-2196.0399539921586
2460833.8756944444,-3469.573696243842,3342.255793618485,-2523.171639909443
2460833.876388889,-3566.7351580219524,2974.467662458073,-2829.854689518557
2460833.877083333,-3635.0977940532925,2582.6890177041014,-3113.6203000470214
2460833.8777777776,-3674.1291913831865,2170.096858921376,-3372.188629604566
2460833.878472222,-3683.5335683240824,1740.030827924708,-3603.48631071084
2460833.879166667,-3663.25312111901,1295.9659334750636,-3805.6621197428817
2460833.8798611113,-3613.4675157728707,841.4845429420254,-3977.10074393151
2460833.8805555557,-3534.591591467382,380.2478712302881,-4116.4346085201205
2460833.88125,-3427.2713479509475,-84.03283185610778,-4222.553749378473
2460833.8819444445,-3292.3782934447167,-547.6252003484846,-4294.613724787563
2460833.882638889,-3131.0022247189386,-1006.8046208198512,-4332.041574533839
2460833.8833333333,-2944.4425116709413,-1457.8828876467912,-4334.539831688684
2460833.8840277777,-2734.1979510137544,-1897.2365089029386,-4302.088597019496
2460833.884722222,-2501.9552474611564,-2321.3345313074847,-4234.945680421587
2460833.8854166665,-2249.5761796443066,-2726.765747335074,-4133.644809383582
2460833.886111111,-1979.083503370494,-3110.2651507727305,-3998.9919002152515
2460833.886805556,-1692.645644627263,-3468.739498520649,-3832.059382986687
2460833.8875,-1392.5602437266011,-3799.291818338449,-3634.178572816258
2460833.8881944446,-1081.2366137434924,-4099.244698265947,-3406.930080373861
2460833.888888889,-761.177191443113,-4366.162173322879,-3152.1322628475473
2460833.8895833334,-434.958078492805,-4597.870009956388,-2871.827733251215
2460833.890277778,-105.20877914439211,-4792.474188213839,-2568.26795646013
2460833.890972222,225.40872768737668,-4948.377366052917,-2243.8959916851345
2460833.8916666666,554.221432938552,-5064.293119374176,-1901.3274597657146
2460833.892361111,878.5670780702485,-5139.257752922053,-1543.3298531335165
2460833.8930555554,1195.8160850420347,-5172.639498953101,-1172.8003254019027
2460833.89375,1503.3934190192238,-5164.144938021055,-792.7421426446823
2460833.894444444,1798.80016473376,-5113.822511185989,-406.23999917679976
2460833.895138889,2079.634588659624,-5022.063027295443,-16.43442852559027
2460833.8958333335,2343.6124501000227,-4889.597113478879,373.5044262497022
2460833.896527778,2588.5863452578396,-4717.489598964883,760.4034232345267
2460833.8972222223,2812.5638599356316,-4507.1308743120935,1141.113117073921
2460833.8979166667,3013.724338206634,-4260.225312064668,1512.53425919119
2460833.898611111,3190.434090961723,-3978.7768790542386,1871.6438204915453
2460833.8993055555,3341.2598931464827,-3665.0721130953734,2215.520262731468
2460833.9,3464.9806492847483,-3321.6606710779383,2541.3678046220093
2460833.9006944443,3560.5971376074003,-2951.333682906531,2846.539451977573
2460833.9013888887,3627.3397737116684,-2557.1001654832503,3128.5585883862227
2460833.902083333,3664.67436390729,-2142.161763078786,3385.1389523393505
2460833.902777778,3672.305845306394,-1709.886086723722,3614.2028565622804
2460833.9034722224,3650.1800339958004,-1263.7789208899637,3813.8975374707925
2460833.904166667,3598.4834212393334,-807.4555530225373,3982.6095523289764
2460833.904861111,3517.641072747746,-344.6114792881143,4118.977161759869
2460833.9055555556,3408.3126952082575,121.0072936231735,4221.900664017662
2460833.90625,3271.3869422194957,585.634126708735,4290.5506555120355
2460833.9069444444,3107.9740304509946,1045.5116234533896,4324.374211344869
2460833.907638889,2919.3967402724084,1496.921310385302,4323.09898017236
2460833.908333333,2707.179871419859,1936.2129561491797,4286.735195152752
2460833.9090277776,2473.0382196183887,2359.8333700712756,4215.57560104373
2460833.909722222,2218.863145247382,2764.3545091197357,4110.193297444122
2460833.910416667,1946.707798413525,3146.500736572758,3971.4374970188396
2460833.9111111113,1658.7710726628836,3503.1750580568987,3800.4271980289827
2460833.9118055557,1357.3803666420242,3831.48415313807,3598.5427753167523
2460833.9125,1044.9732380959108,4128.762016228727,3367.4154980064477
2460833.9131944445,724.0780565266327,4392.592000134382,3108.9149989474536
2460833.913888889,397.29376960620044,4620.827057552023,2825.1347331110674
2460833.9145833333,67.26892174634892,4811.607966005148,2518.375486192812
2460833.9152777777,-263.3199181727018,4963.379324895711,2191.127019549506
2460833.915972222,-591.7901422037381,5074.9031209266495,1846.0479671824608
2460833.9166666665,-915.4753074292554,5145.269674358936,1485.944129446769
2460833.917361111,-1231.7473461891839,5173.905800307871,1113.745341427859
2460833.918055556,-1538.0385616346305,5160.580050276315,732.4811196733051
2460833.91875,-1831.8631742522884,5105.404934760247,345.2553253240557
2460833.9194444446,-2110.83819241213,5008.836070644285,-44.779905884683615
2460833.920138889,-2372.7033767142616,4871.668241648066,-434.450690076693
2460833.9208333334,-2615.3400836570736,4695.028407561549,-820.5880968858191
2460833.921527778,-2836.7887881544643,4480.36574529968,-1200.0547383707872
2460833.922222222,-3035.2651072383123,4229.438849923067,-1569.7709622865234
2460833.9229166666,-3209.1741749911903,3944.300261920835,-1926.7403812234836
2460833.923611111,-3357.1232432098977,3627.2785272629762,-2268.074478411495
2460833.9243055554,-3477.9324182738874,3280.958020507957,-2591.016062659079
2460833.925,-3570.6434740168665,2908.156780205563,-2892.9613708734846
2460833.925694444,-3634.5267075900692,2511.902627739426,-3171.4806386448804
2460833.926388889,-3669.0858383286795,2095.407832386651,-3424.337003946874
2460833.9270833335,-3674.0609698508933,1662.0425886715004,-3649.5036322417923
2460833.927777778,-3649.42965665094,1215.307565432862,-3845.1789806972756
2460833.9284722223,-3595.4061325058115,758.8057640277102,-4009.8001504246004
2460833.9291666667,-3512.4387674195946,296.213909516612,-4142.054294538645
2460833.929861111,-3401.205826538991,-168.74641974806173,-4240.888067851897
2460833.9305555555,-3262.609603786934,-632.337749172641,-4305.515118976819
2460833.93125,-3097.7690055443813,-1090.8355738254363,-4335.421627613063
2460833.9319444443,-2908.0106496353883,-1540.5569976945324,-4330.369898918516
2460833.9326388887,-2694.8585454853032,-1977.8889965753513,-4290.400020363328
2460833.933333333,-2460.0224127789406,-2399.3161755134147,-4215.82958623937
2460833.934027778,-2205.384691657742,-2801.4478893466926,-4107.251488287576
2460833.9347222224,-1932.986298172996,-3181.0445857929244,-3965.5297668854405
2460833.935416667,-1645.0111798156452,-3535.0432241180933,-3791.79351518863
2460833.936111111,-1343.7697260877574,-3860.581616015515,-3587.428825535095
2460833.9368055556,-1031.6811064176527,-4155.021509531828,-3354.0687757622477
2460833.9375,-711.2546132705813,-4415.9702335623115,-3093.5814585198887
2460833.9381944444,-385.0701072667187,-4641.300703331308,-2808.0560716695522
2460833.938888889,-55.75768007387622,-4829.169578632003,-2499.7871072110634
2460833.939583333,274.0233283033781,-4978.033362855398,-2171.2567002968663
2460833.9402777776,601.6058009011671,-5086.662233836802,-1825.1152267019147
2460833.940972222,924.3366255970838,-5154.151406464583,-1464.1602679409727
2460833.941666667,1239.5985911575347,-5179.92984428306,-1091.3140940082496
2460833.9423611113,1544.8321828638318,-5163.766161739282,-709.5998485670136
2460833.9430555557,1837.5570570195455,-5105.771591737414,-322.11664524289915
2460833.94375,2115.392961911726,-5006.399930396295,67.98618351339124
2460833.9444444445,2376.0798770461806,-4866.444414511217,457.53542703158547
2460833.945138889,2617.497145691236,-4687.031533438444,843.3606494371825
2460833.9458333333,2837.681389885503,-4469.61182401641,1222.3208717715984
2460833.9465277777,3034.843013003302,-4215.947744628956,1591.3309954990407
2460833.947222222,3207.381119160632,-3928.098767918089,1947.3876872315602
2460833.9479166665,3353.8967045213863,-3608.4038720668036,2287.5944554677303
2460833.948611111,3473.2040062127653,-3259.4616420703273,2609.1856714502633
2460833.949305556,3564.3399233280993,-2884.1082219851273,2909.5493063275435
2460833.95,3626.571456878212,-2485.393375201328,3186.248188167558
2460833.9506944446,3659.4011438710145,-2066.5549204094696,3437.0396116748757
2460833.951388889,3662.5704867799923,-1630.9918155966636,3659.8931632114177
2460833.9520833334,3636.0614028360114,-1182.2361557591564,3853.006655765789
2460833.952777778,3580.0957355727282,-723.9243424309466,4014.8200948309564
2460833.953472222,3495.1328853803484,-259.76766924443075,4144.027621206928
2460833.9541666666,3381.8656234993186,206.47745654229936,4239.58739884858
2460833.954861111,3241.2141615163728,671.0394370165943,4300.729425863581
2460833.9555555554,3074.318546476506,1130.16136996929,4326.961263937647
2460833.95625,2882.5294552285,1580.130709610713,4318.071681884182
2460833.956944444,2667.3974555636223,2017.3085400370867,4274.132215283865
2460833.957638889,2430.660801879993,2438.1582953669513,4195.496641943622
2460833.9583333335,2174.231832389688,2839.273763046881,4082.798373058117
2460833.959027778,1900.1820344700463,3217.406206198686,3936.9457588899204
2460833.9597222223,1610.7258500059713,3569.490430833363,3759.1153090204643
2460833.9604166667,1308.203299484488,3892.6696152036247,3550.7428314007298
2460833.961111111,995.061515136994,4184.318707244066,3313.5125030657346
2460833.9618055555,673.8352871300092,4442.066187083631,3049.343898016144
2460833.9625,347.1267430136913,4663.813984638625,2760.3770145992385
2460833.9631944443,17.584304007732754,4847.755336036128,2448.955370737788
2460833.9638888887,-312.11892402517117,4992.390370399335,2117.60725724681
2460833.964583333,-639.307144784261,5096.539224631719,1769.0252702399605
2460833.965277778,-961.3240489599457,5159.352500024424,1406.0442787041586
2460833.9659722224,-1275.5549660417585,5180.318902459579,1031.6180058634293
2460833.966666667,-1579.4487624677456,5159.26993584568,648.7944402851234
2460833.967361111,-1870.5392574421614,5096.381558274084,260.69031321896097
2460833.9680555556,-2146.4659232459476,4992.1727527911335,-129.53509491389715
2460833.96875,-2404.9936482786375,4847.501010039919,-518.7065475038268
2460833.9694444444,-2644.031346194076,4663.554768378148,-903.6595551305203
2460833.970138889,-2861.649217621067,4441.842902945455,-1281.2669057155385
2460833.970833333,-3056.0944899392634,4184.1814007948715,-1648.4647381764107
2460833.9715277776,-3225.805491000729,3892.6773955718577,-2002.2778951916541
2460833.972222222,-3369.423936523858,3569.7107753245987,-2339.8442995443243
2460833.972916667,-3485.805348440985,3217.9135961077036,-2658.4381346691503
2460833.9736111113,-3574.027547264301,2840.14755864328,-2955.4916290587103
2460833.9743055557,-3633.397193448942,2439.479814003837,-3228.6152787941664
2460833.975,-3663.454379573742,2019.1573668095193,-3475.6163741093696
2460833.9756944445,-3663.975298380333,1582.5803383761631,-3694.515727581537
2460833.976388889,-3634.973030399706,1133.274346070092,-3883.562527878533
2460833.9770833333,-3576.696509865846,674.8622337352934,-4041.2472725247253
2460833.9777777777,-3489.6277366304926,211.03537410114154,-4166.312751665095
2460833.978472222,-3374.4773058488577,-254.47526249846638,-4257.763073564402
2460833.9791666665,-3232.178330756018,-717.9280840603352,-4314.870729949006
2460833.979861111,-3063.8788274896096,-1175.5997482800376,-4337.181711620468
2460833.980555556,-2870.9326296819922,-1623.8137745582028,-4324.518680533331
2460833.98125,-2654.8888950341743,-2058.9687588813067,-4276.982206175246
2460833.9819444446,-2417.4802591441517,-2477.566061858753,-4194.950069381447
2460833.982638889,-2160.6096905421073,-2876.2368334903185,-4079.074631476682
2460833.9833333334,-1886.3360968869258,-3251.7682383695987,-3930.278261567857
2460833.984027778,-1596.8587399397713,-3601.128726334004,-3749.7468147189725
2460833.984722222,-1294.5005150743493,-3921.492193227696,-3538.921151318086
2460833.9854166666,-981.6901666999414,-4210.260852243865,-3299.4866951794447
2460833.986111111,-660.9435223900242,-4465.086626472386,-3033.361037363513
2460833.9868055554,-334.84384440408314,-4683.890861823158,-2742.6796069309353
2460833.9875,-6.021419188579721,-4864.882149265571,-2429.779452089409
2460833.988194444,322.86747739434435,-5006.572045514078,-2097.181196841459
2460833.988888889,649.1620765034878,-5107.788482112697,-1747.569269485939
2460833.9895833335,970.2188929447407,-5167.686665534332,-1383.7705290443066
2460833.990277778,1283.4335831111423,-5185.757289618614,-1008.7314463846677
2460833.9909722223,1586.2626685126365,-5161.8319073778375,-625.4940301953192
2460833.9916666667,1876.244900519596,-5096.085343251457,-237.17071530355082
2460833.992361111,2151.022035776986,-4989.035066130327,153.08154234223088
2460833.9930555555,2408.3587943072494,-4841.53748709258,542.0877014047511
2460833.99375,2646.1617768869155,-4654.781193203551,926.6813211694615
2460833.9944444443,2862.497135093352,-4430.277174686993,1303.7312152186723
2460833.9951388887,3055.6068016394147,-4169.846151595549,1670.1677831978914
2460833.995833333,3223.923116042752,-3875.603147737466,2023.0087438341823
2460833.996527778,3366.0817068853653,-3549.939497196095,2359.3840054773304
2460833.9972222224,3480.932519672559,-3195.502504454841,2676.559426430933
2460833.997916667,3567.548913065988,-2815.172998757793,2971.959248682123
2460833.998611111,3625.234773356977,-2412.041047173369,3243.1870098833915
2460833.9993055556,3653.529628544886,-1989.3800927017103,3488.044776141409
2460834.0,3652.2117669841264,-1550.6197892886173,3704.550564563621
2460834.0006944444,3621.2993880564472,-1099.3177996468385,3890.9538554501696
2460834.001388889,3561.049829774947,-639.130809738819,4045.749121885424
2460834.002083333,3471.956931018023,-173.7850006634887,4167.687327235513
2460834.0027777776,3354.746593919248,292.95380162553397,4255.785361254905
2460834.003472222,3210.370617128669,757.3100895958794,4309.333397856566
2460834.004166667,3039.9988708934557,1215.5285635466194,4327.900169204906
2460834.0048611113,2845.009883802787,1663.9037703970364,4311.33615451062
2460834.0055555557,2626.979910454961,2098.809321379918,4259.774684195414
2460834.00625,2387.670544471165,2516.7265300936774,4173.630959864706
2460834.0069444445,2129.014944870985,2914.2723024165775,4053.598989722321
2460834.007638889,1853.1027401730864,3288.2261164024576,3900.6464376390218
2460834.0083333333,1562.163684707893,3635.5559117611997,3716.007387198159
2460834.0090277777,1258.5501468136054,3953.4427049464307,3501.1730266699797
2460834.009722222,944.7185188639908,4239.303735433698,3257.880268524859
2460834.0104166665,623.2096594348859,4490.813933420896,2988.098334837167
2460834.011111111,296.62848800930425,4705.925500734548,2694.013353592187
2460834.011805556,-32.37711905035536,4882.885386334353,2378.011041035304
2460834.0125,-361.13797195930056,5020.250449894842,2042.6575646858682
2460834.0131944446,-686.9855636922382,5116.900111411531,1690.678717821132
2460834.013888889,-1007.2742185007544,5172.046306688641,1324.93756413371
2460834.0145833334,-1319.4031773013674,5185.240593732882,948.4107422374626
2460834.015277778,-1620.8383944474808,5156.378287789599,564.1636480781407
2460834.015972222,-1909.1338140512144,5085.6995416955115,175.32474013038103
2460834.0166666666,-2181.9518959646816,4973.787332401716,-214.94076857249195
2460834.017361111,-2437.0831685960334,4821.562360868931,-603.4575534997534
2460834.0180555554,-2672.4645997073417,4630.274918792565,-987.0668731726698
2460834.01875,-2886.1965904069234,4401.493824753966,-1362.6530245703514
2460834.019444444,-3076.558426688496,4137.092573656101,-1727.1692840390726
2460834.020138889,-3242.0220477870575,3839.2328811374828,-2077.663069974619
2460834.0208333335,-3381.264017427888,3510.345842391357,-2411.3000775141263
2460834.021527778,-3493.1756208207516,3153.110942476349,-2725.3871715554496
2460834.0222222223,-3576.871035959316,2770.4331783016946,-3017.393844332575
2460834.0229166667,-3631.693559166788,2365.4185594499204,-3284.9720787273127
2460834.023611111,-3657.219890956253,1941.3482558482356,-3525.9744902172565
2460834.0243055555,-3653.2625105744723,1501.6516535420349,-3738.470651300027
2460834.025,-3619.870185564638,1049.878571867942,-3920.761528635171
2460834.0256944443,-3557.326676116615,589.6708708246863,-4071.3919922068803
2460834.0263888887,-3466.14770268307,124.73367098801238,-4189.161370240091
2460834.027083333,-3347.0762485821606,-341.19362727369816,-4273.132045614264
2460834.027777778,-3201.0762704217423,-804.3663438939196,-4322.636093907646
2460834.0284722224,-3029.3248858159586,-1261.0633827283245,-4337.2799719082195
2460834.029166667,-2833.2031032527993,-1707.6158134899638,-4316.947265005794
2460834.029861111,-2614.285154108589,-2140.435034705101,-4261.799499685696
2460834.0305555556,-2374.326481128606,-2556.0403860334186,-4172.275022919266
2460834.03125,-2115.250436366875,-2951.0860727182117,-4049.085945594798
2460834.0319444444,-1839.1337384895878,-3322.3872634935046,-3893.2131424071285
2460834.032638889,-1548.1907456704387,-3666.945206638259,-3705.899300064812
2460834.033333333,-1244.7566021127277,-3981.971203020007,-3488.6400050571556
2460834.0340277776,-931.2693322124788,-4264.90925282188,-3243.1728711342525
2460834.034722222,-610.2509644228376,-4513.4571865622665,-2971.464713915878
2460834.035416667,-284.28779299427646,-4725.586071139814,-2675.6968027786947
2460834.0361111113,43.99010770332505,-4899.557686105213,-2358.248230933463
2460834.0368055557,371.92996466489456,-5033.9398506825,-2021.6774831381779
2460834.0375,696.8778254689496,-5127.619398432084,-1668.702296891047
2460834.0381944445,1016.2003239522222,-5179.812601142422,-1302.1779562205163
2460834.038888889,1327.3064963461438,-5190.0728698795965,-925.0741760210544
2460834.0395833333,1627.669425149241,-5158.29558435676,-540.4507790079258
2460834.0402777777,1914.8474891767783,-5084.719939647461,-151.4323843574284
2460834.040972222,2186.504986081689,-4969.927738592976,238.81763891921858
2460834.0416666665,2440.431902373484,-4814.8391031432375,627.1236896936222
2460834.042361111,2674.5626104778235,-4620.705124328952,1010.324642221649
2460834.043055556,2886.9932861275374,-4389.097519585578,1385.3004549028194
2460834.04375,3075.9978612998348,-4121.895411548671,1748.9983962705012
2460834.0444444446,3240.042352720721,-3821.269382431915,2098.458614735833
2460834.045138889,3377.797429594505,-3489.6630003215987,2430.8387865686605
2460834.0458333334,3488.1491182906097,-3129.7720408265504,2743.437604811629
2460834.046527778,3570.20757086131,-2744.5216506507777,3033.7168959877968
2460834.047222222,3623.3138531747095,-2337.0417187762546,3299.3221774823674
2460834.0479166666,3647.0447382608118,-1910.6407235325119,3538.101503867889
2460834.048611111,3641.2155139911547,-1468.7783263568267,3748.122478370867
2460834.0493055554,3605.880835559045,-1015.0369765928203,3927.6873354591353
2460834.05,3541.333669637948,-553.0927775746219,4075.346028151295
2460834.050694444,3448.102389189364,-86.6858533561153,4189.907274383924
2460834.051388889,3326.9460848738,380.40956810895585,4270.4475374167705
2460834.0520833335,3178.8481625339978,844.4151519555764,4316.3179260391835
2460834.052777778,3005.008298211537,1301.5783434438995,4327.149009499662
2460834.0534722223,2806.8328177412923,1748.201976980944,4302.853547497632
2460834.0541666667,2585.9235702137767,2180.6734329931423,4243.627135215927
2460834.054861111,2344.065358339195,2595.4931859621015,4149.946764008542
2460834.0555555555,2083.2119923122063,2989.302575398736,4022.567296808771
2460834.05625,1805.4710329980749,3358.9106331662824,3862.515856962879
2460834.0569444443,1513.087299728286,3701.31978528674,3671.0841332471255
2460834.0576388887,1208.4252189911604,4013.7502467811237,3449.8186053416994
2460834.058333333,893.9501166359507,4293.6628998324395,3200.5087128016744
2460834.059027778,572.2085533564028,4538.780458809584,2925.1729939720603
2460834.0597222224,245.80783876063708,4747.106699392677,2626.043252602031
2460834.060416667,-82.60513098626438,4916.943540619024,2305.54682801362
2460834.061111111,-410.36554739966704,5046.905771648364,1966.287070668406
2460834.0618055556,-734.8126834627376,5135.933222877422,1611.022163301787
2460834.0625,-1053.3120072354795,5183.300207312918,1242.6424499439306
2460834.0631944444,-1363.2771961133485,5188.622081682317,864.146470588313
2460834.063888889,-1662.1918251308898,5151.858812255646,478.6159256147494
2460834.064583333,-1947.6304968485065,5073.3154707114845,89.18982077437605
2460834.0652777776,-2217.279186754825,4953.639629495659,-300.96194302349437
2460834.065972222,-2468.9545807731884,4793.815673143428,-688.6652514144369
2460834.066666667,-2700.6221992073492,4595.1560895714,-1070.768444748916
2460834.0673611113,-2910.413119172116,4359.289851768559,-1444.1686868354961
2460834.0680555557,-3096.639133146793,4088.148042003157,-1805.837759266484
2460834.06875,-3257.8062071118316,3783.9469098960085,-2152.847018699156
2460834.0694444445,-3392.6261335536637,3449.168585433123,-2482.3912787296326
2460834.070138889,-3500.026304802815,3086.5396914227867,-2791.8114033704956
2460834.0708333333,-3579.1575618532165,2699.0081176723174,-3078.6154267440556
2460834.0715277777,-3629.4001038514457,2289.718223125669,-3340.498048515454
2460834.072222222,-3650.3674676618125,1861.9847364600596,-3575.358382416139
2460834.0729166665,-3641.9086098083226,1419.2656097702031,-3781.315871366347
2460834.073611111,-3604.108138681586,965.1340808912214,-3956.724301868201
2460834.074305556,-3537.284758619529,503.2501664884089,-4100.1838840312475
2460834.075,-3441.9879940640517,37.33180236365943,-4210.551375002848
2460834.0756944446,-3318.9932659134015,-428.8741797508552,-4286.948242115852
2460834.076388889,-3169.2953903928883,-891.6210702689253,-4328.766870250089
2460834.0770833334,-2994.1005698137988,-1347.1911333655391,-4335.67482046021
2460834.077777778,-2794.8169370249448,-1791.9241549218877,-4307.617149375015
2460834.078472222,-2573.0437121021814,-2222.2455481139477,-4244.816793979646
2460834.0791666666,-2330.559025793171,-2634.6938820632013,-4147.773023191246
2460834.079861111,-2069.306458122833,-3025.9477022344945,-4017.257951449378
2460834.0805555554,-1791.380346699308,-3392.8514922649165,-3854.311107608135
2460834.08125,-1499.0099145659528,-3732.4406298664894,-3660.232048012384
2460834.081944444,-1194.5422858460215,-4041.965159197184,-3436.5710105983544
2460834.082638889,-880.4244553421754,-4318.912206135466,-3185.117606534644
2460834.0833333335,-559.1843069613203,-4561.026832079706,-2907.887566601142
2460834.084027778,-233.4107807546661,-4766.3311259687625,-2607.107568055332
2460834.0847222223,94.26667989648199,-4933.141316568693,-2285.198198670625
2460834.0854166667,421.1992578779315,-5060.082695360769,-1944.7551333571237
2460834.086111111,744.7402966540072,-5146.102141230364,-1588.5286351787038
2460834.0868055555,1062.2670545762319,-5190.478056480318,-1219.401517255357
2460834.0875,1371.2024695178702,-5192.82754256865,-840.3657419291579
2460834.0881944443,1669.0367199982745,-5153.11067618051,-454.4978542184627
2460834.0888888887,1953.3483519165968,-5071.631780159205,-64.93348382660815
2460834.089583333,2221.8247432914095,-4949.037626654586,325.15883351740683
2460834.090277778,2472.2816788490736,-4786.312555222375,712.6042420685602
2460834.0909722224,2702.6818187402464,-4584.770535502655,1094.248278756358
2460834.091666667,2911.151859094995,-4346.044251505558,1466.9834253481367
2460834.092361111,3095.9982020666635,-4072.0713315763624,1827.7752143926743
2460834.0930555556,3255.720981468175,-3765.0778857010437,2173.6876197317983
2460834.09375,3389.0263125418132,-3427.559554846829,2501.9074687319953
2460834.0944444444,3494.836670892847,-3062.2602980673328,2809.767647753974
2460834.095138889,3572.299331004639,-2672.149171469575,3094.76888961764
2460834.095833333,3620.7928267441303,-2260.395364986606,3354.5999653387444
2460834.0965277776,3639.9314237771837,-1830.3417632236576,3587.156136232658
2460834.097222222,3629.5676159506083,-1385.4773082761672,3790.5557443483735
2460834.097916667,3589.7926802321995,-929.4084167755323,3963.154859829791
2460834.0986111113,3520.9353382182408,-465.8297069742731,4103.559919116196
2460834.0993055557,3423.558584182407,1.5057347738590365,4210.6383160002015
2460834.1,3298.4547457595086,468.8163313856583,4283.5269216829
2460834.1006944445,3146.6388468637633,932.3220360100617,4321.638522619532
2460834.101388889,2969.340342066114,1388.2742137333216,4324.666173097016
2460834.1020833333,2767.993289801895,1832.9852118270192,4292.585462347352
2460834.1027777777,2544.2250303759183,2262.8574516493586,4225.654696684177
2460834.103472222,2299.843433401212,2674.411878610415,4124.412996856639
2460834.1041666665,2036.822779428888,3064.315605122643,3989.676309984498
2460834.104861111,1757.2883404689367,3429.408578941619,3822.5313339572417
2460834.105555556,1463.4997376053307,3766.7290887956538,3624.3273588080597
2460834.10625,1157.8331556336811,4073.537921986423,3396.6660331787893
2460834.1069444446,842.7625107282541,4347.340971428236,3141.3890757342733
2460834.107638889,520.8396870532981,4585.91007848219,2860.56397096442
2460834.1083333334,194.67396829573204,4787.301901205733,2556.4677033021153
2460834.109027778,-133.08917926531484,4949.874588186056,2231.5686171645752
2460834.109722222,-459.78980574323725,5072.302053767217,1888.5065106135844
2460834.1104166666,-782.7754670629035,5153.585658819596,1530.0711057250755
2460834.111111111,-1099.4232969169134,5193.063124460369,1159.1790702038295
2460834.1118055554,-1407.1619436139008,5190.41453628002,778.8497913331297
2460834.1125,-1703.4931432780675,5145.665330921272,392.1801331773736
2460834.113194444,-1986.0126983448135,5059.186198625164,2.3184309812754886
2460834.113888889,-2252.4306338455503,4931.689880683697,-387.56200602788863
2460834.1145833335,-2500.5903129383764,4764.224888120211,-774.2896005920077
2460834.115277778,-2728.48630948139,4558.166214392181,-1154.7211370564562
2460834.1159722223,-2934.2808530603334,4315.203161849804,-1525.768028610479
2460834.1166666667,-3116.318688712929,4037.3244435762294,-1884.42194868792
2460834.117361111,-3273.140222683485,3726.800756748508,-2227.7795719751275
2460834.1180555555,-3403.4928536945245,3386.1650547497597,-2553.0661898105154
2460834.11875,-3506.3404203361943,3018.190768749751,-2857.657991466174
2460834.1194444443,-3580.8707270491273,2625.8682389661767,-3139.1028372728138
2460834.1201388887,-3626.5011366421263,2212.3796280944634,-3395.139374976205
2460834.120833333,-3642.8822446457007,1781.0725768020814,-3623.714390617841
2460834.121527778,-3629.8996686056967,1335.432869360078,-3822.9983035497335
2460834.1222222224,-3587.6740044728976,879.0563430129325,-3991.3987557438954
2460834.122916667,-3516.559011257087,415.6202749529578,-4127.572257056889
2460834.123611111,-3417.1380931950544,-51.14554873285229,-4230.4338728107095
2460834.1243055556,-3290.219150017699,-517.4878972263856,-4299.164951525724
2460834.125,-3136.827865176652,-979.6591226057258,-4333.218897393367
2460834.1256944444,-2958.1994997802553,-1433.9459949626284,-4332.324996203302
2460834.126388889,-2755.769250829077,-1876.698212454798,-4296.4903033930195
2460834.127083333,-2531.1612328994293,-2304.3564418893525,-4225.9995976733835
2460834.1277777776,-2286.176134333211,-2713.4797607609044,-4121.413400849206
2460834.128472222,-2022.7775966204397,-3100.77236456919,-3983.564057845879
2460834.129166667,-1743.077370810722,-3463.10938793562,-3813.5498697338044
2460834.1298611113,-1449.3193023134697,-3797.5616876223285,-3612.7272692522147
2460834.1305555557,-1143.8622122028494,-4101.4194086534835,-3382.701036120942
2460834.13125,-829.1617441704062,-4372.214154790784,-3125.3125510348095
2460834.1319444445,-507.75127518506025,-4607.739555872744,-2842.626109425126
2460834.132638889,-182.2219941560827,-4806.07002890643,-2536.913326394009
2460834.1333333333,144.7977211008371,-4965.577517120002,-2210.635690667985
2460834.1340277777,470.66347417813955,-5084.945992038489,-1866.4253559821143
2460834.134722222,792.7363982988346,-5163.183516098426,-1507.0642830454242
2460834.1354166665,1108.4048915400194,-5199.631676361213,-1135.461878191053
2460834.136111111,1415.1063268851535,-5193.972223246733,-754.6313122212052
2460834.136805556,1710.3485228201548,-5146.230781374146,-367.6647213615496
2460834.1375,1991.7307410119772,-5056.777534729383,22.29246751437396
2460834.1381944446,2256.963984460127,-4926.324832931716,412.0678324947553
2460834.138888889,2503.8903716386726,-4755.92170979954,798.4885996748785
2460834.1395833334,2730.5013705623296,-4546.945354150494,1178.4083472872815
2460834.140277778,2934.954695316245,-4301.08961978682,1548.7334848573028
2460834.140972222,3115.589688603681,-4020.3507061572204,1906.4492256590247
2460834.1416666666,3270.9410392357754,-3707.0101816767424,2248.6447822682717
2460834.142361111,3399.7507111932923,-3363.615558523306,2572.53753114605
2460834.1430555554,3500.9779933992904,-2992.958651302822,2875.495920640724
2460834.14375,3573.807606715339,-2598.0519767632672,3155.0609184248656
2460834.144444444,3617.6558355858992,-2182.103462869538,3408.9658271243993
2460834.145138889,3632.174678868088,-1748.4897342780755,3635.1543310645793
2460834.1458333335,3617.254035722526,-1300.72824650804,3831.796661175651
2460834.146527778,3573.0219631523205,-842.4485269570612,3997.303797888853
2460834.1472222223,3499.8430555522223,-377.3627673451254,4130.3396558847135
2460834.1479166667,3398.3150069068524,90.76400052675781,4229.831213857439
2460834.148611111,3269.2634214923364,558.1439366817107,4294.976570290569
2460834.1493055555,3113.7349424975546,1020.9964321918337,4325.250915107801
2460834.15,2932.988765940824,1475.5779787405413,4320.410415855599
2460834.1506944443,2728.486607228006,1918.2116939274363,4280.494018134366
2460834.1513888887,2501.8811835150755,2345.3163408185083,4205.823160920671
2460834.152083333,2255.0032782188764,2753.4346718762267,4096.99940707133
2460834.152777778,1989.847447290237,3139.2609398952195,3954.8999867419498
2460834.1534722224,1708.556440007121,3499.6673925748682,3780.6712550334646
2460834.154166667,1413.4044051454298,3831.729574520036,3575.720066263664
2460834.154861111,1106.778968392618,4132.750240145403,3341.7030761909537
2460834.1555555556,791.1622823842883,4400.281670763209,3080.513998114708
2460834.15625,469.11115951814355,4632.146189005669,2794.2688499991687
2460834.1569444444,143.23642851881763,4826.454647874819,2485.2892607261006
2460834.157638889,-183.81833654861134,4981.622685006084,2156.0839199904044
2460834.158333333,-509.3985357106788,5096.38453216585,1809.3282940181941
2460834.1590277776,-830.8605224238826,5169.8041917742385,1447.8427516269658
2460834.159722222,-1145.5936283019435,5201.283810547524,1074.5692860332515
2460834.160416667,-1451.0420166223118,5190.569115435005,692.5470371235773
2460834.1611111113,-1744.726134233787,5137.751810757142,304.88685178652395
2460834.1618055557,-2024.2635303673703,5043.268879290559,-85.25485801800068
2460834.1625,-2287.388818256258,4907.898775585139,-474.702687443974
2460834.1631944445,-2531.9725621456073,4732.754547642944,-860.2889547564203
2460834.163888889,-2756.0388923248124,4519.273968850178,-1238.8802776741516
2460834.1645833333,-2957.781666593494,4269.206810160195,-1607.4037230197155
2460834.1652777777,-3135.5790279654225,3984.5994204895082,-1962.8722630504324
2460834.165972222,-3288.006233931164,3667.776819135353,-2302.4092859209127
2460834.1666666665,-3413.846662999473,3321.322532664709,-2623.2719312623485
2460834.167361111,-3512.1009346627857,2948.056431791972,-2922.873048107751
2460834.168055556,-3581.9941117365975,2551.0108265754575,-3198.8016113833496
2460834.16875,-3622.980976058458,2133.405095542433,-3448.8414521309314
2460834.1694444446,-3634.7493970356127,1698.6191109599351,-3670.9881983707955
2460834.170138889,-3617.2218302826714,1250.1657156811575,-3863.4643490224817
2460834.1708333334,-3570.5549986538545,791.6624915267621,-4024.732429727668
2460834.171527778,-3495.1378189564202,326.803046083864,-4153.506199752713
2460834.172222222,-3391.587642657216,-140.67198629894585,-4248.759900676993
2460834.1729166666,-3260.7448814930226,-607.004039758244,-4309.735544155167
2460834.173611111,-3103.6660854036336,-1068.4456506898937,-4335.948247174702
2460834.1743055554,-2921.6155384984477,-1521.2892740974407,-4327.189622034651
2460834.175,-2716.055432586354,-1961.8957449736822,-4283.52922934081
2460834.175694444,-2488.6346720049237,-2386.7222520460773,-4205.31409726901
2460834.176388889,-2241.176361107251,-2792.3496874578013,-4093.1663053561742
2460834.1770833335,-1975.6640248357478,-3175.509231508225,-3947.978627559671
2460834.177777778,-1694.2266103169686,-3533.10802829645,-3770.908224533
2460834.1784722223,-1399.122329508004,-3862.2537843764776,-3563.3683786658034
2460834.1791666667,-1092.7214034269437,-4160.278121229178,-3327.0182656157262
2460834.179861111,-777.4877895037348,-4424.7584864858345,-3063.7507699703556
2460834.1805555555,-455.95998315345355,-4653.538424981616,-2775.678363131001
2460834.18125,-130.73100841763753,-4844.7459962027715,-2465.1170843960317
2460834.1819444443,195.5722684685837,-4996.8101235268605,-2134.568689662694
2460834.1826388887,520.3103507325023,-5108.474664328865,-1786.7010565262428
2460834.183333333,840.8526675686135,-5178.8099955233565,-1424.326972655641
2460834.184027778,1154.5992839076425,-5207.22193142893,-1050.3814588813264
2460834.1847222224,1459.002552208306,-5193.457813399212,-667.8978133558873
2460834.185416667,1751.588483476158,-5137.609643934498,-279.9825930246051
2460834.186111111,2029.9776100893823,-5040.114176961529,110.21022737360495
2460834.1868055556,2291.9051120880904,-4901.74991872968,499.50565737848797
2460834.1875,2535.2399814303562,-4723.631041834064,884.7343734190133
2460834.1881944444,2758.0030163529727,-4507.198260140447,1262.7594017727422
2460834.188888889,2958.3834474704777,-4254.206763282963,1630.5025091808764
2460834.189583333,3134.7540273636705,-3966.711349080022,1984.9700265335694
2460834.1902777776,3285.684436297843,-3647.048934300962,2323.277836596318
2460834.190972222,3409.9528864486324,-3297.818659496087,2642.6752763467603
2460834.191666667,3506.555839749395,-2921.8598252598085,2940.5677343891757
2460834.1923611113,3574.7157816382287,-2522.2279204949878,3214.537746263235
2460834.1930555557,3613.887023685022,-2102.1690075525903,3462.3644263394667
2460834.19375,3623.7595318605822,-1665.0927429635778,3682.0410979936
2460834.1944444445,3604.260802425173,-1214.5442900459702,3871.7910258872203
2460834.195138889,3555.5558227208453,-754.1753911889739,4030.081168117392
2460834.1958333333,3478.0451696252835,-287.7148341146742,4155.633901546324
2460834.1965277777,3372.3613063468238,181.0614582264289,4247.436686116706
2460834.197222222,3239.3631442669507,648.3605042781485,4304.749651221984
2460834.1979166665,3080.1289373262493,1110.4023169425898,4327.111097797754
2460834.198611111,2895.9475755959224,1563.4497540121108,4314.340914045483
2460834.199305556,2688.30834496787,2003.8379919334818,4266.541905347751
2460834.2,2458.8892141659626,2428.0034646405134,4184.099039121141
2460834.2006944446,2209.543713462433,2832.5120981642617,4067.676603785603
2460834.201388889,1942.2864690991507,3214.086673929978,3918.213281362788
2460834.2020833334,1659.2774597251894,3569.633147597926,3736.9151330735194
2460834.202777778,1362.805072223998,3896.26573425905,3525.2465033915782
2460834.203472222,1055.2680446270801,4191.330562873525,3284.9188572242333
2460834.2041666666,739.156394644051,4452.427696207591,3017.8775755090082
2460834.204861111,417.0314565555626,4677.431297766133,2726.2867579296644
2460834.2055555554,91.50515910932938,4864.507733336296,2412.512097134873
2460834.20625,-234.78129099923288,5012.131387739326,2079.1019254644366
2460834.206944444,-559.1791483936004,5119.097997008487,1728.7665536609695
2460834.207638889,-879.0540900126888,5184.535305690088,1364.356061996079
2460834.2083333335,-1191.8081885211857,5207.9108887518605,988.8367286704255
2460834.209027778,-1494.9016763731142,5189.037007574219,605.2663097674531
2460834.2097222223,-1785.8742672590786,5128.072407989265,216.76841723053224
2460834.2104166667,-2062.3658113589554,5025.521011907184,-173.49375034364056
2460834.211111111,-2322.136052919132,4882.227501078587,-562.344037621439
2460834.2118055555,-2563.083284695767,4699.369837053791,-946.6200475083835
2460834.2125,-2783.261696595221,4478.448812523771,-1323.199644945611
2460834.2131944443,-2980.8972507729554,4221.274768404929,-1689.0269778388995
2460834.2138888887,-3154.4019322054746,3929.951655334415,-2041.1377430334999
2460834.214583333,-3302.386257559138,3606.8586499119187,-2376.6834517989723
2460834.215277778,-3423.66995449655,3254.6295626861424,-2692.9544726167214
2460834.2159722224,-3517.290753882121,2876.1302933776387,-2987.4016575929086
2460834.216666667,-3582.5112660822206,2474.4346015608253,-3257.6563881826337
2460834.217361111,-3618.823940700286,2052.7984579399904,-3501.5489122254294
2460834.2180555556,-3625.95413010598,1614.633244336304,-3717.124869075672
2460834.21875,-3603.861297806702,1163.4780520563038,-3902.659934277455
2460834.2194444444,-3552.7384256538353,702.9713172214246,-4056.6725369578867
2460834.220138889,-3473.009683448842,236.82201006532063,-4177.934625631852
2460834.220833333,-3365.3264299107805,-231.219420083589,-4265.480472492942
2460834.2215277776,-3230.5616132317314,-697.3901721766894,-4318.613519741618
2460834.222222222,-3069.8026397395647,-1157.9441234917208,-4336.911273157858
2460834.222916667,-2884.342772601356,-1609.1806208829523,-4320.22825331503
2460834.2236111113,-2675.6711184127194,-2047.4728931460863,-4268.697010307646
2460834.2243055557,-2445.461255532198,-2469.2959485699153,-4182.727204666991
2460834.225,-2195.558552767075,-2871.253824921535,-4063.002751868933
2460834.2256944445,-1927.966227222486,-3250.1060493357754,-3910.477023255921
2460834.226388889,-1644.8301934166864,-3602.793154712685,-3726.3660950129843
2460834.2270833333,-1348.4227598478794,-3926.461089434799,-3512.1400373148845
2460834.2277777777,-1041.1252378230356,-4218.484342733057,-3269.512239799958
2460834.228472222,-725.4095482244707,-4476.487586561746,-3000.426785591184
2460834.2291666665,-403.8189155149218,-4698.36563696484,-2707.0438920430684
2460834.229861111,-78.94777358318329,-4882.301513777153,-2391.723469198022
2460834.230555556,246.57898553902928,-5026.782388671964,-2057.0068606417726
2460834.23125,570.1272559338497,-5130.613206055868,-1705.5968701870165
2460834.2319444446,889.0752811098396,-5192.927779447142,-1340.3361986640668
2460834.232638889,1200.8353326278864,-5213.197179655756,-964.1844584493848
2460834.2333333334,1502.8752956234653,-5191.235262699094,-580.1939539187375
2460834.234027778,1792.7399354675688,-5127.201216623836,-191.48445189497474
2460834.234722222,2068.0716186532486,-5021.59904717186,198.7828135249892
2460834.2354166666,2326.6302585283906,-4875.273966479088,587.431633814756
2460834.236111111,2566.3122647162886,-4689.405696795172,971.2975364800262
2460834.2368055554,2785.168289811512,-4465.498747181414,1347.254429784317
2460834.2375,2981.419580462895,-4205.369770643198,1712.2408917810296
2460834.238194444,3153.4727681119675,-3911.1321496534983,2063.285829289823
2460834.238888889,3299.93295788355,-3585.177998991086,2397.533241644995
2460834.2395833335,3419.6150058029343,-3230.157803657388,2712.265849384123
2460834.240277778,3511.5529018160373,-2848.957939575639,3004.9273675113227
2460834.2409722223,3575.0072093003646,-2444.6763341155192,3273.1432395397787
2460834.2416666667,3609.4705364011274,-2020.5965428016034,3514.7396699977726
2460834.242361111,3614.6710433827225,-1580.1605033233616,3727.7608361532657
2460834.2430555555,3590.5740078133135,-1126.940242319056,3910.4841751918216
2460834.24375,3537.381489695486,-664.6087825487236,4061.4336817537333
2460834.2444444443,3455.530149395688,-196.91049125848747,4179.391167763275
2460834.2451388887,3345.6872804200916,272.3689056963308,4263.405455970105
2460834.245833333,3208.7451222026693,739.432443181002,4312.799494000279
2460834.246527778,3045.8135206899237,1200.5019748688658,4327.175382031726
2460834.2472222224,2858.2110028255674,1651.8479950049395,4306.4173143483495
2460834.247916667,2647.4543272031933,2089.8190592941287,4250.69243508759
2460834.248611111,2415.246576741737,2510.8706317009414,4160.449608643289
2460834.2493055556,2163.4638512113456,2911.5932022352717,4036.416103552268
2460834.25,1894.1406270383195,3288.7394975346815,3879.5921894569146
2460834.2506944444,1609.4538511604346,3639.2506103642345,3691.2436478475183
2460834.251388889,1311.7058463220903,3960.2808581025815,3472.892202977214
2460834.252083333,1003.3061181260273,4249.221169009506,3226.3038903162155
2460834.2527777776,686.7521663899488,4503.720788971564,2953.4753926026137
2460834.253472222,364.6094230219568,4721.707091943264,2656.6183939600232
2460834.254166667,39.490460083611126,4901.403274946128,2338.142028544164
2460834.2548611113,-285.9663737920998,5041.343726988442,2000.6335225959106
2460834.2555555557,-609.1187033701857,5140.3868672736735,1646.837165460955
2460834.25625,-927.342067844794,5197.725271753031,1279.6317689053353
2460834.2569444445,-1238.0518353882774,5212.892929809792,902.0068121417454
2460834.257638889,-1538.7248692492392,5185.769509321198,517.0374924001386
2460834.2583333333,-1826.9207156093366,5116.581546347031,127.85892800228856
2460834.2590277777,-2100.3020845913875,5005.900519847911,-262.3602202104852
2460834.259722222,-2356.65439961075,4854.6378201737625,-650.4444256797758
2460834.2604166665,-2593.904210311734,4664.036665144279,-1033.2379916730436
2460834.261111111,-2810.136271722001,4435.66106833559,-1407.6314715710275
2460834.261805556,-3003.609126044415,4171.38200287536,-1770.5875435762873
2460834.2625,-3172.7690415290804,3873.3609480651617,-2119.166071048221
2460834.2631944446,-3316.2621987628117,3544.0310330013826,-2450.5481113129663
2460834.263888889,-3432.945040680162,3186.076019952925,-2762.0586543020804
2460834.2645833334,-3521.892733773372,2802.4073897446992,-3051.1879016671787
2460834.265277778,-3582.4057199538115,2396.1397893958506,-3315.6109374564917
2460834.265972222,-3614.0143589945233,1970.5651181869066,-3553.2056594539367
2460834.2666666666,-3616.4816883659987,1529.1255080842013,-3762.0688832734436
2460834.267361111,-3589.804342271553,1075.3854515925905,-3940.5305516088183
2460834.2680555554,-3534.211686117122,613.0033103183026,-4087.1660086323577
2460834.26875,-3450.1632304504274,145.70241626441467,-4200.806319626344
2460834.269444444,-3338.3443925342413,-322.75803780513377,-4280.546628808979
2460834.270138889,-3199.6606734817738,-788.6121464287479,-4325.752559470226
2460834.2708333335,-3035.230317162561,-1248.1163167108402,-4336.064663823027
2460834.271527778,-2846.375511730917,-1697.5780276353441,-4311.400931760355
2460834.2722222223,-2634.612189316345,-2133.3841867976867,-4251.957364011914
2460834.2729166667,-2401.638475896531,-2552.0289484907335,-4158.206610853394
2460834.273611111,-2149.321840693235,-2950.1408558084026,-4030.894673342266
2460834.2743055555,-1879.6849907222036,-3324.5091675096455,-3871.0356583484036
2460834.275,-1594.890565644961,-3672.109208091378,-3679.9045799699115
2460834.2756944443,-1297.2246868132813,-3990.1265793460893,-3459.0281983531263
2460834.2763888887,-989.0794331982468,-4275.98004472847,-3210.1738979306883
2460834.277083333,-672.9343238942563,-4527.342894177857,-2935.3366144460624
2460834.277777778,-351.336909633857,-4742.162578931919,-2636.7238403737256
2460834.2784722224,-26.88259254715202,-4918.678402518455,-2316.7387581223697
2460834.279166667,297.8061839652224,-5055.437051244268,-1977.961577572324
2460834.279861111,620.1012111629121,-5151.3057532828525,-1623.1291850722773
2460834.2805555556,937.3900774518582,-5205.482870460224,-1255.1132369507063
2460834.28125,1247.0978113516423,-5217.505744197315,-876.8968719235559
2460834.2819444444,1546.708394591371,-5187.255649471778,-491.5502369736148
2460834.282638889,1833.7859180012501,-5114.9597433405725,-102.20505725963213
2460834.283333333,2105.9951517996597,-5001.189937247422,287.97149855495553
2460834.2840277776,2361.1213047453475,-4846.858666628079,675.8033893969651
2460834.284722222,2597.088751749709,-4653.211579432169,1058.1324253445443
2460834.285416667,2811.9785263700255,-4421.817211972384,1431.844858838576
2460834.2861111113,3004.044390397263,-4154.553769066695,1793.8975556625303
2460834.2868055557,3171.727321366589,-3853.593163985869,2141.3434751217696
2460834.2875,3313.668280878992,-3521.3825158005666,2471.3561963791826
2460834.2881944445,3428.719160254181,-3160.6233279704957,2781.253257077429
2460834.288888889,3515.951827793895,-2774.248596826049,3068.5180930586384
2460834.2895833333,3574.665231306031,-2365.3981170010215,3330.820395755597
2460834.2902777777,3604.390539366547,-1937.3922484554314,3566.0347419967375
2460834.290972222,3604.8943259792445,-1493.704422225683,3772.2573717114224
2460834.2916666665,3576.179826604153,-1037.9326421525184,3947.8210275330575
2460834.292361111,3518.486307964826,-573.7702379285868,4091.3077896136097
2460834.293055556,3432.286606655769,-104.9761040213733,4201.559864753509
2460834.29375,3318.282897912143,364.65535913135864,4277.688305693839
2460834.2944444446,3177.4007608909083,831.3243944747495,4319.079647218972
2460834.295138889,3010.7816055099697,1291.2559474477648,4325.400456488458
2460834.2958333334,2819.773526614487,1740.7294551348552,4296.599796404921
2460834.296527778,2605.9206477824096,2176.108200688121,4232.909603300282
2460834.297222222,2370.951016436632,2593.8680675219,4134.8429788379635
2460834.2979166666,2116.7631111891665,2990.62552807997,4003.190394980647
2460834.298611111,1845.4110266112118,3363.164693008383,3839.01381182519
2460834.2993055554,1559.0884029716947,3708.463243091895,3643.638709339752
2460834.3,1260.1111822203472,4023.717048221412,3418.6440428118353
2460834.300694444,950.899278769311,4306.363274574723,3165.8501396979186
2460834.301388889,633.9572752289081,4554.1017646166365,2887.3045751181553
2460834.3020833335,311.8542650928543,4764.91447600376,2585.266079129036
2460834.302777778,-12.797009589710237,4937.0827584644085,2262.1865584826974
2460834.3034722223,-337.3615605085687,5069.202257526697,1920.6913416667755
2460834.3041666667,-659.2039130827204,5160.195247026852,1563.5577837374803
2460834.304861111,-975.7100186704354,5209.320209878875,1193.6924044783252
2460834.3055555555,-1284.3091045044298,5216.178517945511,814.1067590648379
2460834.30625,-1582.4952372238834,5180.7180953968,427.89226765034584
2460834.3069444443,-1867.8483674956003,5103.23399059466,38.19425916808369
2460834.3076388887,-2138.0546305396583,4984.365827176774,-351.8145036849837
2460834.308333333,-2390.925680782075,4825.092152160698,-738.9605340547851
2460834.309027778,-2624.4168563570233,4626.721745632842,-1120.0962811739944
2460834.3097222224,-2836.643982836294,4390.882005793369,-1492.1264515654968
2460834.310416667,-3025.898656814595,4119.504561301791,-1852.0337225177227
2460834.311111111,-3190.6618697753543,3814.808305397216,-2196.9035838728278
2460834.3118055556,-3329.6158679248115,3479.2800723586906,-2523.948075550819
2460834.3125,-3441.654169937842,3115.6532052667835,-2830.528207449507
2460834.3131944444,-3525.889697873552,2726.8842743225546,-3114.1748847240406
2460834.313888889,-3581.6610026562043,2316.128213225541,-3372.6081900376025
2460834.314583333,-3608.5365903068105,1886.7121459665723,-3603.7549030035693
2460834.3152777776,-3606.3173785888544,1442.1081548908812,-3805.7641763676547
2460834.315972222,-3575.037327862224,985.9052502113406,-3977.021302153108
2460834.316666667,-3514.962304054781,521.780752884882,-4116.159541230744
2460834.3173611113,-3426.587238200119,53.47131921486454,-4222.069990834665
2460834.3180555557,-3310.631649337695,-415.2562197276524,-4293.909493331063
2460834.31875,-3168.033599174778,-880.6340194461438,-4331.106586626657
2460834.3194444445,-2999.9421414214353,-1338.9222376466087,-4333.365507383825
2460834.320138889,-2807.708325315634,-1786.437757677179,-4300.668253960965
2460834.3208333333,-2592.874808734603,-2219.582481432483,-4233.274714441892
2460834.3215277777,-2357.1641285398764,-2634.871062777993,-4131.7208595721
2460834.322222222,-2102.4656785084376,-3028.957936777715,-3996.8149962587677
2460834.3229166665,-1830.8214409796017,-3398.6635029613126,-3829.6320732181152
2460834.323611111,-1544.4105247233788,-3740.9993028490417,-3631.506029923883
2460834.324305556,-1245.532568292306,-4053.192020015549,-3404.0201830132323
2460834.325,-936.5900797717253,-4332.706116010565,-3148.9956521740833
2460834.3256944446,-620.0697980640812,-4577.264902711209,-2868.4778397480395
2460834.326388889,-298.52318182931583,-4784.869838769256,-2564.720998899348
2460834.3270833334,25.453853861056672,-4953.817837080123,-2240.170942664136
2460834.327777778,349.2418031267688,-5082.716363359359,-1897.4459807030685
2460834.328472222,670.2188735936472,-5170.496119322157,-1539.316193806615
2460834.3291666666,985.7825416690793,-5216.421115309932,-1168.6811916223667
2460834.329861111,1293.3711552406048,-5220.095961079999,-788.5465295707804
2460834.3305555554,1590.4853669053348,-5181.470233442419,-401.99899108591774
2460834.33125,1874.7091707016207,-5100.839816580023,-12.180970656342607
2460834.331944444,2143.7303183551944,-4978.845151714458,377.73579217068635
2460834.332638889,2395.3598809522614,-4816.466381849862,764.576842898711
2460834.3333333335,2627.5507498671204,-4615.015420181812,1145.1917364651022
2460834.334027778,2838.4148671089606,-4376.125024245434,1516.4805570278418
2460834.3347222223,3026.2390094791576,-4101.734997606788,1875.4199583693694
2460834.3354166667,3189.49896608657,-3794.0756884460557,2219.0884469185535
2460834.336111111,3326.8719833802515,-3455.648983880251,2544.6906585000183
2460834.3368055555,3437.2473755632564,-3089.207035725643,2849.580392178481
2460834.3375,3519.7352338860137,-2697.7289645415167,3131.282203483564
2460834.3381944443,3573.6731918408955,-2284.3958140572227,3387.5113768791166
2460834.3388888887,3598.6312347148446,-1852.5640216174863,3616.192139464673
2460834.339583333,3594.4145625732526,-1405.737680288124,3815.4739992024975
2460834.340277778,3561.064537369367,-947.5398454490238,3983.746128716391
2460834.3409722224,3498.857758270101,-481.68314105591367,4119.649731781504
2460834.341666667,3408.303321738139,-11.939896783774488,4222.088356588403
2460834.342361111,3290.138327478338,457.88797442288285,4290.236135900253
2460834.3430555556,3145.3216959189535,923.999152813375,4323.543942003806
2460834.34375,2975.0263623266214,1382.6229613221656,4321.7434550227845
2460834.3444444444,2780.6299106366355,1830.04911601481,4284.8491446859925
2460834.345138889,2563.7037092887226,2262.6570088089616,4213.158166027817
2460834.345833333,2326.00060890577,2676.9443594645013,4107.248168785736
2460834.3465277776,2069.441263748526,3069.55506739076,3967.9730196629253
2460834.347222222,1796.0991409241062,3437.3060901308763,3796.456437302845
2460834.347916667,1508.1842853402425,3777.213167799579,3594.0835413211407
2460834.3486111113,1208.025926664942,4086.515190752899,3362.4903295224008
2460834.3493055557,898.0540150790496,4362.69701460692,3103.551101537653
2460834.35,580.7798019281604,4603.51050101307,2819.3638722530773
2460834.3506944445,258.77559069058856,4806.993569857427,2512.233833800511
2460834.351388889,-65.34619229357135,4971.487043706443,2184.6549530560133
2460834.3520833333,-388.9544368089569,5095.649072986295,1839.2898216755714
2460834.3527777777,-709.4211107066221,5178.466946988464,1478.9479037616986
2460834.353472222,-1024.1431392785778,5219.266116553803,1106.5623591126648
2460834.3541666665,-1330.5641842813804,5217.716284616835,725.1656490116479
2460834.354861111,-1626.1960954037313,5173.834457209295,337.86415959942474
2460834.355555556,-1908.6398074536564,5087.984889011817,-52.18790408823519
2460834.35625,-2175.6054512722967,4960.875904316405,-441.81507280432834
2460834.3569444446,-2424.9314679481636,4793.55362002013,-827.8473420155489
2460834.357638889,-2654.6025175030463,4587.392647316973,-1207.146779936441
2460834.3583333334,-2862.7660020702506,4344.083893367338,-1576.6337349975756
2460834.359027778,-3047.74704636095,4065.619624203802,-1933.3123730068362
2460834.359722222,-3208.0618022071276,3754.2759907652166,-2274.2952853097636
2460834.3604166666,-3342.428978784017,3412.5932447247155,-2596.8269409054183
2460834.361111111,-3449.7795272718763,3043.353895043796,-2898.3057779197998
2460834.3618055554,-3529.264439388121,2649.559068544826,-3176.3047621369724
2460834.3625,-3580.260646414411,2234.4033439219897,-3428.5902712900424
2460834.363194444,-3602.3750300957677,1801.2483243412041,-3653.139196666921
2460834.363888889,-3595.4465765223295,1353.5952077226082,-3848.1541812055866
2460834.3645833335,-3559.546720268727,895.0565946568388,-4012.076942499518
2460834.365277778,-3494.9779371963336,429.3277662031291,-4143.599646989055
2460834.3659722223,-3402.2706501797616,-39.84237329696758,-4241.674326268057
2460834.3666666667,-3282.1785152421708,-508.68049248281835,-4305.520330500437
2460834.367361111,-3135.6721533400055,-973.4180081421713,-4334.629827658239
2460834.3680555555,-2963.931390758192,-1430.320082632013,-4328.771356153081
2460834.36875,-2768.3360647734808,-1875.714305364804,-4287.991438910041
2460834.3694444443,-2550.455448202776,-2306.018919324912,-4212.614262567933
2460834.3701388887,-2312.0363404336713,-2717.7704603607453,-4103.239420822552
2460834.370833333,-2054.9898726304464,-3107.6506671361235,-3960.737716314662
2460834.371527778,-1781.377074712649,-3472.512513741752,-3786.2450125099863
2460834.3722222224,-1493.3932561762813,-3809.4052040304746,-3581.154126680767
2460834.372916667,-1193.3512618232296,-4115.597951432411,-3347.1047594784495
2460834.373611111,-883.6636764642976,-4388.602353147667,-3085.9714663201526
2460834.3743055556,-566.8240664948272,-4626.193156898699,-2799.8496885901104
2460834.375,-245.3873644587232,-4826.427207904898,-2491.039881039436
2460834.3756944444,78.05047071069038,-4987.660355150995,-2162.0298014054742
2460834.376388889,400.87337432313063,-5108.562105573914,-1815.4750464024623
2460834.377083333,720.4665022725706,-5188.127815609381,-1454.1779583059076
2460834.3777777776,1034.2377749571237,-5225.688231169868,-1081.0650523863194
2460834.378472222,1339.6394325950332,-5220.916209797933,-699.1631480902774
2460834.379166667,1634.1893819561706,-5173.830490432373,-311.574418201976
2460834.3798611113,1915.4921091581232,-5084.796414727563,78.54940597035743
2460834.3805555557,2181.258928802099,-4954.523547195888,468.03341052317654
2460834.38125,2429.327347311808,-4784.060187550054,853.7061819426633
2460834.3819444445,2657.6793257364884,-4574.784816861295,1232.4265105178963
2460834.382638889,2864.4582446187255,-4328.394566645957,1601.1098275787979
2460834.3833333333,3047.9843942294588,-4046.890845288438,1956.7540950059315
2460834.3840277777,3206.768839384768,-3732.562296116411,2296.464879320623
2460834.384722222,3339.525535753539,-3387.9652959318987,2617.4793611864566
2460834.3854166665,3445.1816042882037,-3015.9022292794994,2917.1890558359273
2460834.386111111,3522.885698390677,-2619.3978002675894,3193.161042556771
2460834.386805556,3572.014431847683,-2201.6736412875034,3443.1575440329007
2460834.3875,3592.1768560775554,-1766.121497550733,3665.153713149213
2460834.3881944446,3583.21700202139,-1316.275250228281,3857.353525842197
2460834.388888889,3545.2145185249888,-855.782039105665,4018.2037004169506
2460834.3895833334,3478.4834545958333,-388.37273244795733,4146.405589605204
2460834.390277778,3383.5692412072385,82.16803618821041,4240.925015083613
2460834.390972222,3261.243935523833,552.0320417606926,4301.00002233909
2460834.3916666666,3112.499791321041,1017.4176646628725,4326.146550932638
2460834.392361111,2938.541220086663,1474.559925583311,4316.16201723913
2460834.3930555554,2740.7752047632594,1919.760188735547,4271.126810564119
2460834.39375,2520.800226831045,2349.415366513406,4191.403702945763
2460834.394444444,2280.3937667301548,2760.046459789717,4077.6351723384387
2460834.395138889,2021.4984381768923,3148.326265503872,3930.738638163243
2460834.3958333335,1746.2068206481765,3511.1060753514967,3751.8996091579
2460834.396527778,1456.7450612375437,3845.441179204231,3542.5627474997755
2460834.3972222223,1155.4553313858637,4148.61497191139,3304.420864391204
2460834.3979166667,844.777228711718,4418.1614627098315,3039.401868807277
2460834.398611111,527.2282455285947,4651.885962003424,2749.6537195496585
2460834.3993055555,205.3834280449791,4847.883734546895,2437.5274407475663
2460834.4,-118.14561375078875,5004.556394579918,2105.5583001379537
2460834.4006944443,-440.7321782749849,5120.625838636792,1756.4452680035015
2460834.4013888887,-759.7562305504861,5195.145520803086,1393.0289147777376
2460834.402083333,-1072.626243116867,5227.508904191667,1018.2679275102399
2460834.402777778,-1376.800896668379,5217.454950059875,635.2144621872701
2460834.4034722224,-1669.81041378709,5165.070546195457,246.98857132423694
2460834.404166667,-1949.277298544758,5070.789818063087,-143.2480344791809
2460834.404861111,-2212.93625434247,4935.390312858794,-532.3186111085818
2460834.4055555556,-2458.653066664347,4759.986094867337,-917.0581080409817
2460834.40625,-2684.442252746133,4546.017836583263,-1294.3397127980104
2460834.4069444444,-2888.483297724164,4295.240037551487,-1661.1009280265748
2460834.407638889,-3069.1353263603714,4009.7055415211134,-2014.3689156243072
2460834.408333333,-3224.950084879377,3691.7475590633194,-2351.2848572946823
2460834.4090277776,-3354.6831394912365,3343.959427524922,-2669.127109360782
2460834.409722222,-3457.3032254164177,2969.1723647530116,-2965.332952261949
2460834.410416667,-3531.999712341593,2570.4314800764396,-3237.5187718461157
2460834.4111111113,-3578.188177300186,2150.970312541784,-3483.498537841736
2460834.4118055557,-3595.5141002496243,1714.1841611399454,-3701.300477699757
2460834.4125,-3583.85471664764,1263.602459360465,-3889.1818736110204
2460834.4131944445,-3543.319075850204,802.8604390990519,-4045.64193234463
2460834.413888889,-3474.246364976796,335.6702996208513,-4169.43270471357
2460834.4145833333,-3377.2025625441033,-134.20791488959958,-4259.568043219724
2460834.4152777777,-3252.9754876615625,-602.9955494407602,-4315.330599345384
2460834.415972222,-3102.568310789487,-1066.9245141615784,-4336.27686688647
2460834.4166666665,-2927.1915838862215,-1522.2662636864293,-4322.240281727758
2460834.417361111,-2728.253848569273,-1965.3604279332974,-4273.332383194815
2460834.418055556,-2507.3508715790304,-2392.642966162908,-4189.9420410172725
2460834.41875,-2266.2535550103694,-2800.6737067484805,-4072.7327451534074
2460834.4194444446,-2006.8945678632479,-3186.1631298521365,-3922.6379520040814
2460834.420138889,-1731.3537471660102,-3545.9982410725465,-3740.8544784298883
2460834.4208333334,-1441.842320073941,-3877.267373745513,-3528.833934268499
2460834.421527778,-1140.6860137280933,-4177.283734968219,-3288.2721932536792
2460834.422222222,-830.3071227683075,-4443.607508795679,-3021.096905734837
2460834.4229166666,-513.2056313281411,-4674.066304135599,-2729.4530789769115
2460834.423611111,-191.93950004990128,-4866.773734353253,-2415.686768183179
2460834.4243055554,130.8957538391405,-5020.145912673844,-2082.326942356034
2460834.425,452.6880236960097,-5132.91564370918,-1732.065627222653
2460834.425694444,770.8299594442943,-5204.144110117735,-1367.7364469476995
2460834.426388889,1082.7404936424375,-5233.229865381435,-992.2917294883678
2460834.4270833335,1385.886342815436,-5219.9149743684875,-608.7783616902408
2460834.427777778,1677.803261671375,-5164.288173632052,-220.3126153765577
2460834.4284722223,1956.1168223483862,-5066.784964303855,169.94580944304363
2460834.4291666667,2218.562492992167,-4928.184594085484,558.8202615963497
2460834.429861111,2463.004791016863,-4749.603932908632,943.1438533292879
2460834.4305555555,2687.455304162986,-4532.488292340865,1319.786131629418
2460834.43125,2890.0893808513006,-4278.599290736098,1685.67941262538
2460834.4319444443,3069.2613230228576,-3989.9999043333764,2037.8445075664276
2460834.4326388887,3223.5179332727685,-3669.036887717682,2373.4155724708207
2460834.433333333,3351.6102983523656,-3318.320781602636,2689.6638354730894
2460834.434027778,3452.50372350268,-2940.703746532221,2984.0199867450133
2460834.4347222224,3525.3857583362733,-2539.255483896472,3254.095038251706
2460834.435416667,3569.672285018451,-2117.237511308347,3497.699495500504
2460834.436111111,3585.0116636118896,-1678.0760667095592,3712.860710441685
2460834.4368055556,3571.2869527815315,-1225.3339050287848,3897.838318809614
2460834.4375,3528.616240763981,-762.6812448818299,4051.1376893454235
2460834.4381944444,3457.351134808164,-293.8661044782523,4171.521337624434
2460834.438888889,3358.0734662694804,177.31574531583112,4258.0182738976155
2460834.439583333,3231.5902731866145,647.0510054097381,4309.931270623401
2460834.4402777776,3078.9271247216884,1111.5390549112046,4326.842043156778
2460834.440972222,2901.3198488862126,1567.0219664730319,4308.61434343399
2460834.441666667,2700.2047258479206,2009.8141549602694,4255.394966327373
2460834.4423611113,2477.2072071497046,2436.33149362794,4167.612670037282
2460834.4430555557,2234.1292164331526,2843.1197386675963,4045.975008688312
2460834.44375,1972.9350972125678,3226.8820807687293,3891.463077570567
2460834.4444444445,1695.7362681415045,3584.5056543002233,3705.324170332599
2460834.445138889,1404.7746609713017,3913.086809504291,3489.0623546331976
2460834.4458333333,1102.4050277416063,4209.954945515234,3244.426983756616
2460834.4465277777,791.0762110236197,4472.694699773967,2973.399170156357
2460834.447222222,473.3114992444167,4699.16626935831,2678.176273626125
2460834.4479166665,151.68820111132547,4887.523646949625,2361.1544754695597
2460834.448611111,-171.18340571937418,5036.23055486923,2024.9095371869462
2460834.449305556,-492.6815717435987,5144.073868497374,1672.1758770218353
2460834.45,-810.1948273444195,5210.174343081349,1305.8241219104216
2460834.4506944446,-1121.1437769521694,5233.994479931336,928.8373284475123
2460834.451388889,-1423.00271436998,5215.3434027624,544.286093060112
2460834.4520833334,-1713.3208323786835,5154.378653657912,155.30279556892577
2460834.452777778,-1989.7427972750654,5051.604861728606,-234.9447575700775
2460834.453472222,-2250.0284645650577,4907.86928538094,-623.280009991953
2460834.4541666666,-2492.0715269419948,4724.354275249108,-1006.5443700364881
2460834.454861111,-2713.91689540222,4502.566754899368,-1381.6236711124977
2460834.4555555554,-2913.7766428729424,4244.324859169458,-1745.4741021307448
2460834.45625,-3090.044364468405,3951.741907267297,-2095.147346397903
2460834.456944444,-3241.3078323737022,3627.2079269977908,-2427.814679432284
2460834.457638889,-3366.3598594150526,3273.368966379857,-2740.7898119535653
2460834.4583333335,-3464.2073110721353,2893.1044524274193,-3031.550285697958
2460834.459027778,-3534.0782375382514,2489.5028600615,-3297.757267863092
2460834.4597222223,-3575.4271204704914,2065.8359627967293,-3537.273614961451
2460834.4604166667,-3587.938253768433,1625.531928797823,-3748.1801114314644
2460834.461111111,-3571.52729587183,1172.1475119190134,-3928.789817616319
2460834.4618055555,-3526.341043953409,709.3395735493141,-4077.6604843749747
2460834.4625,-3452.7554900341956,240.83615473117936,-4193.605011409788
2460834.4631944443,-3351.372223397847,-229.5927082018745,-4275.69994389934
2460834.4638888887,-3223.0132444516416,-698.1642449929019,-4323.292009444209
2460834.464583333,-3068.714253548094,-1161.112128392519,-4336.002703468475
2460834.465277778,-2889.7164722468465,-1614.7154239898343,-4313.730932027943
2460834.4659722224,-2687.457052940468,-2055.3271673120553,-4256.653717577866
2460834.466666667,-2463.5581240158035,-2479.4024397380836,-4165.224969707934
2460834.467361111,-2219.8145187403607,-2883.525800593515,-4040.172317570473
2460834.4680555556,-1958.1802317265353,-3264.4379353502345,-3882.4919962346175
2460834.46875,-1680.7536531710964,-3619.061361300544,-3693.4417787862803
2460834.4694444444,-1389.7616322576366,-3944.525026788735,-3474.5319452041053
2460834.470138889,-1087.5424383832415,-4238.18761495825,-3227.5142896788248
2460834.470833333,-776.5276938173965,-4497.659360600725,-2954.3691735657894
2460834.4715277776,-459.22337869701306,-4720.822164990273,-2657.2906551792407
2460834.472222222,-138.1900173222872,-4905.847797690305,-2338.669740042714
2460834.472916667,183.97781319699058,-5051.213961703531,-2001.0758301013132
2460834.4736111113,504.67249648087386,-5155.7180099556,-1647.2364738853025
2460834.4743055557,821.2947347666836,-5218.488110934991,-1280.0155520571386
2460834.475,1131.2750530012447,-5238.991681099298,-902.3900668720715
2460834.4756944445,1432.095239496779,-5217.040930646473,-517.425731090766
2460834.476388889,1721.3094994409346,-5152.79540294357,-128.25158407275023
2460834.4770833333,1996.5650941457718,-5046.761429534571,261.96611488051764
2460834.4777777777,2255.6222396447015,-4899.7884674016495,650.0504472593826
2460834.478472222,2496.3730453579265,-4713.062331927011,1032.8405698861998
2460834.4791666665,2716.859283757553,-4488.095388357627,1407.2183339499486
2460834.479861111,2915.2888024151607,-4226.713810919123,1770.1345041938134
2460834.480555556,3090.050412063121,-3931.04206198479,2118.634302321395
2460834.48125,3239.7271117409186,-3603.48477928459,2449.8820169113565
2460834.4819444446,3363.107536514681,-3246.70629829326,2761.1844350147426
2460834.482638889,3459.1955496903847,-2863.608050497305,3050.012889818973
2460834.4833333334,3527.2179247644026,-2457.30410407696,3314.0237363754695
2460834.484027778,3566.6300936628068,-2031.0951131215747,3551.077106687588
2460834.484722222,3577.119959978786,-1588.4409521143205,3759.2538186946745
2460834.4854166666,3558.6097993302897,-1132.9322934302795,3936.870351658975
2460834.486111111,3511.2562832621,-668.2613837499548,4082.4918196573617
2460834.4868055554,3435.448677060082,-198.19226092518807,4194.942899125672
2460834.4875,3331.80526897054,273.46937348893914,4273.316687385537
2460834.488194444,3201.168091917536,742.9064202022942,4316.981478047595
2460834.488888889,3044.59600198871,1206.320592380279,4325.585448437635
2460834.4895833335,2863.3561729785224,1659.962403163402,4299.0592600250175
2460834.490277778,2658.914070308255,2100.1607498106346,4237.616571640261
2460834.4909722223,2432.9219589672193,2523.35194038539,4141.752465913223
2460834.4916666667,2187.2060071180376,2926.1079866480272,4012.2397880383273
2460834.492361111,1923.7520447335205,3305.1639946110276,3850.1233963580557
2460834.4930555555,1644.690041900704,3657.4444722759217,3656.712325505817
2460834.49375,1352.2773836803733,3980.0883582322253,3433.5698712697804
2460834.4944444443,1048.8810260826722,4270.472570764109,3182.5016144162287
2460834.4951388887,736.9586378143165,4526.233861226452,2905.54141923263
2460834.495833333,419.03884497449025,4745.288755391994,2604.9354586766735
2460834.496527778,97.70072157045833,4925.8513589357235,2283.1243472994893
2460834.4972222224,-224.44731565087184,5066.448812994833,1942.723487385245
2460834.497916667,-544.7890280152143,5165.934195567032,1586.5017652859738
2460834.498611111,-860.7220908537704,5223.496684003752,1217.3587692266951
2460834.4993055556,-1169.6798361677038,5238.668823911677,838.3007228385344
2460834.5,-1469.1527754688104,5211.330781037705,452.41536492430185
2460834.5006944444,-1756.7096768771464,5141.711495218623,62.84602351381279
2460834.501388889,-2030.0179676081862,5030.3866993409365,-327.23484508789693
2460834.502083333,-2286.8632411732538,4878.273814119029,-714.6523710618923
2460834.5027777776,-2525.167661122248,4686.623777060128,-1096.25595335269
2460834.503472222,-2743.0070690582584,4457.009912265454,-1468.9456218658756
2460834.504166667,-2938.626631386718,4191.313988617798,-1829.6978072957706
2460834.5048611113,-3110.454881567699,3891.709654496475,-2175.5902561209414
2460834.5055555557,-3257.1160453014454,3560.6434690549745,-2503.825852285255
2460834.50625,-3377.4405669273774,3200.8137725474626,-2811.755135496726
2460834.5069444445,-3470.4737834661723,2815.1476566696733,-3096.897332893045
2460834.507638889,-3535.482722158059,2406.776300786039,-3356.959755380152
2460834.5083333333,-3571.9610211716554,1979.0089458789457,-3589.855437166773
2460834.5090277777,-3579.631996972851,1535.3057630949904,-3793.7189336134484
2460834.509722222,-3558.4498973152376,1079.2498688083072,-3966.9202144251735
2460834.5104166665,-3508.5993924181444,614.5187145505546,-4108.076617025274
2460834.511111111,-3430.493364776445,144.85506866135992,-4216.062840349075
2460834.511805556,-3324.7690614737826,-325.9622231318956,-4290.01897697518
2460834.5125,-3192.2826732918297,-794.1475208898713,-4329.356586692043
2460834.5131944446,-3034.102402002358,-1255.9375617362095,-4333.762820578418
2460834.513888889,-2851.5000728860196,-1707.620373922677,-4303.202603752107
2460834.5145833334,-2645.941344669358,-2145.563795885166,-4237.918881992748
2460834.515277778,-2419.0745641158246,-2566.2434658731886,-4138.430932478894
2460834.515972222,-2172.7183121663797,-2966.2701400829988,-4005.5307348431365
2460834.5166666666,-1908.8476846858402,-3342.4161974358494,-3840.277393850204
2460834.517361111,-1629.5793570396784,-3691.641170464417,-3643.98960447244
2460834.5180555554,-1337.1554900484505,-4011.116127938619,-3418.2361545841486
2460834.51875,-1033.9265413587384,-4298.246726036588,-3164.8244650272027
2460834.519444444,-722.3330646020659,-4550.694725056613,-2885.7871814523983
2460834.520138889,-404.88659607565535,-4766.397759305247,-2583.366850440112
2460834.5208333335,-84.1497465296287,-4943.58714303771,-2259.9987331469843
2460834.521527778,237.28436143743,-5080.803492668238,-1918.2918376321086
2460834.5222222223,556.8131471084066,-5176.909951774101,-1561.0082825334148
2460834.5229166667,871.8459373823371,-5231.102821542199,-1191.0411317644248
2460834.523611111,1179.8254428661405,-5242.919418467118,-811.3908763800089
2460834.5243055555,1478.2491288522106,-5212.2430125253895,-425.14077055992476
2460834.525,1764.690262608822,-5139.304735179627,-35.431248039824624
2460834.5256944443,2036.818404602404,-5024.682387397568,354.56631994305474
2460834.5263888887,2292.4191204585163,-4869.296124794164,741.6762553677594
2460834.527083333,2529.4126950390373,-4674.401044736532,1122.74530806049
2460834.527777778,2745.8716464040413,-4441.576746705179,1494.6692096926156
2460834.5284722224,2940.036851612528,-4172.713987019304,1854.4187585194431
2460834.529166667,3110.332126252455,-3869.9985869324555,2199.0651668159335
2460834.529861111,3255.3771216193477,-3535.892793244461,2525.804412736204
2460834.5305555556,3373.9984345059643,-3173.1143196725548,2831.9803641062076
2460834.53125,3465.238854306026,-2784.613318326702,3115.1064694331576
2460834.5319444444,3528.364699950925,-2373.547547666633,3372.8858386912225
2460834.532638889,3562.8712274162904,-1943.2560062046016,3603.2295705562556
2460834.533333333,3568.486111392255,-1497.2313032401726,3804.2732107496536
2460834.5340277776,3545.1710253204883,-1039.0910273756272,3974.3912569285744
2460834.534722222,3493.1213594938667,-572.5483658013964,4112.209648826443
2460834.535416667,3412.7641281262013,-101.38220433341837,4216.616206897424
2460834.5361111113,3304.7541232727094,370.59307087150324,4286.768995819898
2460834.5368055557,3169.968376868679,839.5578709358267,4322.102603314833
2460834.5375,3009.4989928081914,1301.7176143637712,4322.332330953753
2460834.5381944445,2824.6444099869627,1753.3326742945824,4287.456297365538
2460834.538888889,2616.8991534333964,2190.7478988661805,4217.755454223194
2460834.5395833333,2387.942134232,2610.42153069701,4113.791515288156
2460834.5402777777,2139.6235527065,3008.953365960898,3976.402797019283
2460834.540972222,1873.9504682112747,3383.1119718797777,3806.6979707764003
2460834.5416666665,1593.0711003674917,3729.860781941149,3606.0477286739247
2460834.542361111,1299.2579395480057,4046.382870507621,3376.0743738437245
2460834.543055556,994.8897556321856,4330.104201112834,3118.639356987797
2460834.54375,682.432609032528,4578.715134028822,2835.8287965208165
2460834.5444444446,364.41998888625506,4790.189970583354,2529.937042717158
2460834.545138889,43.43222349292388,4962.804312799403,2203.448372518679
2460834.5458333334,-277.92467618922916,5095.150026264376,1859.016925822534
2460834.546527778,-597.0405529467571,5186.147603110778,1499.4450310393922
2460834.547222222,-911.3228196719831,5235.055747440463,1127.6600949894391
2460834.5479166666,-1218.2181428477343,5241.478033597539,746.6902604411283
2460834.548611111,-1515.233865533505,5205.366522488614,359.6390679261723
2460834.5493055554,-1799.9589440774885,5127.022264491055,-30.340625328833536
2460834.55,-2070.084171853857,5007.092661592501,-420.07319658801623
2460834.550694444,-2323.42146889746,4846.565710795008,-806.3869919533132
2460834.551388889,-2557.922036285669,4646.7611965415845,-1186.1409622332587
2460834.5520833335,-2771.69318475034,4409.318949406163,-1556.2509105562517
2460834.552777778,-2963.0136776331933,4136.184328214009,-1913.7150828081599
2460834.5534722223,-3130.3474523406817,3829.5911197587807,-2255.638845777717
2460834.5541666667,-3272.35561221958,3492.0420834512483,-2579.2582179518854
2460834.554861111,-3387.906613700758,3126.2873872750497,-2881.962050570553
2460834.5555555555,-3476.0846006772913,2735.30119913296,-3161.312682632204
2460834.55625,-3536.1958673825907,2322.256699896793,-3415.0649291945288
2460834.5569444443,-3567.77345398941,1890.499786639456,-3641.183290242421
2460834.5576388887,-3570.579900855036,1443.5217256069093,-3837.8572987237376
2460834.558333333,-3544.608203724626,984.9309980839649,-4003.5149543837565
2460834.559027778,-3490.0810233586194,518.4245682504443,-4136.834210581033
2460834.5597222224,-3407.4482100322602,47.75877822566897,-4236.75250081295
2460834.560416667,-3297.382707078836,-423.27993624801775,-4302.4743018478885
2460834.561111111,-3160.7748957138992,-890.9043465010253,-4333.4767413510735
2460834.5618055556,-2998.7254413680753,-1351.3555892450365,-4329.513257315348
2460834.5625,-2812.536696848178,-1800.9320404997816,-4290.6153176302305
2460834.5631944444,-2603.702712158237,-2236.017769559913,-4217.092203835249
2460834.563888889,-2373.8978981648147,-2653.1104347510086,-4109.528858371382
2460834.564583333,-2124.9643875628494,-3048.84848272151,-3968.781789724146
2460834.5652777776,-1858.8981389391554,-3420.0375002739834,-3795.973027113201
2460834.565972222,-1577.8338321488868,-3763.6755587087564,-3592.4821154742244
2460834.566666667,-1284.0286145464445,-4076.9773714765565,-3359.9361475281216
2460834.5673611113,-979.8447630351545,-4357.397079444135,-3100.1978340189444
2460834.5680555557,-667.7313500993656,-4602.6494543436875,-2815.3516324348257
2460834.56875,-350.20501451882245,-4810.729308627147,-2507.687969714511
2460834.5694444445,-29.829959980874364,-4979.928891434531,-2179.685619437698
2460834.570138889,290.8026740794584,-5108.853051609637,-1833.9923213839634
2460834.5708333333,609.0959031204613,-5196.431956501624,-1473.4037624476862
2460834.5715277777,922.4682645254576,-5241.931171758665,-1100.8410686450814
2460834.572222222,1228.3752575597791,-5244.958930579963,-719.3269908801335
2460834.5729166665,1524.3306420088452,-5205.470452341948,-331.9609939711592
2460834.573611111,1807.9273672797701,-5123.769208133471,58.10650816286563
2460834.574305556,2076.8579107319247,-5000.505073071898,447.7005190699535
2460834.575,2328.9337926967974,-4836.669354009519,833.6481411112152
2460834.5756944446,2562.104061983674,-4633.586725267834,1212.8052987281344
2460834.576388889,2774.4725437014135,-4392.904158669221,1582.0832052331511
2460834.5770833334,2964.3136754315783,-4116.576972816452,1938.4743006889762
2460834.577777778,3130.0867709820745,-3806.8521755028232,2279.077383680508
2460834.578472222,3270.448587036793,-3466.2493007773824,2601.12169268891
2460834.5791666666,3384.264090868638,-3097.5389772577955,2901.989706069063
2460834.579861111,3470.6153604038136,-2703.7194808115737,3179.238463750518
2460834.5805555554,3528.808575184526,-2287.991537512289,3430.61924241369
2460834.58125,3558.3790825148744,-1853.7316517357874,3654.095444400726
2460834.581944444,3559.094547790243,-1404.4642221644845,3847.858597085578
2460834.582638889,3530.956215003833,-943.8327121592185,4010.342379594888
2460834.5833333335,3474.198319922989,-475.570117246979,4140.234625120495
2460834.584027778,3389.2857072753286,-3.468959452819718,4236.487264259839
2460834.5847222223,3276.909710466724,468.6489737344831,4298.324189354371
2460834.5854166667,3137.9823541419087,936.9629530253386,4325.247033062527
2460834.586111111,2973.628940973555,1397.6835066693548,4317.038858328379
2460834.5868055555,2785.179081131699,1847.0823259666183,4273.7657606407365
2460834.5875,2574.1562237231883,2281.5217046813937,4195.776383138315
2460834.5881944443,2342.26574462041,2697.48335214059,4083.699343920337
2460834.5888888887,2091.3816504704905,3091.596404392825,3938.4385747979927
2460834.589583333,1823.531959067868,3460.6644590385067,3761.1665715900463
2460834.590277778,1540.882822341846,3801.6914479702036,3553.3155588005648
2460834.5909722224,1245.7214745896079,4111.906143175025,3316.56658401867
2460834.591666667,940.4380915378292,4388.785094467877,3052.836563037539
2460834.592361111,627.5066760261064,4630.0737726541975,2764.263324111
2460834.5930555556,309.46509058439455,4833.805703772134,2453.1887111317574
2460834.59375,-11.10560933926741,4998.319367637033,2122.1398426136006
2460834.5944444444,-331.6023766177504,5122.272651324072,1773.8086451728147
2460834.595138889,-649.4217202941657,5204.654659804538,1411.0298141683932
2460834.595833333,-961.9813958524313,5244.794710048077,1036.7573850011327
2460834.5965277776,-1266.7420216079934,5242.368365959143,654.0401269063077
2460834.597222222,-1561.228394762263,5197.400408625212,265.9959994378866
2460834.597916667,-1843.0502809186964,5110.26467923975,-124.21407045305386
2460834.5986111113,-2109.9224493153665,4981.680778476856,-513.4128113839419
2460834.5993055557,-2359.683740054391,4812.707653826317,-898.4333485445868
2460834.6,-2590.3149599741714,4604.73415494892,-1276.1457731113915
2460834.6006944445,-2799.955426701215,4359.466682132831,-1643.4832597840561
2460834.601388889,-2986.9180033890752,4078.9140945781005,-1997.4674629930203
2460834.6020833333,-3149.702494456499,3765.370080623886,-2335.23294172936
2460834.6027777777,-3287.007300760225,3421.3932234033296,-2654.050384499021
2460834.603472222,-3397.739266071222,3049.785009705042,-2951.348441403598
2460834.6041666665,-3481.0216710069803,2653.5660498263405,-3224.7339920986856
2460834.604861111,-3536.200360534543,2235.95077806558,-3472.0107151244115
2460834.605555556,-3562.8480151446206,1800.3208944316495,-3691.195858220971
2460834.60625,-3560.766593167911,1350.1978106976387,-3880.5351302676695
2460834.6069444446,-3529.9879894536325,889.2143352715105,-4038.5156704210376
2460834.607638889,-3470.772964615587,421.0858258285706,-4163.877064145941
2460834.6083333334,-3383.6084060051703,-50.41899040419325,-4255.620397439701
2460834.609027778,-3269.2029828708046,-521.5073450170715,-4313.015349448075
2460834.609722222,-3128.4812579359054,-988.3917365844296,-4335.605329957427
2460834.6104166666,-2962.5763128218396,-1447.319071095491,-4323.210671361415
2460834.611111111,-2772.8209413661953,-1894.5994901332267,-4275.929881655591
2460834.6118055554,-2560.7374591383705,-2326.634752136627,-4194.138961786543
2460834.6125,-2328.0261741209115,-2739.9460296529837,-4078.488785201436
2460834.613194444,-2076.5525623101075,-3131.2009796837997,-3929.9005332087736
2460834.613888889,-1808.33319403542,-3497.23993402289,-3749.559177836477
2460834.6145833335,-1525.520458426912,-3835.1010481350813,-3538.9050023739314
2460834.615277778,-1230.3861491660255,-4142.044222354546,-3299.623159096604
2460834.6159722223,-925.3039780829494,-4415.573607483066,-3033.631267601395
2460834.6166666667,-612.7311084807645,-4653.458481699982,-2743.0650786511583
2460834.617361111,-295.1888124881978,-4853.752285034805,-2430.2622442279494
2460834.6180555555,24.75762244307665,-5014.809591169099,-2097.7442583261263
2460834.61875,344.51958447539187,-5135.300794679351,-1748.1966681465349
2460834.6194444443,661.5062585641334,-5214.224307792233,-1384.4476796771912
2460834.6201388887,973.1459912015856,-5250.916075741601,-1009.4453124842868
2460834.620833333,1276.907687108234,-5245.056243346338,-626.2332997059971
2460834.621527778,1570.322026310592,-5196.672841864189,-237.92594442423106
2460834.6222222224,1851.0022704607345,-5106.142401765562,152.31781663079198
2460834.622916667,2116.6644363627715,-4974.187442022046,541.3208836774733
2460834.623611111,2365.146611326412,-4801.870833012654,925.9147167082162
2460834.6243055556,2594.427197683086,-4590.587079812602,1302.9660233832733
2460834.625,2802.641891245317,-4342.050619349755,1669.4031268148076
2460834.6256944444,2988.099219643506,-4058.2812675445707,2022.241736277288
2460834.626388889,3149.294486816468,-3741.586998244925,2358.609849695161
2460834.627083333,3284.9220040774417,-3394.5442636268176,2675.771547427604
2460834.6277777776,3393.885513086093,-3019.9760965221167,2971.149454757279
2460834.628472222,3475.306737311978,-2620.9282510002727,3242.3456827912264
2460834.629166667,3528.532025094932,-2200.6436530086476,3487.1610841935594
2460834.6298611113,3553.1370751904637,-1762.5354272896004,3703.6126975472434
2460834.6305555557,3548.9297553316233,-1310.1587736442443,3889.9492762596765
2460834.63125,3515.9510444950115,-847.1819445173008,4044.6648326024565
2460834.6319444445,3454.47414171362,-377.35656970802387,4166.5101458844565
2460834.632638889,3365.001794623147,95.5124437981027,4254.502204757346
2460834.6333333333,3248.261905714519,567.5972296761925,4307.931568862127
2460834.6340277777,3105.2014759282283,1035.077303941776,4326.367642991513
2460834.634722222,2936.9789460871507,1494.169746622207,4309.661862314474
2460834.6354166665,2744.9549937239035,1941.1590549512962,4257.948789913872
2460834.636111111,2530.681842735966,2372.4264984448173,4171.645127012078
2460834.636805556,2295.8911402449803,2784.4788125437576,4051.4466348380797
2460834.6375,2042.4804594837763,3173.9760553271853,3898.322967277076
2460834.6381944446,1772.498491001273,3537.758447558996,3713.5104158908794
2460834.638888889,1488.1289877014842,3872.872010881773,3498.5025706758456
2460834.6395833334,1191.6735486050775,4176.59279493791,3255.0389142889794
2460834.640277778,885.5333338495235,4446.449485323329,2985.091377902903
2460834.640972222,572.1898222637105,4680.244172625608,2690.8489060211605
2460834.6416666666,254.1847437775864,4876.071058223016,2374.7001024405595
2460834.642361111,-65.90065973189073,5032.332875933096,2039.2140582262227
2460834.6430555554,-385.4668784868919,5147.754822374234,1687.1194851766281
2460834.64375,-701.9176858782765,5221.395798892727,1321.2823217792168
2460834.644444444,-1012.6817966851397,5252.656800998839,944.6819951872113
2460834.645138889,-1315.2344091912862,5241.286317707963,560.3865630865499
2460834.6458333335,-1607.1184069573856,5187.382645147984,171.52697799349693
2460834.646527778,-1885.9649917505333,5091.393061526303,-218.72926040617443
2460834.6472222223,-2149.5135244626063,4954.109857744472,-607.2047863426636
2460834.6479166667,-2395.630361216108,4776.663265579117,-990.7390970617625
2460834.648611111,-2622.3264846339443,4560.511375055977,-1366.2150396492946
2460834.6493055555,-2827.7737572811284,4307.427174092222,-1730.5847816557045
2460834.65,-3010.319642882643,4019.4828869824455,-2080.8949963702444
2460834.6506944443,-3168.5002723333396,3699.031821250825,-2414.311018830825
2460834.6513888887,-3301.0517601701185,3348.687959873824,-2728.1397527262316
2460834.652083333,-3406.919707681206,2971.303552581522,-3019.851139334771
2460834.652777778,-3485.2668554468364,2569.9449748829747,-3287.0980266553565
2460834.6534722224,-3535.478876588215,2147.867121038325,-3527.7343136855834
2460834.654166667,-3557.1683230993003,1708.4865988484287,-3739.8312708247677
2460834.654861111,-3550.1767580280457,1255.3539723200088,-3921.691972531242
2460834.6555555556,-3514.5751185997524,792.1252992762021,-4071.8637938937986
2460834.65625,-3450.6623667756776,322.5331742396749,-4189.148953058581
2460834.6569444444,-3358.9624876425423,-149.6425198794095,-4272.613089675784
2460834.657638889,-3240.2198975246315,-620.603974456067,-4321.591882985274
2460834.658333333,-3095.3933223328986,-1086.564767552341,-4335.695716757017
2460834.6590277776,-2925.6482026431354,-1543.778978048961,-4314.812400257782
2460834.659722222,-2732.347676597331,-1988.5699629098062,-4259.107951461538
2460834.660416667,-2517.042187884401,-2417.358660020268,-4169.025444098479
2460834.6611111113,-2281.4577631621864,-2826.6912778839924,-4045.2819157502768
2460834.6618055557,-2027.4830006230288,-3213.2662300884786,-3888.863329223731
2460834.6625,-1757.1548165566323,-3573.9601558909803,-3701.0175788289966
2460834.6631944445,-1472.6430002110076,-3905.852859914761,-3483.245534058032
2460834.663888889,-1176.2336358437083,-4206.250988717432,-3237.290117771759
2460834.6645833333,-870.3114712296951,-4472.710239966616,-2965.1234326971417
2460834.6652777777,-557.341316824298,-4703.055901394455,-2668.9319573263188
2460834.665972222,-239.84859103156134,-4895.401494569749,-2351.099862748175
2460834.6666666665,79.60085862064777,-5048.16530421975,-2014.190522819187
2460834.667361111,398.42150634660777,-5160.08457593203,-1660.9263192609178
2460834.668055556,714.0292956673492,-5230.227175421153,-1294.166877024608
2460834.66875,1023.8629933391747,-5258.000523743268,-916.8858930202324
2460834.6694444446,1325.405537678424,-5243.157648290497,-532.1467589682953
2460834.670138889,1616.2051649560237,-5185.800225911207,-143.07719966878383
2460834.6708333334,1893.896086627564,-5086.378533052187,247.156822461956
2460834.671527778,2156.2184903577786,-4945.688263812155,635.3776670054764
2460834.672222222,2401.037644500124,-4764.864224549314,1018.4227582853412
2460834.6729166666,2626.3618979505413,-4545.370960902167,1393.1712259052017
2460834.673611111,2830.3593815740296,-4288.990421777876,1756.5701551571124
2460834.6743055554,3011.373242049714,-3997.806807334948,2105.660172322555
2460834.675,3167.9352619886567,-3674.188789886291,2437.6001009206448
2460834.675694444,3298.7777530850317,-3320.7693212272075,2749.690455664882
2460834.676388889,3402.843630219892,-2940.423278838249,3039.3955509207813
2460834.6770833335,3479.2946128768167,-2536.2432031344697,3304.364048713999
2460834.677777778,3527.5175199310384,-2111.513403013848,3542.4477856445505
2460834.6784722223,3547.1286538148283,-1669.6826952093518,3751.718760822299
2460834.6791666667,3537.9762884039546,-1214.3360451475392,3930.4841894414353
2460834.679861111,3500.141293333127,-749.1653650930266,4077.2995551791896
2460834.6805555555,3433.935939921173,-277.93970599867896,4190.9796188725595
2460834.68125,3339.9009416232057,195.52493318649357,4270.60735643038
2460834.6819444443,3218.8007877629107,667.3959688112119,4315.540812389113
2460834.6826388887,3071.6174286054984,1133.8545851656977,4325.417865984894
2460834.683333333,2899.5423718244924,1591.125890186336,4300.158907862017
2460834.684027778,2703.9672461966416,2035.5087095588485,4239.9674291217
2460834.6847222224,2486.472888950106,2463.404848996617,4145.328522592253
2460834.685416667,2248.817011143055,2871.3476591119443,4017.0052953015065
2460834.686111111,1992.9204997457766,3256.0297264273127,3856.033191781349
2460834.6868055556,1720.8524170130463,3614.3295112475184,3663.7122289840863
2460834.6875,1434.8137691703632,3943.3367361270048,3441.5971509488427
2460834.6881944444,1137.1201273447418,4240.376320195506,3191.485521802699
2460834.688888889,830.1831962129952,4503.030646861998,2915.4037886162364
2460834.689583333,516.4914491049445,4729.159939586965,2615.591370030199
2460834.6902777776,198.5899624619426,4916.920524933618,2294.48284676381
2460834.690972222,-120.94039358981762,5064.780762485108,1954.6883607242298
2460834.691666667,-439.5042327501716,5171.534434140224,1598.9723590635988
2460834.6923611113,-754.5132051250495,5236.311404731066,1230.230849416185
2460834.6930555557,-1063.4076135658913,5258.585391730836,851.4673662626222
2460834.69375,-1363.6778746274601,5238.178717513192,465.7678728801455
2460834.6944444445,-1652.885598405677,5175.263956393785,76.27484748612537
2460834.695138889,-1928.6840572946455,5070.362433845783,-313.8391740371318
2460834.6958333333,-2188.8378244415435,4924.339583010338,-701.3983203661768
2460834.6965277777,-2431.2413704181254,4738.397211794529,-1083.250083271155
2460834.697222222,-2653.9364253345007,4514.062780837036,-1456.2917078391026
2460834.6979166665,-2855.1279339710686,4253.175837603541,-1817.4959964823752
2460834.698611111,-3033.198459186966,3957.871789298216,-2163.936267834008
2460834.699305556,-3186.7209144647827,3630.5632327539965,-2492.810228738502
2460834.7,-3314.46953940395,3273.919079985808,-2801.462550129513
2460834.7006944446,-3415.429057241788,2890.8417422065795,-3087.4059591212203
2460834.701388889,-3488.8019861977436,2484.442634614302,-3348.34070084786
2460834.7020833334,-3534.0140975180725,2058.0162765341624,-3582.172245117142
2460834.702777778,-3550.7180390599483,1615.0132410288022,-3787.0271543094823
2460834.703472222,-3538.7951574632752,1159.0122125885337,-3961.267045390318
2460834.7041666666,-3498.3555678390826,693.6913786106549,-4103.500612999725
2460834.704861111,-3429.736526748571,222.79937394832677,-4212.593692376389
2460834.7055555554,-3333.499169203548,-249.87402971848041,-4287.677358965168
2460834.70625,-3210.423670734967,-720.527313378954,-4328.154068675128
2460834.706944444,-3061.5028931126435,-1185.3765208684508,-4333.701847323585
2460834.707638889,-2887.9345684286736,-1640.684342510563,-4304.2765374617575
2460834.7083333335,-2691.1120713933005,-2082.7888335651123,-4240.1121080438925
2460834.709027778,-2472.6138255166557,-2508.131630832691,-4141.719027734005
2460834.7097222223,-2234.1913846893785,-2913.285530350545,-4009.880696978931
2460834.7104166667,-1977.7562351104,-3294.981274162636,-3845.647931892898
2460834.711111111,-1705.3653604501148,-3650.133392850756,-3650.3314898046997
2460834.7118055555,-1419.2056241374232,-3975.8649275301577,-3425.4926307114256
2460834.7125,-1121.5770324512764,-4269.530843212382,-3172.931716571571
2460834.7131944443,-814.8749517159962,-4528.739935562251,-2894.6748587812563
2460834.7138888887,-501.57137970425936,-4751.375011342856,-2592.9586493635493
2460834.714583333,-184.19538032234462,-4935.611127496267,-2270.21302513026
2460834.715277778,134.68717923075835,-5079.931663436891,-1929.0423480720187
2460834.7159722224,452.4944332855781,-5183.142011972654,-1572.204810619557
2460834.716666667,766.6496866515384,-5244.380685747774,-1202.590307350505
2460834.717361111,1074.6027506794715,-5263.1276575531165,-823.1969476664685
2460834.7180555556,1373.8512364437622,-5239.209782620552,-437.1064124126654
2460834.71875,1661.9615837462889,-5172.803186239165,-47.45838592253242
2460834.7194444444,1936.5895987651788,-5064.43254206587,342.57568057854127
2460834.720138889,2195.5002757169545,-4914.967212329836,729.8192027762765
2460834.720833333,2436.5866844017232,-4725.614268408735,1111.11721165025
2460834.7215277776,2657.887715246073,-4497.908460972247,1483.3629251132536
2460834.722222222,2857.604498231913,-4233.699251036652,1843.5238651819127
2460834.722916667,3034.1153262179596,-3935.135062424474,2188.667240167437
2460834.7236111113,3185.988947666011,-3604.6449464118805,2515.984341924432
2460834.7243055557,3311.9961149310657,-3244.9178885751744,2822.8137182978244
2460834.725,3411.119309819774,-2858.88000194356,3106.662919557567
2460834.7256944445,3482.5605921814004,-2449.6698719042656,3365.2286389837072
2460834.726388889,3525.7475457212918,-2020.6123274384058,3596.4150998624223
2460834.7270833333,3540.337321233428,-1575.1908998285162,3798.350579654849
2460834.7277777777,3526.2187939667497,-1117.0192420814226,3969.4019783559343
2460834.728472222,3483.5128713275567,-649.8117545548891,4108.187374500489
2460834.7291666665,3412.570996481342,-177.35365118619112,4213.586529160333
2460834.729861111,3313.9719021791016,296.52930817390705,4284.749313420397
2460834.730555556,3188.51667196812,768.0012238169576,4321.102051054329
2460834.73125,3037.2221681123387,1233.2464070419512,4322.35177179349
2460834.7319444446,2861.3128821536,1688.4995061612292,4288.488376120608
2460834.732638889,2662.211266014397,2130.075230632109,4219.7847118017635
2460834.7333333334,2441.5265962860635,2554.3975130047706,4116.794562376754
2460834.734027778,2201.042427291751,2958.0279360641,3980.3485462063563
2460834.734722222,1942.7026911955097,3337.693248482214,3811.547926193698
2460834.7354166666,1668.596507308467,3690.3117858177657,3611.7563324711423
2460834.736111111,1380.9417720841182,4013.0186004813054,3382.589406790062
2460834.7368055554,1082.0676182234636,4303.189088367689,3125.9023924021717
2460834.7375,774.3958408033499,4558.4608992164995,2843.775705362719
2460834.738194444,460.4214091987612,4776.753906732558,2538.4985453967097
2460834.738888889,142.6922090524014,4956.288010876698,2212.5506355763823
2460834.7395833335,-176.21183328562827,5095.598560421209,1868.5821972102449
2460834.740277778,-493.70005757439685,5193.5491860946895,1509.392310153513
2460834.7409722223,-807.1926147570533,5249.341863961911,1137.9058293555718
2460834.7416666667,-1114.142036116971,5262.524052982398,757.1490650306029
2460834.742361111,-1412.0546056285052,5232.992788220647,370.22445747526996
2460834.7430555555,-1698.511308515997,5160.995651658495,-19.71549846207
2460834.74375,-1971.1881283129494,5047.128588743994,-409.4948046918237
2460834.7444444443,-2227.8754752189416,4892.330586138726,-795.9407064684117
2460834.7451388887,-2466.4965364389946,4697.875275308093,-1175.9103436242365
2460834.745833333,-2685.12436098574,4465.359572644763,-1546.3170243551165
2460834.746527778,-2881.997512422727,4196.689509875087,-1904.1558480704086
2460834.7472222224,-3055.534148778562,3894.063447362283,-2246.528420038759
2460834.747916667,-3204.3444192131824,3559.9528919019945,-2570.6664265506715
2460834.748611111,-3327.241094288777,3197.081167060658,-2873.953862539156
2460834.7493055556,-3423.2483783072316,2808.4001955492013,-3153.9477384761135
2460834.75,-3491.6088778022117,2397.0656627304147,-3408.3971216721493
2460834.7506944444,-3531.788725718196,1966.4108296120166,-3635.260399558156
2460834.751388889,-3543.480882245293,1519.9192523297168,-3832.720684480824
2460834.752083333,-3526.6066490029875,1061.1966585346577,-3999.1993024674716
2460834.7527777776,-3481.315446365383,593.9422055068717,-4133.367335897953
2460834.753472222,-3407.9829104013147,121.91933233153975,-4234.155204035362
2460834.754166667,-3307.207369719552,-351.0736049071276,-4300.760280162029
2460834.7548611113,-3179.804762020123,-821.2327441128195,-4332.652551146998
2460834.7555555557,-3026.8020475740727,-1284.7780178266935,-4329.578327978089
2460834.75625,-2849.429172468219,-1737.9821993482,-4291.562015242914
2460834.7569444445,-2649.109629761775,-2177.1995562509455,-4218.90594394884
2460834.757638889,-2427.449661813636,-2598.893975988042,-4112.188266786978
2460834.7583333333,-2186.2261467088515,-2999.666419691246,-3972.25891076137
2460834.7590277777,-1927.3732103150035,-3376.2815563723384,-3800.2335785790224
2460834.759722222,-1652.9676099233352,-3725.693415082642,-3597.485789745107
2460834.7604166665,-1365.2129446246781,-4045.069876363188,-3365.636957385167
2460834.761111111,-1066.4227547709356,-4331.81581477535,-3106.544502298394
2460834.761805556,-759.0025950633153,-4583.594681792638,-2822.28802491104
2460834.7625,-445.43117367669277,-4798.34831896672,-2515.153566488259
2460834.7631944446,-128.24068237827612,-4974.314773012538,-2187.6160249677496
2460834.763888889,190.00354813853158,-5110.043896014295,-1842.3198075958662
2460834.7645833334,506.72390144248124,-5204.410512915676,-1482.0578427324115
2460834.765277778,819.3516596893226,-5256.624959686603,-1109.7490959831678
2460834.765972222,1125.3483165419145,-5266.2408145553045,-728.4147751529381
2460834.7666666666,1422.2268065247456,-5233.159678091001,-341.1534340673241
2460834.767361111,1707.5724284352698,-5157.632894474071,48.88478724528329
2460834.7680555554,1979.0632365724437,-5040.260148884394,438.52452654936764
2460834.76875,2234.4896740364366,-4881.984923336138,824.591889705316
2460834.769444444,2471.7732346876255,-4684.08684002026,1203.9411859667866
2460834.770138889,2688.983948090572,-4448.170972026848,1573.4814160246665
2460834.7708333335,2884.356506881356,-4176.154244869152,1930.2022342323828
2460834.771527778,3056.3048768879044,-3870.2490936690638,2271.1991156086324
2460834.7722222223,3203.4352542763972,-3532.944582506421,2593.697471117487
2460834.7729166667,3324.5572694474663,-3166.985211486497,2895.0754912699076
2460834.773611111,3418.693358665075,-2775.3476709658194,3172.885510934809
2460834.7743055555,3485.086259633557,-2361.215802193598,3424.8737326165083
2460834.775,3523.2046081766034,-1927.9540412916265,3648.9981648181774
2460834.7756944443,3532.746639903791,-1479.079612946953,3843.4446703752337
2460834.7763888887,3513.6420184429344,-1018.2337331719776,4006.641045252606
2460834.777083333,3466.051826929484,-549.1520728874085,4137.269070952048
2460834.777777778,3390.3667707136883,-75.63471160463588,4234.274507520528
2460834.7784722224,3287.2036451900585,398.4842034078558,4296.875007712105
2460834.779166667,3157.4001256332717,869.3668941235547,4324.565943808884
2460834.779861111,3002.007937383347,1333.202296993994,4317.124144772512
2460834.7805555556,2822.284461771468,1786.2361464042783,4274.609544886282
2460834.78125,2619.682833105102,2224.800624636533,4197.3647440626555
2460834.7819444444,2395.840579800841,2645.343412821783,4086.0124794319076
2460834.782638889,2152.566865368356,3044.455969387513,3941.45100763832
2460834.783333333,1891.8283843646682,3418.9008626731243,3764.847396448801
2460834.7840277776,1615.7339819558224,3765.637961687261,3557.6287320963443
2460834.784722222,1326.518066064455,4081.84929367268,3321.471251297529
2460834.785416667,1026.5229053533928,4364.9623493662375,3058.2874265378077
2460834.7861111113,718.1799129721979,4612.67162220538,2770.211044281813
2460834.7868055557,403.9900407975748,4822.958154193555,2459.5803420634106
2460834.7875,86.50342970380679,4994.10686369681,2128.9192981585534
2460834.7881944445,-231.70152503544168,5124.7214426210285,1780.9171899912785
2460834.788888889,-548.0395055752017,5213.736618693313,1418.4065769726792
2460834.7895833333,-859.9398010426271,5260.427606453056,1044.3398897984573
2460834.7902777777,-1164.867823619592,5264.416599881572,661.764834707232
2460834.790972222,-1460.3463829341297,5225.676194996642,273.79885674809736
2460834.7916666665,-1743.9764958146268,5144.529675639381,-116.39708264993794
2460834.792361111,-2013.4575039428307,5021.6481405579325,-505.64513500306
2460834.793055556,-2266.6062833380365,4858.044498671817,-890.7773170133744
2460834.79375,-2501.3753417937946,4655.064407604949,-1268.6620977328205
2460834.7944444446,-2715.869619637599,4414.374277188143,-1636.2305379994832
2460834.795138889,-2908.3618341143365,4137.94650023179,-1990.501714324249
2460834.7958333334,-3077.3062320932286,3828.0421110185894,-2328.6071744481233
2460834.796527778,-3221.3506465959495,3487.1910996918327,-2647.8141990910194
2460834.797222222,-3339.3467807680117,3118.170633905922,-2945.5476702206092
2460834.7979166666,-3430.3586727475476,2723.981451366388,-3219.4103786738497
2460834.798611111,-3493.669321828078,2307.822689960199,-3467.2016366664225
2460834.7993055554,-3528.78547879781,1873.0654250472019,-3686.9340881215135
2460834.8,-3535.4406252940325,1423.2251687462337,-3876.8486437047472
2460834.800694444,-3513.596181435031,961.9335729775382,-4035.427491381221
2460834.801388889,-3463.4409921255574,492.90956334909356,-4161.405153793192
2460834.8020833335,-3385.3891494284103,19.93010763512268,-4253.777582465086
2460834.802777778,-3280.0762101963805,-453.19919732038545,-4311.809289547163
2460834.8034722223,-3148.3538681055807,-922.6735496547955,-4335.038523298736
2460834.8041666667,-2991.2831348282853,-1384.7182287496892,-4323.280496848285
2460834.804861111,-2810.1260824051333,-1835.6175964870936,-4276.628676903493
2460834.8055555555,-2606.336192223815,-2271.7436800403793,-4195.454136027185
2460834.80625,-2381.547353125272,-2689.5841976138167,-4080.4029661205905
2460834.8069444443,-2137.5615506317145,-3085.7698820436244,-3932.391747228339
2460834.8076388887,-1876.335288109159,-3457.1009523129505,-3752.6010621901046
2460834.808333333,-1599.964789028889,-3800.572563287032,-3542.467050234853
2460834.809027778,-1310.6700316199199,-4113.399058717954,-3303.670993376114
2460834.8097222224,-1010.7776899490382,-4393.036823331085,-3038.1269466799795
2460834.810416667,-702.7030571924782,-4637.205534435608,-2747.9674280170134
2460834.811111111,-388.9310600550009,-4843.907586311593,-2435.527214291154
2460834.8118055556,-71.99648380939072,-5011.445468393448,-2103.3253080357417
2460834.8125,245.53644853703335,-5138.436875649591,-1754.0451679052542
2460834.8131944444,561.0949744668515,-5223.8273372757085,-1390.5133314201514
2460834.813888889,872.1189838994611,-5266.900170211333,-1015.6765857438949
2460834.814583333,1176.0823028944108,-5267.283587255337,-632.5778745987316
2460834.8152777776,1470.5138506054013,-5224.954822182004,-244.3311631570533
2460834.815972222,1753.0184501647714,-5140.241173958023,145.9045005521983
2460834.816666667,2021.2970644360003,-5013.817914706502,534.9514601075905
2460834.8173611113,2273.166232752318,-4846.703055446266,919.6401803088311
2460834.8180555557,2506.5764995014597,-4640.249009000571,1296.8359516657674
2460834.81875,2719.629631173776,-4396.131241419378,1663.4652758400803
2460834.8194444445,2910.5944478711363,-4116.334043520281,2016.5416587721763
2460834.820138889,3077.92111126823,-3803.133601127189,2353.190539277332
2460834.8208333333,3220.2537450933523,-3459.078571210901,2670.6731120233712
2460834.8215277777,3336.4412890843,-3086.968400720677,2966.408823068563
2460834.822222222,3425.5465160550175,-2689.8296478522984,3237.996342928719
2460834.8229166665,3486.8531724420395,-2270.890569975237,3483.2328591253613
2460834.823611111,3519.871225549011,-1833.5542518702346,3700.1315553941085
2460834.824305556,3524.340224456379,-1381.370540295445,3886.9371781157615
2460834.825,3500.230799311941,-918.0070454065875,4042.1396156080914
2460834.8256944446,3447.744338032929,-447.21944965808297,4164.485442475597
2460834.826388889,3367.310888945831,27.1786431990887,4252.987396909449
2460834.8270833334,3259.5853434151572,501.34611230119634,4306.931776566342
2460834.827777778,3125.4419550747,971.44477886935,4325.883745543092
2460834.828472222,2965.967252795655,1433.6697374103755,4309.6905517520345
2460834.8291666666,2782.451401282714,1884.2793904769421,4258.482655627366
2460834.829861111,2576.378063916426,2319.625014401688,4172.672770130456
2460834.8305555554,2349.4128204490603,2736.1796897364643,4052.952811742252
2460834.83125,2103.3901938562926,3130.5664235349973,3900.2887614047195
2460834.831944444,1840.299344325822,3499.5852830372937,3715.913435856788
2460834.832638889,1562.2684956929472,3840.2393491666667,3501.317174649476
2460834.8333333335,1271.5481724024387,4149.759284481329,3258.2364589414224
2460834.834027778,970.4933363593864,4425.626303960239,2988.640490302361
2460834.8347222223,661.5445303886755,4665.59332709603,2694.715776184639
2460834.8354166667,347.2081580739966,4867.704083030407,2378.8487956427616
2460834.836111111,30.03604565357006,5030.309947754697,2043.6068423593613
2460834.8368055555,-287.39554548264357,5152.084298955867,1691.717173882422
2460834.8375,-602.5072693155796,5232.034192044207,1326.044625851037
2460834.8381944443,-912.7382049073949,5269.509184977146,949.5678816623737
2460834.8388888887,-1215.5673080571567,5264.2071719979995,565.3546177609019
2460834.839583333,-1508.5345816227,5216.177125574062,176.5357677410878
2460834.840277778,-1789.2617391387016,5125.818688106007,-213.72083238063288
2460834.8409722224,-2055.472132297685,4993.878604016187,-602.2371309472801
2460834.841666667,-2305.0097359195383,4821.444028719024,-985.851603732677
2460834.842361111,-2535.856983317846,4609.932802521394,-1361.445756139739
2460834.8430555556,-2746.151278725256,4361.080818007799,-1725.9701137275713
2460834.84375,-2934.200026397849,4076.92665649053,-2076.469427670751
2460834.8444444444,-3098.494052377454,3759.793697520252,-2410.106856022775
2460834.845138889,-3237.7193176811074,3412.269937810143,-2724.1868972197717
2460834.845833333,-3350.7668538875964,3037.185773517185,-3016.1768856632016
2460834.8465277776,-3436.7408799039704,2637.5900117063143,-3283.726889469339
2460834.847222222,-3494.9650851991632,2216.7243789941945,-3524.6878831143404
2460834.847916667,-3524.9870872886167,1777.9967932820475,-3737.128097170891
2460834.8486111113,-3526.5810909349425,1324.9536492409356,-3919.3474786129586
2460834.8493055557,-3499.748790252179,861.2513628098045,-4069.8902151445104
2460834.85,-3444.7185657990904,390.62738550413445,-4187.555304965139
2460834.8506944445,-3361.9430334576055,-83.12910257465458,-4271.405160584565
2460834.851388889,-3252.095004284851,-556.2066444362498,-4320.772251494297
2460834.8520833333,-3116.0619119702224,-1024.8009402558598,-4335.263793142815
2460834.8527777777,-2954.9387627348674,-1485.1441087257167,-4314.764490306874
2460834.853472222,-2770.0196557126806,-1933.5336400312708,-4259.437341939428
2460834.8541666665,-2562.78791903423,-2366.3609001610425,-4169.722508944407
2460834.854861111,-2334.9049031505206,-2780.139048091085,-4046.334242135802
2460834.855555556,-2088.1974709571246,-3171.5302220684907,-3890.2558628060406
2460834.85625,-1824.6442274007195,-3537.371837621106,-3702.7327867580716
2460834.8569444446,-1546.3605378300006,-3874.701825899536,-3485.2635854457512
2460834.857638889,-1255.5823902231457,-4180.782630909353,-3239.589081506033
2460834.8583333334,-954.6491722759953,-4453.123764280322,-2967.679488464935
2460834.859027778,-645.9854513020616,-4689.502704298336,-2671.71962155094
2460834.859722222,-332.08186344843733,-4887.983918710332,-2354.092227652782
2460834.8604166666,-15.475236831060894,-5046.9357891848285,-2017.3595051170457
2460834.861111111,301.27190170397455,-5165.045215192493,-1664.2429160986703
2460834.8618055554,615.5922620726133,-5241.329686597216,-1297.6014297724198
2460834.8625,924.934986777921,-5275.146638219101,-920.408354086499
2460834.863194444,1226.786896199622,-5266.199920042479,-535.7269582456776
2460834.863888889,1518.6935668458625,-5214.543255198018,-146.6851102022093
2460834.8645833335,1798.280020179357,-5120.580596709527,243.5508240315767
2460834.865277778,2063.2707943616865,-4985.063338585211,631.8025484052703
2460834.8659722223,2311.5091774115385,-4809.084385812584,1014.9065898930221
2460834.8666666667,2540.9753938365398,-4594.069134327941,1389.7409530714774
2460834.867361111,2749.8035466904607,-4341.763463105234,1753.251384854414
2460834.8680555555,2936.297145377831,-4054.218880548317,2102.47697779033
2460834.86875,3098.943069341838,-3733.7750088796997,2434.574848596901
2460834.8694444443,3236.4238450572275,-3383.039627117821,2746.8436481862036
2460834.8701388887,3347.628148029691,-3004.866508870304,3036.7456962532665
2460834.870833333,3431.65946307605,-2602.3313209935427,3301.9275488705675
2460834.871527778,3487.8428693168808,-2178.705847109263,3540.2388502555614
2460834.8722222224,3515.729937282587,-1737.4308121586375,3749.7493418021013
2460834.872916667,3515.1017496467925,-1282.0875693049973,3928.7639381912727
2460834.873611111,3485.9700725929647,-816.3689071759185,4075.835801788863
2460834.8743055556,3428.5767185761065,-344.04921632840257,4189.777371989582
2460834.875,3343.3911499202372,131.04575856222095,4269.66932250597
2460834.8756944444,3231.106377183055,605.0693766432869,4314.8674344554975
2460834.876388889,3092.6332085779095,1074.1845736184705,4325.0073797476325
2460834.877083333,2929.0929050747864,1534.5941735062736,4300.007414897709
2460834.8777777776,2741.808296148231,1982.5708635187518,4240.068985634752
2460834.878472222,2532.293408500172,2414.4866663418247,4145.675243109588
2460834.879166667,2302.241658519378,2826.8417433364116,4017.5874699649435
2460834.8798611113,2053.5126652493154,3216.2923480570075,3856.839416339944
2460834.8805555557,1788.1177409469233,3579.677751131826,3664.729546849366
2460834.88125,1508.2041260153082,3914.045941062131,3442.8112054133962
2460834.8819444445,1216.0380495699585,4216.677891182882,3192.880717734339
2460834.882638889,913.98670664323,4485.110180065109,2916.963462782591
2460834.8833333333,604.4992645518432,4717.1557395023665,2617.2979671761086
2460834.8840277777,290.08703095700736,4910.922503136495,2296.3181017183683
2460834.884722222,-26.697067256841663,5064.829735782044,1956.6334835630953
2460834.8854166665,-343.2795215377722,5177.621830976004,1601.0082205829633
2460834.886111111,-657.0876028466454,5248.379383820114,1232.3381677344287
2460834.886805556,-965.5708421322757,5276.527375222008,853.6268911608804
2460834.8875,-1266.2224138685222,5261.840335299133,467.9605631123943
2460834.8881944446,-1556.6001924521693,5204.444393202971,78.48204362102435
2460834.888888889,-1834.3472577457685,5104.816167808011,-311.635585046883
2460834.8895833334,-2097.211630244747,4963.778498392407,-699.2157531712932
2460834.890277778,-2343.065018630298,4782.493066003297,-1081.1051123999673
2460834.890972222,-2569.9203893768813,4562.450001245976,-1454.199939714816
2460834.8916666666,-2775.9481818019703,4305.454619986997,-1815.4719569341742
2460834.892361111,-2959.491018770193,4013.6114687362137,-2161.9933039442276
2460834.8930555554,-3119.0767922441005,3689.3058931320875,-2490.9604277815342
2460834.89375,-3253.430030777453,3335.183369015327,-2799.7166743924577
2460834.894444444,-3361.481484428079,2954.126856072511,-3085.773397537357
2460834.895138889,-3442.3758932059827,2549.232437216121,-3346.829436683501
2460834.8958333335,-3495.4779272872497,2123.783516752282,-3580.788839919958
2460834.896527778,-3520.376312522425,1681.223835443804,-3785.7767460260716
2460834.8972222223,-3516.886170451611,1225.1295565318885,-3960.1533616690567
2460834.8979166667,-3485.049616742615,759.180654137273,-4102.525997657068
2460834.898611111,-3425.134670259824,287.13182230729194,-4211.759144339786
2460834.8993055555,-3337.6325301102615,-187.21690080741172,-4286.982582497419
2460834.9,-3223.253277959554,-660.0496195818599,-4327.59753432029
2460834.9006944443,-3082.9200625855406,-1127.5640120883868,-4333.280861866284
2460834.9013888887,-2917.76181722562,-1586.000565933335,-4303.987322595286
2460834.902083333,-2729.104558143424,-2031.671472973335,-4239.949886402285
2460834.902777778,-2518.4613075004113,-2460.9890472831794,-4141.678115546039
2460834.9034722224,-2287.5206790584134,-2870.49352952403,-4009.954602359372
2460834.904166667,-2038.1341694510113,-3256.880123402551,-3845.8294579186336
2460834.904861111,-1772.3021946816798,-3617.0251110791814,-3650.612841335692
2460834.9055555556,-1492.1589236945683,-3948.0108686315803,-3425.8655247631596
2460834.90625,-1199.9559658017777,-4247.149596637582,-3173.3874933444954
2460834.9069444444,-898.0449879661213,-4512.005558768388,-2895.2045953722063
2460834.907638889,-588.8593501352052,-4740.41561604593,-2593.553271785583
2460834.908333333,-274.89487106574944,-4930.507831709871,-2270.863420339549
2460834.9090277776,41.310146422274684,-5080.717924282456,-1929.7394721148396
2460834.909722222,357.1954737779284,-5189.803347143565,-1572.9397941121056
2460834.910416667,670.1999287766787,-5256.854791048038,-1203.3545551902341
2460834.9111111113,977.7825643214248,-5281.304922456306,-823.982233295554
2460834.9118055557,1277.4438694431262,-5262.9342027869125,-437.90496391750554
2460834.9125,1566.7467610870583,-5201.873667034367,-48.26296377619869
2460834.9131944445,1843.3371417899052,-5098.604583195833,341.7717153644882
2460834.913888889,2104.963799048478,-4953.954959237061,729.0218313271024
2460834.9145833333,2349.497426291018,-4769.092912915649,1110.3317095521566
2460834.9152777777,2574.948559575638,-4545.516967422445,1482.5938288833734
2460834.915972222,2779.4842384168596,-4285.043384357108,1842.77494845333
2460834.9166666665,2961.44322361019,-3989.790687951668,2187.941503141485
2460834.917361111,3119.349630008005,-3662.1615715476205,2515.2840120555074
2460834.918055556,3251.924858121438,-3304.8224119216884,2822.140263446001
2460834.91875,3358.097740008763,-2920.6806371771227,3106.0170713679
2460834.9194444446,3437.012841725099,-2512.860210774986,3364.6104266637954
2460834.920138889,3488.0368912764393,-2084.6755039617346,3595.823894901771
2460834.9208333334,3510.7633262529735,-1639.6038242847421,3797.7851478858856
2460834.921527778,3505.01497454254,-1181.2568675479615,3968.8605402370445
2460834.922222222,3470.8448987901443,-713.3513401582453,4107.667672844508
2460834.9229166666,3408.53544629508,-239.67899349765847,4213.085901531548
2460834.923611111,3318.59555461625,235.92371163763332,4284.2647697729635
2460834.9243055554,3201.7563663375777,709.6061086293219,4320.630354917197
2460834.925,3058.9652090390923,1177.5338028891456,4321.889523961804
2460834.925694444,2891.377992938106,1635.9189545710997,4288.032099840396
2460834.926388889,2700.3500820316217,2081.0501845794165,4219.330938535392
2460834.9270833335,2487.4256860559376,2509.3219491842838,4116.339916750246
2460834.927777778,2254.3258299863073,2917.2631991369794,3979.889830076752
2460834.9284722223,2002.934950325325,3301.5651585766454,3811.0821995020756
2460834.9291666667,1735.2861827294307,3659.1080271150895,3611.280991009205
2460834.929861111,1453.545405058177,3986.986415270304,3382.102255217944
2460834.9305555555,1159.9941222704708,4282.533295736283,3125.4017118240627
2460834.93125,857.0112858679233,4543.34225739717,2843.260313711127
2460834.9319444443,547.0541660036159,4767.287832796523,2537.9678520016137
2460834.9326388887,232.63840919304585,4952.543674925726,2212.004684587798
2460834.933333333,-83.68255929841501,5097.59836004092,1868.021704524108
2460834.934027778,-399.3386164600241,5201.268611442843,1508.8186882945035
2460834.9347222224,-711.7643081140021,5262.709754710158,1137.321202868888
2460834.935416667,-1018.4202946599826,5281.4232472330705,756.5562738185995
2460834.936111111,-1316.814653879135,5257.26115811919,369.6270492799814
2460834.9368055556,-1604.5238166113872,5190.42751713776,-20.313286599029208
2460834.9375,-1879.2129094046186,5081.476495986063,-410.08807795060403
2460834.9381944444,-2138.655282928368,4931.30743403491,-796.5239537149168
2460834.938888889,-2380.75101894872,4741.156769153392,-1176.4774899772087
2460834.939583333,-2603.5442245502604,4512.586981256788,-1546.8614936015338
2460834.9402777776,-2805.2389451895983,4247.472698769431,-1904.6706349692488
2460834.940972222,-2984.213551207159,3947.984158988086,-2247.0061707847694
2460834.941666667,-3139.0334834437444,3616.568243040942,-2571.0995253250458
2460834.9423611113,-3268.4622724519627,3255.9273278086953,-2874.3345263830406
2460834.9430555557,-3371.4707712555814,2868.996220470591,-3154.2681151743955
2460834.94375,-3447.2445744736406,2458.917437745369,-3408.6493924255187
2460834.9444444445,-3495.1896163623283,2029.0151025857208,-3635.4368838652917
2460834.945138889,-3514.9359649504013,1582.7677147181437,-3832.813946139587
2460834.9458333333,-3506.339844438921,1123.780044210242,-3999.202256383756
2460834.9465277777,-3469.483931265422,655.7543773754468,-4133.273353627733
2460834.947222222,-3404.675976840534,182.461325814503,-4233.958217481338
2460834.9479166665,-3312.4458136758385,-292.28961052045383,-4300.454882362357
2460834.948611111,-3193.540801674153,-764.6795541448798,-4332.234093121008
2460834.949305556,-3048.9197693486003,-1230.9096762661925,-4329.043010738172
2460834.95,-2879.7454991738696,-1687.230396908993,-4290.90697621911
2460834.9506944446,-2687.375803819415,-2129.9702151882834,-4218.129336634351
2460834.951388889,-2473.3532333037424,-2555.564036761084,-4111.289332661261
2460834.9520833334,-2239.393454383573,-2960.5808512977537,-3971.2380428618635
2460834.952777778,-1987.3723396057003,-3341.7506144703925,-3799.0923754809232
2460834.953472222,-1719.3118105097153,-3695.990168027785,-3596.2270993762095
2460834.9541666666,-1437.364484386227,-4020.428021864577,-3364.264908335523
2460834.954861111,-1143.797189284933,-4312.427801311026,-3105.0645247199304
2460834.9555555554,-840.9734190031221,-4569.610158450671,-2820.706856022536
2460834.95625,-531.3348269621847,-4789.8729236502695,-2513.4792441279806
2460834.956944444,-217.3818704877064,-4971.409276358755,-2185.8578646314913
2460834.957638889,98.34625568944372,-5112.723708458838,-1840.4883663499395
2460834.9583333335,413.29224199156994,-5212.645564930803,-1480.1648659854416
2460834.959027778,724.9016623104488,-5270.339957791135,-1107.807449730036
2460834.9597222223,1030.6441526357607,-5285.3158743882595,-726.4383623594767
2460834.9604166667,1328.0345575035267,-5257.431331163442,-339.1570973210405
2460834.961111111,1614.6538269089635,-5186.895461682659,50.88537832121974
2460834.9618055555,1888.1694353797548,-5074.267469530342,440.51300058631614
2460834.9625,2146.3550999172026,-4920.4524244334025,826.5513116142472
2460834.9631944443,2387.109580165807,-4726.6939282011135,1205.8542037756233
2460834.9638888887,2608.4743579349533,-4494.563724589325,1575.3304186830849
2460834.964583333,2808.650008750562,-4225.948375746651,1931.9695158443292
2460834.965277778,2986.0111048704125,-3923.0331672956863,2272.8670441332615
2460834.9659722224,3139.1195115839882,-3588.283443819304,2595.248662058863
2460834.966666667,3266.7359696641615,-3224.4236027704183,2896.492981728354
2460834.967361111,3367.829883112078,-2834.4140002618387,3174.1529347501396
2460834.9680555556,3441.587261157713,-2421.426034167255,3425.9754914333976
2460834.96875,3487.416789719765,-1988.8156720918544,3649.9195972313287
2460834.9694444444,3504.954028842723,-1540.0956989571334,3844.1722149301463
2460834.970138889,3494.0637545872555,-1078.9069413897093,4007.1623961070854
2460834.970833333,3454.84047723309,-608.9887167961748,4137.573326417564
2460834.9715277776,3387.607179669664,-134.14874702516283,4234.352308089222
2460834.972222222,3292.9123255796885,341.76725937965574,4296.718664426824
2460834.972916667,3171.5251918872173,814.9061435105301,4324.169554208866
2460834.9736111113,3024.429578847907,1281.4377746808925,4316.483696544624
2460834.9743055557,2852.8159516736473,1737.5852904435565,4273.723005621161
2460834.975,2658.0720644290864,2179.654931983496,4196.232136224826
2460834.9756944445,2441.7721176948144,2604.065303500753,4084.635939573854
2460834.976388889,2205.664501435705,3007.3758844276663,3939.834828772655
2460834.9770833333,1951.65817620086,3386.3146174927188,3762.998052944322
2460834.9777777777,1681.8077555365812,3737.804378894544,3555.554885058352
2460834.978472222,1398.2973596140312,4058.9881311768772,3319.1837354879663
2460834.9791666665,1103.4233231987387,4347.252546778322,3055.7992154964227
2460834.979861111,799.5758606753053,4600.249877722993,2767.5371953494346
2460834.980555556,489.21980442514945,4815.91784778761,2456.737919832786
2460834.98125,174.87455949811482,4992.497337533718,2125.927275947113
2460834.9819444446,-140.90656867901043,5128.547646140971,1777.7963306200743
2460834.982638889,-455.55749183940776,5222.959123980494,1415.1792920080145
2460834.9833333334,-766.5207031105631,5274.962994596863,1041.030078776888
2460834.984027778,-1071.2686797468168,5284.138215999136,658.3977058302859
2460834.984722222,-1367.3250986253647,5250.4152657896475,270.4007301229042
2460834.9854166666,-1652.2856427531547,5174.076779166793,-119.79898814552055
2460834.986111111,-1923.8381693810102,5055.755014657211,-509.0229268029316
2460834.9868055554,-2179.782026668048,4896.426170495934,-894.102665876762
2460834.9875,-2418.0463100713628,4697.40162453665,-1271.906481528759
2460834.988194444,-2636.7068766074267,4460.316213365674,-1639.3654943885006
2460834.988888889,-2834.0019472266135,4187.113715635551,-1993.4990933039212
2460834.9895833335,-3008.346165290549,3880.0297335936034,-2331.439391986715
2460834.990277778,-3158.3429999868645,3541.572200019304,-2650.4544895247736
2460834.9909722223,-3282.795412686585,3174.499764006092,-2947.9703324162283
2460834.9916666667,-3380.7147378873237,2781.7983132542736,-3221.5910166641056
2460834.992361111,-3451.327751519054,2366.6559070936623,-3469.117388964724
2460834.9930555555,-3494.081927981266,1932.436380246061,-3688.563847852327
2460834.99375,-3508.648903655042,1482.6518803817482,-3878.1732656259155
2460834.9944444443,-3494.92618314556,1020.9345794261552,-4036.429984596221
2460834.9951388887,-3453.0371345781386,551.0077858446753,-4162.070859326219
2460834.995833333,-3383.329327403312,76.65666216985294,-4254.094334791455
2460834.996527778,-3286.371268914335,-398.3012644974854,-4311.767560554145
2460834.9972222224,-3162.947595137455,-870.0456315002014,-4334.631548273149
2460834.997916667,-3014.052768953638,-1334.7826546176798,-4322.504381318681
2460834.998611111,-2840.8833333794046,-1788.7742851767543,-4275.4824837204715
2460834.9993055556,-2644.828764517466,-2228.366969544809,-4193.9399515576315
2460835.0,-2427.460962808819,-2650.0198763896274,-4078.5259445009715
2460835.0006944444,-2190.52242355074,-3050.3324416985283,-3930.160132083265
2460835.001388889,-1935.9131228955357,-3426.071084957817,-3750.026184407967
2460835.002083333,-1665.6761663854493,-3774.1949230685204,-3539.5633005626314
2460835.0027777776,-1381.9822498971887,-4091.8803043262706,-3300.4557701492954
2460835.003472222,-1087.112999003525,-4376.543962441193,-3034.6205756533604
2460835.004166667,-783.4432652674121,-4625.864581697341,-2744.193056324542
2460835.0048611113,-473.4224788195412,-4837.8025512630165,-2431.510676207215
2460835.0055555557,-159.55517578519573,-5010.61768357179,-2099.0949626394363
2460835.00625,155.61915878696354,-5142.884672609726,-1749.6317102732175
2460835.0069444445,469.5467697297445,-5233.506076792806,-1385.9495773199783
2460835.007638889,779.6806518719101,-5281.722628910345,-1010.9972299062642
2460835.0083333333,1083.501708079229,-5287.120698803537,-627.8192282341721
2460835.0090277777,1378.5398375310554,-5249.636769120244,-239.53086661913483
2460835.009722222,1662.3947266268613,-5169.558820865454,150.70778180871292
2460835.0104166665,1932.756120521591,-5047.524571388181,539.7183549206887
2460835.011111111,2187.4233510283866,-4884.516554093558,924.3309448134889
2460835.011805556,2424.323909047328,-4681.8540764732,1301.4108112210436
2460835.0125,2641.5308574711225,-4441.182144815383,1667.8847721464142
2460835.0131944446,2837.2789075045425,-4164.457485973357,2020.766996829833
2460835.013888889,3009.97900047533,-3853.9318387599487,2357.183934203157
2460835.0145833334,3158.2312638345716,-3512.132723957464,2674.3981296294774
2460835.015277778,3280.8362398001946,-3141.841928272757,2969.8307102302088
2460835.015972222,3376.8043131904737,-2746.071957164185,3241.0823471612284
2460835.0166666666,3445.3632918234343,-2328.040726645198,3485.952531507542
2460835.017361111,3485.9641205026624,-1891.1447597433269,3702.457037382716
2460835.0180555554,3498.284728887104,-1438.9311632268673,3888.843466910672
2460835.01875,3482.232035187237,-975.0686350411792,4043.6048091835414
2460835.019444444,3437.942139325086,-503.3177532424899,4165.490960559371
2460835.020138889,3365.778750402007,-27.50077209902502,4253.518177842284
2460835.0208333335,3266.3298990608764,448.52886007051717,4306.976447769002
2460835.021527778,3140.402987736601,920.9170672114489,4325.434767231022
2460835.0222222223,2989.0182316727514,1385.83961301523,4308.744332761867
2460835.0229166667,2813.4005435079216,1839.5322929209385,4257.0396400103555
2460835.023611111,2614.9699109521225,2278.3206853522233,4170.737493810941
2460835.0243055555,2395.330318383984,2698.649289828514,4050.533928188678
2460835.025,2156.257262547973,3097.1098806867376,3897.3990349948563
2460835.0256944443,1899.6839185611582,3470.468891792672,3712.569702363929
2460835.0263888887,1627.6860170510315,3815.693641819138,3497.5402678959786
2460835.027083333,1342.465506995028,4129.977192457639,3254.0511026466347
2460835.027777778,1046.333090054128,4410.761625749087,2984.075154308687
2460835.0284722224,741.6897313009554,4655.759515258951,2689.802498385587
2460835.029166667,431.00726902530766,4862.9733639014985,2373.6229685380304
2460835.029861111,116.80826799458355,5030.712782014416,2038.1069655905687
2460835.0305555556,-198.3547204525678,5157.609189539198,1685.9845730352774
2460835.03125,-511.9203061768889,5242.627841370004,1320.123140603153
2460835.0319444444,-821.3396160617287,5285.077001317952,943.5035258425216
2460835.032638889,-1124.097644265803,5284.614121247957,559.1952127098247
2460835.033333333,-1417.734373253442,5241.248920310485,170.3305530744348
2460835.0340277776,-1699.865440239039,5155.343303362554,-219.92160451345615
2460835.034722222,-1968.2021245062274,5027.6081049769555,-608.3826179871292
2460835.035416667,-2220.570442219256,4859.096693584973,-991.8908023353973
2460835.0361111113,-2454.929146892712,4651.195518535186,-1367.3279396359655
2460835.0368055557,-2669.386452480526,4405.611730380039,-1731.6452665423733
2460835.0375,-2862.2153236740824,4124.35804282474,-2081.8886777255398
2460835.0381944445,-3031.867200601131,3809.7350419562886,-2415.2228982092292
2460835.038888889,-3176.9840543568603,3464.3111777857152,-2728.954403310434
2460835.0395833333,-3296.4087013648677,3090.900688514307,-3020.552898925872
2460835.0402777777,-3389.1933288817722,2692.53972692772,-3287.6711985576385
2460835.040972222,-3454.6062143605536,2272.460952666734,-3528.1633741981195
2460835.0416666665,-3492.1366408308177,1834.0668575856062,-3740.1010818406944
2460835.042361111,-3501.4980313353935,1380.9020799257996,-3921.787993555367
2460835.043055556,-3482.6293405247725,916.6249445765328,-4071.7722946085696
2460835.04375,-3435.6947506967595,444.9784481705457,-4188.8572232136885
2460835.0444444446,-3361.081726081631,-30.239103621182185,-4272.109643507599
2460835.045138889,-3259.3974809891733,-505.20363110437097,-4320.866656936925
2460835.0458333334,-3131.463915680993,-976.0948218188616,-4334.740258735091
2460835.046527778,-2978.3110718415223,-1439.1255237786725,-4313.620048078745
2460835.047222222,-2801.169153412999,-1890.5708531609034,-4257.67399888464
2460835.0479166666,-2601.459155008485,-2326.796876685983,-4167.347292625888
2460835.048611111,-2380.7821368577984,-2744.2887287994577,-4043.359210090087
2460835.0493055554,-2140.907184225955,-3139.678017192286,-3886.6980750314383
2460835.05,-1883.7580901110994,-3509.7693608886857,-3698.6142401788265
2460835.050694444,-1611.398807187327,-3851.5658879610314,-3480.6111087755103
2460835.051388889,-1326.017722615987,-4162.29350774763,-3234.4341902270025
2460835.0520833335,-1029.9108216709492,-4439.423757161089,-2962.058198725121
2460835.052777778,-725.4638268405557,-4680.695003457458,-2665.672224082854
2460835.0534722223,-415.1334109103017,-4884.131784889291,-2347.6630191935665
2460835.0541666667,-101.42761036095447,-5048.062059542211,-2010.5964801907792
2460835.054861111,213.11441683884672,-5171.132140426532,-1657.1974211623726
2460835.0555555555,525.9431219793505,-5252.319104163513,-1290.3277781239135
2460835.05625,834.519598528484,-5290.940480060899,-912.9634087392511
2460835.0569444443,1136.3367164059237,-5286.661053218997,-528.169682506529
2460835.0576388887,1428.9401388237739,-5239.496648335922,-139.07609100896929
2460835.058333333,1709.949000539044,-5149.8148029784725,251.14987375469443
2460835.059027778,1977.0760236679087,-5018.332282288396,639.329305685982
2460835.0597222224,2228.1468468075623,-4846.109436464427,1022.2986495276006
2460835.060416667,2461.1183590944274,-4634.541449872495,1396.9363609181087
2460835.061111111,2674.095840943923,-4385.34658032434,1760.189172250194
2460835.0618055556,2865.348738357209,-4100.551528745262,2109.0976911999937
2460835.0625,3033.3249171475727,-3782.4741230030154,2440.821066967548
2460835.0631944444,3176.663274060492,-3433.703530485441,2752.6604863596253
2460835.063888889,3294.204608931584,-3057.0782400472986,3042.0812864056406
2460835.064583333,3385.0006896943974,-2655.6620741808615,3306.733497684774
2460835.0652777776,3448.321470869653,-2232.718497757245,3544.4706671545705
2460835.065972222,3483.660449015749,-1791.683498134222,3753.3668353965504
2460835.066666667,3490.738162120437,-1336.1372982669673,3931.7315783317713
2460835.0673611113,3469.503855480952,-869.7751607011351,4078.123045143002
2460835.0680555557,3420.135350933645,-396.3775252325227,4191.358948467687
2460835.06875,3343.0371648055475,80.22029905345836,4270.525482419639
2460835.0694444445,3238.8369247821493,556.1586768439047,4314.984154272517
2460835.070138889,3108.380138969973,1027.584229550132,4324.3765254272885
2460835.0708333333,2952.7233679949563,1490.6802842065567,4298.6268621035115
2460835.0715277777,2773.125852130081,1941.6970093050563,4237.942695624447
2460835.072222222,2571.0396428737176,2376.981071012268,4142.813293284061
2460835.0729166665,2348.0982866190443,2793.004642686757,4014.006038057331
2460835.073611111,2106.1041139331055,3186.3935858167183,3852.560717179586
2460835.074305556,1847.0141888154367,3553.954621446665,3659.7817209792397
2460835.075,1572.924980527642,3892.7012965102804,3437.228158443752
2460835.0756944446,1286.0558369387206,4199.878531627372,3186.7019104155784
2460835.076388889,988.7313454679148,4472.985537657647,2910.233651083518
2460835.0770833334,683.3626924787517,4709.796870640333,2610.066893862679
2460835.077777778,372.4281474001349,4908.381398362533,2288.640139218794
2460835.078472222,58.452818740753045,5067.118953893404,1948.5672297884855
2460835.0791666666,-256.0121464562025,5184.714460171593,1592.6160526749745
2460835.079861111,-568.4107351370035,5260.2093325946935,1223.685754009003
2460835.0805555554,-876.2034074434785,5292.989989707203,844.7826657243414
2460835.08125,-1176.8883863131653,5282.793337314431,458.9951713094363
2460835.081944444,-1468.022675972042,5229.709130901554,69.46775831368794
2460835.082638889,-1747.2425780033072,5134.179166530354,-320.62546574935834
2460835.0833333335,-2012.2834908004434,4996.99329742512,-708.1075220249845
2460835.084027778,-2260.998773306563,4819.282323433941,-1089.8252768891798
2460835.0847222223,-2491.377480793793,4602.507846692118,-1462.6758469354406
2460835.0854166667,-2701.5607927818214,4348.449234359522,-1823.6324108418285
2460835.086111111,-2889.856983677926,4059.1878657510206,-2169.7691715984447
2460835.0868055555,-3054.7548093411756,3737.088877356358,-2498.2852276464887
2460835.0875,-3194.9352125590663,3384.7806467302667,-2806.5271388794076
2460835.0881944443,-3309.281282267118,3005.1322678510332,-3092.0100094227355
2460835.0888888887,-3396.8864241634888,2601.2292888627753,-3352.436931259778
2460835.089583333,-3457.0607297271727,2176.347978722035,-3585.716671827763
2460835.090277778,-3489.335551405736,1733.9283837664007,-3789.9795173727803
2460835.0909722224,-3493.466309232733,1277.546430216031,-3963.591208377158
2460835.091666667,-3469.4335692665077,810.8852993719712,-4105.164933884909
2460835.092361111,-3417.442441945167,337.7063018463342,-4213.571362021738
2460835.0930555556,-3337.9203542238406,-138.18056317898763,-4287.94670665692
2460835.09375,-3231.513249957662,-612.9461797882144,-4327.698832012125
2460835.0944444444,-3099.0802722735857,-1082.771857271827,-4332.51140468722
2460835.095138889,-2941.686975453025,-1543.8787006920866,-4302.346101829068
2460835.095833333,-2760.5971132626705,-1992.556659697205,-4237.4428799788
2460835.0965277776,-2557.263042154991,-2425.1931258806594,-4138.318305669993
2460835.097222222,-2333.3147777459353,-2838.3009336184364,-4005.761942907538
2460835.097916667,-2090.547742956552,-3228.545613985377,-3840.830790464963
2460835.0986111113,-1830.9092456213116,-3592.771745375711,-3644.8417589281084
2460835.0993055557,-1556.4837323587287,-3928.0282233491603,-3419.362181168555
2460835.1,-1269.4768767009505,-4231.592257185018,-3166.1983588943453
2460835.1006944445,-972.1985693596262,-4500.991891242969,-2887.3821574599324
2460835.101388889,-667.0448985786469,-4734.0268322533175,-2585.155680869599
2460835.1020833333,-356.47922762174295,-4928.78735732274,-2261.9540813797503
2460835.1027777777,-43.012497341834354,-5083.67107593481,-1920.386584561074
2460835.103472222,270.817095256146,-5197.397323792373,-1563.215841875265
2460835.1041666665,582.464875895249,-5269.018981181634,-1193.3357483333273
2460835.104861111,889.4007313127402,-5297.931524419312,-813.7479086057342
2460835.105555556,1189.1302089575272,-5283.879154539519,-427.53694782782316
2460835.10625,1479.2154574822064,-5226.957877398191,-37.84490285082473
2460835.1069444446,1757.2957822320873,-5127.615454023405,352.1550476451706
2460835.107638889,2021.1075953031934,-4986.648184976307,739.285246305923
2460835.1083333334,2268.503538099559,-4805.194540931437,1120.3903259670437
2460835.109027778,2497.4705680223724,-4584.725701834752,1492.363795673427
2460835.109722222,2706.1468212827776,-4327.033110109233,1852.174165220323
2460835.1104166666,2892.8370756429986,-4034.2131949975346,2196.890325434808
2460835.111111111,3056.026673778908,-3708.649453102805,2523.7059377011437
2460835.1118055554,3194.3937846601693,-3352.9921121482575,2829.962591821004
2460835.1125,3306.8199159884757,-2970.13562097212,3113.171530502782
2460835.113194444,3392.398614693026,-2563.19423115525,3371.033760998301
2460835.113888889,3450.442322167115,-2135.475935595624,3601.4584122586984
2460835.1145833335,3480.487371630696,-1690.4550415526085,3802.579218156377
2460835.115277778,3482.297139091499,-1231.7436333570943,3972.769046543434
2460835.1159722223,3455.863372600659,-763.0621848966346,4110.652409472716
2460835.1166666667,3401.405738547928,-288.2095530034671,4215.115918902514
2460835.117361111,3319.369631019504,188.96742219915262,4285.316663784115
2460835.1180555555,3210.4222945016445,664.604510339706,4320.688499813667
2460835.11875,3075.4473113591694,1134.8506861838055,4320.94624788655
2460835.1194444443,2915.537505756073,1595.898547193311,4286.087801530212
2460835.1201388887,2731.9863135267997,2044.0143837979626,4216.394144585768
2460835.120833333,2526.277665204937,2475.567735750417,4112.427278257043
2460835.121527778,2300.074433861204,2887.060255776529,3975.026057594093
2460835.1222222224,2055.205495237796,3275.1537113673,3805.2999355281513
2460835.122916667,1793.6514593652596,3636.696930001514,3604.620618072408
2460835.123611111,1517.5291397248297,3968.751488674852,3374.611641582366
2460835.1243055556,1229.0748344141066,4268.61594073178,3117.135891086474
2460835.125,930.6265180779569,4533.848351554546,2834.281102228954
2460835.1256944444,624.6050505259117,4762.286922302082,2528.343401799669
2460835.126388889,313.4945390387297,4952.068466880092,2201.8089767658544
2460835.127083333,-0.17799598048850765,5101.6445219637835,1857.333983597345
2460835.1277777776,-313.86347871363637,5209.794878538678,1497.722843197285
2460835.128472222,-625.0119666985595,5275.638344623854,1125.9050987592434
2460835.129166667,-931.0939667287886,5298.640578373067,744.9110393713823
2460835.1298611113,-1229.6216545396185,5278.618864189628,357.8463288577845
2460835.1305555557,-1518.169780134062,5215.74374851109,-32.13411153306975
2460835.13125,-1794.396029054457,5110.5374951087615,-421.85268785743926
2460835.1319444445,-2056.0606198750284,4963.869370477548,-808.1359013694592
2460835.132638889,-2301.044932364294,4776.947816021232,-1187.8410166558288
2460835.1333333333,-2527.3689689549997,4551.309614422054,-1557.8823390855587
2460835.1340277777,-2733.2074821698834,4288.806197874217,-1915.2568339741629
2460835.134722222,-2916.9046197111948,3991.587286766873,-2257.0688289861373
2460835.1354166665,-3076.9869680925985,3662.082080010094,-2580.5535662387015
2460835.136111111,-3212.1749066112525,3302.97823843477,-2883.099402270683
2460835.136805556,-3321.3922084221485,2917.198924032348,-3162.2684778675784
2460835.1375,-3403.7738558053375,2507.878160686346,-3415.815717258635
2460835.1381944446,-3458.672059572001,2078.3347849657625,-3641.7060443594364
2460835.138888889,-3485.660494538209,1632.045247264396,-3838.1297350548866
2460835.1395833334,-3484.536779970547,1172.6155101103393,-4003.5158514472087
2460835.140277778,-3455.3232462021538,703.7522736605603,-4136.5437262633095
2460835.140972222,-3398.2660369627583,229.23374194214776,-4236.152482715199
2460835.1416666666,-3313.8326006052694,-247.11988313382767,-4301.548589776449
2460835.142361111,-3202.707624103114,-721.4760024965884,-4332.211457462377
2460835.1430555554,-3065.7874611870907,-1190.0191605141085,-4327.8970818116
2460835.14375,-2904.1731021760274,-1648.9803784319686,-4288.639747189726
2460835.144444444,-2719.161727961534,-2094.6661424018757,-4214.75179003692
2460835.145138889,-2512.2368868871395,-2523.4869070684817,-4106.821422898543
2460835.1458333335,-2285.0573329281688,-2931.984968318151,-3965.708614227371
2460835.146527778,-2039.444559537418,-3316.8615594241355,-3792.539014359703
2460835.1472222223,-1777.3690707525948,-3675.003002370227,-3588.695919103912
2460835.1479166667,-1500.9354380186069,-4003.5057343072563,-3355.810266959547
2460835.148611111,-1212.3662000645297,-4299.700016502351,-3095.748673053109
2460835.1493055555,-913.9846794951042,-4561.172115745015,-2810.599517774888
2460835.15,-608.1968074720254,-4785.784737625059,-2502.6571273585073
2460835.1506944443,-297.4720676823464,-4971.695485161293,-2174.404107211909
2460835.1513888887,15.676307422236977,-5117.373115803798,-1828.4919168081562
2460835.152083333,328.71173522012793,-5221.611377526219,-1467.719803351905
2460835.152777778,639.095098047563,-5283.540217242482,-1095.0122484006279
2460835.1534722224,944.3057840951134,-5302.63418090369,-713.3951068855173
2460835.154166667,1241.8627438869742,-5278.717852680596,-325.9706526115237
2460835.154861111,1529.3453428857938,-5211.9682193475055,64.10823015010168
2460835.1555555556,1804.4137879556404,-5102.913888284474,453.6644508100777
2460835.15625,2064.828901010924,-4952.431134948648,839.5234316604491
2460835.1569444444,2308.471026653434,-4761.736802738078,1218.539861692583
2460835.157638889,2533.3578641085205,-4532.3781305440225,1587.6241901306498
2460835.158333333,2737.6610419281783,-4266.219624368621,1943.7685855952957
2460835.1590277776,2919.721266362387,-3965.427137539019,2284.0720849910686
2460835.159722222,3078.061905619927,-3632.449358181486,2605.7646834414786
2460835.160416667,3211.4008991852807,-3269.9969306235917,2906.230140486973
2460835.1611111113,3318.660906722331,-2881.01946557394,3183.027299732164
2460835.1618055557,3398.977643086547,-2468.6807002995756,3433.9097575067644
2460835.1625,3451.7063687702253,-2036.3320822377239,3656.8437409086227
2460835.1631944445,3476.426530177144,-1587.4850412430978,3850.0240908206297
2460835.163888889,3472.9445619442463,-1125.7822201257243,4011.8882670503767
2460835.1645833333,3441.2948809955906,-654.9678999825858,4141.128327454212
2460835.1652777777,3381.7391110077388,-178.85786677017674,4236.700841310393
2460835.165972222,3294.763584070079,298.69107585594014,4297.834722851856
2460835.1666666665,3181.075169559028,773.811739504264,4324.036974230275
2460835.167361111,3041.595481551974,1242.6571449550288,4315.09633723548
2460835.168055556,2877.4535138239407,1701.4309040658786,4271.084854402801
2460835.16875,2689.9767511411014,2146.417216504773,4192.357339429781
2460835.1694444446,2480.6808059731434,2574.010309075116,4079.548757416777
2460835.170138889,2251.2576262159446,2980.743151522237,3933.5695129038086
2460835.1708333334,2003.5623279169056,3363.3152613249986,3755.5986465419223
2460835.171527778,1739.5987091417417,3718.619410025658,3547.0749439861133
2460835.172222222,1461.5035138202645,4043.76702537749,3309.6859704018066
2460835.1729166666,1171.529524980659,4336.112076531816,3045.355055244916
2460835.173611111,872.0275862742122,4593.273215912793,2756.2262724215116
2460835.1743055554,565.4276655034846,4813.153951025146,2444.6474801745535
2460835.175,254.2190976570073,4993.960615540292,2113.1515144619298
2460835.175694444,-59.06983507412572,5134.2179180450885,1764.435658674283
2460835.176388889,-371.8928108499838,5232.781862610336,1401.3395413460778
2460835.1770833335,-681.7066669595395,5288.849856064383,1026.8216476310934
2460835.177777778,-985.9926819340576,5301.967848671119,643.9346563156579
2460835.1784722223,-1282.2777196593124,5272.03439076899,255.79984388512995
2460835.1791666667,-1568.1550109068226,5199.301531726114,-134.41918330181886
2460835.179861111,-1841.3043494051037,5084.372533307022,-523.5431537729695
2460835.1805555555,-2099.511481283353,4928.196419490618,-908.4039021617127
2460835.18125,-2340.686486878123,4732.0594313049605,-1285.8709655250202
2460835.1819444443,-2562.8809630307746,4497.57350430403,-1652.8777174184218
2460835.1826388887,-2764.303840860699,4226.661929019788,-2006.4467711002494
2460835.183333333,-2943.3357017152994,3921.542387173096,-2343.714406663454
2460835.184027778,-3098.541474335348,3584.707595039489,-2661.9537886608414
2460835.1847222224,-3228.6814332622366,3218.9037988118416,-2958.5967828544394
2460835.185416667,-3332.7204413951217,2827.1073869580114,-3231.2542025054786
2460835.186111111,-3409.835408877301,2412.4998867654645,-3477.734351158004
2460835.1868055556,-3459.4209634299145,1978.4416109682884,-3696.059758752219
2460835.1875,-3481.0933473117743,1528.4442140277067,-3884.4820360892622
2460835.1881944444,-3474.692572875958,1066.1423983858497,-4041.4948014163037
2460835.188888889,-3440.2828790795998,595.2649983681348,-4165.844651176396
2460835.189583333,-3378.151539102598,119.60564836981922,-4256.540164905088
2460835.1902777776,-3288.8060722439095,-357.00677830620225,-4312.858945720406
2460835.190972222,-3172.9699119687157,-830.7377944345378,-4334.352703868624
2460835.191666667,-3031.5765807416324,-1297.7768274928744,-4320.850391175166
2460835.1923611113,-2865.762416509406,-1754.3665129967922,-4272.459394369117
2460835.1930555557,-2676.857892230291,-2196.8316111122176,-4189.564789719854
2460835.19375,-2466.377566405213,-2621.607406609528,-4072.826657299198
2460835.1944444445,-2236.0086991566886,-3025.2674499854115,-3923.1754478011762
2460835.195138889,-1987.5985719604714,-3404.5504813591883,-3741.805393459611
2460835.1958333333,-1723.140551858135,-3756.3863701388873,-3530.1659550200498
2460835.1965277777,-1444.7589482651085,-4077.920888151122,-3289.9513007402534
2460835.197222222,-1154.692725576353,-4366.539114161843,-3023.0878259217207
2460835.1979166665,-855.2781469807386,-4619.887259146436,-2731.719734450853
2460835.198611111,-548.930445837045,-4835.892688147274,-2418.192726215663
2460835.199305556,-238.12463795699415,-5012.78191268364,-2085.0358557426193
2460835.2,74.62438500774768,-5149.0963245904595,-1734.9416609103334
2460835.2006944446,386.7823222753446,-5243.705454720038,-1370.7446890052004
2460835.201388889,695.816313018358,-5295.81755652976,-995.398577485112
2460835.2020833334,999.215969164678,-5304.987337714088,-611.9518816002524
2460835.202777778,1294.5143808509322,-5271.120696675778,-223.52286859252385
2460835.203472222,1579.3088740465535,-5194.476359400697,166.7264763324666
2460835.2041666666,1851.2812952146078,-5075.664356689309,555.616965616176
2460835.204861111,2108.2176034677927,-4915.641327669814,939.9789708970603
2460835.2055555554,2348.0265501245563,-4715.702687802135,1316.6791356439287
2460835.20625,2568.7572514169074,-4477.471742813087,1682.6467615149847
2460835.206944444,2768.615465597494,-4202.885882921622,2034.8995790967763
2460835.207638889,2945.978420910654,-3894.1800245840896,2370.568646585382
2460835.2083333335,3099.408056865536,-3553.8675107906374,2686.9221244588193
2460835.209027778,3227.6625761847886,-3184.718701799989,2981.3877110574454
2460835.2097222223,3329.706228496549,-2789.737514873229,3251.5735445672913
2460835.2104166667,3404.717278029053,-2372.136175208244,3495.2874154073056
2460835.211111111,3452.0941290630813,-1935.308454269897,3710.554155660813
2460835.2118055555,3471.4596084556183,-1482.8016598897093,3895.631109344505
2460835.2125,3462.6634211768364,-1018.2876365012967,4049.0216111422806
2460835.2131944443,3425.7828094949123,-545.5330240503858,4169.486423967634
2460835.2138888887,3361.1214567873317,-68.36900030678304,4256.053107863869
2460835.214583333,3269.206682676813,409.33927787832107,4308.023303674702
2460835.215277778,3150.7849788509475,883.7233402529175,4324.977926133659
2460835.2159722224,3006.8159360140166,1350.941988815741,4306.780264985756
2460835.216666667,2838.464610281984,1807.2116321015296,4253.576995445981
2460835.217361111,2647.092376619082,2248.8361965737595,4165.797098093489
2460835.2180555556,2434.2463162002596,2672.2364450134664,4044.1486876216295
2460835.21875,2201.6471854143997,3073.9785275630106,3889.6137492007206
2460835.2194444444,1951.1760192171175,3450.8015802731275,3703.440783638318
2460835.220138889,1684.8594273446045,3799.644177782414,3487.1353670757658
2460835.220833333,1404.8536536760196,4117.669432379033,3242.4486411124
2460835.2215277776,1113.4274814760313,4402.288522731502,2971.363762360662
2460835.222222222,812.9440877001409,4651.182423236314,2676.080362637456
2460835.222916667,505.8419631622382,4862.321607250654,2358.9970897372277
2460835.2236111113,194.61504278273728,5033.983492375864,2022.6923323667768
2460835.2243055557,-118.20779717127346,5164.76741180511,1669.9032549965077
2460835.225,-430.0836869203542,5253.606905194427,1303.5033114519072
2460835.2256944445,-738.4769668336891,5299.779155891004,926.4784195794374
2460835.226388889,-1040.8804265841275,5302.911424650764,541.902026993751
2460835.2270833333,-1334.8363635021597,5262.984375073274,152.90930844081703
2460835.2277777777,-1617.9572327385558,5180.332226904604,-237.32923643988465
2460835.228472222,-1887.9456671742573,5055.639721677795,-625.6345062139842
2460835.2291666665,-2142.6136522400648,4889.935933141422,-1008.8455553500158
2460835.229861111,-2379.9006512753167,4684.585005312539,-1383.8460959284694
2460835.230555556,-2597.8905011956003,4441.273944683144,-1747.5904680456192
2460835.23125,-2794.8269171135503,4161.997635540813,-2097.12881253429
2460835.2319444446,-2969.127471102489,3849.0412842081155,-2429.6312001849433
2460835.232638889,-3119.395940629113,3504.9605235931986,-2742.4105010585486
2460835.2333333334,-3244.4329487114096,3132.559431637433,-3032.9438032632165
2460835.234027778,-3343.2448467625104,2734.8667282863476,-3298.8922234534534
2460835.234722222,-3415.0508168874685,2315.1104196610254,-3538.1189828764473
2460835.2354166666,-3459.288193662117,1876.6911524840643,-3748.7056546814215
2460835.236111111,-3475.61602377186,1423.1545363666878,-3928.966513932414
2460835.2368055554,-3463.9168980917307,958.1626705115965,-4077.460950335223
2460835.2375,-3424.2970997735115,485.46509346494423,-4193.003921960259
2460835.238194444,-3357.0851188625556,8.869366091017339,-4274.674440571781
2460835.238888889,-3262.8285855569065,-467.788541835076,-4321.8220955102115
2460835.2395833335,-3142.289673245517,-940.6738892370249,-4334.071621393821
2460835.240277778,-2996.43902024668,-1405.9826738685429,-4311.325519281377
2460835.2409722223,-2826.448212697675,-1859.9708779418722,-4253.764737687325
2460835.2416666667,-2633.6808685711567,-2298.983306309385,-4161.847414357927
2460835.242361111,-2419.682360433724,-2719.481874595935,-4036.305676558441
2460835.2430555555,-2186.168208452964,-3118.073207972935,-3878.1404907604956
2460835.24375,-1935.0111846772022,-3491.5353822380393,-3688.614554474999
2460835.2444444443,-1668.2271677643816,-3836.8436415075466,-3469.2432216082793
2460835.2451388887,-1387.9598017427384,-4151.194900327944,-3221.783462034899
2460835.245833333,-1096.4640190133387,-4432.030831833262,-2948.220862765483
2460835.246527778,-796.0885140716488,-4677.059318258259,-2650.7547032059806
2460835.2472222224,-489.25726199090616,-4884.274045350651,-2331.781149021041
2460835.247916667,-178.45020327041382,-5051.972009171931,-1993.8746401785224
2460835.248611111,133.81675945542153,-5178.768707863576,-1639.7675810091944
2460835.2493055556,445.01229332529226,-5263.610806740618,-1272.3284637646116
2460835.25,752.6105092912022,-5305.786078953837,-894.5385964007803
2460835.2506944444,1054.1119802468972,-5304.930453558421,-509.46763031561443
2460835.251388889,1347.0646849319926,-5261.032035701824,-120.24812084347072
2460835.252083333,1629.0846621314483,-5174.432005441516,269.95063594161905
2460835.2527777776,1897.876146457448,-5045.8223450627365,657.9492148103691
2460835.253472222,2151.2509646116946,-4876.240395222163,1040.5848382779984
2460835.254166667,2387.146984133402,-4667.060286197263,1414.7380364409112
2460835.2548611113,2603.645412930269,-4419.981342580565,1777.358897105198
2460835.2555555557,2798.9867764271235,-4137.013600099775,2125.4926356437572
2460835.25625,2971.5854158576926,-3820.4606180729897,2456.30421934573
2460835.2569444445,3120.0423833583527,-3472.8997989467484,2767.1018119689534
2460835.257638889,3243.15663199271,-3097.160460416774,3055.358820744977
2460835.2583333333,3339.934433157121,-2696.2999122845445,3318.734369467399
2460835.2590277777,3409.596974059845,-2273.5778149424305,3555.09203856945
2460835.259722222,3451.5861189562324,-1832.4290814472758,3762.516758116993
2460835.2604166665,3465.568334014036,-1376.4355969772926,3939.3297566039046
2460835.261111111,3451.436796605337,-909.2970048391205,4084.1015042334475
2460835.261805556,3409.3117209944453,-434.8008044917173,4195.662605477156
2460835.2625,3339.538942548397,43.208014855662285,4273.112616762233
2460835.2631944446,3242.6868068656713,520.8575993387211,4315.826777169465
2460835.263888889,3119.541413776317,994.2799145782595,4323.460646851551
2460835.2645833334,2971.1002635227346,1459.6413171573056,4295.952654243666
2460835.265277778,2798.5643547411623,1913.1728302386528,4233.524551931574
2460835.265972222,2603.3287788969596,2351.199961504052,4136.679781897688
2460835.2666666666,2386.9718583301437,2770.1718878016422,4006.1997489924565
2460835.267361111,2151.242875250217,3166.6898312187413,3843.1380016247736
2460835.2680555554,1898.0484456056163,3537.5344375647646,3648.8123222244276
2460835.26875,1629.4375968513593,3879.691962178826,3424.7947345281814
2460835.269444444,1347.5856232535193,4190.379050025935,3172.899447439195
2460835.270138889,1054.7768053620869,4467.065890137341,2895.168769823498
2460835.2708333335,753.3860985470027,4707.497515813194,2593.8570514476382
2460835.271527778,445.85991403304104,4909.713020300692,2271.412728875778
2460835.2722222223,134.696138849512,5072.062459257552,1930.45858549161
2460835.2729166667,-177.5764394181768,5193.221224006946,1573.7703644350474
2460835.273611111,-488.4191193585706,5272.201688694421,1204.253902769069
2460835.2743055555,-795.3044814575161,5308.36195955529,824.9209878667358
2460835.275,-1095.7375780066268,5301.41158933461,438.8641646190335
2460835.2756944443,-1387.2768956194104,5251.414160271582,49.2307444461269
2460835.2763888887,-1667.5548653407163,5158.786683465416,-340.80371344355865
2460835.277083333,-1934.2976977121841,5024.29581097772,-728.0621645609614
2460835.277777778,-2185.3443319554967,4849.050905347052,-1109.3927999144132
2460835.2784722224,-2418.6642982192575,4634.49406164442,-1481.6954345681925
2460835.279166667,-2632.374320684556,4382.387216406747,-1841.94729663655
2460835.279861111,-2824.753499864426,4094.7965270947466,-2187.227945482452
2460835.2805555556,-2994.2569524831397,3774.0742297767188,-2514.7430904246085
2460835.28125,-3139.527806211753,3422.838216444909,-2821.8470933980966
2460835.2819444444,-3259.407479849069,3043.949587190399,-3106.063976595309
2460835.282638889,-3352.944205259135,2640.4884440464393,-3365.1067848764083
2460835.283333333,-3419.39977316263,2215.7281944661117,-3596.8951854033553
2460835.2840277776,-3458.254506865721,1773.1086272122727,-3799.5712171085474
2460835.284722222,-3469.2104862525844,1316.2080099701268,-3971.513131002236
2460835.285416667,-3452.1930576661975,848.7144470743422,-4111.34728359216
2460835.2861111113,-3407.3506753374486,374.3967092185386,-4217.958068189906
2460835.2868055557,-3335.053124120511,-102.92526687967487,-4290.4958793511
2460835.2875,-3235.8881755997195,-579.4100290555151,-4328.383115232801
2460835.2881944445,-3110.6567265674694,-1051.2242555892149,-4331.318227458495
2460835.288888889,-2960.366467405926,-1514.572239885001,-4299.277825621558
2460835.2895833333,-2786.224120991559,-1965.7250798463713,-4232.516842295261
2460835.2902777777,-2589.6262909382353,-2401.0494281224533,-4131.566758495582
2460835.290972222,-2372.148953709524,-2817.0356634129785,-3997.2318851884975
2460835.2916666665,-2135.5356285107846,-3210.325333300666,-3830.5836920956326
2460835.292361111,-1881.6842643567406,-3577.7377023960166,-3632.95317623449
2460835.293055556,-1612.632884507055,-3916.2952348813255,-3405.9212621407673
2460835.29375,-1330.5440445182373,-4223.247813720173,-3151.307237253097
2460835.2944444446,-1037.6881702455344,-4496.0954913096175,-2871.155236664693
2460835.295138889,-736.4258579041243,-4732.609553626207,-2567.718807724383
2460835.2958333334,-429.1892453716658,-4930.851665519251,-2243.4436150931488
2460835.296527778,-118.46257292019267,-5089.19087424146,-1900.9483620835122
2460835.297222222,193.2379138102851,-5206.318241738636,-1543.0040463858059
2460835.2979166666,503.3845523915434,-5281.25889678546,-1172.5116926195178
2460835.298611111,809.4591569588938,-5313.381316648574,-792.4787368279079
2460835.2993055554,1108.9740105021824,-5302.40367616836,-405.9942718721756
2460835.3,1399.4927428927344,-5248.397139171288,-16.203384599642316
2460835.300694444,1678.6508689977047,-5151.786008217422,373.71915463203527
2460835.301388889,1944.1757649252218,-5013.344695619475,760.5955783073991
2460835.3020833335,2193.9058634719077,-4834.191526164326,1141.271899873858
2460835.302777778,2425.808858441679,-4615.779432431884,1512.6444932044228
2460835.3034722223,2637.9987269634166,-4359.883649512746,1871.6861918580314
2460835.3041666667,2828.751396664435,-4068.586561241549,2215.471633465135
2460835.304861111,2996.518910415174,-3744.25988840082,2541.2015940838787
2460835.3055555555,3139.9419690691752,-3389.5444389455465,2846.22608233554
2460835.30625,3257.8607582999525,-3007.327667680847,3128.0659863157625
2460835.3069444443,3349.323994952995,-2600.7193084451997,3384.4330983295495
2460835.3076388887,3413.5961555704407,-2173.0253461145394,3613.2483759604556
2460835.308333333,3450.162871903598,-1727.720598734417,3812.658325579825
2460835.309027778,3458.7344990315028,-1268.4201777270298,3981.0494222514703
2460835.3097222224,3439.247879296314,-798.8500707226651,4117.060511013609
2460835.310416667,3391.866335599353,-322.81709151616167,4219.593148279878
2460835.311111111,3316.977936740118,155.82158802326802,4287.819864395801
2460835.3118055556,3215.192082189616,633.1891129833768,4321.190335992592
2460835.3125,3087.3344535347196,1105.4196466292617,4319.435467108422
2460835.3131944444,2934.4403810306835,1568.688911768068,4282.569377724732
2460835.313888889,2757.746672625185,2019.244400426887,4210.889301673786
2460835.314583333,2558.681948342016,2453.4350890601213,4104.973392989886
2460835.3152777776,2338.855528850051,2867.7404768148776,3965.6764403682105
2460835.315972222,2100.044923195474,3258.7987756664447,3794.123488171186
2460835.316666667,1844.1819729141534,3623.4340548526598,3591.701369004218
2460835.3173611113,1573.337710852971,3958.6821455473296,3360.0481556641957
2460835.3180555557,1289.7060143828417,4261.815084239213,3101.040558484038
2460835.31875,995.5861389200178,4530.363877848334,2816.779304090991
2460835.3194444445,693.3642440384577,4762.139355474223,2509.572559638973
2460835.320138889,385.4940393097482,4955.250877848266,2181.9174881796107
2460835.3208333333,74.47669961540616,5108.122678124456,1836.480051078171
2460835.3215277777,-237.15977844001037,5219.507620231268,1476.0732059007364
2460835.322222222,-546.8815919944724,5288.4981838684325,1103.6336758251239
2460835.3229166665,-852.1703135439494,5314.534511709115,722.1974994708664
2460835.323611111,-1150.5440216274294,5297.409391062297,334.874596873868
2460835.324305556,-1439.5781594374116,5237.270083798392,-55.17739360268928
2460835.325,-1716.9258928698027,5134.616964433793,-444.77972784795935
2460835.3256944446,-1980.337753475408,4990.298974111245,-830.7593402461055
2460835.326388889,-2227.6803520284507,4805.505948334687,-1209.9755051343545
2460835.3270833334,-2456.953972272593,4581.75792263123,-1579.3460957105783
2460835.327777778,-2666.3088700550625,4320.891566061354,-1935.873164868779
2460835.328472222,-2854.0601316335305,4025.0439283768383,-2276.6675965120617
2460835.3291666666,-3018.7009676436173,3696.6337227449594,-2598.972592300804
2460835.329861111,-3158.9143523722414,3338.3403845057533,-2900.185794602575
2460835.3305555554,-3273.582941185169,2953.0811702888936,-3177.8798678119656
2460835.33125,-3361.7972311438266,2543.9865605973605,-3429.821401732004
2460835.331944444,-3422.861950609703,2114.374234010286,-3653.988025742745
2460835.332638889,-3456.3006855713998,1667.721876935042,-3848.583652277735
2460835.3333333335,-3461.8587692319666,1207.6390708472024,-4012.051800128585
2460835.334027778,-3439.5044717039273,737.8384876097575,-4143.086965639843
2460835.3347222223,-3389.4285360759413,262.1066105911787,-4240.644026792155
2460835.3354166667,-3312.042110808413,-215.72583835365418,-4303.945683082734
2460835.336111111,-3207.9731295163133,-691.8135810167269,-4332.487934106667
2460835.3368055555,-3078.0611850751866,-1162.326428993774,-4326.043608115526
2460835.3375,-2923.3509451976875,-1623.4787329099531,-4284.6639466367105
2460835.3381944443,-2745.084146334894,-2071.55850985443,-4208.678250120571
2460835.3388888887,-2544.6902041726703,-2502.9560990045065,-4098.691582583168
2460835.339583333,-2323.775475641658,-2914.1922021570062,-3955.5805309635675
2460835.340277778,-2084.1112030855647,-3301.9451634804323,-3780.487008463984
2460835.3409722224,-1827.6201814239153,-3663.077314360029,-3574.8100945122064
2460835.341666667,-1556.3621941194672,-3994.6602028277857,-3340.1959083331953
2460835.342361111,-1272.5182685420118,-4293.998517737985,-3078.525516398507
2460835.3430555556,-978.3738281534792,-4558.652486492374,-2791.90089815239
2460835.34375,-676.3008241762266,-4786.4585313600155,-2482.6290037532494
2460835.3444444444,-368.738958465821,-4975.547951130137,-2153.203969033574
2460835.345138889,-58.17612673251689,-5124.363400221346,-1806.287577405313
2460835.345833333,252.87176761939128,-5231.672943544294,-1444.6880878348904
2460835.3465277776,561.8814522681583,-5296.581477862643,-1071.337586196396
2460835.347222222,866.3431903477818,-5318.539337746979,-689.2680396315213
2460835.347916667,1163.7817403889542,-5297.347931108832,-301.58627184528456
2460835.3486111113,1451.7771557577391,-5233.16228910135,88.55190181530453
2460835.3493055557,1727.9851996816121,-5126.490457464873,477.9681166303399
2460835.35,1990.1571523204982,-4978.1897040204585,863.4881998280766
2460835.3506944445,2236.1587941738,-4789.459565164671,1241.9689265385746
2460835.351388889,2463.9883593837258,-4561.831803779385,1610.3245010006578
2460835.3520833333,2671.793270922669,-4297.157397992598,1965.5524811785638
2460835.3527777777,2857.885492660776,-3997.590720712365,2304.758880390336
2460835.353472222,3020.7553540214553,-3665.5711121267773,2625.1821914821644
2460835.3541666665,3159.083736627762,-3303.8020690235317,2924.2161145714417
2460835.354861111,3271.7525335596033,-2915.228306229629,3199.4307857538006
2460835.355555556,3357.853324403852,-2503.0109524618547,3448.5923434531514
2460835.35625,3416.694232860708,-2070.501151218855,3669.680696624443
2460835.3569444446,3447.804956951044,-1621.212334635583,3860.9053900707067
2460835.357638889,3450.9399809687775,-1158.791437112264,4020.7194874309575
2460835.3583333334,3426.0799949541038,-686.9892855861299,4147.831424291842
2460835.359027778,3373.431556587075,-209.63041396537153,4241.214792495885
2460835.359722222,3293.42503919861,269.41749358072826,4300.116042806577
2460835.3604166666,3186.7109118362496,746.2743255097207,4324.060096134034
2460835.361111111,3054.1543998233574,1217.0782424048389,4312.853861994942
2460835.3618055554,2896.8285711616622,1678.0161833419945,4266.587665507336
2460835.3625,2716.005895530968,2125.354000897182,4185.634582952651
2460835.363194444,2513.1483194076477,2555.4660589809464,4070.6476857091625
2460835.363888889,2289.895902435416,2964.864118056048,3922.5551909419464
2460835.3645833335,2048.0540654266665,3350.2253218687556,3742.5535204995986
2460835.365277778,1789.5795018620881,3708.4190984210245,3532.0982709254135
2460835.3659722223,1516.5648202185025,4036.5327642591233,3292.8931095179123
2460835.3666666667,1231.2219934551315,4331.895617986579,3026.8766222100226
2460835.367361111,935.8647102286237,4592.101295693853,2736.2071584141636
2460835.3680555555,632.8897413612984,4815.0281562857745,2423.245741202983
2460835.36875,324.75745356275434,4998.8574666880595,2090.5371360239187
2460835.3694444443,13.971626787121942,5142.089161259785,1740.7892041935993
2460835.3701388887,-296.9412523790411,5243.5549679915775,1376.8506943030188
2460835.370833333,-605.4530258042109,5302.428713998039,1001.6876609406564
2460835.371527778,-909.0550239388492,5318.233656258181,618.3587214359433
2460835.3722222224,-1205.279127718873,5290.84671769938,229.9893978739164
2460835.372916667,-1491.7185118953469,5220.499554605335,-160.2541970019508
2460835.373611111,-1766.0478453197,5107.776426112862,-549.1920514043248
2460835.3743055556,-2026.0427285771852,4953.608886957537,-933.6570346021684
2460835.375,-2269.598166213737,4759.267371775797,-1310.5214823155018
2460835.3756944444,-2494.7458805014303,4526.349789241177,-1676.7232998647453
2460835.376388889,-2699.670304195966,4256.767282164581,-2029.2913216831066
2460835.377083333,-2882.723105631637,3952.7273532433474,-2365.3696713102627
2460835.3777777776,-3042.4361351724024,3616.7145792848924,-2682.2409035847513
2460835.378472222,-3177.532703653835,3251.469166717108,-2977.347728154116
2460835.379166667,-3286.937137530362,2859.9636060505336,-3248.3131552803466
2460835.3798611113,-3369.7825769088954,2445.3776958544704,-3492.9589281461817
2460835.3805555557,-3425.4170084593584,2011.0722045841721,-3709.322139839788
2460835.38125,-3453.407546602673,1560.5614217880027,-3895.669966619259
2460835.3819444445,-3453.542989627162,1097.484847024019,-4050.512467558698
2460835.382638889,-3425.834690755632,625.578236990618,-4172.613427625288
2460835.3833333333,-3370.515790519336,148.64422291590355,-4260.9992326502415
2460835.3840277777,-3288.0388602537914,-329.4773217813073,-4314.965780154435
2460835.384722222,-3179.0720057678805,-804.9389918875931,-4334.083432015077
2460835.3854166665,-3044.4934786346416,-1273.9154824732213,-4318.200018052059
2460835.386111111,-2885.384836995932,-1732.6330026462667,-4267.441897842825
2460835.386805556,-2703.0226949796643,-2177.398327393926,-4182.213083071736
2460835.3875,-2498.869094549282,-2604.6273504616497,-4063.192417871778
2460835.3881944446,-2274.560533884445,-3010.8729889551714,-3911.3288106442114
2460835.388888889,-2031.8956861129807,-3392.852284551121,-3727.834508424451
2460835.3895833334,-1772.821846125946,-3747.472532061983,-3514.1764051833843
2460835.390277778,-1499.4201535489915,-4071.8562470982192,-3272.065382557305
2460835.390972222,-1213.889649370898,-4363.364773486698,-3003.443690253866
2460835.3916666666,-918.5302406038026,-4619.620314586256,-2710.4703899438773
2460835.392361111,-615.7246659789105,-4838.52616280606,-2395.5049075679126
2460835.3930555554,-307.9195743939387,-5018.284898159497,-2061.088762263763
2460835.39375,2.3941471223711694,-5157.414325393015,-1709.9255721675922
2460835.394444444,312.70164019703475,-5254.760930990865,-1344.8594657575757
2460835.395138889,620.4847591232977,-5309.510657171549,-968.8520606438447
2460835.3958333335,923.2429779188151,-5321.196815387849,-584.9582013522158
2460835.396527778,1218.5143084135202,-5289.70499387067,-196.30068091457824
2460835.3972222223,1503.896011924639,-5215.274854342345,193.9558087857929
2460835.3979166667,1777.0648813454798,-5098.498755958316,582.6312316263948
2460835.398611111,2035.7968694203864,-4940.317193389678,966.5569831665989
2460835.3993055555,2277.9858509305795,-4742.011084228753,1342.6026035431992
2460835.4,2501.661315726075,-4505.190990347973,1707.7021383247811
2460835.4006944443,2705.004810391821,-4231.783402691925,2058.879869894443
2460835.4013888887,2886.364966209577,-3924.014262863379,2393.2751525360695
2460835.402083333,3044.270980640167,-3584.3899255622678,2708.166111747861
2460835.402777778,3177.444442120187,-3215.6757998831245,3000.991985698294
2460835.4034722224,3284.8094200605897,-2820.872922027778,3269.373922894502
2460835.404166667,3365.5007662965436,-2403.192728483258,3511.13407589524
2460835.404861111,3418.8706012370612,-1966.0302985309277,3724.312865780345
2460835.4055555556,3444.492978875041,-1512.9363340430784,3907.1843195670413
2460835.40625,3442.1667435597815,-1047.5881347960467,4058.2694104873653
2460835.4069444444,3411.9166056429553,-573.759813912233,4176.347354305326
2460835.407638889,3353.992473362856,-95.29198391264562,4260.464833155272
2460835.408333333,3268.867084100845,383.9388783241531,4309.943133500447
2460835.4090277776,3157.2319812483584,860.0511872750442,4324.383191611368
2460835.409722222,3019.9918829850076,1329.188943984928,4303.668546440439
2460835.410416667,2858.257489406549,1787.5521921893737,4247.966200677462
2460835.4111111113,2673.33677050189,2231.427070857352,4157.7253901480535
2460835.4118055557,2466.724781123767,2657.215283877887,4033.67426122773
2460835.4125,2240.0920452123005,3061.462818386372,3876.8144543121884
2460835.4131944445,1995.2715618298066,3440.8877181449275,3688.413596181631
2460835.413888889,1734.2444857050457,3792.4067228534636,3469.995705826403
2460835.4145833333,1459.1245509828975,4113.1605598830765,3223.329530984718
2460835.4152777777,1172.1413200734005,4400.537667708204,2950.4148475785114
2460835.415972222,875.6223538913932,4652.196124749495,2653.4667713572107
2460835.4166666665,571.974421123183,4866.083549893309,2334.898156490803
2460835.417361111,263.66388589319394,5040.454742991315,1997.3001848516758
2460835.418055556,-46.80356861026481,5173.886845244253,1643.4212772358765
2460835.41875,-356.90370058462474,5265.291814230524,1276.1444915535994
2460835.4194444446,-664.1147596013375,5313.926034797143,898.4636004334535
2460835.420138889,-965.9386127495009,5319.396917700135,513.4580747754659
2460835.4208333334,-1259.9217304219253,5281.666378963371,124.26721705852142
2460835.421527778,-1543.6758053384322,5201.051135166885,-265.93628549950773
2460835.422222222,-1814.8977827734113,5078.21979861861,-653.973107691507
2460835.4229166666,-2071.3890861485515,4914.186805542014,-1036.6840446447536
2460835.423611111,-2311.0738364927524,4710.303258648629,-1410.9564959562865
2460835.4243055554,-2532.015882174613,4468.244810648671,-1773.7503978327918
2460835.425,-2732.4344746821353,4189.99676023977,-2122.1233352443483
2460835.425694444,-2910.7184585242385,3877.836561673247,-2453.2545974594223
2460835.426388889,-3065.4388633751537,3534.313984739939,-2764.467953996368
2460835.4270833335,-3195.359822120314,3162.2291732669346,-3053.2529696252195
2460835.427777778,-3299.4477596837705,2764.608871990842,-3317.284697034791
2460835.4284722223,-3376.8788288475243,2344.6810849026406,-3554.441628220656
2460835.4291666667,-3427.0445879397334,1905.848433364315,-3762.8218081467553
2460835.429861111,-3449.55593699381,1451.6604654243997,-3940.757048007881
2460835.4305555555,-3444.2453424378627,985.7851547811199,-4086.825197454303
2460835.43125,-3411.167391021027,511.9798126209182,-4199.8604542838
2460835.4319444443,-3350.597720119503,34.061609901763255,-4278.9617072468645
2460835.4326388887,-3263.030373067301,-444.12210783091746,-4323.498914947878
2460835.433333333,-3149.173628336202,-918.7235447815843,-4333.117528738717
2460835.434027778,-3009.944347117872,-1385.924071986323,-4307.740969207854
2460835.4347222224,-2846.4608797684587,-1841.9635930462475,-4247.571161222024
2460835.435416667,-2660.034569306126,-2283.1695145905346,-4153.087129377614
2460835.436111111,-2452.1598831591027,-2705.9851871920223,-4025.041649645554
2460835.4368055556,-2224.5032074679684,-3106.997661714234,-3864.45594996165
2460835.4375,-1978.89033755758,-3482.964603473957,-3672.6124506955007
2460835.4381944444,-1717.2927033060278,-3830.840190578303,-3451.0455373047143
2460835.438888889,-1441.8123799268308,-4147.799803118078,-3201.5303664034996
2460835.439583333,-1154.6659437638339,-4431.263300689858,-2926.069715498272
2460835.4402777776,-858.167252235328,-4678.916667466759,-2626.878906219798
2460835.440972222,-554.7092437984394,-4888.731798237712,-2306.3688509474423
2460835.441666667,-246.74487732572854,-5058.984192931724,-1967.1273014213875
2460835.4423611113,63.232650606203634,-5188.268333129629,-1611.8984047354247
2460835.4430555557,372.7102484305497,-5275.510523189671,-1243.560705501728
2460835.44375,679.1756508016989,-5319.978998484024,-865.1037643839106
2460835.4444444445,980.1383189536745,-5321.291130350245,-479.6035947634601
2460835.445138889,1273.1503085758407,-5279.417592225869,-90.19714618839194
2460835.4458333333,1555.8268844167644,-5194.683391851247,299.9439121110407
2460835.4465277777,1825.8666591877818,-5067.765719381436,687.6398378449949
2460835.447222222,2081.0710329140234,-4899.688611164052,1069.7296046675922
2460835.4479166665,2319.3627247726845,-4691.81447626616,1443.0975507772844
2460835.448611111,2538.803198045769,-4445.832581739971,1804.6995992553907
2460835.449305556,2737.608798335031,-4163.744640212887,2151.588771562307
2460835.45,2914.1654544765497,-3847.8476764609595,2480.939742059357
2460835.4506944446,3067.041808260141,-3500.7143933352068,2790.072188246026
2460835.451388889,3195.0006758475474,-3125.1712725804337,3076.4727334137074
2460835.4520833334,3297.008764731346,-2724.2746731180373,3337.8152963564053
2460835.452777778,3372.244600574373,-2301.285193938402,3571.9797005255373
2460835.453472222,3420.1046415630294,-1859.6405705290026,3777.06842454209
2460835.4541666666,3440.207578321212,-1402.9273735072431,3951.4214027047005
2460835.454861111,3432.396836129221,-934.8517611260326,4093.6288141396676
2460835.4555555554,3396.741308211976,-459.20952869580265,4202.541818011798
2460835.45625,3333.5343583439285,20.144322534895203,4277.28121151106
2460835.456944444,3243.2911364549723,499.3262860077478,4317.243998387661
2460835.457638889,3126.744252619093,974.4551306231378,4322.107865191506
2460835.4583333335,2984.8378548263363,1441.6825788553747,4291.833564520666
2460835.459027778,2818.720155407659,1897.2237072679382,4226.665206286656
2460835.4597222223,2629.7344490023493,2337.386900633976,4127.128457211367
2460835.4604166667,2419.4086649640562,2758.6031870317893,3994.026647268422
2460835.461111111,2189.4435000436747,3157.4547733092904,3828.4347827720653
2460835.4618055555,1941.6991809735025,3530.7025935082665,3631.691468403544
2460835.4625,1678.180912836133,3875.3126724115887,3405.388745232321
2460835.4631944443,1401.0230873938526,4188.481084367573,3151.359868395361
2460835.4638888887,1112.4723303907272,4467.657292367644,2871.6650563252833
2460835.464583333,814.8694931456819,4710.565631135454,2568.575270789467
2460835.465277778,510.6307097488794,4915.224702144998,2244.554109415697
2460835.4659722224,202.22766256546916,5079.964451220444,1902.2379211543368
2460835.466666667,-107.83278152484606,5203.440710829085,1544.4142844741389
2460835.467361111,-417.0293787711438,5284.647006375869,1173.9990232253192
2460835.4680555556,-722.8475628536091,5322.923455639101,794.011959937266
2460835.46875,-1022.8005309711579,5317.962622293295,407.5516390298232
2460835.4694444444,-1314.4501413270023,5269.812226553828,17.769272855191854
2460835.470138889,-1595.4273992988944,5178.874660104449,-372.1578195997167
2460835.470833333,-1863.4523068303597,5045.903301998684,-759.0529922060222
2460835.4715277776,-2116.3528670975843,4871.995680487332,-1139.7669872759327
2460835.472222222,-2352.08304414083,4658.583573896674,-1511.2042993386524
2460835.472916667,-2568.739497606855,4407.4201902393825,-1870.3489102971091
2460835.4736111113,-2764.576938810963,4120.564603168274,-2214.289140064008
2460835.4743055557,-2938.0219778216288,3800.3636569128735,-2540.2413753191727
2460835.475,-3087.68535935044,3449.431580610758,-2845.5724658002705
2460835.4756944445,-3212.372516223366,3070.627565253291,-3127.8206129774126
2460835.476388889,-3311.0923923761848,2667.0315727233838,-3384.7146004053757
2460835.4770833333,-3383.0645155485763,2241.918643216907,-3614.19125242805
2460835.4777777777,-3427.724320565693,1798.7319625919904,-3814.4110363287086
2460835.478472222,-3444.7267419300915,1341.0549399228146,-3983.771749980039
2460835.4791666665,-3433.9481083496044,872.5825327523353,-4120.920259528031
2460835.479861111,-3395.4863814476007,397.09202797705797,-4224.762274020457
2460835.480555556,-3329.659785200761,-81.58651714766955,-4294.470150963568
2460835.48125,-3237.0038746683545,-559.6000035895902,-4329.48874067628
2460835.4819444446,-3118.267090530367,-1033.1020253079623,-4329.539277038375
2460835.482638889,-2974.4048431681513,-1498.282460340654,-4294.621322955776
2460835.4833333334,-2806.5721648655094,-1951.396778966453,-4225.012775489099
2460835.484027778,-2616.114965410366,-2388.7949275638557,-4121.2679304062085
2460835.484722222,-2404.559922797071,-2806.949646431567,-3984.2136009500746
2460835.4854166666,-2173.6030418617233,-3202.484067511807,-3814.943282912297
2460835.486111111,-1925.0969146113175,-3572.1984300712243,-3614.809356710138
2460835.4868055554,-1661.0367239221434,-3913.0957337116474,-3385.4133214354024
2460835.4875,-1383.5450400027553,-4222.406136022542,-3128.5940621610466
2460835.488194444,-1094.8554775658915,-4497.609880901314,-2846.4141691963137
2460835.488888889,-797.2952900369231,-4736.45854183906,-2541.1443386871433
2460835.4895833335,-493.2670091078682,-4936.994342831054,-2215.2459185716684
2460835.490277778,-185.22924654106163,-5097.567331605976,-1871.3516792356722
2460835.4909722223,124.32319348946342,-5216.850175348132,-1512.2449273526786
2460835.4916666667,432.87972581209704,-5293.850366864757,-1140.8371095848465
2460835.492361111,737.9347349490449,-5327.9196498342635,-760.1440835106739
2460835.4930555555,1037.008461076124,-5318.760499816355,-373.26126703645895
2460835.49375,1327.667807144642,-5266.42953549066,16.662097676327875
2460835.4944444443,1607.5468479955493,-5171.337775556929,406.4493103551039
2460835.4951388887,1874.3668134545014,-5034.247704214745,792.9229271356495
2460835.495833333,2125.9553317603095,-4856.267155616831,1172.931545070088
2460835.496527778,2360.264720306494,-4638.840078805265,1543.3763626794425
2460835.4972222224,2575.3891329343555,-4383.734290580919,1901.2372362903698
2460835.497916667,2769.580390558282,-4093.026367712742,2243.597960069644
2460835.498611111,2941.2623449009902,-3769.0838705910965,2567.6705138486554
2460835.4993055556,3089.0436546676588,-3414.5451185059032,2870.818051486671
2460835.5,3211.7288780074887,-3032.2967646935203,3150.576424836777
2460835.5006944444,3308.327815195217,-2625.4494307668188,3404.674073317183
2460835.501388889,3378.063059260472,-2197.311673134968,3631.0501355926335
2460835.502083333,3420.3757381178743,-1751.3625480469468,3827.8706752868356
2460835.5027777776,3434.929450207452,-1291.2230403171911,3993.542937285373
2460835.503472222,3421.6124128196825,-820.6266065531156,4126.7275783241
2460835.504166667,3380.537854031285,-343.38906941759325,4226.348835731367
2460835.5048611113,3312.0426872619896,136.6219165373682,4291.602614126676
2460835.5055555557,3216.6845120378453,615.5176232566106,4321.962481259546
2460835.50625,3095.2369851904327,1089.4190453567855,4317.183570789187
2460835.5069444445,2948.6836081203983,1554.4875487919207,4277.304391904478
2460835.507638889,2778.2099720802744,2006.9552064774011,4202.646547078358
2460835.5083333333,2585.194504987464,2443.1546444071096,4093.8123574952865
2460835.5090277777,2371.1977615760316,2859.5482275746363,3951.6803950961917
2460835.509722222,2137.9503023455836,3252.7564030784442,3777.398920902132
2460835.5104166665,1887.3392119132411,3619.5850087471226,3572.3772329968037
2460835.511111111,1621.3933179189628,3957.0513412583823,3338.2749366693306
2460835.511805556,1342.267180481775,4262.40877118186,3076.9891588525343
2460835.5125,1052.223941954456,4533.16967553456,2790.6397494407997
2460835.5131944446,753.617143130756,4767.126456018555,2481.5525329278316
2460835.513888889,448.8716304799521,4962.370410773107,2152.240697862893
2460835.5145833334,140.46370587250098,5117.308228448347,1805.3844468932755
2460835.515277778,-169.09931818273049,5230.675893732308,1443.809051746275
2460835.515972222,-477.29996514673576,5301.549807267229,1070.461500020736
2460835.5166666666,-781.631645358513,5329.354958260323,688.3859381134849
2460835.517361111,-1079.6196920179157,5313.870019144706,300.69815209487615
2460835.5180555554,-1368.842161114242,5255.229276803754,-89.44065518120091
2460835.51875,-1646.9501727436939,5153.921359895015,-478.8505165861137
2460835.519444444,-1911.687572413422,5010.784770874982,-864.3594948722196
2460835.520138889,-2160.9097044573955,4827.000280247871,-1242.830332423577
2460835.5208333335,-2392.601102199527,4604.080288970514,-1611.186671240517
2460835.521527778,-2604.891922453678,4343.855307883585,-1966.4385734768607
2460835.5222222223,-2796.072974277353,4048.4577422319853,-2305.7070888110484
2460835.5229166667,-2964.6092185447037,3720.3032023003693,-2626.2476384263446
2460835.523611111,-3109.1516448667035,3362.0695824348795,-2925.4720168372573
2460835.5243055555,-3228.54745775138,2976.674170212657,-3200.968839069767
2460835.525,-3321.8485331288357,2567.2490503424447,-3450.5222973500045
2460835.5256944443,-3388.318127986926,2137.115074761303,-3672.1291172397414
2460835.5263888887,-3427.435850202362,1689.754650989574,-3864.013640911645
2460835.527083333,-3438.900908637933,1228.7836039732226,-4024.640981414533
2460835.527777778,-3422.6336796186033,757.9223324754219,-4152.728223715621
2460835.5284722224,-3378.7756316232053,280.9664759937736,-4247.253657774662
2460835.529166667,-3307.6876554613286,-198.2427195650924,-4307.464045055939
2460835.529861111,-3209.946847034019,-675.8481656553896,-4332.879925116379
2460835.5305555556,-3086.3417881412765,-1148.006665060986,-4323.298970840855
2460835.53125,-2937.866366805594,-1610.9184708273356,-4278.7974001096545
2460835.5319444444,-2765.7121739044073,-2060.8565301874496,-4199.729447119373
2460835.532638889,-2571.2595101511765,-2494.195270921072,-4086.7248919546337
2460835.533333333,-2356.067034446218,-2907.4387862486738,-3940.684642457297
2460835.5340277776,-2121.8600848210385,-3297.248263808887,-3762.774359213716
2460835.534722222,-1870.5177077221908,-3660.468489203686,-3554.416115525427
2460835.535416667,-1604.0584376985603,-3994.1532413437662,-3317.2780883382857
2460835.5361111113,-1324.6248814462738,-4295.589379461661,-3053.262286227497
2460835.5368055557,-1034.4671732982915,-4562.319409158108,-2764.4903339348175
2460835.5375,-735.9253899951595,-4792.162300250954,-2453.2873555220162
2460835.5381944445,-431.4110282038878,-4983.232327673686,-2122.1640183109803
2460835.538888889,-123.3876755732903,-5133.955701099425,-1773.7968335421635
2460835.5395833333,185.64897680355853,-5243.084760994745,-1411.006835680882
2460835.5402777777,493.19160778814484,-5309.709531296902,-1036.7367982638816
2460835.540972222,796.7420381959432,-5333.266444355165,-654.0271707915649
2460835.5416666665,1093.8320932116485,-5313.5440827936,-265.9909569581139
2460835.542361111,1382.0443397010972,-5250.685823055836,124.21222370517425
2460835.543055556,1659.032477831977,-5145.18930748754,513.4026292362648
2460835.54375,1922.5411611915108,-4997.9027199331085,898.4071605126869
2460835.5444444446,2170.425031405321,-4810.017888405676,1276.0861151955492
2460835.545138889,2400.6667602979646,-4583.060287987791,1643.3596405342444
2460835.5458333334,2611.3939117369923,-4318.876063340786,1997.2336050535455
2460835.546527778,2800.8944544987194,-4019.6162348689777,2334.82461946605
2460835.547222222,2967.6307865734457,-3687.718283589685,2653.383964471538
2460835.5479166666,3110.25215005795,-3325.8853507092144,2950.320194032328
2460835.548611111,3227.605353427509,-2937.0632954262005,3223.2202285722838
2460835.5493055554,3318.743736624534,-2524.41588120955,3469.868768119969
2460835.55,3382.934345117456,-2091.298357688771,3688.265896074111
2460835.550694444,3419.6632994509846,-1641.2297090836212,3876.6427696148144
2460835.551388889,3428.6393673110265,-1177.863824982807,4033.475324366355
2460835.5520833335,3409.7957587946626,-704.9598484051991,4157.495939315515
2460835.552777778,3363.2901781707583,-226.35192594984719,4247.703034115118
2460835.5534722223,3289.5031714144393,254.08141792845583,4303.368579907187
2460835.5541666667,3189.034812517737,732.4480880517762,4324.043518455867
2460835.554861111,3062.699772795379,1204.8732165664362,4309.561087261242
2460835.5555555555,2911.520817057096,1667.5297751050002,4260.038052062004
2460835.55625,2736.720767765594,2116.6688329011736,4175.873847082461
2460835.5569444443,2539.712979770558,2548.6492847339705,4057.747622506562
2460835.5576388887,2322.0903664834477,2959.9668770244175,3906.6131976010956
2460835.558333333,2085.6130257279747,3347.2823419919196,3723.691921495034
2460835.559027778,1832.1945125055288,3707.448453679302,3510.4634435957173
2460835.5597222224,1563.8868283643512,4037.535784545161,3268.65441372116
2460835.560416667,1282.8641927177764,4334.856958854217,3000.2251323072533
2460835.561111111,991.4056981509128,4596.989158807414,2707.35420612202
2460835.5618055556,691.876952101392,4821.794660627741,2392.421272563699
2460835.5625,386.71084140610543,5007.439160620443,2057.9878945842265
2460835.5631944444,78.38756885534339,5152.407668572436,1706.7767503618202
2460835.563888889,-230.58586299297784,5255.51775600193,1341.6492787981158
2460835.564583333,-537.6965316724745,5315.929973529528,965.5819680785313
2460835.5652777776,-840.4466315807292,5333.15528047044,581.6415061362925
2460835.565972222,-1136.3744502332179,5307.059368116509,192.95903730154234
2460835.566666667,-1423.0750608768105,5237.863801813563,-197.29620997526973
2460835.5673611113,-1698.2205098170932,5126.143953589445,-585.9436470743808
2460835.5680555557,-1959.5792781726277,4972.823747099479,-969.8181099599827
2460835.56875,-2205.0348152571046,4779.167284435441,-1345.7964215185398
2460835.5694444445,-2432.6029518397077,4546.767472530969,-1710.8234473963998
2460835.570138889,-2640.448026310857,4277.531808835079,-2061.937379833916
2460835.5708333333,-2826.897579983821,3973.665523631978,-2396.294001819082
2460835.5715277777,-2990.4555057172574,3637.652305600403,-2711.189710410926
2460835.572222222,-3129.8135615627007,3272.232859468072,-3004.0831063319274
2460835.5729166665,-3243.8611889962,2880.381558029404,-3272.6149884363253
2460835.573611111,-3331.693601081466,2465.2814575877587,-3514.6266227840133
2460835.574305556,-3392.6181304559277,2030.2979404533237,-3728.1761895223167
2460835.575,-3426.158845750961,1578.9512420014435,-3911.55333714839
2460835.5756944446,-3432.0594614846295,1114.8881036523512,-4063.2918003622344
2460835.576388889,-3410.2845775647597,641.8527768463912,-4182.1800575734605
2460835.5770833334,-3361.0192918971566,163.65758330489854,-4267.27002021256
2460835.577777778,-3284.6672323507364,-315.8467851564921,-4317.8837567422015
2460835.578472222,-3181.8470546073413,-792.8010552654927,-4333.618258315925
2460835.5791666666,-3053.387449098234,-1263.3670996308674,-4314.348255686392
2460835.579861111,-2900.3206976510755,-1723.7574531484806,-4260.227093550944
2460835.5805555554,-2723.87481343423,-2170.264485409433,-4171.685664375578
2460835.58125,-2525.4642984054585,-2599.2890794077484,-4049.429399101146
2460835.581944444,-2306.679547174343,-3007.3686747279326,-3894.4333075400373
2460835.582638889,-2069.2749287620413,-3391.204515481536,-3707.93505890862
2460835.5833333335,-1815.1555836556722,-3747.6879281175943,-3491.4260958999594
2460835.584027778,-1546.3629785847118,-4073.925444268727,-3246.6407792991563
2460835.5847222223,-1265.0592771546872,-4367.262561575899,-2975.543573842608
2460835.5854166667,-973.5105966602165,-4625.305927063078,-2680.3142995889875
2460835.586111111,-674.0692411216515,-4845.943714685311,-2363.331494954175
2460835.5868055555,-369.15502474827355,-5027.363961887837,-2027.1539670126083
2460835.5875,-61.23581359068688,-5168.07063855069,-1674.5006251380212
2460835.5881944443,247.19255392302017,-5266.8972225008065,-1308.228736864796
2460835.5888888887,553.6267965506622,-5323.017580889056,-931.3107659466634
2460835.589583333,855.5769740875367,-5335.9539774288,-546.8099907432439
2460835.590277778,1150.5873169031581,-5305.582060584325,-157.85512813521683
2460835.5909722224,1436.2568842244257,-5232.132727300253,232.38578921694068
2460835.591666667,1710.2598273033939,-5116.19080121124,620.7320121031131
2460835.592361111,1970.3650364892364,-4958.690512566758,1004.0168693103432
2460835.5930555556,2214.454957336217,-4760.90781664773,1379.1144689249652
2460835.59375,2440.5433745753003,-4524.449635839117,1742.9660204147729
2460835.5944444444,2646.7919803064874,-4251.2401561520455,2092.6054997674128
2460835.595138889,2831.5255632639487,-3943.504352720345,2425.18439253442
2460835.595833333,2993.2456857113298,-3603.748948250494,2737.9952784358825
2460835.5965277776,3130.642735127051,-3234.7410443714343,3028.494036371487
2460835.597222222,3242.6062713265915,-2839.484678198175,3294.3204878165584
2460835.597916667,3328.233613222606,-2421.19557154254,3533.317322301466
2460835.5986111113,3386.836634786449,-1983.2743452507218,3743.547179989278
2460835.5993055557,3417.946763004947,-1529.2784598670296,3923.3078001343465
2460835.6,3421.3181861679145,-1062.8931469083932,4071.145163773804
2460835.6006944445,3396.929297635333,-587.9015721344696,4185.86458821552
2460835.601388889,3344.9824082860305,-108.15445247791202,4266.539747816589
2460835.6020833333,3265.9017678016344,372.4606494674693,4312.519604164957
2460835.6027777777,3160.3299375704073,850.0501683066977,4323.4332442994055
2460835.603472222,3029.1225580829787,1320.7453281311962,4299.192624856428
2460835.6041666665,2873.3415536583398,1780.7327075817357,4239.993223315212
2460835.604861111,2694.246815359697,2226.2844082244583,4146.31259693053
2460835.605555556,2493.2864019372446,2653.7876550997,4018.906847843351
2460835.60625,2272.0853030566072,3059.7736460808915,3858.804994583122
2460835.6069444446,2032.4328075217575,3440.945470569042,3667.3012492903226
2460835.607638889,1776.268535346668,3794.2048878997634,3445.9452115932954
2460835.6083333334,1505.6671918757136,4116.677765276041,3196.5299923991806
2460835.609027778,1222.8221278922076,4405.737942951321,2921.0783045518956
2460835.609722222,930.0277975543046,4659.0293012664515,2621.8265701177866
2460835.6104166666,629.6612326723036,4874.485790422165,2301.207124704618
2460835.611111111,324.16266662061395,5050.34919334046,1961.8286216431868
2460835.6118055554,16.015466505316134,5185.184396735349,1606.4547732457277
2460835.6125,-292.27444995334395,5277.8919652414415,1237.9815955531662
2460835.613194444,-598.1995168919497,5327.7178379483,859.4133555132618
2460835.613888889,-899.2715344836564,5334.260000687926,473.8374448711126
2460835.6145833335,-1193.042575683765,5297.472025620768,84.39843124405641
2460835.615277778,-1477.1255606658688,5217.663414988646,-305.7284422089621
2460835.6159722223,-1749.2142803140462,5095.496733181992,-693.3640309470074
2460835.6166666667,-2007.1026484041079,4931.9815622311935,-1075.352041839294
2460835.617361111,-2248.7029862762474,4728.465361677301,-1448.5854864959108
2460835.6180555555,-2472.0631498991897,4486.62136389929,-1810.0325494727429
2460835.61875,-2675.382341865757,4208.433672169652,-2156.761616407285
2460835.6194444443,-2857.0254673609497,3896.179770071037,-2485.965215439342
2460835.6201388887,-3015.535927122545,3552.4106739107,-2794.9826617178283
2460835.620833333,-3149.6467654525145,3179.928980915274,-3081.321220329381
2460835.621527778,-3258.2901184332636,2781.7650788698256,-3342.6756338984546
2460835.6222222224,-3340.6049339209685,2361.1517855697907,-3576.9458943714408
2460835.622916667,-3395.9429579738094,1921.4976785429812,-3782.2531709195405
2460835.623611111,-3423.8729993806633,1466.3593715270483,-3956.953829429368
2460835.6243055556,-3424.1835003979077,999.4129743134558,-4099.65150678016
2460835.625,-3396.8834513362694,524.4249533244698,-4209.20722177135
2460835.6256944444,-3342.201692312935,45.22259426906635,-4284.747517193965
2460835.626388889,-3260.5846484172444,-434.33575104637913,-4325.670637515726
2460835.627083333,-3152.6925433057722,-910.3904720227872,-4331.650751402089
2460835.6277777776,-3019.3941322458313,-1379.1104115845205,-4302.640226976065
2460835.628472222,-2861.7599944451295,-1836.7223320056917,-4238.86996529942
2460835.629166667,-2681.0544157092177,-2279.5400056043804,-4140.847792935137
2460835.6298611113,-2478.725894707686,-2703.9927772968867,-4009.354909651443
2460835.6305555557,-2256.3963004231905,-3106.6534557218683,-3845.4403827307715
2460835.63125,-2015.8487137759676,-3484.265366581384,-3650.4136792368013
2460835.6319444445,-1759.0139903406484,-3833.768392336267,-3425.8352298383347
2460835.632638889,-1487.9560903430022,-4152.323805596696,-3173.505024895336
2460835.6333333333,-1204.8562344475142,-4437.337688472775,-2895.4492552052266
2460835.6340277777,-911.9959639180612,-4686.482713323854,-2593.905031040332
2460835.634722222,-611.7391950273882,-4897.7180599447465,-2271.30322805913
2460835.6354166665,-306.51338992210947,-5069.307229557733,-1930.2495462969748
2460835.636111111,1.210023786270788,-5199.833531113621,-1573.5038863376637
2460835.636805556,308.93581983797543,-5288.2130179445185,-1203.9581896737373
2460835.6375,614.1655499565809,-5333.7046787499785,-824.6129132151848
2460835.6381944446,914.418331745555,-5335.917710978084,-438.5523433322201
2460835.638888889,1207.251635552391,-5294.815740890486,-48.918983217994786
2460835.6395833334,1490.2818524501436,-5210.7178961964555,341.1127331603383
2460835.640277778,1761.2044199432721,-5084.296682078628,728.363126766605
2460835.640972222,2017.8132843903002,-4916.572660908084,1109.6740733388674
2460835.6416666666,2258.019489833406,-4708.905984600958,1481.935630888101
2460835.642361111,2479.8686942915965,-4462.984877798392,1842.1122079927907
2460835.6430555554,2681.5574357094383,-4180.811214155071,2187.267999620764
2460835.64375,2861.4479920771314,-3864.683367326081,2514.591433769153
2460835.644444444,3018.0817040683464,-3517.176554881175,2821.4183915155168
2460835.645138889,3150.190659940273,-3141.1209128239584,3105.253997399277
2460835.6458333335,3256.7076649619435,-2739.5775635387754,3363.7927984087974
2460835.646527778,3336.7744477543915,-2315.812943736936,3594.937187598594
2460835.6472222223,3389.7480785647904,-1873.2716607727984,3796.813957278829
2460835.6479166667,3415.205594580153,-1415.5481456626467,3967.7888930491854
2460835.648611111,3412.9468461668644,-946.3573548436585,4106.479349573448
2460835.6493055555,3382.9955897142418,-469.504757905687,4211.764769202541
2460835.65,3325.5988619133436,11.144158743403613,4282.795118987997
2460835.6506944443,3241.2246758034676,491.6946715500383,4318.997237868316
2460835.6513888887,3130.5580804045107,968.2536879505294,4320.079089626204
2460835.652083333,2994.49562668968,1436.9605199209702,4286.0319219655985
2460835.652777778,2834.138280480369,1894.017392338891,4217.1303328259
2460835.6534722224,2650.78282333776,2335.719510937028,4113.930244040312
2460835.654166667,2445.911778802568,2758.4845232305097,3977.2647799771557
2460835.654861111,2221.181911198578,3158.8811790568334,3808.238053272339
2460835.6555555556,1978.4113377665515,3533.657015111589,3608.216856758556
2460835.65625,1719.5653157696415,3879.764846910242,3378.8202753884057
2460835.6569444444,1446.7407660577353,4194.387863431667,3121.907235634342
2460835.657638889,1162.1496195654272,4474.963090922127,2839.5620338251556
2460835.658333333,868.1010836330892,4719.202997031695,2534.0779002485133
2460835.6590277776,566.9829504810141,4925.114996685963,2207.938686220678
2460835.659722222,261.2420864215958,5091.018630541522,1863.7987855408608
2460835.660416667,-46.63573436633352,5215.560194343024,1504.4614368367997
2460835.6611111113,-354.14647113935814,5297.724619933759,1132.8555814517704
2460835.6618055557,-658.7887333546768,5336.8444347657205,752.0114841292765
2460835.6625,-958.0847631941486,5332.605662599537,365.03534728831744
2460835.6631944445,-1249.601261796591,5285.050567697376,-24.91682279823972
2460835.663888889,-1530.9698356687768,5194.577191946669,-414.66582388520976
2460835.6645833333,-1799.906845461108,5061.935681463484,-801.036059128329
2460835.6652777777,-2054.2324391411585,4888.22145113952,-1180.8822357592817
2460835.665972222,-2291.8885785705825,4674.8652796186725,-1551.1156864120603
2460835.6666666665,-2510.9558734396314,4423.620477597962,-1908.7300295695686
2460835.667361111,-2709.669070500168,4136.547307703095,-2250.825918535272
2460835.668055556,-2886.4310660780634,3815.994870299188,-2574.6346430457247
2460835.66875,-3039.8253396625764,3464.580693864142,-2877.5403785142835
2460835.6694444446,-3168.6267327547216,3085.1682886881035,-3157.100905694282
2460835.670138889,-3271.810526571265,2680.8429265368027,-3411.0666602745605
2460835.6708333334,-3348.559793402209,2254.885918512439,-3637.397996524357
2460835.671527778,-3398.2710220712106,1810.747645835235,-3834.280587727977
2460835.672222222,-3420.558031827601,1352.0196000408414,-4000.1389039599676
2460835.6729166666,-3415.2542057930254,882.4056593968996,-4133.6477387971145
2460835.673611111,-3382.4130819728716,405.6928182685034,-4233.741768951091
2460835.6743055554,-3322.3073458357117,-74.2784356677233,-4299.623145481705
2460835.675,-3235.4262695919456,-553.643921751583,-4330.7671230356045
2460835.675694444,-3122.471641809631,-1028.5455829241994,-4326.925735714399
2460835.676388889,-2984.352227142363,-1495.1611718656302,-4288.129527482147
2460835.6770833335,-2822.1767931629215,-1949.7336607020952,-4214.687341454115
2460835.677777778,-2637.2457346423316,-2388.600240143577,-4107.184167102013
2460835.6784722223,-2431.041327270477,-2808.2207555061923,-3966.477040789536
2460835.6791666667,-2205.2166365878193,-3205.205435298842,-3793.6889893175507
2460835.679861111,-1961.5831186618602,-3576.341735747498,-3590.2010103489806
2460835.6805555555,-1702.0969463381332,-3918.6201294545617,-3357.642081696152
2460835.68125,-1428.844113701647,-4229.258632943961,-3097.8772060196443
2460835.6819444443,-1144.024379135027,-4505.725864651141,-2812.993506979267
2460835.6826388887,-849.9341272819327,-4745.762407330146,-2505.284413837695
2460835.683333333,-548.948249878704,-4947.40024222702,-2177.231995373192
2460835.684027778,-243.50116658208094,-5108.980021425971,-1831.487531417631
2460835.6847222224,63.93287076923699,-5229.1659504320305,-1470.850441033806
2460835.685416667,370.86002665030543,-5306.958067122932,-1098.245716936853
2460835.686111111,674.7874973435071,-5341.701723891811,-716.7000501374223
2460835.6868055556,973.2442922183703,-5333.094110888763,-329.316857751898
2460835.6875,1263.8019697522382,-5281.187694721588,60.74954983608461
2460835.6881944444,1544.0951041528172,-5186.39048911367,450.32039717770215
2460835.688888889,1811.8412624790699,-5049.463121603704,836.2191933304819
2460835.689583333,2064.8602732869,-4871.512708615695,1215.2985160368264
2460835.6902777776,2301.092576489883,-4653.983602389464,1584.4665397136578
2460835.690972222,2518.6164649445645,-4398.6451169708125,1940.7130301139307
2460835.691666667,2715.6640394585042,-4107.576390580258,2281.134527837813
2460835.6923611113,2890.6357323321554,-3783.1485721628537,2602.958476534187
2460835.6930555557,3042.113272447689,-3428.004558869885,2903.5660629225367
2460835.69375,3168.870997803886,-3045.036528967974,3180.5135726835456
2460835.6944444445,3269.885445465632,-2637.361534153809,3431.552091528204
2460835.695138889,3344.3431766861454,-2208.2954175500217,3654.6454160529756
2460835.6958333333,3391.6468156964843,-1761.3253329009071,3847.986063342405
2460835.6965277777,3411.4193042562392,-1300.0811170985962,4010.0093060933145
2460835.697222222,3403.5063858456992,-828.3057777785097,4139.405172948168
2460835.6979166665,3367.9773487610023,-349.8253224864908,4235.128384494322
2460835.698611111,3305.124063395991,131.4818450447301,4296.406203875766
2460835.699305556,3215.458353478709,611.7157653744813,4322.744195716214
2460835.7,3099.707743478629,1086.985803289297,4313.929889962282
2460835.7006944446,2958.809622292487,1553.4413967068476,4270.0343523861875
2460835.701388889,2793.9038648337905,2007.3024931869504,4191.411662021672
2460835.7020833334,2606.3239485650206,2444.889510803632,4078.6962949790313
2460835.702777778,2397.58660634716,2862.652640876214,3932.7984137422463
2460835.703472222,2169.380057677341,3257.200311695292,3754.8970622789466
2460835.7041666666,1923.5508655150145,3625.326620444859,3546.4312704013823
2460835.704861111,1662.0894770943248,3964.03752412386,3309.0890805931485
2460835.7055555554,1387.1145188505175,4270.57557097681,3044.7945232697084
2460835.70625,1100.8559302786987,4542.44294481709,2755.6925831743365
2460835.706944444,805.6370411696844,4777.422586327143,2444.1322230204632
2460835.707638889,503.8557190085159,4973.597153902994,2112.6475593632454
2460835.7083333335,197.96472846483238,5129.3655976973905,1763.9373089144988
2460835.709027778,-109.54852481943398,5243.457126932976,1400.842664678796
2460835.7097222223,-416.18268737316413,5314.942380616653,1026.3237787200935
2460835.7104166667,-719.4433796784267,5343.241633311858,643.435072632884
2460835.711111111,-1016.8641356823116,5328.129910242362,255.29961251069432
2460835.7118055555,-1306.027138798951,5269.738925752252,-134.91719010497613
2460835.7125,-1584.583530552189,5168.555806048579,-524.0342729405485
2460835.7131944443,-1850.273072454508,5025.418606856009,-908.8817263526959
2460835.7138888887,-2100.942952700813,4841.508685631614,-1286.3274181744
2460835.714583333,-2334.5655435390113,4618.340035531357,-1653.3031572728455
2460835.715277778,-2549.254935565012,4357.745731975949,-2006.830126331578
2460835.7159722224,-2743.282097486783,4061.861683045512,-2344.0433309926325
2460835.716666667,-2915.0885397996576,3733.1079028716767,-2662.214842547557
2460835.717361111,-3063.2983852356274,3374.1675531180663,-2958.775635004761
2460835.7180555556,-3186.728777264251,2987.9640133475177,-3231.335849278179
2460835.71875,-3284.398584677688,2577.636248714946,-3477.703349524605
2460835.7194444444,-3355.535385659412,2146.5127367200103,-3695.900471574674
2460835.720138889,-3399.5807321849998,1698.0842171129175,-3884.1788855641244
2460835.720833333,-3416.193715515683,1235.9755037220716,-4041.0325284926557
2460835.7215277776,-3405.252863328925,763.9165933927854,-4165.208576610063
2460835.722222222,-3366.8564090526456,285.7132742385078,-4255.716450632502
2460835.722916667,-3301.3209765578154,-194.7825736833811,-4311.834853169479
2460835.7236111113,-3209.1787243944304,-673.7028158887186,-4333.11684624858
2460835.7243055557,-3091.1729920421376,-1147.1928797748647,-4319.392977592468
2460835.725,-2948.2524857513945,-1611.4414079423398,-4270.772463030604
2460835.7256944445,-2781.5640391225334,-2062.709602117659,-4187.642427715951
2460835.726388889,-2592.443978167791,-2497.3601203705043,-4070.665204236231
2460835.7270833333,-2382.4081196735706,-2911.8853790238622,-3920.773680968728
2460835.7277777777,-2153.1404319028743,-3302.935102464467,-3739.1646917787143
2460835.728472222,-1906.4803900359134,-3667.3429508006143,-3527.2904386344317
2460835.7291666665,-1644.4090673334304,-4002.1520376150906,-3286.847944806741
2460835.729861111,-1369.0340121733975,-4304.639137406746,-3019.766544808803
2460835.730555556,-1082.5729789621944,-4572.3373634667805,-2728.1934352274016
2460835.73125,-787.3365943073127,-4803.057091501078,-2414.4773268042422
2460835.7319444446,-485.71006658645916,-4994.904891217066,-2081.1502693204666
2460835.732638889,-180.1340621535129,-5146.30023562772,-1730.9077429090244
2460835.7333333334,126.91510190102905,-5255.989760718784,-1366.587144950073
2460835.734027778,432.94577827832063,-5323.058865878649,-991.1448330378183
2460835.734722222,735.4716359971532,-5346.940470079653,-607.6319137102873
2460835.7354166666,1032.032427210108,-5327.420769411423,-219.16899907039627
2460835.736111111,1320.2146591911878,-5264.641881203733,171.0798231614725
2460835.7368055554,1597.6719512977115,-5159.101303061523,559.9335417978128
2460835.7375,1862.1448523554434,-5011.648163472849,944.2210126852376
2460835.738194444,2111.479903434231,-4823.476290341058,1320.807701597938
2460835.738888889,2343.6477423522965,-4596.114171001245,1686.6220944028073
2460835.7395833335,2556.760057944367,-4331.411927525379,2038.6814896812223
2460835.740277778,2749.0852293242924,-4031.5254698064396,2374.1169124981257
2460835.7409722223,2919.062504996849,-3698.8980286354476,2690.1969014992383
2460835.7416666667,3065.3146057983568,-3336.239298302756,2984.349950881815
2460835.742361111,3186.658661962324,-2946.5024401689298,3254.1854162428695
2460835.7430555555,3282.115421232518,-2532.8592128247487,3497.5127235921614
2460835.74375,3350.9166906411933,-2098.6734994136236,3712.358752751424
2460835.7444444443,3392.5109975127302,-1647.4734956058182,3896.983298419572
2460835.7451388887,3406.567472004488,-1182.9228242900558,4049.8925335583335
2460835.745833333,3392.977971070936,-708.7908180818096,4169.850430225088
2460835.746527778,3351.8574727606324,-228.922203828613,4255.888107137372
2460835.7472222224,3283.5427771763757,252.79359902896414,4307.311089697105
2460835.747916667,3188.5895539694666,732.4533643062506,4323.704475878326
2460835.748611111,3067.7677773671753,1206.1709440923307,4304.936007776501
2460835.7493055556,2922.0555878721198,1670.107979210285,4251.1570493755435
2460835.75,2752.631621113846,2120.504255981017,4162.8014710202715
2460835.7506944444,2560.8658407597627,2553.7075432638285,4040.5824399977555
2460835.751388889,2348.308915005385,2966.202729710416,3885.4871157114635
2460835.752083333,2116.680180911936,3354.640072266078,3698.76925137683
2460835.7527777776,1867.8542438899037,3715.8623627371035,3481.93970691589
2460835.753472222,1603.8462740988568,4046.9307973094533,3236.754890306673
2460835.754166667,1326.7960722355779,4345.149328662774,2965.2031573378486
2460835.7548611113,1038.9509920857845,4608.0872711535185,2669.48921682874
2460835.7555555557,742.6478339959161,4833.599916598661,2352.0166197325043
2460835.75625,440.293833874148,5019.846931246649,2015.3684283234136
2460835.7569444445,134.34690085911043,5165.30830357232,1662.2861985812062
2460835.757638889,-172.7047247127176,5268.797631801552,1295.6474385371705
2460835.7583333333,-478.3632048958008,5329.472564543356,918.441733751173
2460835.7590277777,-780.1420208121593,5346.842237694362,533.7457657601739
2460835.759722222,-1075.5868624712164,5320.771591449287,144.69746274047083
2460835.7604166665,-1362.2962611142018,5251.482492416267,-245.53044017378767
2460835.761111111,-1637.9417494660406,5139.551635852382,-633.7571599368813
2460835.761805556,-1900.2873283354834,4985.90525072959,-1016.8206505633678
2460835.7625,-2147.2080342364634,4791.810681202615,-1391.6041269064324
2460835.7631944446,-2376.707421533622,4558.864962053688,-1755.0620516840122
2460835.763888889,-2586.933787210482,4288.9805520079335,-2104.2453154899963
2460835.7645833334,-2776.1949963041807,3984.3684233544727,-2436.3253679459226
2460835.765277778,-2942.971792314915,3647.5187333061217,-2748.6170840055465
2460835.765972222,-3085.929499820177,3281.179331761283,-3038.60017038995
2460835.7666666666,-3203.9280608999493,2888.3323631365993,-3303.9389605553456
2460835.767361111,-3296.0303672598916,2472.169232410117,-3542.5004692853536
2460835.7680555554,-3361.5088754192284,2036.0642010013771,-3752.3706124440037
2460835.76875,-3399.850512575203,1583.5468630338373,-3931.8685283268755
2460835.769444444,-3410.7598939678587,1118.2737482328973,-4079.5589558218558
2460835.770138889,-3394.1608860954348,643.9992721248802,-4194.262649956782
2460835.7708333335,-3350.196555659564,164.54623285159235,-4275.064829123133
2460835.771527778,-3279.2275476473496,-316.223952189823,-4321.321654938126
2460835.7722222223,-3181.8289354471995,-794.4411125314055,-4332.664755505646
2460835.7729166667,-3058.785583550988,-1266.2561337916588,-4309.003799096689
2460835.773611111,-2911.08605947168,-1727.8705672961664,-4250.527125029649
2460835.7743055555,-2739.915127016304,-2175.565899993035,-4157.700433155882
2460835.775,-2546.644850411211,-2605.7323407606095,-4031.2635286001273
2460835.7756944443,-2332.8243362743747,-3014.896975575243,-3872.225113915178
2460835.7763888887,-2100.1681426707955,-3399.7511295340364,-3681.8556194569555
2460835.777083333,-1850.5433902488612,-3757.1767587850177,-3461.678066014866
2460835.777777778,-1585.9556152873445,-4084.2716854109854,-3213.4569573437057
2460835.7784722224,-1308.5334199800004,-4378.373465562393,-2939.1852141477107
2460835.779166667,-1020.5119913137742,-4637.081669054419,-2641.069178794097
2460835.779861111,-724.2155749490255,-4858.278342684428,-2321.5117383121433
2460835.7805555556,-422.03901491670746,-5040.146420329252,-1983.093642583519
2460835.78125,-116.42849106308422,-5181.185847138383,-1628.5531234954751
2460835.7819444444,190.138392316306,-5280.22719557515,-1260.7639517680552
2460835.782638889,495.17299301694,-5336.442569010794,-882.712099424622
2460835.783333333,796.1962992763475,-5349.353613981355,-497.47120844203596
2460835.7840277776,1090.7596703225033,-5318.836496937578,-108.17709678393864
2460835.784722222,1376.4654376751994,-5245.123741545864,281.9984534260443
2460835.785416667,1650.9871373839248,-5128.802867298572,669.8743446210116
2460835.7861111113,1912.0891592226112,-4970.811818564553,1052.286975242186
2460835.7868055557,2157.645593710704,-4772.431223965503,1426.1169186758966
2460835.7875,2385.658079375475,-4535.273572380704,1788.315188908633
2460835.7881944445,2594.2724633491252,-4261.269440916086,2135.928811710169
2460835.788888889,2781.794115653267,-3952.65094809393,2466.1254442539403
2460835.7895833333,2946.7017588971653,-3611.9326428388795,2776.2168027524444
2460835.7902777777,3087.6597042630883,-3241.8900642606955,3063.68068814713
2460835.790972222,3203.5284092489114,-2845.5362311603894,3326.181424767861
2460835.7916666665,3293.3733026314967,-2426.0963232477657,3561.58856482882
2460835.792361111,3356.4718421791626,-1986.980830817587,3767.9937336341213
2460835.793055556,3392.3187967766344,-1531.757432090647,3943.7255295290643
2460835.79375,3400.6297588442444,-1064.1218571849893,4087.3624116104957
2460835.7944444446,3381.3429083360875,-587.8679843385457,4197.74353243695
2460835.795138889,3334.6190593547167,-106.85738755291173,4273.977493577432
2460835.7958333334,3260.8400257915428,375.0114460851497,4315.449009388551
2460835.796527778,3160.6053456688696,853.8340394484276,4321.823476842296
2460835.797222222,3034.727403507272,1325.7308053082036,4293.049450605005
2460835.7979166666,2884.224990427814,1786.8777042907004,4229.359024215093
2460835.798611111,2710.315339236922,2233.536512461602,4131.266117749949
2460835.7993055554,2514.40467242058,2662.0845228714206,3999.562670916674
2460835.8,2298.0773019553694,3069.0435020318337,3835.3127406204594
2460835.800694444,2063.0833249128755,3451.1077104497117,3639.844505185356
2460835.801388889,1811.3249668209091,3805.1707846372055,3414.7401845145546
2460835.8020833335,1544.8416317598712,4128.3512709187935,3161.823892827131
2460835.802777778,1265.793740294986,4418.01657795566,2883.1474629881777
2460835.8034722223,976.4454458384698,4671.805119570431,2580.974295587329
2460835.8041666667,679.146344434183,4887.646408148105,2257.7613147681286
2460835.804861111,376.31231249811657,5063.7788643843705,1916.1391400913142
2460835.8055555555,70.40562785092345,5198.765119331732,1558.8906138155953
2460835.80625,-236.08544921656963,5291.5046019991,1188.9278556729025
2460835.8069444443,-540.6674408559978,5341.24323279477,809.2680471271178
2460835.8076388887,-840.8625569358605,5347.580076799438,423.0081714678062
2460835.808333333,-1134.229518827386,5310.4708493045855,33.29896763831365
2460835.809027778,-1418.384082184061,5230.2282131911315,-356.6816342986109
2460835.8097222224,-1691.019035389978,5107.518854939905,-743.7553101860965
2460835.810416667,-1949.9234612204268,4943.357375226149,-1124.7700857118732
2460835.811111111,-2193.001056562184,4739.097080590406,-1496.6267369131685
2460835.8118055556,-2418.2873289739255,4496.417806360699,-1856.304575329591
2460835.8125,-2623.9655062159304,4217.310943442722,-2200.886356137101
2460835.8131944444,-2808.3810209702106,3904.061877356649,-2527.5820709058103
2460835.813888889,-2970.054462139558,3559.230072277736,-2833.751417186526
2460835.814583333,-3107.6929088009306,3185.627055284312,-3116.9247625167363
2460835.8152777776,-3220.199591374971,2786.292566519377,-3374.8224542514167
2460835.815972222,-3306.6818508886604,2364.4691391365773,-3605.372361285514
2460835.816666667,-3366.4573867206677,1923.575374565931,-3806.725558794636
2460835.8173611113,-3399.058803737268,1467.1781653357452,-3977.270097825127
2460835.8180555557,-3404.236484119639,998.9640966426595,-4115.64282660646
2460835.81875,-3381.959817753946,522.7102504202369,-4220.7392441499205
2460835.8194444445,-3332.4168324439543,42.25460536173959,-4291.7213852009945
2460835.820138889,-3256.0122664956452,-438.5337852198975,-4328.0237408399735
2460835.8208333333,-3153.364125235325,-915.7846773150928,-4329.357223911987
2460835.8215277777,-3025.298760568522,-1385.656428090175,-4295.71118709598
2460835.822222222,-2872.84450777149,-1844.365555902462,-4227.353498820717
2460835.8229166665,-2697.2239108308136,-2288.2159245511866,-4124.828677105916
2460835.823611111,-2499.844563715596,-2713.6274098026993,-3988.954076604926
2460835.824305556,-2282.288593971862,-3117.1638964314593,-3820.814119898385
2460835.825,-2046.3008198345399,-3495.5604368834797,-3621.752565437102
2460835.8256944446,-1793.775613294762,-3845.749397092653,-3393.3628046897497
2460835.826388889,-1526.7425154579687,-4164.885389219959,-3137.4761920814503
2460835.8270833334,-1247.3506602624136,-4450.368782338015,-2856.148421870353
2460835.827777778,-957.8520828815499,-4699.867564098176,-2551.643987768652
2460835.828472222,-660.5840008928893,-4911.337325551004,-2226.418776583812
2460835.8291666666,-357.9501919328699,-5083.039125058161,-1883.1008891451922
2460835.829861111,-52.401595013857886,-5213.555008715415,-1524.4697925627036
2460835.8305555554,253.58369785389613,-5301.800961821178,-1153.433958242877
2460835.83125,557.5208853717374,-5347.037096224745,-773.0071585072566
2460835.831944444,856.939137159148,-5348.874901864467,-386.28363268049605
2460835.832638889,1149.4023008761014,-5307.281428429158,3.587642327536961
2460835.8333333335,1432.5294177129322,-5222.58030427573,393.429319118777
2460835.834027778,1704.014823199697,-5095.44954623613,780.0624081737903
2460835.8347222223,1961.6476141561477,-4926.916163131062,1160.33308248105
2460835.8354166667,2203.3302714588312,-4718.3476044601075,1531.139271262732
2460835.836111111,2427.096239110561,-4471.440156002378,1889.4567554291893
2460835.8368055555,2631.126284016819,-4188.204425226573,2232.3644965549774
2460835.8375,2813.7634770121917,-3870.94810452795,2557.068939141259
2460835.8381944443,2973.5266684235794,-3522.2562256536844,2860.9270608900633
2460835.8388888887,3109.1223513808723,-3144.9691521781474,3141.467961959601
2460835.839583333,3219.4548389191737,-2742.158565424138,3396.412824172848
2460835.840277778,3303.63470238253,-2317.101716064488,3623.693094390544
2460835.8409722224,3360.985445555166,-1873.2542083711664,3821.4667828236
2460835.841666667,3391.0484078350914,-1414.2215818212032,3988.1327925984265
2460835.842361111,3393.585907034577,-943.7299399378401,4122.343223879393
2460835.8430555556,3368.5826445224898,-465.59587127331207,4223.013613458921
2460835.84375,3316.245405169785,16.30412345499218,4289.331092377451
2460835.8444444444,3237.001088494721,498.0644867720805,4320.760450278758
2460835.845138889,3131.493109894114,975.7815535983194,4317.048104808462
2460835.845833333,3000.576211248077,1445.5844106706388,4278.223976306804
2460835.8465277776,2845.3097179860592,1903.6654960472376,4204.601268704564
2460835.847222222,2666.949280248135,2346.3107624967975,4096.774156301553
2460835.847916667,2466.9371347025185,2769.929231900915,3955.6133753892336
2460835.8486111113,2246.890926517123,3171.08175712335,3782.25972034553
2460835.8493055557,2008.591136355313,3546.5087975230217,3578.115447905892
2460835.85,1753.9671648890958,3893.157003469263,3344.833600339172
2460835.8506944445,1485.0821394795244,4208.204391558878,3084.3052705198124
2460835.851388889,1204.1165256429006,4489.083878773861,2798.6448518776506
2460835.8520833333,913.3506375294377,4733.504944745089,2490.1733320098306
2460835.8527777777,615.1461701835461,4939.47317892481,2161.3997227659293
2460835.853472222,311.92689038358606,5105.307483032458,1815.0007419496246
2460835.8541666665,6.158648960465707,5229.6547062399595,1453.7988977955754
2460835.854861111,-299.6711075514112,5311.501514311611,1080.7391534041176
2460835.855555556,-603.0741254471195,5350.183318906858,698.8643844144167
2460835.85625,-901.5822235720966,5345.390131648302,311.2898646270246
2460835.8569444446,-1192.7680446559657,5297.169247537851,-78.82296127888867
2460835.857638889,-1474.265454215496,5205.924709086322,-468.2931403821663
2460835.8583333334,-1743.7893688291947,5072.413551299452,-853.947026251307
2460835.859027778,-1999.1548005461536,4897.738877307459,-1232.6449553558175
2460835.859722222,-2238.2949201382116,4683.339862675223,-1601.3075019813132
2460835.8604166666,-2459.277959929436,4430.978831317486,-1956.941039242558
2460835.861111111,-2660.3228003079926,4142.72558497088,-2296.6623529745657
2460835.8618055554,-2839.813108155371,3820.939203004255,-2617.722076582658
2460835.8625,-2996.3099255668744,3468.247550931557,-2917.5267477086427
2460835.863194444,-3128.562631016823,3087.524758202327,-3193.6593120480884
2460835.863888889,-3235.518225745269,2681.866927392215,-3443.8979388607627
2460835.8645833335,-3316.328918483785,2254.56634589717,-3666.233036727436
2460835.865277778,-3370.3580065108713,1809.0844564346326,-3858.882394726542
2460835.8659722223,-3397.184066096869,1349.023836127106,-4020.3043959665183
2460835.8666666667,-3396.6034796642766,878.0994126679627,-4149.2092752518465
2460835.867361111,-3368.631335281145,400.10913459883227,-4244.568407056091
2460835.8680555555,-3313.500739469141,-81.09571850431627,-4305.621625909976
2460835.86875,-3231.66058532736,-561.6404035462328,-4331.882583827442
2460835.8694444443,-3123.7718158701978,-1037.6566081866051,-4323.1421553998625
2460835.8701388887,-2990.7022202001417,-1505.3122165387206,-4279.469896942175
2460835.870833333,-2833.519794771142,-1960.8408092445777,-4201.213563950309
2460835.871527778,-2653.484698909133,-2400.570754543927,-4088.9966851173253
2460835.8722222224,-2452.039831608231,-2820.953743575665,-3943.7141871967606
2460835.872916667,-2230.8000557387577,-3218.5926156485502,-3766.5260616410305
2460835.873611111,-1991.540100046488,-3590.2683029045306,-3558.849064943374
2460835.8743055556,-1736.1811741112433,-3932.965711887702,-3322.3464477030293
2460835.875,-1466.7763450267848,-4243.898337922711,-3058.9157194291315
2460835.8756944444,-1185.4947342701983,-4520.531400177409,-2770.674466912447
2460835.876388889,-894.6046164120248,-4760.6032654997725,-2459.9442690885126
2460835.877083333,-596.455513354763,-4962.144931030146,-2129.232767929012
2460835.8777777776,-293.4594104240112,-5123.497323953186,-1781.2139943475272
2460835.878472222,11.928770249536138,-5243.326194757998,-1418.7070651130668
2460835.879166667,317.2312681249422,-5320.634384418543,-1044.6534138966033
2460835.8798611113,619.9679772717554,-5354.771277075365,-662.0927360785836
2460835.8805555557,917.6771292500521,-5345.439274101708,-274.1378691342349
2460835.88125,1207.9359542408306,-5292.697166701951,116.05114973607846
2460835.8819444445,1488.3811020540759,-5196.960325960339,505.29358714569463
2460835.882638889,1756.7285982103424,-5058.997677024142,890.4147954913528
2460835.8833333333,2010.7931201740287,-4879.925472791558,1268.2729901701716
2460835.8840277777,2248.5063828362413,-4661.197933400242,1635.7857300889289
2460835.884722222,2467.93444255201,-4404.594863495556,1989.9558229939644
2460835.8854166665,2667.29374560459,-4112.206403763977,2327.896386134545
2460835.886111111,2844.9657708620025,-3786.415111973611,2646.8548128063067
2460835.886805556,2999.510144068028,-3429.8755970669345,2944.235423130213
2460835.8875,3129.6761261670263,-3045.491954677399,3217.62060279085
2460835.8881944446,3234.412405068027,-2636.393268922831,3464.7902639366266
2460835.888888889,3312.875147939189,-2205.907444753385,3683.7394986036697
2460835.8895833334,3364.434290143736,-1757.5336454957676,3872.6943172179854
2460835.890277778,3388.6780603213806,-1294.9135904201814,4030.1254008775845
2460835.890972222,3385.415753917931,-821.8019670115593,4154.759813281953
2460835.8916666666,3354.6787808759423,-342.0361865862471,4245.590643145742
2460835.892361111,3296.720019611932,140.49429635395677,4301.8845588858985
2460835.8930555554,3212.0115143682488,621.8788992244304,4323.1872691190765
2460835.89375,3101.240553848204,1098.2168749056955,4309.326887926831
2460835.894444444,2965.3041695489096,1565.6481414665166,4260.415205427177
2460835.895138889,2805.3020897387833,2020.3838092592116,4176.846864434993
2460835.8958333335,2622.5281851032532,2458.7362303529894,4059.2964421296083
2460835.896527778,2418.460443970561,2877.148390517586,3908.7134365622755
2460835.8972222223,2194.749515372505,3272.2224625335175,3726.315157761839
2460835.8979166667,1953.2058652941985,3640.7473228745594,3513.577527874366
2460835.898611111,1695.7856043058728,3979.724817220324,3272.2238070982808
2460835.8993055555,1424.5750503561296,4286.394560349082,3004.2112698294586
2460835.9,1141.7741147978988,4558.257032113676,2711.7158808877775
2460835.9006944443,849.6786115588422,4793.094736116058,2397.1150389295226
2460835.9013888887,550.6616149833075,4988.9911805550055,2062.9684858583023
2460835.902083333,247.1540115599557,5144.347450803618,1711.9975096896924
2460835.902777778,-58.37559259520055,5257.896159401961,1347.0625944830988
2460835.9034722224,-363.44141799651425,5328.712575927639,971.1397126168054
2460835.904166667,-665.5613146241001,5356.22277610307,587.2954731879439
2460835.904861111,-962.2776066808401,5340.20868304672,198.66137178071895
2460835.9055555556,-1251.1777594012453,5280.809917623624,-191.59259476195763
2460835.90625,-1529.9146440084796,5178.522422079174,-580.2846672445928
2460835.9069444444,-1796.2261839501236,5034.19387051672,-964.2481313185781
2460835.907638889,-2047.9541721745466,4849.015929780832,-1340.3579027424714
2460835.908333333,-2283.062068653183,4624.513479840213,-1705.5566132556887
2460835.9090277776,-2499.65160108703,4362.53094967916,-2056.879924530373
2460835.909722222,-2695.9780214332636,4065.215959344421,-2391.480826461612
2460835.910416667,-2870.4638929090843,3735.0004922743938,-2706.6526952535814
2460835.9111111113,-3021.7113121101684,3374.579842236909,-2999.850919865459
2460835.9118055557,-3148.5124955675647,2986.889597852885,-3268.7129322274527
2460835.9125,-3249.8586888078867,2575.080929886441,-3511.076513297521
2460835.9131944445,-3324.947378182779,2142.4944455438504,-3724.9962762775854
2460835.913888889,-3373.1878052157945,1692.6328708300057,-3908.7582547926986
2460835.9145833333,-3394.2048017895613,1229.1327986629278,-4060.8925546728133
2460835.9152777777,-3387.840974176643,755.7357355506928,-4180.184042370373
2460835.915972222,-3354.157273362116,276.2586439320628,-4265.681065372306
2460835.9166666665,-3293.4319918860506,-205.43581979098244,-4316.702203146749
2460835.917361111,-3206.15822794596,-685.4692157580295,-4332.841059946252
2460835.918055556,-3093.039856340187,-1159.9772105151962,-4313.96910570712
2460835.91875,-2954.9860404448145,-1625.1393109129965,-4260.236573284137
2460835.9194444446,-2793.104317159665,-2077.208293688214,-4172.071413594721
2460835.920138889,-2608.6922810944156,-2512.539193511964,-4050.176305631857
2460835.9208333334,-2403.22789539099,-2927.6176953964464,-3895.523714985658
2460835.921527778,-2178.3584544247465,-3319.0877763806247,-3709.3489913491067
2460835.922222222,-1935.8882284322772,-3683.7784225264354,-3493.1414966633783
2460835.9229166666,-1677.7648302270186,-4018.72922823788,-3248.6337637728584
2460835.923611111,-1406.0643516615432,-4321.214676091098,-2977.7886931694843
2460835.9243055554,-1122.975335264729,-4588.7668754156975,-2682.784813559045
2460835.925,-830.7816638205647,-4819.196528956608,-2365.9996525684373
2460835.925694444,-531.844471776019,-5010.611890878503,-2029.9912901346845
2460835.926388889,-228.58320431649096,-5161.435480891301,-1677.4781963298296
2460835.9270833335,76.54403083768162,-5270.418329160117,-1311.3174831481172
2460835.927777778,381.0606450418112,-5336.651539377368,-934.4817405380886
2460835.9284722223,682.4921010885354,-5359.574987863163,-550.03464642508
2460835.9291666667,978.3865885133149,-5338.983004417825,-161.10558022459713
2460835.929861111,1266.335629201208,-5275.026922820275,229.13651333476915
2460835.9305555555,1543.9943911580708,-5168.214432347476,617.5097396495248
2460835.93125,1809.1014901828935,-5019.405709867569,1000.8460681752431
2460835.9319444443,2059.4980625805088,-4829.806362048641,1376.0180552177933
2460835.9326388887,2293.1459052555747,-4600.95725579316,1739.9651899347075
2460835.933333333,2508.1444937229007,-4334.7213628831905,2089.719583271278
2460835.934027778,2702.7467118479394,-4033.2677853026653,2422.4307385898846
2460835.9347222224,2875.373149402682,-3699.0531647116695,2735.3891613937144
2460835.935416667,3024.6248502682674,-3334.8007081436594,3026.0485923238007
2460835.936111111,3149.2944211608415,-2943.4770825558676,3292.0466770258654
2460835.9368055556,3248.3754367948936,-2528.267445002793,3531.2239165178908
2460835.9375,3321.0701038198836,-2092.548873892831,3741.640776505274
2460835.9381944444,3366.795164875737,-1639.862473678287,3921.5928573024457
2460835.938888889,3385.186045774723,-1173.8844057692793,4069.6240598078903
2460835.939583333,3376.099261012839,-698.396093241513,4184.537700728431
2460835.9402777776,3339.6131045021543,-217.2538295209558,4265.405550511656
2460835.940972222,3276.0266587107553,265.6419995876257,4311.574781525694
2460835.941666667,3185.857158737091,746.3778790344478,4322.672820645551
2460835.9423611113,3069.8357487103167,1221.0581300090628,4298.610106521666
2460835.9430555557,2928.9016671391246,1685.8357005006803,4239.58075213953
2460835.94375,2764.1948972304385,2136.9426069384117,4146.061113131563
2460835.9444444445,2577.047316953217,2570.7198549464765,4018.8062609576923
2460835.945138889,2368.97238489021,2983.6466597447366,3858.8443595051385
2460835.9458333333,2141.653403878042,3372.3687735344897,3667.468947784031
2460835.9465277777,1896.9304073465357,3733.7257243175004,3446.22913448225
2460835.947222222,1636.7857278669564,4064.776748166743,3196.917723372646
2460835.9479166665,1363.328318063455,4362.825191921802,2921.5573014340407
2460835.948611111,1078.7769135980398,4625.441149940306,2622.384343879597
2460835.949305556,785.4421435760879,4850.482098587206,2301.8314110999145
2460835.95,485.7077201171006,5036.111287884198,1962.5075460848727
2460835.9506944446,182.0108544048039,5180.813664769161,1607.1770054230626
2460835.951388889,-123.1779285564458,5283.409114883895,1238.736492722989
2460835.9520833334,-427.37538839377123,5343.062836882796,860.1910910457011
2460835.952777778,-728.1063756808385,5359.2926945369045,474.62912140818867
2460835.953472222,-1022.9246306292717,5331.973431900697,85.19617789078762
2460835.9541666666,-1309.4333540650312,5261.337680851816,-304.93139280772704
2460835.954861111,-1585.3053275633272,5147.97373796424,-692.5732832492624
2460835.9555555554,-1848.302365944699,4992.820138389675,-1074.5719994093877
2460835.95625,-2096.293899316036,4797.15710198962,-1447.8193335062401
2460835.956944444,-2327.2744923212094,4562.594976499052,-1809.2822522910137
2460835.957638889,-2539.3801373209976,4291.059839826721,-2156.0279451225115
2460835.9583333335,-2730.903173762699,3984.7764653523845,-2485.247784996579
2460835.959027778,-2900.305718299001,3646.2488800162537,-2794.279990381468
2460835.9597222223,-3046.2315169598996,3278.238763877193,-3080.6308052253926
2460835.9604166667,-3167.5161549328336,2883.7419569705985,-3341.994041306994
2460835.961111111,-3263.1955881811377,2465.963337758976,-3576.2688648023927
2460835.9618055555,-3332.512981301992,2028.290339374347,-3781.575734864574
2460835.9625,-3374.923857225209,1574.2653541444636,-3956.270434054192
2460835.9631944443,-3390.099577814014,1107.5572707537585,-4098.956150059999
2460835.9638888887,-3377.9291871483556,631.9323538238053,-4208.493594241271
2460835.964583333,-3338.519653672635,151.22468200711648,-4284.009147050635
2460835.965277778,-3272.1945521939347,-330.6936875831852,-4324.901039636527
2460835.9659722224,-3179.491225284273,-809.942652629484,-4330.843577089
2460835.966666667,-3061.156461206962,-1282.663949834136,-4301.789413309152
2460835.967361111,-2918.14072149945,-1745.0508441229683,-4237.969882340242
2460835.9680555556,-2751.5909483301634,-2193.377479174289,-4139.8933874476725
2460835.96875,-2562.8419759490694,-2624.0277514069107,-4008.341842971008
2460835.9694444444,-2353.4065734112955,-3033.523548614722,-3844.3651619655243
2460835.970138889,-2124.9641434177724,-3418.5521953821813,-3649.273779792582
2460835.970833333,-1879.3481097499155,-3775.9929242671938,-3424.629207727666
2460835.9715277776,-1618.5320321147392,-4102.9421804730955,-3172.2326161710025
2460835.972222222,-1344.6145039594478,-4396.737545428902,-2894.111463317294
2460835.972916667,-1059.8028986865017,-4654.980060271605,-2592.504197279094
2460835.9736111113,-766.3960531317562,-4875.554713076406,-2269.843086057154
2460835.9743055557,-466.7659994719853,-5056.648851034879,-1928.7352584400332
2460835.975,-163.3388715496235,-5196.768287436366,-1571.9420607372388
2460835.9756944445,141.4248567417703,-5294.750876101464,-1202.356876191134
2460835.976388889,445.0506289100242,-5349.777350965475,-822.9815792212904
2460835.9770833333,745.0703684434369,-5361.379253592683,-436.90182718584674
2460835.9777777777,1039.043135270954,-5329.44380535382,-47.261427609148605
2460835.978472222,1324.5756652441323,-5254.215623694783,342.76397079711586
2460835.9791666665,1599.3425655603762,-5136.295226274749,729.9935825990209
2460835.979861111,1861.105950343786,-4976.634315772739,1111.268306836743
2460835.980555556,2107.7342992997173,-4776.527889031186,1483.4773712172575
2460835.98125,2337.2203405855366,-4537.603262189968,1843.5845165065543
2460835.9819444446,2547.6977759984106,-4261.806146904523,2188.653448710429
2460835.982638889,2737.456683080947,-3951.383958998998,2515.8722956163697
2460835.9833333334,2904.957461447667,-3608.866567261539,2822.5768394949364
2460835.984027778,3048.8432093842307,-3237.0447253887223,3106.272312623104
2460835.984722222,3167.9504499439886,-2838.9464401928,3364.6535826186405
2460835.9854166666,3261.3181478411743,-2417.811544148585,3595.6235793944593
2460835.986111111,3328.1949833993117,-1977.064743535303,3797.309847393129
2460835.9868055554,3368.044872118534,-1520.2874039658316,3968.079138589723
2460835.9875,3380.5507342630435,-1051.1883299366496,4106.549984181978
2460835.988194444,3365.6165331873685,-573.5737781012346,4211.603206394584
2460835.988888889,3323.3676102717636,-91.31692993038463,4282.3903478258835
2460835.9895833335,3254.149349898323,391.67297027015974,4318.34000842439
2460835.990277778,3158.524210781475,871.4816143570964,4319.162086245848
2460835.9909722223,3037.2671600919266,1344.2205868324193,4284.849922978543
2460835.9916666667,2891.3595455637214,1806.0581037254303,4215.680354585262
2460835.992361111,2721.981441349725,2253.249357093877,4112.211667454886
2460835.9930555555,2530.5025003018072,2682.16629652892,3975.279458315809
2460835.99375,2318.4713509905296,3089.3266589666764,3805.990398066431
2460835.9944444443,2087.6035803407867,3471.422056775343,3605.7139026200643
2460835.9951388887,1839.7683486199137,3825.3449226794432,3376.0717186346465
2460835.995833333,1576.9737002142306,4148.214087741756,3118.925448167272
2460835.996527778,1301.350643754812,4437.398767149543,2836.3620495070827
2460835.9972222224,1015.1360934928081,4690.54071738579,2530.6773728657477
2460835.997916667,720.6547860787459,4905.574323132295,2204.357817640606
2460835.998611111,420.30030578212313,5080.744378981292,1860.0602246640663
2460835.9993055556,116.51537347028452,5214.62134071859,1500.590148559998
2460836.0,-188.2284253957583,5306.113840277008,1128.8786863481025
2460836.0006944444,-491.45127993001046,5354.478285328284,747.9580693897349
2460836.001388889,-790.6859542911955,5359.325399488066,360.9362502915783
2460836.002083333,-1083.4985292196475,5320.623598912691,-29.029255006273093
2460836.0027777776,-1367.5088654899837,5238.6991480943825,-418.75799922865076
2460836.003472222,-1640.4105678783028,5114.233084830154,-805.0734242755681
2460836.004166667,-1899.990233700108,4948.25495579305,-1184.8295785604882
2460836.0048611113,-2144.1457871297425,4742.133451720802,-1554.9374494322938
2460836.0055555557,-2370.9037154370635,4497.564076237231,-1912.39063650682
2460836.00625,-2578.435042738894,4216.5540262424765,-2254.2901053897876
2460836.0069444445,-2765.069907466143,3901.404491381864,-2577.86779300848
2460836.007638889,-2929.310631498167,3554.6906103370347,-2880.5088559375054
2460836.0083333333,-3069.843198694739,3179.239338214886,-3159.772387269836
2460836.0090277777,-3185.5470860869787,2778.1054911598926,-3413.4104576553073
2460836.009722222,-3275.503417044451,2354.5462334576096,-3639.3853702991387
2460836.0104166665,-3339.001426482686,1911.99426802868,-3835.885048096554
2460836.011111111,-3375.5432461770406,1454.0299816886898,-4001.3364973503135
2460836.011805556,-3384.847033048421,984.3527789305311,-4134.417316780938
2460836.0125,-3366.8484725810667,506.7518152230875,-4234.065238979962
2460836.0131944446,-3321.700694732862,25.076333818993557,-4299.4857004230425
2460836.013888889,-3249.772642093476,-456.7942266224834,-4330.157448991035
2460836.0145833334,-3151.64592888412,-934.980183229573,-4325.836195752476
2460836.015277778,-3028.1102258321926,-1405.6314757853831,-4286.55632007511
2460836.015972222,-2880.157203067662,-1864.957301032012,-4212.630631879465
2460836.0166666666,-2708.973057510947,-2309.2553778628067,-4104.6481902171945
2460836.017361111,-2515.9296511850603,-2734.940692112339,-3963.4701732612502
2460836.0180555554,-2302.57428271961,-3138.5735725302325,-3790.2237899541415
2460836.01875,-2070.6181215230013,-3516.886923586436,-3586.294226221078
2460836.019444444,-1821.923334581531,-3866.812438394516,-3353.3146188143965
2460836.020138889,-1558.4889513580358,-4185.50558655302,-3093.1540629913407
2460836.0208333335,-1282.4355200930208,-4470.369166561171,-2807.9036695064206
2460836.021527778,-995.9886315217187,-4719.0751909638975,-2499.8607108807064
2460836.0222222223,-701.4613991138467,-4929.584872627884,-2171.5109144732055
2460836.0229166667,-401.2360128019212,-5100.166470953852,-1825.5089939940935
2460836.023611111,-97.74450248518977,-5229.410766610648,-1464.65753898926
2460836.0243055555,206.55113354099544,-5316.2439468932225,-1091.8844098649372
2460836.025,509.17925192959956,-5359.937700989249,-710.2188269094709
2460836.0256944443,807.6791455031895,-5360.116358504379,-322.76636404083496
2460836.0263888887,1099.6216740181637,-5316.760938744877,67.31691478780608
2460836.027083333,1382.6297222046776,-5230.210021077401,456.85090984578096
2460836.027777778,1654.3982683744139,-5101.157393590558,842.6582593023504
2460836.0284722224,1912.7138398966258,-4930.646487266632,1221.5911393408664
2460836.029166667,2155.473147875503,-4720.0616521063685,1590.5578058950705
2460836.029861111,2380.7007048855644,-4471.116378324151,1946.5485960609951
2460836.0305555556,2586.5652448114897,-4185.838613858464,2286.661114360438
2460836.03125,2771.3947921981307,-3866.5533641702796,2608.124356657358
2460836.0319444444,2933.690249820492,-3515.8627946311617,2908.321543122069
2460836.032638889,3072.1374004081194,-3136.6240809406663,3184.8114603899844
2460836.033333333,3185.61724670882,-2731.92526578283,3435.348146439348
2460836.0340277776,3273.214637211739,-2305.059393015247,3657.898778589911
2460836.034722222,3334.2251506465877,-1859.4971846853396,3850.6596603721437
2460836.035416667,3368.160230259911,-1398.858526970551,4012.0702265177097
2460836.0361111113,3374.7505770387043,-926.8830096609119,4140.825014907864
2460836.0368055557,3353.9478214697633,-447.3997651846048,4235.883568034533
2460836.0375,3305.9245036241964,35.70318427750316,4296.478249712533
2460836.0381944445,3231.072394872325,518.5098571226661,4322.119966134102
2460836.038888889,3129.9991964400156,997.1073389911484,4312.601791398233
2460836.0395833333,3003.5236513866093,1467.6167159365045,4268.000497132231
2460836.0402777777,2852.669102979166,1926.2237500345198,4188.675987483691
2460836.040972222,2678.6555344699264,2369.209116182731,4075.2686387622084
2460836.0416666665,2482.8901235686294,2792.978027380206,3928.6945427060436
2460836.042361111,2266.9563487571186,3194.0890615837848,3750.138653604481
2460836.043055556,2032.6016893951717,3569.281994721242,3541.045843584708
2460836.04375,1781.7239701290812,3915.5044314271922,3303.1098783771936
2460836.0444444446,1516.3564137620217,4229.937010399563,3038.2603402308114
2460836.045138889,1238.6514819997028,4510.01695245733,2748.6475427041837
2460836.0458333334,950.8635982524191,4753.459715883286,2436.6255008960097
2460836.046527778,655.3308747871057,4958.278513766326,2104.7330551750833
2460836.047222222,354.45597993033374,5122.801463210706,1755.6732681481571
2460836.0479166666,50.68630676491505,5245.686143833546,1392.2912501856856
2460836.048611111,-253.50637699741108,5325.931366063119,1017.5505984170885
2460836.0493055554,-555.6465991818126,5362.885978449922,634.508666085701
2460836.05,-853.275966513851,5356.254581038885,246.2908989311572
2460836.050694444,-1143.973837872682,5306.100052081135,-143.9354934668822
2460836.051388889,-1425.3776693011375,5212.8428440256475,-532.9882581681406
2460836.0520833335,-1695.2028093407623,5077.257052605814,-917.6969217894284
2460836.052777778,-1951.2615329058217,4900.4633141579025,-1294.9294261158911
2460836.0534722223,-2191.481119667169,4683.918631972962,-1661.6182981341456
2460836.0541666667,-2413.920794623949,4429.403280520957,-2014.7860790822392
2460836.054861111,-2616.7873790976064,4139.004970622565,-2351.5697678760066
2460836.0555555555,-2798.4495181430775,3815.100497029182,-2669.244047340764
2460836.05625,-2957.4503848388576,3460.335106350799,-2965.2431020194567
2460836.0569444443,-3092.5187816741463,3077.5998492104695,-3237.1808553195524
2460836.0576388887,-3202.578592590278,2670.0071766572282,-3482.8694980487367
2460836.058333333,-3286.7565569861654,2240.865052445812,-3700.3362007389346
2460836.059027778,-3344.3883627367063,1793.6498337649016,-3887.8379407563084
2460836.0597222224,-3375.0230685494535,1331.9781711765695,-4043.874393371671
2460836.060416667,-3378.4258813664633,859.5781530486337,-4167.198862895158
2460836.061111111,-3354.579321641612,380.25990491325723,-4256.827243449237
2460836.0618055556,-3303.6828141927845,-102.11416560810436,-4312.045010648472
2460836.0625,-3226.150743670694,-583.6593045084772,-4332.412251653118
2460836.0631944444,-3122.6090110945097,-1060.4983747089834,-4317.7667429758385
2460836.063888889,-2993.890125940679,-1528.7916924822723,-4268.225082382649
2460836.064583333,-2841.026862483757,-1984.7666014300694,-4184.181878247222
2460836.0652777776,-2665.2445072644623,-2424.746636697198,-4066.3069941188032
2460836.065972222,-2467.951720409051,-2845.1801354239847,-3915.5408414658123
2460836.066666667,-2250.730035759815,-3242.668131989667,-3733.0877119441416
2460836.0673611113,-2015.3220268028701,-3613.9913674796685,-3520.4071408973446
2460836.0680555557,-1763.6181734078873,-3956.136224206827,-3279.2032997534184
2460836.06875,-1497.642473314312,-4266.319382730464,-3011.4124235679274
2460836.0694444445,-1219.5368605843425,-4542.010978474862,-2719.188299084678
2460836.070138889,-931.5445051046125,-4780.956031371531,-2404.885853698708
2460836.0708333333,-635.9920940463751,-4981.193906952471,-2071.04291728533
2460836.0715277777,-335.2712139574323,-5141.075573191241,-1720.3602537992633
2460836.072222222,-31.818972489941302,-5259.27842414255,-1355.6799878836023
2460836.0729166665,271.9019704527779,-5334.818451987721,-979.9625944182376
2460836.073611111,573.4237842200022,-5367.059580149366,-596.2626371781636
2460836.074305556,870.2940600076417,-5355.719996197055,-207.70347976763398
2460836.075,1160.0964001557973,-5300.875363632028,182.54878155377347
2460836.0756944446,1440.4707874819833,-5202.95883600897,571.3118997473119
2460836.076388889,1709.133511227384,-5062.7578440327925,955.4142898095987
2460836.0770833334,1963.8964344296855,-4881.407675497451,1331.721787213178
2460836.077777778,2202.685393170211,-4660.3819187027975,1697.1640612505846
2460836.078472222,2423.5575363936205,-4401.479886936941,2048.760404293699
2460836.0791666666,2624.7174356289656,-4106.811182055741,2383.6446344213264
2460836.079861111,2804.5318118259825,-3778.7775984139175,2699.0888609761646
2460836.0805555554,2961.5427594721496,-3420.052590723908,2992.5258996074945
2460836.08125,3094.479368901373,-3033.5585576891676,3261.5701431077377
2460836.081944444,3202.267676823774,-2622.4422051546007,3504.0367292631922
2460836.082638889,3284.038900559604,-2190.0482547730608,3717.9588796685616
2460836.0833333335,3339.1359316141406,-1739.8917689920295,3901.6033088202607
2460836.084027778,3367.1180854517866,-1275.629349920928,4053.4836342013878
2460836.0847222223,3367.764118534455,-801.0294589785934,4172.371739701808
2460836.0854166667,3341.0735349531333,-319.9420896542264,4257.307063502186
2460836.086111111,3287.2662123131718,163.73199282211922,4307.603796060393
2460836.0868055555,3206.7803804070136,646.0722431001905,4322.855982082095
2460836.0875,3100.268988201915,1123.1693700615722,4302.940526276832
2460836.0881944443,2968.594492088287,1591.156243607015,4248.0181037577095
2460836.0888888887,2812.82210043782,2046.2384898170023,4158.5319750226245
2460836.089583333,2634.211506586718,2484.7246068619684,4035.2047054543364
2460836.090277778,2434.207143823188,2903.055421720426,3879.0327878974863
2460836.0909722224,2214.426999395508,3297.8326990204328,3691.2791690583676
2460836.091666667,1976.6500320553757,3665.8467000770065,3473.4636870004997
2460836.092361111,1722.8022454557401,4004.10248152815,3227.3514352395114
2460836.0930555556,1454.9414836339263,4309.844708055166,2954.9390837320266
2460836.09375,1175.24103365912,4580.580741716445,2658.439209089945
2460836.0944444444,885.972134857713,4814.101771303725,2340.262705746122
2460836.095138889,589.485519007113,5008.501739718484,2002.999381399897
2460836.095833333,288.1921269159688,5162.1938372963305,1649.3968702352463
2460836.0965277776,-15.456835981157402,5273.924346751732,1282.3380243458685
2460836.097222222,-318.9903177028577,5342.783645043101,904.8169807547175
2460836.097916667,-619.9381121150649,5368.214202044762,519.9141254700781
2460836.0986111113,-915.8516132304754,5350.015452679425,130.77020179771205
2460836.0993055557,-1204.3244086872812,5288.345463296651,-259.44016588018906
2460836.1,-1483.0124950562322,5183.719360861295,-647.5352570979851
2460836.1006944445,-1749.6538920980192,5037.00454357235,-1030.3530539718533
2460836.101388889,-2002.0874525734587,4849.412740252906,-1404.7777717745762
2460836.1020833333,-2238.270672904551,4622.489033634824,-1767.76583905722
2460836.1027777777,-2456.296332283508,4358.0980057454935,-2116.3710631108934
2460836.103472222,-2654.4078104230757,4058.4072016939804,-2447.768736220066
2460836.1041666665,-2831.0129622184536,3725.86813532086,-2759.2784676756564
2460836.104861111,-2984.6964509502495,3363.19508657514,-3048.38555014549
2460836.105555556,-3114.2304716358476,2973.341951555179,-3312.76070514327
2460836.10625,-3218.5838215712292,2559.477409246477,-3550.278084725679
2460836.1069444446,-3296.9292958718597,2124.958673019961,-3759.0314328035165
2460836.107638889,-3348.649408540799,1673.3040790085818,-3937.3483433225883
2460836.1083333334,-3373.340453558906,1208.1647537513234,-4083.802573626373
2460836.109027778,-3370.814932821753,733.2955837318686,-4197.224392710791
2460836.109722222,-3341.1023848232503,252.52569064623876,-4276.708958378073
2460836.1104166666,-3284.4486517939704,-230.2714000962355,-4321.622726586027
2460836.111111111,-3201.3136229046722,-711.207734171325,-4331.607902246949
2460836.1118055554,-3092.3674890031507,-1186.410888382867,-4306.584939268694
2460836.1125,-2958.485540875952,-1652.0537714267782,-4246.753096279052
2460836.113194444,-2800.741538369502,-2104.3841250481705,-4152.589049201512
2460836.113888889,-2620.3996756009533,-2539.753579043713,-4024.8435573173215
2460836.1145833335,-2418.9051640330395,-2954.6461130682833,-3864.5361746170697
2460836.115277778,-2197.8734587909453,-3345.7057590307336,-3672.9479981354575
2460836.1159722223,-1959.0781546440837,-3709.7633714706376,-3451.6124448238766
2460836.1166666667,-1704.4375909991945,-4043.8622671127255,-3202.304059143935
2460836.117361111,-1436.00021023084,-4345.28253083387,-2927.025359468234
2460836.1180555555,-1155.9287379340449,-4611.56375725773,-2627.9917565453065
2460836.11875,-866.483261234352,-4840.526001693083,-2307.614588729786
2460836.1194444443,-570.0033142391483,-5030.288694437122,-1968.4823571645602
2460836.1201388887,-268.8890919228065,-5179.28728624018,-1613.3402636912242
2460836.120833333,34.418058835807834,-5286.2873961219075,-1245.0681909458233
2460836.121527778,337.4557018542053,-5350.396252154863,-866.6572954876981
2460836.1222222224,637.7607405547709,-5371.071242213232,-481.1854146612057
2460836.122916667,932.8900085698793,-5348.125424912281,-91.79151822865789
2460836.123611111,1220.4408102636917,-5281.729891329499,298.3505453205902
2460836.1243055556,1498.0711856574558,-5172.412913605979,686.0587291738082
2460836.125,1763.519686305141,-5021.055863724138,1068.1696210244068
2460836.1256944444,2014.6244390049571,-4828.885938577532,1441.5651286281814
2460836.126388889,2249.3413001137196,-4597.465772970348,1803.1987408120704
2460836.127083333,2465.7609095491703,-4328.680071332524,2150.121082651857
2460836.1277777776,2662.1244792061125,-4024.719428723349,2479.50450686558
2460836.128472222,2836.838171862988,-3688.06154947149,2788.6664817281917
2460836.129166667,2988.485956572137,-3321.4500934230764,3075.091569198606
2460836.1298611113,3115.8408461296804,-2927.8714117012137,3336.451804598712
2460836.1305555557,3217.87445788255,-2510.5294265971906,3570.625337403512
2460836.13125,3293.7648529171465,-2072.8189372408847,3775.7132043377637
2460836.1319444445,3342.902639519473,-1618.2976061900886,3950.0541529635348
2460836.132638889,3364.8953386575704,-1150.6568872968812,4092.23744861415
2460836.1333333333,3359.5700256454666,-673.6921396806575,4201.113623195442
2460836.1340277777,3326.97427232699,-191.27214888538157,4275.803143843269
2460836.134722222,3267.375419656603,292.69172726073367,4315.7029878457415
2460836.1354166665,3181.25821425489,774.2765972653511,4320.491121692042
2460836.136111111,3069.3208424506674,1249.5790742088213,4290.128883457876
2460836.136805556,2932.469396119773,1714.7461328716865,4224.861269614741
2460836.1375,2771.8108017867053,2166.0056181747696,4125.215126584376
2460836.1381944446,2588.644245031462,2599.6962274958632,3991.995245455943
2460836.138888889,2384.4511254979893,3012.2967816240166,3826.278360424645
2460836.1395833334,2160.8835771032564,3400.4546004712647,3629.4050508826417
2460836.140277778,1919.7516029246156,3761.0127694273338,3402.969559228224
2460836.140972222,1663.008876131996,4091.0360887907727,3148.807540808409
2460836.1416666666,1392.7372804593188,4387.835470605625,2868.98178482783
2460836.142361111,1111.1302767671493,4648.990547924547,2565.765962733287
2460836.1430555554,820.475201042069,4872.370256666322,2241.626484404767
2460836.14375,523.1346249872855,5056.151148199125,1899.2025759964142
2460836.144444444,221.52692659044942,5198.833206395052,1541.2847185065573
2460836.145138889,-81.89375717232267,5299.252956850533,1170.7916218619807
2460836.1458333335,-384.6580091637802,5356.593684460788,790.745934591822
2460836.146527778,-684.3018344155983,5370.3926061877555,404.2489245814401
2460836.1472222223,-978.3873736727742,5340.544889141481,14.454382087422333
2460836.1479166667,-1264.52340701762,5267.304446984343,-375.4579822654238
2460836.148611111,-1540.3854251905427,5151.281496902333,-762.3093585513235
2460836.1493055555,-1803.7350541757837,4993.436909327592,-1142.9485901895894
2460836.15,-2052.4386279114983,4795.07343208363,-1514.2785708337517
2460836.1506944443,-2284.4847226447523,4557.823916025418,-1873.2820113926234
2460836.1513888887,-2498.000485525798,4283.6367111677055,-2217.0463175180053
2460836.152083333,-2691.2666135667364,3974.758439408283,-2542.7873392961155
2460836.152777778,-2862.7308687189848,3633.714373796749,-2847.8717873798705
2460836.1534722224,-3011.0200369717363,3263.2866804901396,-3129.8381321464517
2460836.154166667,-3134.950271983951,2866.490781243724,-3386.4158444190352
2460836.154861111,-3233.53578214904,2446.550109772577,-3615.5428566379837
2460836.1555555556,-3305.9958486163773,2006.8695167529731,-3815.38116537277
2460836.15625,-3351.7601751990946,1551.0075814818524,-3984.3305131722072
2460836.1569444444,-3370.4725895076713,1082.6480616872955,-4121.040118585175
2460836.157638889,-3361.9931229565595,605.5707013536453,-4224.4184372994905
2460836.158333333,-3326.3985044606325,123.62159573923563,-4293.640952069027
2460836.1590277776,-3263.9811048704373,-359.3167095411923,-4328.155997640595
2460836.159722222,-3175.2463685785115,-839.355218789972,-4327.6886286836425
2460836.160416667,-3060.9087662396787,-1312.6284355504386,-4292.2425393268395
2460836.1611111113,-2921.8862987351185,-1775.3241164619224,-4222.10003914729
2460836.1618055557,-2759.293577347705,-2223.712691053948,-4117.820084894102
2460836.1625,-2574.433505181899,-2654.176195270323,-3980.2343637885683
2460836.1631944445,-2368.7875799151866,-3063.2365723627177,-3810.4414190260436
2460836.163888889,-2144.0048437471974,-3447.583169170278,-3609.7988094394436
2460836.1645833333,-1901.8895087652154,-3804.099249292349,-3379.913296915308
2460836.1652777777,-1644.3872980341835,-4129.887321740474,-3122.629065697928
2460836.165972222,-1373.5705509049924,-4422.293075306926,-2840.0139868076863
2460836.1666666665,-1091.6221654720587,-4678.927684429265,-2534.3439672595573
2460836.167361111,-800.8184590791506,-4897.688257921792,-2208.0854360051294
2460836.168055556,-503.5110605047807,-5076.776184704449,-1863.876057402496
2460836.16875,-202.10796237451504,-5214.713144108392,-1504.5037859880003
2460836.1694444446,100.94611277711363,-5310.3545567747915,-1132.8844107896823
2460836.170138889,403.18985895424015,-5362.900272853164,-752.0377689214051
2460836.1708333334,702.1658532455192,-5371.902322400229,-365.06283887113614
2460836.171527778,995.4411346193914,-5337.269588951026,24.888047696538997
2460836.172222222,1280.6276817759483,-5259.269308946178,414.6356201828028
2460836.1729166666,1555.4025654595093,-5138.5253456242035,801.0004284076608
2460836.173611111,1817.5275565531267,-4976.013236639152,1180.8296618569723
2460836.1743055554,2064.8679802873094,-4773.052061849505,1551.0237441281367
2460836.175,2295.4106121020477,-4531.293230052719,1908.562412014979
2460836.175694444,2507.280436070964,-4252.706325604593,2250.5300114041706
2460836.176388889,2698.7561052451338,-3939.562195600101,2574.139756383139
2460836.1770833335,2868.2839655486646,-3594.413495721351,2876.756717773664
2460836.177777778,3014.490536171687,-3220.0729318515737,3155.9193433331657
2460836.1784722223,3136.193360746794,-2819.589459283029,3409.359333741604
2460836.1791666667,3232.410173553804,-2396.222702724944,3635.0197372904986
2460836.179861111,3302.366344982116,-1953.415869273259,3831.071150409994
2460836.1805555555,3345.5005935509357,-1494.767415614253,3995.925944239097
2460836.18125,3361.4689675336217,-1024.0017230266337,4128.250460308858
2460836.1819444443,3350.147112497417,-544.9390155082133,4226.975140519166
2460836.1826388887,3311.630849722341,-61.464749601255086,4291.302569900167
2460836.183333333,3246.2350961537836,422.5013269503901,4320.713425789466
2460836.184027778,3154.4911588064174,903.036246238407,4314.970329088594
2460836.1847222224,3037.1424368366215,1376.2448449590368,4274.119599626841
2460836.185416667,2895.138563126798,1838.2905673763034,4198.49091577302
2460836.186111111,2729.6280171169255,2285.425870949913,4088.6948780309467
2460836.1868055556,2541.949240380886,2714.02205868207,3945.6184756947077
2460836.1875,2333.6202889256874,3120.5983532061096,3770.4184565713817
2460836.1881944444,2106.327059869057,3501.8500191903563,3564.5126025633404
2460836.188888889,1861.9101413079652,3854.6753219016273,3329.5689241675473
2460836.189583333,1602.3503432510686,4176.2011034808975,3067.4927976119648
2460836.1902777776,1329.7529826130303,4463.806745366808,2780.412085409295
2460836.190972222,1046.3310166655547,4715.1462740668,2470.6603068598124
2460836.191666667,754.3871347437059,4928.168371744673,2140.757946604371
2460836.1923611113,456.2949435162537,5101.134052321644,1793.3920227934698
2460836.1930555557,154.47940055233204,5232.631778831728,1431.3940655243016
2460836.19375,-148.60333007177246,5321.589817777451,1057.716685758518
2460836.1944444445,-450.4864035626548,5367.2856522327,675.4089506531502
2460836.195138889,-748.7129980226575,5369.3523143869015,287.59079932122216
2460836.1958333333,-1040.856976412138,5327.781536899897,-102.57323749267908
2460836.1965277777,-1324.54328551181,5242.923670741163,-491.9007368161879
2460836.197222222,-1597.4678741718897,5115.484365147783,-877.2182186315532
2460836.1979166665,-1857.4169142841642,4946.518056448961,-1255.3878231192484
2460836.198611111,-2102.285127448827,4737.418359861847,-1623.3335505169396
2460836.199305556,-2330.093033669795,4489.90550376509,-1978.0667906932197
2460836.2,-2539.0029598664864,4206.010987972281,-2316.7108873420207
2460836.2006944446,-2727.333674884111,3888.059676755872,-2636.524512151864
2460836.201388889,-2893.5735387687832,3538.649568485478,-2934.923644185912
2460836.2020833334,-3036.3920867128986,3160.6294936662066,-3209.50198974636
2460836.202777778,-3154.6499879346593,2757.075013182716,-3458.049699148997
2460836.203472222,-3247.407351535892,2331.2627740659536,-3678.5702818164937
2460836.2041666666,-3313.930365498465,1886.6435890914438,-3869.2956377135492
2460836.204861111,-3353.6962772199245,1426.8144854610177,-4028.6991575254237
2460836.2055555554,-3366.3967361069563,955.4899508271151,-4155.50686424926
2460836.20625,-3351.939527193568,476.47259346693295,-4248.70658305706
2460836.206944444,-3310.4487312334845,-6.376593318283565,-4307.555141370523
2460836.207638889,-3242.2633473643687,-489.1681883121981,-4331.583605877044
2460836.2083333335,-3147.9344135121796,-968.014359511152,-4320.600565055717
2460836.209027778,-3028.2206569445634,-1439.058792199215,-4274.693464994973
2460836.2097222223,-2884.0827024496352,-1898.5063880238195,-4194.228001771569
2460836.2104166667,-2716.6758628576727,-2342.652589649092,-4079.845568516327
2460836.211111111,-2527.341534172179,-2767.912183537138,-3932.458751381161
2460836.2118055555,-2317.5972159931875,-3170.847426183791,-3753.244864722974
2460836.2125,-2089.125183183737,-3548.1953191730045,-3543.637518020289
2460836.2131944443,-1843.7598385176473,-3896.8938491238214,-3305.3162099877204
2460836.2138888887,-1583.473789035626,-4214.1069862269305,-3040.193957381798
2460836.214583333,-1310.362699252507,-4497.248225611655,-2750.402977833619
2460836.215277778,-1026.6289956014477,-4744.002437446501,-2438.27846993221
2460836.2159722224,-734.5645128124792,-4952.345789426094,-2106.340555032772
2460836.216666667,-436.53219723181496,-5120.563500774624,-1757.2744762403995
2460836.217361111,-134.94700343608116,-5247.2651947454515,-1393.9091799303246
2460836.2180555556,167.74385645781035,-5331.397630449833,-1019.1944384609396
2460836.21875,469.08113512655956,-5372.254618629231,-636.176699363911
2460836.2194444444,766.6140417821091,-5369.483953561289,-247.9738870765556
2460836.220138889,1057.9208005295984,-5323.091234860604,142.25060660650902
2460836.220833333,1340.6290516985644,-5233.440493038151,531.3144710193956
2460836.2215277776,1612.4358782469167,-5101.251582119984,916.0432878999583
2460836.222222222,1871.1272383890187,-4927.594351141601,1293.2973169035884
2460836.222916667,2114.596593608254,-4713.879657476263,1659.9979653007256
2460836.2236111113,2340.862539097591,-4461.847330243226,2013.1536643910201
2460836.2243055557,2548.085256541747,-4173.551239773808,2349.8848805651373
2460836.225,2734.5816372753734,-3851.3416636713227,2667.4480172488397
2460836.2256944445,2898.8389464037286,-3497.845171312626,2963.2579857928454
2460836.226388889,3039.526922585389,-3115.942277235663,3234.909248025306
2460836.2270833333,3155.508239576272,-2708.743120568651,3480.195172519786
2460836.2277777777,3245.8472764170233,-2279.561440719021,3697.125570902844
2460836.228472222,3309.8171676890893,-1831.887116509631,3883.942313550275
2460836.2291666665,3346.9051244733537,-1369.3575301819167,4039.132950890044
2460836.229861111,3356.816032842479,-895.7280026895909,4161.442291621447
2460836.230555556,3339.4743477609677,-414.8415361633772,4249.881906501852
2460836.23125,3295.0243086688292,69.40192151567864,4303.737542536954
2460836.2319444446,3223.8285074849287,553.0764839179657,4322.574440488414
2460836.232638889,3126.4648410890577,1032.2614216247207,4306.240555642496
2460836.2333333334,3003.721880629938,1503.072162306773,4254.867681943663
2460836.234027778,2856.5926886750426,1961.691023468681,4168.870480404505
2460836.234722222,2686.2671144581577,2404.3975035181793,4048.9434108668993
2460836.2354166666,2494.1225990926096,2827.597950164402,3896.055566522687
2460836.236111111,2281.7135240543153,3227.8544210251684,3711.4434114031797
2460836.2368055554,2050.759142930184,3601.9125360322514,3496.6014262854173
2460836.2375,1803.130146772999,3946.728107385833,3253.2706789827034
2460836.238194444,1540.833923857033,4259.4923245278305,2983.4253470849185
2460836.238888889,1265.998592505842,4537.655257441851,2689.2572417629003
2460836.2395833335,980.8559037174668,4778.9474371499045,2373.1584042728755
2460836.240277778,687.7231311055182,4981.399271670582,2037.7018742743164
2460836.2409722223,388.9840874732547,5143.358062283652,1685.6207593427168
2460836.2416666667,87.06942735325929,5263.502400068179,1319.785764849853
2460836.242361111,-215.56358181218678,5340.8537433852225,943.1813785566618
2460836.2430555555,-516.4516261971262,5374.785010520201,558.8809261467363
2460836.24375,-813.1460359980429,5365.026055915697,170.0207477807894
2460836.2444444443,-1103.2333848366732,5311.665944012906,-220.22624271345867
2460836.2451388887,-1384.355772817559,5215.151980860754,-608.6773304972176
2460836.245833333,-1654.2305774183822,5076.28551422693,-992.166819711682
2460836.246527778,-1910.6694625248097,4896.214561115732,-1367.5726133159158
2460836.2472222224,-2151.596446360159,4676.4233723153275,-1731.8422671869882
2460836.247916667,-2375.0648550451533,4418.719084143588,-2082.018257256686
2460836.248611111,-2579.273005387718,4125.215647854941,-2415.2622109293443
2460836.2493055556,-2762.5784872662916,3798.3152591945786,-2728.877881264742
2460836.25,-2923.510945113238,3440.687529949852,-3020.3326757335344
2460836.2506944444,-3060.7832807283203,3055.24666377245,-3287.2775761727103
2460836.251388889,-3173.3012285848454,2645.1269018470734,-3527.5653236009416
2460836.252083333,-3260.17127823518,2213.656499216524,-3739.2667734094366
2460836.2527777776,-3320.7069358777126,1764.3304925979537,-3920.6853496062886
2460836.253472222,-3354.4333363913365,1300.7825017624868,-4070.3695566362053
2460836.254166667,-3361.090228769992,826.7557876757727,-4187.123527282746
2460836.2548611113,-3340.633365130866,346.07377563391805,-4270.015598482508
2460836.2555555557,-3293.234328264323,-137.38976878069897,-4318.384918136855
2460836.25625,-3219.278833456303,-619.7407411136475,-4331.8460912941155
2460836.2569444445,-3119.36353783123,-1097.0947231549906,-4310.291874533387
2460836.257638889,-2994.2913879329794,-1565.606880749973,-4253.893924545724
2460836.2583333333,-2845.065531646875,-2021.501594966763,-4163.101603310298
2460836.2590277777,-2672.8818167910204,-2461.101683495584,-4038.638836208599
2460836.259722222,-2479.1198976975847,-2880.857060225089,-3881.4990158468945
2460836.2604166665,-2265.332972115605,-3277.3726708738736,-3692.937943278491
2460836.261111111,-2033.2361709557506,-3647.435534524169,-3474.4647967924516
2460836.261805556,-1784.6936388535732,-3988.040688876401,-3227.8311315177175
2460836.2625,-1521.7043430993479,-4296.415842575188,-2955.0179141977596
2460836.2631944446,-1246.3866751373803,-4570.044501700634,-2658.2206244555737
2460836.263888889,-960.9619205230557,-4806.6873396136225,-2339.832470126092
2460836.2645833334,-667.7366924366846,-5004.401572153882,-2002.4257881013043
2460836.265277778,-369.08445235817834,-5161.5580951810025,-1648.7317385155034
2460836.265972222,-67.42625699433924,-5276.856156851848,-1281.6184239858817
2460836.2666666666,234.7891026771348,-5349.335349090405,-904.0676032725232
2460836.267361111,535.1053860023576,-5378.384729875009,-519.1501986867328
2460836.2680555554,831.0794134604851,-5363.748920916664,-130.00082099294605
2460836.26875,1120.3015892573064,-5305.531062981226,260.20843408383024
2460836.269444444,1400.4162155188997,-5204.192557895814,648.294645789117
2460836.270138889,1669.1413807826827,-5060.549573290915,1031.0909060618646
2460836.2708333335,1924.2882037705056,-4875.766336329789,1405.4730428479238
2460836.271527778,2163.779225670251,-4651.345293585948,1768.3859411550463
2460836.2722222223,2385.6657627217637,-4389.114258195452,2116.869188018966
2460836.2729166667,2588.1440456822024,-4091.210710493271,2448.081776326821
2460836.273611111,2769.5699988943334,-3760.0634533851985,2759.3256283041637
2460836.2743055555,2928.472536003711,-3398.371853890022,3048.0677241106173
2460836.275,3063.5652773973434,-3009.0829199957607,3311.9606534261306
2460836.2756944443,3173.756617550449,-2595.36648011552,3548.8614340209847
2460836.2763888887,3258.158098245093,-2160.5887301565826,3756.8484782735113
2460836.277083333,3316.091062649298,-1708.284417134825,3934.2366129484035
2460836.277777778,3347.091585609306,-1242.1279157411775,4079.5900874215768
2460836.2784722224,3350.9136895371603,-765.9034398644507,4191.733527623725
2460836.279166667,3327.5308654714468,-283.47462320081405,4269.760808519132
2460836.279861111,3277.135926684333,201.2463240952203,4313.041834571324
2460836.2805555556,3200.1392249106684,684.3296813117718,4321.227222605648
2460836.28125,3097.165261297518,1161.8593191327955,4294.250887468081
2460836.2819444444,2969.047722165627,1629.963665695101,4232.330531383952
2460836.282638889,2816.8229709331904,2084.8463551233276,4135.966037136285
2460836.283333333,2641.72202453942,2522.81639024646,4005.935763982512
2460836.2840277776,2445.161046725724,2940.317632487668,3843.2907460619695
2460836.284722222,2228.7303913776905,3333.9574322415456,3649.3467941458166
2460836.285416667,1994.1822388810594,3700.5341923328388,3425.674509744764
2460836.2861111113,1743.4168759550223,4037.0636508179673,3174.087229237774
2460836.2868055557,1478.4676860556467,4340.803651572636,2896.626933809442
2460836.2875,1201.4849306845422,4609.277167649306,2595.548177991133
2460836.2881944445,914.7184258741419,4840.293331476276,2273.300118912592
2460836.288888889,620.4992348404728,5031.966233376012,1932.5067522919621
2460836.2895833333,321.2205217194428,5182.731255210526,1575.9454939250077
2460836.2902777777,19.31773402148472,5291.358722802152,1206.5242789782592
2460836.290972222,-282.7517047225821,5356.964688711242,827.2573756570251
2460836.2916666665,-582.5289878014025,5379.018685688444,441.24014586158387
2460836.292361111,-877.5745938330592,5357.348333516306,51.62300177874901
2460836.293055556,-1165.4888094321104,5292.140724558192,-338.4151681629002
2460836.29375,-1443.931884004642,5183.94056332979,-725.6938190138793
2460836.2944444446,-1710.6436033650484,5033.645083874811,-1107.0575304121212
2460836.295138889,-1963.462072827293,4842.495818595689,-1479.402458893482
2460836.2958333334,-2200.341517454254,4612.067341097257,-1839.7021823546154
2460836.296527778,-2419.368932115439,4344.253143633025,-2185.0326814697773
2460836.297222222,-2618.77942921616,4041.2488516283893,-2512.5962130604803
2460836.2979166666,-2796.970164934478,3705.5330013220832,-2819.7438678799144
2460836.298611111,-2952.5127462473697,3339.84563287657,-3103.996627173152
2460836.2993055554,-3084.1640519649036,2947.164957937175,-3363.0647711943047
2460836.3,-3190.8754225402627,2530.682370395331,-3594.865518896226
2460836.300694444,-3271.800198524534,2093.776061629761,-3797.5388127186748
2460836.301388889,-3326.299605788011,1639.9834919460573,-3969.4611887430233
2460836.3020833335,-3353.947000294182,1172.9729604212196,-4109.257694257971
2460836.302777778,-3354.5304980258634,696.5144878787011,-4215.811838095383
2460836.3034722223,-3328.0540206527835,214.45021630137273,-4288.273568595801
2460836.3041666667,-3274.7367917971405,-269.3354912234254,-4326.065284195407
2460836.304861111,-3195.0113185187947,-750.9460876632497,-4328.885886281373
2460836.3055555555,-3089.5198895624567,-1226.5028636941674,-4296.712882073018
2460836.30625,-2959.1096195628493,-1692.1748044287428,-4229.802542754017
2460836.3069444443,-2804.82606254889,-2144.208145319094,-4128.688117183314
2460836.3076388887,-2627.9054175697524,-2578.9554754897867,-3994.1760970553955
2460836.308333333,-2429.7653445053948,-2992.904242245055,-3827.340524193813
2460836.309027778,-2211.99441391455,-3382.7044843070416,-3629.515332349555
2460836.3097222224,-1976.3402153394466,-3745.1956183905604,-3402.284716065117
2460836.310416667,-1724.696161203908,-4077.4320772666188,-3147.471530185051
2460836.311111111,-1459.0870303343956,-4376.707590992462,-2867.1237315674816
2460836.3118055556,-1181.6533186590243,-4640.577877411696,-2563.4989000935316
2460836.3125,-894.6344742235617,-4866.8815113522105,-2239.0468898241947
2460836.3131944444,-600.3511239629282,-5053.75872618265,-1896.3906976411047
2460836.313888889,-301.18641570078046,-5199.667912566919,-1538.305660411223
2460836.314583333,0.43337697520688273,-5303.399587000052,-1167.6971251053183
2460836.3152777776,302.05881594788576,-5364.087621250019,-787.5767708437096
2460836.315972222,601.2376384696609,-5381.217553010541,-401.0377895402
2460836.316666667,895.5352729569217,-5354.631831924822,-11.229158981164707
2460836.3173611113,1182.5553142280355,-5284.531896180879,378.6707311995945
2460836.3180555557,1459.9597400772523,-5171.477021405569,765.4808280544767
2460836.31875,1725.4886470470183,-5016.379932839225,1146.0442497713573
2460836.3194444445,1976.9792944289493,-4820.4992202747135,1517.254921346808
2460836.320138889,2212.3842489320127,-4585.428648186657,1876.0837194321875
2460836.3208333333,2429.7884508008647,-4313.083492033721,2219.603862508696
2460836.3215277777,2627.425029380326,-4005.684081719634,2545.0152806736965
2460836.322222222,2803.6897311158787,-3665.7367596130275,2849.667738819889
2460836.3229166665,2957.1538423899588,-3296.01249232923,3131.0825051537854
2460836.323611111,3086.5755192799124,-2899.523389471064,3386.972392559319
2460836.324305556,3190.909458756802,-2479.497399061951,3615.260026107624
2460836.325,3269.3148728826427,-2039.351445960828,3814.0942263342668
2460836.3256944446,3321.161747162288,-1582.6632736708675,3981.8644252239455
2460836.326388889,3346.035379792766,-1113.1422522889472,4117.213052208368
2460836.3270833334,3343.739215774343,-634.5993830726188,4219.045857548599
2460836.327777778,3314.295996104239,-150.91672863889056,4286.5401494140815
2460836.328472222,3257.9472498817536,333.9835224860968,4319.150935653465
2460836.3291666666,3175.151159276014,816.1701668050024,4316.614968206776
2460836.329861111,3066.5788283623247,1291.734084603901,4278.952689988329
2460836.3305555554,2933.108985251776,1756.819155379,4206.468085428964
2460836.33125,2775.8211471011496,2207.652811988592,4099.746434328153
2460836.331944444,2595.987276941107,2640.5760584024115,3959.6499681795026
2460836.332638889,2395.061963080058,3052.072767055983,3787.3114283945583
2460836.3333333335,2174.671156394344,3438.798060773739,3584.125529355182
2460836.334027778,1936.5995097345487,3797.6055697203583,3351.738337849436
2460836.3347222223,1682.7763738523024,4125.573343746778,3092.034591846532
2460836.3354166667,1415.2605172255535,4420.028189926534,2807.1229966610267
2460836.336111111,1136.223660844135,4678.568189325429,2499.319564553117
2460836.3368055555,847.9329300279609,4899.083155953654,2171.1290806563284
2460836.3375,552.7323565921863,5079.772792475657,1825.224817494546
2460836.3381944443,253.0235778584702,5219.162317916326,1464.426642346756
2460836.3388888887,-48.75409461944281,5316.115355912564,1091.6776991252113
2460836.339583333,-350.1440484275588,5369.843902105359,710.0198728915011
2460836.340277778,-648.6929803198221,5379.91522276239,322.5682746996576
2460836.3409722224,-941.9715289434905,5346.255578658028,-67.5149955824434
2460836.341666667,-1227.594708751772,5269.150713656781,-457.04753143733546
2460836.342361111,-1503.2419256891046,5149.243096680882,-842.8534620522785
2460836.3430555556,-1766.6763597544625,4987.525955520033,-1221.7901653018478
2460836.34375,-2015.7635105411553,4785.33419094357,-1590.7745652420672
2460836.3444444444,-2248.4887219663196,4544.332303183394,-1946.8087446128716
2460836.345138889,-2462.9735178758115,4266.499506869787,-2287.0046132337384
2460836.345833333,-2657.4906091911153,3954.1122421942487,-2608.607403803508
2460836.3465277776,-2830.477456834682,3609.7243180799524,-2909.017791036966
2460836.347222222,-2980.5483024425926,3236.144940436595,-3185.8124624141465
2460836.347916667,-3106.5046038416276,2836.4148911059674,-3436.762998667306
2460836.3486111113,-3207.343838811612,2413.7811206937013,-3659.8529574826844
2460836.3493055557,-3282.2666598144174,1971.670019894364,-3853.293078936135
2460836.35,-3330.6824038004474,1513.6596105719204,-4015.5345646572514
2460836.3506944445,-3352.2129711390744,1043.4508980152236,-4145.2803961916625
2460836.351388889,-3346.6951013147655,564.8385942225481,-4241.494683088976
2460836.3520833333,-3314.181076816505,81.68140594706685,-4303.410040085314
2460836.3527777777,-3254.9378891055926,-402.1279312992007,-4330.532998918348
2460836.353472222,-3169.444899947286,-882.6927158029686,-4322.647464738235
2460836.3541666665,-3058.390028727168,-1356.1422852141495,-4279.816224359725
2460836.354861111,-2922.6644916848513,-1818.6618255263104,-4202.3805102852575
2460836.355555556,-2763.3561163025247,-2266.521837045192,-4090.957619164336
2460836.35625,-2581.7412507772606,-2696.1071118236846,-3946.436578978578
2460836.3569444446,-2379.275287762814,-3103.9450664001583,-3769.971855816106
2460836.357638889,-2157.5818248199735,-3486.7332582914805,-3562.975092013447
2460836.3583333334,-1918.4404886936936,-3841.365901744156,-3327.104870927348
2460836.359027778,-1663.7734620379135,-4164.959177952581,-3064.2545145618265
2460836.359722222,-1395.630761418739,-4454.875124417317,-2776.537931807295
2460836.3604166666,-1116.1743365060136,-4708.743868767864,-2466.2735588987875
2460836.361111111,-827.6610757236165,-4924.4839704007845,-2135.9664538549705
2460836.3618055554,-532.4248280821128,-5100.320627072121,-1788.2886376406775
2460836.3625,-232.85757300465662,-5234.801510210001,-1426.0578053281647
2460836.363194444,68.61010833596845,-5326.810006555632,-1052.2145619473154
2460836.363888889,369.5290866742411,-5375.5756651471165,-669.7983682800202
2460836.3645833335,667.4520682182463,-5380.6816772490465,-281.92241599832704
2460836.365277778,959.9541041955009,-5342.06925541058,108.25232894905979
2460836.3659722223,1244.653006860294,-5260.038819306865,497.54364683131865
2460836.3666666667,1519.2294544904735,-5135.2479437523525,882.7748732872853
2460836.367361111,1781.4465634909586,-4968.706074242215,1260.8017055594953
2460836.3680555555,2029.168719180106,-4761.766064054853,1628.5387213079955
2460836.36875,2260.3794634525234,-4516.112637836523,1982.9853230626898
2460836.3694444443,2473.1982624278617,-4233.747926682831,2321.2508450257533
2460836.3701388887,2665.8959908328648,-3916.974265011184,2640.578566722788
2460836.370833333,2836.909001983116,-3568.3744648827983,2938.368414237297
2460836.371527778,2984.8516723164907,-3190.7898137369457,3212.198149328304
2460836.3722222224,3108.527339214332,-2787.2960533969804,3459.842883079613
2460836.372916667,3206.937574126475,-2361.177608832424,3679.2927790364456
2460836.373611111,3279.289757128201,-1915.9003328525043,3868.7688431171828
2460836.3743055556,3325.002938017204,-1455.0830294005636,4026.7367236092823
2460836.375,3343.711986132205,-982.4680040342225,4151.918470393593
2460836.3756944444,3335.2700428660596,-501.89087819499457,4243.3022210113995
2460836.376388889,3299.7492998133757,-17.249886974812433,4300.14979691326
2460836.377083333,3237.440129869104,467.5251400451954,4322.002203485107
2460836.3777777776,3148.8486011455725,948.5039177941263,4308.683031384056
2460836.378472222,3034.692403444939,1421.7867894081194,4260.299761118812
2460836.379166667,2895.8952156523915,1883.5355791749514,4177.242970735476
2460836.3798611113,2733.579542999604,2330.004036783691,4060.1834464286285
2460836.3805555557,2549.0580524013094,2757.567696901647,3910.0671951046825
2460836.38125,2343.82343649383,3162.752967181015,3728.108358632301
2460836.3819444445,2119.5368444453893,3542.265242368803,3515.780035988292
2460836.382638889,1878.0149230708923,3893.015836740567,3274.8030256827406
2460836.3833333333,1621.2155284233681,4212.14750526581,3007.132518333012
2460836.3840277777,1351.2221788806128,4497.0583220757435,2714.942783516388
2460836.384722222,1070.2273425049802,4745.423671532695,2400.6099211808214
2460836.3854166665,780.5146725277382,4955.216107316082,2066.6927759329715
2460836.386111111,484.4403224989149,5124.722844267061,1715.9121380085078
2460836.386805556,184.41349915682383,5252.560656337605,1351.1283913930015
2460836.3875,-117.12357370777939,5337.68797958682,975.3177949169889
2460836.3881944446,-417.71608354329334,5379.414045261556,591.5476183175952
2460836.388888889,-714.9172440383253,5377.404908105042,202.95037473447636
2460836.3895833334,-1006.3088813749097,5331.686275485153,-187.30258758717343
2460836.390277778,-1289.5217663244857,5242.643090529424,-576.0278488436708
2460836.390972222,-1562.2554766121152,5111.01587308751,-960.056753277691
2460836.3916666666,-1822.2975779838582,4937.893870278384,-1336.2620288334729
2460836.392361111,-2067.5419217135045,4724.705119563421,-1701.583904117329
2460836.3930555554,-2296.0058820248705,4473.203568030227,-2053.055460738375
2460836.39375,-2505.8463699580634,4185.453435784376,-2387.8269665198
2460836.394444444,-2695.3744930565135,3863.8110376871477,-2703.188972119263
2460836.395138889,-2863.068750363943,3510.9043069487598,-2996.5939734527847
2460836.3958333335,-3007.586681951986,3129.610278276308,-3265.6764780269004
2460836.396527778,-3127.7749185655503,2723.0307924876747,-3508.2713468913194
2460836.3972222223,-3222.677597058627,2294.466693399888,-3722.4303085078095
2460836.3979166667,-3291.543133375887,1847.390766533956,-3906.436579760323
2460836.398611111,-3333.8293564484857,1385.4196723464768,-4058.8175443312657
2460836.3993055555,-3349.207023663771,912.2850917796754,-4178.355469112067
2460836.4,-3337.561743598077,431.8043040207169,-4264.096245942083
2460836.4006944443,-3298.994339322442,-52.14962430661681,-4315.3561648193545
2460836.4013888887,-3233.8196847473287,-535.6778606360808,-4331.726724125445
2460836.402083333,-3142.5640465414967,-1014.885880331842,-4313.07748762791
2460836.402777778,-3025.9609591535946,-1485.9134521497676,-4259.556995035584
2460836.4034722224,-2884.945658817471,-1944.9643830769776,-4171.59172809403
2460836.404166667,-2720.648096303386,-2388.335886990129,-4049.8831294366187
2460836.404861111,-2534.3845485756333,-2812.447421602842,-3895.402667505447
2460836.4055555556,-2327.647847901164,-3213.8688363029914,-3709.3849382315475
2460836.40625,-2102.096250304622,-3589.347656366093,-3493.3187949986113
2460836.4069444444,-1859.540974887239,-3935.835308386131,-3248.93650686036
2460836.407638889,-1601.932451433961,-4250.512084254739,-2978.200951519151
2460836.408333333,-1331.3453340342176,-4530.810615514616,-2683.2908712154895
2460836.4090277776,-1049.9623490324109,-4774.437628722266,-2366.5842338069388
2460836.409722222,-760.057075193944,-4979.393734528417,-2030.6397766647503
2460836.410416667,-463.9757651734733,-5143.991015227507,-1678.1768285456562
2460836.4111111113,-164.11834965200057,-5266.868172861393,-1312.0535464348145
2460836.4118055557,137.08121726364658,-5347.00302161478,-935.2437313937762
2460836.4125,437.17509354190025,-5383.722131255342,-550.8124173021439
2460836.4131944445,733.7219658144592,-5376.707458685222,-161.89046113695522
2460836.413888889,1024.3075408560994,-5325.999845338695,228.35162001525987
2460836.4145833333,1306.5648897281862,-5231.999301297893,616.7302903760337
2460836.4152777777,1578.194427299792,-5095.462046125944,1000.0758368674499
2460836.415972222,1836.983310085033,-4917.494324529412,1375.259122359654
2460836.4166666665,2080.8240403035097,-4699.543067868121,1739.2179580258178
2460836.417361111,2307.7320858566004,-4443.3835168640235,2088.982821057938
2460836.418055556,2515.862340221385,-4151.103964415673,2421.7016533221313
2460836.41875,2703.5242672341546,-3825.087818275905,2734.6634951195338
2460836.4194444446,2869.1956063150237,-3467.9932066510687,3025.3207430582643
2460836.420138889,3011.5345333306004,-3082.7303798207454,3291.3098403605195
2460836.4208333334,3129.390204619192,-2672.4371631851327,3530.4702497267617
2460836.421527778,3221.811628184051,-2240.4527419146903,3740.8615755269425
2460836.422222222,3288.0548386691066,-1790.2900274530418,3920.7787512970194
2460836.4229166666,3327.5883610746196,-1325.60687945245,4068.765215100503
2460836.423611111,3340.096971323338,-850.1764163493915,4183.624034483906
2460836.4243055554,3325.4837681460735,-367.8566563178068,4264.426949782728
2460836.425,3283.870580742012,117.44030887487453,4310.5213260825
2460836.425694444,3215.5967393897304,601.7793953160937,4321.5350059717375
2460836.426388889,3121.2162382067295,1081.2336862355787,4297.379064992386
2460836.4270833335,3001.493318678947,1551.9154861458162,4238.248469653834
2460836.427777778,2857.396501429923,2010.0070974946545,4144.620638330835
2460836.4284722223,2690.091094468842,2451.791140839243,4017.2519047267497
2460836.4291666667,2500.9302051044806,2873.680241838126,3857.1718824652835
2460836.429861111,2291.4442879388994,3272.2458910048667,3665.675732534068
2460836.4305555555,2063.3292666326915,3644.2462743927626,3444.314340673769
2460836.43125,1818.4332782916733,3986.6528572068696,3194.882423318155
2460836.4319444443,1558.7420992750278,4296.675495174949,2919.404592634206
2460836.4326388887,1286.3633340602053,4571.785829090466,2620.119437563779
2460836.433333333,1003.5094600165911,4809.73872456392,2299.461694335457
2460836.434027778,712.4798481095366,5008.591510171901,1960.0426140778302
2460836.4347222224,415.6419013275902,5166.720778156826,1604.628666213008
2460836.435416667,115.41146651585274,5282.836532286121,1236.118738868364
2460836.436111111,-185.76729409321453,5355.993483272796,857.5200407593231
2460836.4368055556,-485.4423768809299,5385.599330613908,471.9229278368704
2460836.4375,-781.174545665904,5371.419905413197,82.47490587191939
2460836.4381944444,-1070.5578555692255,5313.581093601465,-307.6459190858468
2460836.438888889,-1351.239873028422,5212.567507249207,-695.257661949672
2460836.439583333,-1620.9413723032296,5069.2179215242,-1077.2014600562777
2460836.4402777776,-1877.4753017488106,4884.717544099984,-1450.367970165594
2460836.440972222,-2118.764823815867,4660.5872320973585,-1811.723280286287
2460836.441666667,-2342.86025350339,4398.669815241218,-2158.3339735376353
2460836.4423611113,-2547.954745136403,4101.113717579694,-2487.391106957633
2460836.4430555557,-2732.398596132374,3770.3541064870365,-2796.2328849453984
2460836.44375,-2894.712069993207,3409.0918127708096,-3082.3658476267974
2460836.4444444445,-3033.5966619139804,3020.2702854086374,-3343.4844179588954
2460836.445138889,-3147.9447596894934,2607.0508431838903,-3577.488690035112
2460836.4458333333,-3236.847672386346,2172.786487788353,-3782.5003667328347
2460836.4465277777,-3299.602019959845,1720.994534971577,-3956.8767839684338
2460836.447222222,-3335.7144945306195,1255.3282957363563,-4099.222987283527
2460836.4479166665,-3344.9050121310925,779.5480395137179,-4208.401837606357
2460836.448611111,-3327.1082847591156,297.491432990158,-4283.5421457032535
2460836.449305556,-3282.473844008745,-186.95635324286562,-4324.04483734887
2460836.45,-3211.364548613919,-669.8927119818015,-4329.5871597003015
2460836.4506944446,-3114.3536063982865,-1147.4276770316433,-4300.124935840222
2460836.451388889,-2992.2201369994978,-1615.7138727120955,-4235.892874021665
2460836.4520833334,-2845.9432985962526,-2070.976188144665,-4137.402932021858
2460836.452777778,-2676.6949974588642,-2509.5410346819103,-4005.440732093352
2460836.453472222,-2485.8311993795405,-2927.865029958015,-3841.060019075291
2460836.4541666666,-2274.8818614680595,-3322.5629465479933,-3645.575152281683
2460836.454861111,-2045.5395072043932,-3690.434745548816,-3420.5516240466595
2460836.4555555554,-1799.646477619563,-4028.4914956138664,-3167.7946070817648
2460836.45625,-1539.1809017636322,-4333.97996576377,-2889.3355441920335
2460836.456944444,-1266.241442565752,-4604.405667499468,-2587.4168087155663
2460836.457638889,-983.0308995561228,-4837.554102850967,-2264.4744938910007
2460836.4583333335,-691.8387637600787,-5031.509980225135,-1923.1194089713272
2460836.459027778,-395.0228453104756,-5184.674156752949,-1566.1163925850408
2460836.4597222223,-94.99011966498388,-5295.7780751592845,-1196.3620890146663
2460836.4604166667,205.82304515939242,-5363.895485246013,-816.86135914671
2460836.461111111,504.97109550500943,-5388.451263488687,-430.7025317105964
2460836.4618055555,800.0197301190165,-5369.22717899861,-41.031731004686705
2460836.4625,1088.566360541663,-5306.36449576101,348.9734670262746
2460836.4631944443,1368.260371862877,-5200.363345246211,736.1307725661125
2460836.4638888887,1636.8229639074216,-5052.078854034052,1117.2800283224751
2460836.464583333,1892.0663596125548,-4862.7140596099935,1489.3098782664456
2460836.465277778,2131.9121733833836,-4633.809698201562,1849.183969916285
2460836.4659722224,2354.4087515913084,-4367.230993607905,2193.9664173186657
2460836.466666667,2557.7473144649166,-4065.1516193569632,2520.846265139491
2460836.467361111,2740.276754845511,-3730.0350388409397,2827.1607217159603
2460836.4680555556,2900.5169711558933,-3364.6134596412794,3110.416950934045
2460836.46875,3037.170641360176,-2971.8646534464547,3368.3122481384344
2460836.4694444444,3149.1333680702373,-2554.986906175026,3598.752453288369
2460836.470138889,3235.5021484631925,-2117.372370138719,3799.868484166549
2460836.470833333,3295.5821468143854,-1662.579077933381,3970.030906884537
2460836.4715277776,3328.8917624961437,-1194.301873830769,4107.862481942259
2460836.472222222,3335.1660009932016,-716.342505529026,4212.248646442498
2460836.472916667,3314.358166155069,-232.5791024886983,4282.34591083439
2460836.4736111113,3266.6398979406563,253.06475280767378,4317.588160764437
2460836.4743055557,3192.3995826989776,736.6511625782273,4317.69086006687
2460836.475,3092.2391645934235,1214.2590757249304,4282.653155620151
2460836.4756944445,2966.9693854246784,1682.0153002774844,4212.757885042699
2460836.476388889,2817.603480175892,2136.125188303284,4108.569487187229
2460836.4770833333,2645.349353521702,2572.902821388268,3970.929813633909
2460836.4777777777,2451.600268064496,2988.800504497816,3800.951842346997
2460836.478472222,2237.9240740037176,3380.4373824642057,3600.011294530887
2460836.4791666665,2006.0510217481942,3744.6269659809136,3369.7361658123373
2460836.479861111,1757.8602069829308,4078.403348994737,3111.9941926480687
2460836.480555556,1495.3647152888805,4379.0458816146365,2828.8782947654317
2460836.48125,1220.6955457370882,4644.10206178892,2522.6900509130337
2460836.4819444446,936.0844178146311,4871.408397262961,2195.9212959806214
2460836.482638889,643.8455849804067,5059.108996670519,1851.2339542501204
2460836.4833333334,346.3567989920981,5205.6716587262235,1491.4382530952628
2460836.484027778,46.03959376406483,5309.90124429799,1119.4694969400146
2460836.484722222,-254.66092730658687,5370.950145703057,738.3636069619638
2460836.4854166666,-553.2965997647747,5388.3256996347745,351.2316602568715
2460836.486111111,-847.4367858474658,5361.894430595023,-38.76630958751495
2460836.4868055554,-1134.6888268649102,5291.883058765957,-428.4479817335947
2460836.4875,-1412.7181353742387,5178.876253671441,-814.6355959094711
2460836.488194444,-1679.2677140319868,5023.811166096257,-1194.1826928167363
2460836.488888889,-1932.1768958216383,4827.968818981934,-1564.0004617393347
2460836.4895833335,-2169.3991139566833,4592.962486606253,-1921.0834179032447
2460836.490277778,-2389.0185357548517,4320.723228865973,-2262.534158412102
2460836.4909722223,-2589.2654103693576,4013.482788347329,-2585.5869575214283
2460836.4916666667,-2768.530012878215,3673.754080506051,-2887.629999904161
2460836.492361111,-2925.3750905697325,3304.3095277236303,-3166.2260768251485
2460836.4930555555,-3058.5467416785677,2908.157504389198,-3419.131598823037
2460836.49375,-3166.9836869612936,2488.5171516742575,-3644.313819735398
2460836.4944444443,-3249.824910102805,2048.7918290018674,-3839.966186006363
2460836.4951388887,-3306.4156662560936,1592.5414487664998,-4004.5217602115895
2460836.495833333,-3336.311870529528,1123.4539278182824,-4136.664687217467
2460836.496527778,-3339.282888472344,645.3159771730768,-4235.339687680716
2460836.4972222224,-3315.3127583502373,161.98341956602027,-4299.759580447062
2460836.497916667,-3264.599876150988,-322.64877960735447,-4329.41083799223
2460836.498611111,-3187.555174746947,-804.6766098725395,-4324.057185216144
2460836.4993055556,-3084.7988256612043,-1280.2170881898892,-4283.741248823077
2460836.5,-2957.1554884596603,-1745.438162233321,-4208.784261701592
2460836.5006944444,-2805.6481284607626,-2196.5883029145975,-4099.783821307925
2460836.501388889,-2631.490421234874,-2630.0256375055183,-3957.609696486108
2460836.502083333,-2436.0777609997194,-3042.2464682115537,-3783.3976739138984
2460836.5027777776,-2220.976892976141,-3429.9130052272044,-3578.541436081654
2460836.503472222,-1987.9141928413196,-3789.8801323972034,-3344.682464720808
2460836.504166667,-1738.7626287962498,-4119.220999562162,-3083.6979753634446
2460836.5048611113,-1475.5274527622032,-4415.251224960597,-2797.6869014321715
2460836.5055555557,-1200.3306818287392,-4675.55147842329,-2488.9539634026755
2460836.50625,-915.3944554588786,-4897.988201057693,-2159.991888004981
2460836.5069444445,-623.0233710109718,-5080.732220838256,-1813.461865913791
2460836.507638889,-325.5859233539794,-5222.27502560249,-1452.1723674270468
2460836.5083333333,-25.495199429191306,-5321.442465823749,-1079.0564706978182
2460836.5090277777,274.8110027502892,-5377.4056825569305,-697.1478859173513
2460836.509722222,572.8904409156111,-5389.689083682259,-309.55589061460705
2460836.5104166665,866.3168771185768,-5358.175228303457,80.56058312231994
2460836.511111111,1152.700495139589,-5283.106520746934,470.0194491838642
2460836.511805556,1429.7080615648313,-5165.083663769301,855.6422701898789
2460836.5125,1695.0826187047724,-5005.060868419775,1234.2810850460091
2460836.5131944446,1946.6624901097553,-4804.337869994707,1602.844963946035
2460836.513888889,2182.399401290442,-4564.548846367113,1958.3260126824114
2460836.5145833334,2400.375528996986,-4287.648382553515,2297.82455254231
2460836.515277778,2598.819318277692,-3975.894661525423,2618.5732285165705
2460836.515972222,2776.1199254388166,-3631.8300987557645,2917.9598156297134
2460836.5166666666,2930.8401748610013,-3258.2596588146307,3193.5485279729437
2460836.517361111,3061.72794039726,-2858.2271134371886,3443.0996606684466
2460836.5180555554,3167.7258891444635,-2434.9895073412295,3664.5874292358544
2460836.51875,3247.9795487181027,-1991.9900963782509,3856.215902037908
2460836.519444444,3301.8436773534645,-1532.8300242633957,4016.432945463291
2460836.520138889,3328.8869354753015,-1061.238984763785,4143.942131084157
2460836.5208333335,3328.8948683116846,-581.045109077386,4237.712570274579
2460836.521527778,3301.871219106558,-96.14429703836059,4296.98665935999
2460836.5222222223,3248.0375971973904,389.53080229621054,4321.285727365648
2460836.5229166667,3167.831528446765,872.041965488438,4310.4135847524785
2460836.523611111,3061.902914532597,1347.4765515615513,4264.457974400371
2460836.5243055555,2931.108928591458,1811.9784557789894,4183.789924911732
2460836.525,2776.507372439403,2261.7786918653997,4069.0610062979918
2460836.5256944443,2599.348521191239,2693.2254225815004,3921.198486389023
2460836.5263888887,2401.065484663302,3102.8132488268834,3741.3983889258743
2460836.527083333,2183.2631178192805,3487.2115622461884,3531.1164570714573
2460836.527777778,1947.7055231721627,3843.2917466061785,3292.0570363663155
2460836.5284722224,1696.302198472474,4168.153004345334,3026.1599034407095
2460836.529166667,1431.0928976730233,4459.146573092749,2735.5850842126665
2460836.529861111,1154.2312953815222,4713.898084921926,2422.695732571016
2460836.5305555556,867.9675582972812,4930.327828183457,2090.0391598415654
2460836.53125,574.6299573237542,5106.668666585603,1740.3261442125145
2460836.5319444444,276.60566795064125,5241.481391402525,1376.4086718908616
2460836.532638889,-23.679067505687975,5333.667297816301,1001.2562987238801
2460836.533333333,-323.7792247128173,5382.477807394727,617.931349860547
2460836.5340277776,-621.2515269688166,5387.520995678568,229.5631964686106
2460836.534722222,-913.6750020733556,5348.764924000962,-160.67812384361318
2460836.535416667,-1198.671347227491,5266.537723096356,-549.6086651050078
2460836.5361111113,-1473.9248823188207,5141.524424877378,-934.0574219518027
2460836.5368055557,-1737.201877484113,4974.760589525097,-1310.8929793846867
2460836.5375,-1986.3690553992226,4767.6228226349385,-1677.0496829959063
2460836.5381944445,-2219.411082579065,4521.816323176887,-2029.5530583721893
2460836.538888889,-2434.446886129558,4239.359643487137,-2365.544229263269
2460836.5395833333,-2629.74465826205,3922.5668734138058,-2682.303111705435
2460836.5402777777,-2803.735433781389,3574.0274890265664,-2977.270185539921
2460836.540972222,-2955.0251553701128,3196.5841193805904,-3248.0666808713063
2460836.5416666665,-3082.4051639706145,2793.308498664607,-3492.513043807367
2460836.542361111,-3184.8610790341636,2367.47586518218,-3708.645583104594
2460836.543055556,-3261.5800518106666,1922.5380658948145,-3894.731224354937
2460836.54375,-3311.9563928390917,1462.0956143600322,-4049.2803244582556
2460836.5444444446,-3335.5955893678647,989.8689271273378,-4171.057523116752
2460836.545138889,-3332.3167359770837,509.668953379021,-4259.090620417982
2460836.5458333334,-3302.153408185106,25.36738496720067,-4312.677483785831
2460836.546527778,-3245.3530097653033,-459.1333757821119,-4331.390990914488
2460836.547222222,-3162.3746237157557,-939.9303345583907,-4315.082018430214
2460836.5479166666,-3053.8853933057735,-1413.1499610427707,-4263.880482671043
2460836.548611111,-2920.75545665865,-1874.9780361617022,-4178.194435360002
2460836.5493055554,-2764.051454148597,-2321.689149009808,-4058.7072120849557
2460836.55,-2585.0286250551417,-2749.6756950108415,-3906.3726262364353
2460836.550694444,-2385.1215106045424,-3155.476213669151,-3722.408199294317
2460836.551388889,-2165.9332845900517,-3535.802889597383,-3508.286420876006
2460836.5520833335,-1929.2237346276713,-3887.568032796533,-3265.724033142433
2460836.552777778,-1676.8959347964653,-4207.9093222407,-2996.669351546783
2460836.5534722223,-1410.9816564235412,-4494.213596996074,-2703.2876423105777
2460836.5541666667,-1133.6255871443593,-4744.138955583313,-2387.9446036142467
2460836.554861111,-847.0684452958296,-4955.6349228104355,-2053.188019863216
2460836.5555555555,-553.6291003024031,-5126.960440329088,-1701.727689091702
2460836.55625,-255.68583018250723,-5256.699445650606,-1336.4137522285018
2460836.5569444443,44.34312591202953,-5343.773816470414,-960.2135903504334
2460836.5576388887,344.01954774843983,-5387.453484175411,-576.1874800499698
2460836.558333333,640.9055499866365,-5387.3635480838975,-187.4632338742951
2460836.559027778,932.5840292320274,-5343.488262489311,202.7899290699228
2460836.5597222224,1216.6790224316494,-5256.171811516568,591.3880098460761
2460836.560416667,1490.8757604173438,-5126.1158347540095,975.1590769393421
2460836.561111111,1752.9401941001258,-4954.373717587149,1350.9700393285552
2460836.5618055556,2000.7377879992698,-4742.341707716179,1715.7530640197986
2460836.5625,2232.251379357483,-4491.7469711399945,2066.5313512726134
2460836.5631944444,2445.5979280072424,-4204.632740299125,2400.444008189006
2460836.563888889,2639.0439983830474,-3883.3407472985505,2714.76977460367
2460836.564583333,2811.019840330302,-3530.4911670980373,3006.949381950595
2460836.5652777776,2960.131963129907,-3148.9603156073454,3274.606358189171
2460836.565972222,3085.174121392528,-2741.8563630953367,3515.566120709188
2460836.566666667,3185.136655528088,-2312.493332415973,3727.8732291282463
2460836.5673611113,3259.214153789287,-1864.3636458885403,3909.8067031762153
2460836.5680555557,3306.8114204915296,-1401.109481125635,4059.8933350808393
2460836.56875,3327.547751431657,-926.4931809286408,4176.918950800052
2460836.5694444445,3321.259528587756,-444.3669524221041,4259.937591300774
2460836.570138889,3288.001154768188,41.357933141227875,4308.278601207849
2460836.5708333333,3228.04435263178,526.7422347237164,4321.551618452888
2460836.5715277777,3141.875854779644,1007.849944265699,4299.649465245902
2460836.572222222,3030.1935109839833,1480.779419001926,4242.748941027386
2460836.5729166665,2893.900837724446,1941.6942682274553,4151.309517356191
2460836.573611111,2734.1000365056634,2386.8538138828635,4026.069935079723
2460836.574305556,2552.0835041238574,2812.642953402586,3868.0427013016842
2460836.575,2349.3238659404556,3215.601225085478,3678.506488568354
2460836.5756944446,2127.462566094838,3592.450877324725,3458.996442740217
2460836.576388889,1888.2970586063598,3940.1237253421823,3211.2924160493417
2460836.5770833334,1633.7666570157178,4255.786565228731,2937.405157581139
2460836.577777778,1365.9371162372925,4536.864905985201,2639.5605132066094
2460836.578472222,1086.9840368991122,4781.064776519539,2320.1817085680264
2460836.5791666666,799.1752104471102,4986.392357368194,1981.8698245099138
2460836.579861111,504.85203274314483,5151.171206495066,1627.3825907994758
2460836.5805555554,206.41014998126897,5274.056849415722,1259.6116715586543
2460836.58125,-93.72048904286676,5354.048537642351,881.5586355829297
2460836.581944444,-393.0959815905683,5390.49800680155,496.3098341467193
2460836.582638889,-689.2790079761729,5383.115102528902,107.01044153756936
2460836.5833333335,-979.8593435688555,5331.970189309707,-283.16207693102155
2460836.584027778,-1262.4741251168466,5237.493302514447,-671.0247868829531
2460836.5847222223,-1534.8276500264892,5100.470055567981,-1053.4161038711181
2460836.5854166667,-1794.710501410998,4922.034363477955,-1427.2223258062324
2460836.586111111,-2040.0178007133031,4703.658091679964,-1789.4035979657313
2460836.5868055555,-2268.7664089376326,4447.1377832600365,-2137.0190464167767
2460836.5875,-2479.11091917042,4154.57865630451,-2467.2508364904925
2460836.5881944443,-2669.3583100297483,3828.3760910125297,-2777.4269427377913
2460836.5888888887,-2837.981151477159,3471.1948540975504,-3065.0424399075555
2460836.589583333,-2983.6292855506895,3085.9463166862174,-3327.779163549672
2460836.590277778,-3105.1399262843684,2675.7639326054923,-3563.5236153562246
2460836.5909722224,-3201.5461482647925,2243.9772392008404,-3770.383022520227
2460836.591666667,-3272.083752604728,1794.0846343838546,-3946.699487677532
2460836.592361111,-3316.1965147565525,1329.7251733960074,-4091.0621889215795
2460836.5930555556,-3333.539832100525,854.6496063799722,-4202.317611758371
2460836.59375,-3323.982796136094,372.6908608519026,-4279.577807538962
2460836.5944444444,-3287.6087185294077,-112.26584171218181,-4322.226681798832
2460836.595138889,-3224.7141413895915,-596.3130707125416,-4329.924322172362
2460836.595833333,-3135.8063597026044,-1075.55131591255,-4302.609373768608
2460836.5965277776,-3021.599481360706,-1546.1190128126957,-4240.499467959959
2460836.597222222,-2883.0090454252827,-2004.2223245257708,-4144.08970573964
2460836.597916667,-2721.145216545162,-2446.164532793317,-4014.1491914901585
2460836.5986111113,-2537.3045719541815,-2868.374885220011,-3851.7156098013115
2460836.5993055557,-2332.9604967289606,-3267.436737319203,-3658.0878353366375
2460836.6,-2109.7522093141165,-3640.1148063361493,-3434.8165701024777
2460836.6006944445,-1869.4724439978504,-3983.381344247141,-3183.693007082411
2460836.601388889,-1614.0538317143096,-4294.441013712026,-2906.7355344548
2460836.6020833333,-1345.5540318494866,-4570.754242755175,-2606.1745084572035
2460836.6027777777,-1066.1396899238598,-4810.058816930791,-2284.435149371288
2460836.603472222,-778.0693127504802,-5010.389467708883,-1944.1186374985396
2460836.6041666665,-483.67517817509014,-5170.095213016642,-1587.981519213699
2460836.604861111,-185.34441919225836,-5287.854216599352,-1218.9135650645608
2460836.605555556,114.50055885082858,-5362.6859519495,-839.9142502016415
2460836.60625,413.422145656178,-5393.96047963833,-454.0680624226745
2460836.6069444446,708.9878803440521,-5381.404681782533,-64.5188693996699
2460836.607638889,998.7908821684339,-5325.105337405391,325.5563992438051
2460836.6083333334,1280.4701403088534,-5225.508967649405,712.9744825509621
2460836.609027778,1551.73044234271,-5083.418428285171,1094.5726461715258
2460836.609722222,1810.3617239256528,-4899.986278217267,1467.235376681201
2460836.6104166666,2054.2576345384873,-4676.70500116662,1827.9206283671394
2460836.611111111,2281.4331268960973,-4415.394204265341,2173.6853464619335
2460836.6118055554,2490.040895411675,-4118.184961508625,2501.7100056257723
2460836.6125,2678.3865148392124,-3787.501503337047,2809.3219297558503
2460836.613194444,2844.942152227634,-3426.040484834695,3094.0171820553683
2460836.613888889,2988.3587537319645,-3036.748081683478,3353.480848371381
2460836.6145833335,3107.4766303732335,-2622.7951800702162,3585.6055633195515
2460836.615277778,3201.334393865094,-2187.5509247332457,3788.5081647704214
2460836.6159722223,3269.176212141094,-1734.5548945168434,3960.544386022056
2460836.6166666667,3310.4573757396333,-1267.488154155645,4100.321527501613
2460836.617361111,3324.8481771908137,-790.14343081877,4206.709064804748
2460836.6180555555,3312.2361185689088,-306.39463946142695,4278.847171904477
2460836.61875,3272.7264680986345,179.83403141349618,4316.153148468974
2460836.6194444443,3206.641190222027,664.599278256286,4318.325747977943
2460836.6201388887,3114.516275212859,1143.9698962521372,4285.347406664682
2460836.620833333,2997.097493152043,1614.0578763628841,4217.4843745731505
2460836.621527778,2855.33459719779,2071.0492059055887,4115.284748509082
2460836.6222222224,2690.3739997961234,2511.234198969995,3979.5744058166433
2460836.622916667,2503.549947962548,2931.0371702641905,3811.4508386509547
2460836.623611111,2296.3742268239807,3327.045259346473,3612.274891169723
2460836.6243055556,2070.524427489173,3696.0361983491503,3383.660408673738
2460836.625,1827.8308270134014,4035.004800678999,3127.4618205150578
2460836.6256944444,1570.2619412087308,4341.187938609148,2845.7596943054696
2460836.626388889,1299.908827531504,4612.087768572543,2540.8443194350466
2460836.627083333,1018.9682362830318,4845.492956652202,2215.197404798049
2460836.6277777776,729.7247297338862,5039.497659723209,1871.472004642465
2460836.628472222,434.5319091126928,5192.518028564819,1512.4708153670433
2460836.629166667,135.79291290470795,5303.306014799536,1141.1230198616965
2460836.6298611113,-164.05963201796322,5370.960290648913,760.4598845435985
2460836.6305555557,-462.58400739170065,5394.93412322447,373.5893429521291
2460836.63125,-757.3499383770693,5375.040085525713,-16.330178413854924
2460836.6319444445,-1045.9590466924772,5311.4515313298125,-406.1164164294969
2460836.632638889,-1326.0650036641573,5204.700809831539,-792.5901270911316
2460836.6333333333,-1595.393163670799,5055.674246653829,-1172.6018474034665
2460836.6340277777,-1851.759473722159,4865.603966656272,-1543.0582812456767
2460836.634722222,-2093.0884648212505,4636.056681787496,-1900.948031229374
2460836.6354166665,-2317.4301534530646,4368.919608211836,-2243.366420602888
2460836.636111111,-2522.9757020519164,4066.3837140151213,-2567.5391691139625
2460836.636805556,-2708.071713599197,3730.9245268952736,-2870.8447158347612
2460836.6375,-2871.233061523944,3365.280751789273,-3150.8350121575036
2460836.6381944446,-3011.1541831116174,2972.430957774245,-3405.254641855536
2460836.638888889,-3126.718786487832,2555.5686033708253,-3632.0581521571803
2460836.6395833334,-3217.0079477731606,2118.0756560605937,-3829.4255172483067
2460836.640277778,-3281.306589773357,1663.4950610945616,-3995.7756755887594
2460836.640972222,-3319.1083514241373,1195.5022931612484,-4129.778110212056
2460836.6416666666,-3330.118866944839,717.8762095328747,-4230.362457160518
2460836.642361111,-3314.257480762142,234.46940122838433,-4296.72614092117
2460836.6430555554,-3271.6574271574345,-250.82177349463566,-4328.340042009895
2460836.64375,-3202.6645036270716,-734.0873152915063,-4324.952206736807
2460836.644444444,-3107.8342649255605,-1211.4337100822909,-4286.589606222712
2460836.645138889,-2987.927760447339,-1679.0139173597847,-4213.557949700205
2460836.6458333335,-2843.90583504601,-2133.0570714298156,-4106.439551573213
2460836.646527778,-2676.9220082092047,-2569.8977549845795,-3966.089246175241
2460836.6472222223,-2488.313948062661,-2986.0046833093356,-3793.628342230176
2460836.6479166667,-2279.5935571800105,-3378.0086319569596,-3590.436608661757
2460836.648611111,-2052.4356902298914,-3742.7294266253466,-3358.1422850073645
2460836.6493055555,-1808.665535643475,-4077.2017891395535,-3098.6101214596974
2460836.65,-1550.2447048241065,-4378.699822113558,-2813.927466842474
2460836.6506944443,-1279.2560849356967,-4644.7599045029365,-2506.38843787158
2460836.6513888887,-997.8875365635298,-4873.201752053526,-2178.4762334194193
2460836.652083333,-708.4145345281352,-5062.1474003415415,-1832.8436808427557
2460836.652777778,-413.1818739441955,-5210.037869411631,-1472.2921331816055
2460836.6534722224,-114.58458514982333,-5315.64728103079,-1099.7488665268781
2460836.654166667,184.9517720634526,-5378.094217424849,-718.2431651167122
2460836.654861111,482.99125369860695,-5396.850142924863,-330.8813015091081
2460836.6555555556,777.1079109868706,-5371.744741433704,59.17934394286849
2460836.65625,1064.9061937893632,-5302.968066840316,448.75676599937833
2460836.6569444444,1344.0411558310132,-5191.069449534871,834.6711379152712
2460836.657638889,1612.238245754465,-5036.953151316396,1213.7716527355708
2460836.658333333,1867.3124665083315,-4841.870812314425,1582.9631088214292
2460836.6590277776,2107.1867026634814,-4607.410780853698,1939.2319597040696
2460836.659722222,2329.9090263710555,-4335.484464686048,2279.6715541650733
2460836.660416667,2533.668816316726,-4028.309880468939,2601.5063162761503
2460836.6611111113,2716.8115439608546,-3688.392615700112,2902.1146343106625
2460836.6618055557,2877.85211129158,-3318.504437197293,3179.0502629457824
2460836.6625,3015.486644440005,-2921.6598057227343,3430.0620650091096
2460836.6631944445,3128.602677507319,-2501.0905582923615,3653.111958147932
2460836.663888889,3216.287680156856,-2060.219030904745,3846.390955336757
2460836.6645833333,3277.8359077669284,-1602.629874891281,4008.333225167585
2460836.6652777777,3312.753564500174,-1132.0408291739434,4137.628111961268
2460836.665972222,3320.762287933842,-652.272675805515,4233.230086423411
2460836.6666666665,3301.8009696823433,-167.2186112352629,4294.366604703384
2460836.667361111,3256.0259343349385,319.1867716935866,4320.543870962377
2460836.668055556,3183.8095008014807,802.9986863513807,4311.550499274005
2460836.66875,3085.7369507193334,1280.2933681367856,4267.459077222842
2460836.6694444446,2962.601928695015,1747.1991186425576,4188.625631136251
2460836.670138889,2815.4002968575874,2199.9270098819093,4075.6869925373367
2460836.6708333334,2645.3224688717587,2634.8010626244622,3929.5560655322083
2460836.671527778,2453.744246503717,3048.287720416268,3751.4149933354824
2460836.672222222,2242.2161931278865,3437.024409609264,3542.706231425177
2460836.6729166666,2012.4515778188088,3797.8469859318634,3305.121535837506
2460836.673611111,1766.3129444950014,4127.815831964834,3040.5888963797343
2460836.6743055554,1505.7973676486283,4424.24037594584,2751.2574553683385
2460836.675,1233.0204798363297,4684.7017832820575,2439.4804806695324
2460836.675694444,950.1993731451768,4907.073575689477,2107.7964853053886
2460836.676388889,659.6344991234231,5089.539935203632,1758.9086159185174
2460836.6770833335,363.69071590169904,5230.611460875583,1395.6624662731524
2460836.677777778,64.77764883980211,5329.138169050585,1021.022499200664
2460836.6784722223,-234.6704482163327,5384.319554004085,638.0472920435301
2460836.6791666667,-532.2151267445851,5395.711561619711,249.8638493317028
2460836.679861111,-825.4342627044424,5363.230371887383,-140.358759242824
2460836.6805555555,-1111.9424378083395,5287.152930654573,-529.4361521958107
2460836.68125,-1389.4109644854755,5168.114222516295,-914.1954951450585
2460836.6819444443,-1655.587341881044,5007.101325128906,-1291.502178512794
2460836.6826388887,-1908.3139359294669,4805.444336360735,-1658.2860258125288
2460836.683333333,-2145.5456998951204,4564.804308712905,-2011.5667671423228
2460836.684027778,-2365.3667657124793,4287.158368544874,-2348.4785229751246
2460836.6847222224,-2566.0057637136556,3974.782230161344,-2666.2930730532107
2460836.685416667,-2745.849753666839,3630.2303395143745,-2962.441713849423
2460836.686111111,-2903.456673843533,3256.3139036152697,-3234.5355353707746
2460836.6868055556,-3037.5662434582036,2856.077067648113,-3480.3839846327346
2460836.6875,-3147.1092765004196,2432.771504147625,-3698.011612637956
2460836.6881944444,-3231.2153864797406,1989.8296720542007,-3885.6729314246854
2460836.688888889,-3289.2190789506717,1530.8369942014936,-4041.865332582556
2460836.689583333,-3320.664243769855,1059.5031799148546,-4165.340042770718
2460836.6902777776,-3325.3070671046917,579.6329090763318,-4255.1111046461265
2460836.690972222,-3303.117390309129,95.09606516187985,-4310.462386322991
2460836.691666667,-3254.278543754568,-390.2023033129155,-4330.952625405042
2460836.6923611113,-3179.1856837940477,-872.3521345786044,-4316.418517462264
2460836.6930555557,-3078.442657628524,-1347.46847028125,-4266.975855990619
2460836.69375,-2952.8574169601416,-1811.7213930125863,-4183.018726320434
2460836.6944444445,-2803.4359990544344,-2261.3656368403776,-4065.216752030662
2460836.695138889,-2631.375088410681,-2692.7697289980038,-3914.5103861212237
2460836.6958333333,-2438.053176054098,-3102.4444944389606,-3732.104239456329
2460836.6965277777,-2225.0203308452033,-3487.0707579590953,-3519.458436102436
2460836.697222222,-1993.9866095739712,-3843.526045174017,-3278.277995791275
2460836.6979166665,-1746.8091358816373,-4168.910082470966,-3010.500248198141
2460836.698611111,-1485.477894999512,-4460.568870449534,-2718.280301971514
2460836.699305556,-1212.1003117741122,-4716.11709117183,-2403.974616376934
2460836.7,-928.884689637715,-4933.458613451843,-2070.1227379521392
2460836.7006944446,-638.1226215179676,-5110.804844655896,-1719.4273059519655
2460836.701388889,-342.1704968971946,-5246.690694545121,-1354.732450884755
2460836.7020833334,-43.430259552149565,-5339.987923791725,-979.0007514991478
2460836.702777778,255.67041472843417,-5389.915677222137,-595.28893958375
2460836.703472222,552.6983278873191,-5396.048029273488,-206.7225769619076
2460836.7041666666,845.2351528056894,-5358.318408556485,183.53004941694283
2460836.704861111,1130.8977935939276,-5277.0208114037605,572.2845450054342
2460836.7055555554,1407.3584959689153,-5152.807761509864,956.3672597473109
2460836.70625,1672.364483944957,-4986.6850247788025,1332.6420788897592
2460836.706944444,1923.7569180986573,-4780.003135161267,1698.0368734874733
2460836.707638889,2159.488970635601,-4534.4458392141705,2049.5693223803955
2460836.7083333335,2377.6428378707824,-4252.015609091971,2384.3718431577504
2460836.709027778,2576.4455293558062,-3935.016412116491,2699.715387121178
2460836.7097222223,2754.283295413093,-3586.033958926563,2993.0318766954
2460836.7104166667,2909.7145830747518,-3207.9136722457483,3261.935097204156
2460836.711111111,3041.4814330620093,-2803.7366380857575,3504.2398812358547
2460836.7118055555,3148.5192583675807,-2376.7938013257794,3717.979460670169
2460836.7125,3229.9649631271036,-1930.5586786229824,3901.420883698294
2460836.7131944443,3285.163385014125,-1468.6588418411095,4053.078430276677
2460836.7138888887,3313.672056769132,-994.8464214481625,4171.724976869245
2460836.714583333,3315.2642955981314,-512.967863789893,4256.401281725097
2460836.715277778,3289.930637724313,-26.933158790243972,4306.423176512808
2460836.7159722224,3237.8786398984894,459.3152607036999,4321.386658914
2460836.716666667,3159.5310717012644,941.8337578884359,4301.170885388984
2460836.717361111,3055.522522249063,1416.7086913324006,4245.939064983539
2460836.7180555556,2926.6944452790426,1880.0873943375632,4156.137254877444
2460836.71875,2774.0886639972477,2328.2087651121815,4032.4910566050057
2460836.7194444444,2598.939359710507,2757.4332811229738,3876.000212135038
2460836.720138889,2402.6635700276042,3164.2722490247656,3687.931100871982
2460836.720833333,2186.850228495136,3545.416087009059,3469.8071441887164
2460836.7215277776,1953.2477857257113,3897.761424477921,3223.397133067029
2460836.722222222,1703.750466154054,4218.436787851384,2950.701510535363
2460836.722916667,1440.3832300922043,4504.826632646825,2653.936660025225
2460836.7236111113,1165.2855272649813,4754.593477740128,2335.51727223561
2460836.7243055557,880.6939528144895,4965.697891902716,1998.0368951490289
2460836.725,588.9239371952515,5136.416092901263,1644.246800745426
2460836.7256944445,292.35061857262514,5265.354935893525,1277.0333275164269
2460836.726388889,-6.610922550381914,5351.464083186067,899.3939013038779
2460836.7270833333,-305.52588004905954,5394.045186221569,514.411952230825
2460836.7277777777,-601.960182272395,5392.757942853922,125.23097894107339
2460836.728472222,-893.500979592557,5347.622938592691,-264.9719707629013
2460836.7291666665,-1177.7769408070194,5259.021227928186,-653.0131225151672
2460836.729861111,-1452.4781376485748,5127.690661919441,-1035.7288097162802
2460836.730555556,-1715.3753079822527,4954.719017797509,-1410.0020346132942
2460836.73125,-1964.3382965977448,4741.534035156536,-1772.7884736832966
2460836.7319444446,-2197.353491941246,4489.890507772653,-2121.141662625711
2460836.732638889,-2412.540098730763,4201.854618035923,-2452.2371178802673
2460836.7333333334,-2608.165110632967,3879.785731392939,-2763.395177938526
2460836.734027778,-2782.6568700305484,3526.315896160616,-3052.1023727561583
2460836.734722222,-2934.6171326887884,3144.3273040254176,-3316.031168170087
2460836.7354166666,-3062.8315778544875,2736.927974768456,-3553.0579607476234
2460836.736111111,-3166.2787267876956,2307.4259312307017,-3761.279227818979
2460836.7368055554,-3244.1372558556714,1859.3021148933983,-3939.0257708390914
2460836.7375,-3295.7917034593074,1396.1822903632483,-4084.8750083325413
2460836.738194444,-3320.8365863631257,921.8081547313421,-4197.661302032995
2460836.738888889,-3319.0789458472445,440.00786705794116,-4276.484306776538
2460836.7395833335,-3290.5393515795267,-45.33382265701131,-4320.715350907459
2460836.740277778,-3235.45139045156,-530.3056709959482,-4330.001854160288
2460836.7409722223,-3154.259666798577,-1011.0001108421446,-4304.269792220871
2460836.7416666667,-3047.616337283794,-1483.5433444012365,-4243.724213796552
2460836.742361111,-2916.3761996565004,-1944.1252176370108,-4148.847811612969
2460836.7430555555,-2761.590351295259,-2389.0287303070945,-4020.3975434938548
2460836.74375,-2584.4984315865295,-2814.659029184227,-3859.3992959127363
2460836.7444444443,-2386.519462300548,-3217.5717212005193,-3667.140580640516
2460836.7451388887,-2169.2413041678237,-3594.500326786243,-3445.161257722811
2460836.745833333,-1934.4087547207414,-3942.3826779365418,-3195.2422846392296
2460836.746527778,-1683.9103240801194,-4258.386047660401,-2919.3925041350462
2460836.7472222224,-1419.7637373805587,-4539.93078587398,-2619.833497550521
2460836.747916667,-1144.1002355810256,-4784.712218298837,-2298.982558129665
2460836.748611111,-859.1477618762545,-4990.720566665822,-1959.4338598684913
2460836.7493055556,-567.2131457577424,-5156.258644919727,-1603.9379297877178
2460836.75,-270.6634208415318,-5279.957094866171,-1235.3795647346453
2460836.7506944444,28.093569411807888,-5360.786944056063,-856.7543607122811
2460836.751388889,326.6290967386768,-5398.069290035874,-471.14406183180455
2460836.752083333,622.5138122565453,-5391.481951762746,-81.69095536092578
2460836.7527777776,913.3381393341232,-5341.062965987298,308.4284300908063
2460836.753472222,1196.7325787285565,-5247.210852875704,696.0300508775713
2460836.754166667,1470.387707121989,-5110.681622962333,1077.9492157209565
2460836.7548611113,1732.073649031557,-4932.582549458416,1451.0673006816767
2460836.7555555557,1979.6588186762995,-4714.362776301263,1812.3380320900171
2460836.75625,2211.12773080083,-4457.800885138128,2158.8130519914757
2460836.7569444445,2424.5977103141204,-4164.989579752071,2487.666514944992
2460836.757638889,2618.3343413183065,-3838.3176910377383,2796.218471356421
2460836.7583333333,2790.76552900603,-3480.4497276616203,3081.9568318296583
2460836.7590277777,2940.4940679253896,-3094.303224324484,3342.5577287346246
2460836.759722222,3066.3086391274796,-2683.0241470091446,3575.9041281574864
2460836.7604166665,3167.193179778891,-2249.9606247403813,3780.10257161556
2460836.761111111,3242.3345925310346,-1798.63527220145,3953.4979593580792
2460836.761805556,3291.1287804399317,-1332.7163557611157,4094.6863138179165
2460836.7625,3313.1850062625217,-855.9880498889112,4202.525480361291
2460836.7631944446,3308.3285875087568,-372.3200102223983,4276.143742859544
2460836.763888889,3276.601945242057,114.36352305948772,4314.946342708469
2460836.7645833334,3218.2640282133034,600.1148990282171,4318.6198982970445
2460836.765277778,3133.788135784111,1080.9943126207224,4287.13472406015
2460836.765972222,3023.8581624219873,1553.100973468371,4220.74505112184
2460836.7666666666,2889.363285552883,2012.6040091079512,4119.987148775346
2460836.767361111,2731.3911193207605,2455.772922857768,3985.675346472035
2460836.7680555554,2551.2193566083292,2879.007425831548,3818.8959554117428
2460836.76875,2350.3059254252867,3278.8664485296845,3620.999091375933
2460836.769444444,2130.2776946548124,3652.096120909605,3393.588409511489
2460836.770138889,1892.917770793978,3995.656504673979,3138.5087699403975
2460836.7708333335,1640.1514435182207,4306.746841957064,2857.8318715623855
2460836.771527778,1374.0308545720836,4582.829077099766,2553.83991259187
2460836.7722222223,1096.7184816605022,4821.649405896735,2229.007359082385
2460836.7729166667,810.4695558066885,5021.25760233104,1885.9809375819193
2460836.773611111,517.6135437461828,5180.023890632929,1527.5579885253094
2460836.7743055555,220.53485981236173,5296.653137054248,1156.6633613356864
2460836.775,-78.3470180712744,5370.1961696764765,776.3250510695674
2460836.7756944443,-376.5978308419088,5400.05806228815,389.64881075825764
2460836.7763888887,-671.7890098517329,5386.0032598004145,-0.20800429513891927
2460836.777083333,-961.518120892216,5328.157467809033,-390.06308735678795
2460836.777777778,-1243.4290611647593,5227.006276777452,-776.7360419409323
2460836.7784722224,-1515.2317891205503,5083.3905428070075,-1157.0751610493528
2460836.779166667,-1774.7213826879768,4898.4985950338405,-1527.9838432657357
2460836.779861111,-2019.7962273953412,4673.85538881695,-1886.4463647137077
2460836.7805555556,-2248.4751601815487,4411.308765154035,-2229.5527507616657
2460836.78125,-2458.913414221934,4113.013014057157,-2554.522510586787
2460836.7819444444,-2649.41723548777,3781.4099687177118,-2858.727026047395
2460836.782638889,-2818.4570680541574,3419.2078776359476,-3139.7104172936374
2460836.783333333,-2964.67923019818,3029.3583159649047,-3395.2087380999983
2460836.7840277776,-3086.916029389264,2615.031399471623,-3623.1673878897486
2460836.784722222,-3184.1942856821843,2179.5895626377787,-3821.756656162944
2460836.785416667,-3255.7422526752976,1726.5601520761004,-3989.385342965983
2460836.7861111113,-3300.9949405434254,1259.6070720210819,-4124.712422063637
2460836.7868055557,-3319.5978570711964,782.5017000906114,-4226.656731986323
2460836.7875,-3311.409189615482,299.0932733343388,-4294.404692714246
2460836.7881944445,-3276.50045478795,-186.72107123723953,-4327.416053677936
2460836.788888889,-3215.1556424996666,-671.0264443923191,-4325.427683054245
2460836.7895833333,-3127.868879341222,-1149.9203769936569,-4288.455405036459
2460836.7902777777,-3015.3406323709987,-1619.5428801380335,-4216.793890815478
2460836.790972222,-2878.472470908803,-2076.10624531171,-4111.014602383643
2460836.7916666665,-2718.3604007500126,-2515.9244386557666,-3971.961784142252
2460836.792361111,-2536.286783640643,-2935.441934252434,-3800.74649355502
2460836.793055556,-2333.710856928102,-3331.261816438862,-3598.7386623587063
2460836.79375,-2112.2578719464705,-3700.1729682542377,-3367.5571826692535
2460836.7944444446,-1873.706878677529,-4039.1761438216695,-3109.058021298019
2460836.795138889,-1619.9771960859541,-4345.508706792583,-2825.320379064453
2460836.7958333334,-1353.11362339223,-4616.6678026197615,-2518.63093091727
2460836.796527778,-1075.270465811781,-4850.431723118232,-2191.4662056752168
2460836.797222222,-788.6944713978663,-5044.879215940847,-1846.47319402495
2460836.7979166666,-495.7067954607715,-5198.406497633824,-1486.448300743424
2460836.798611111,-198.68413377329074,-5309.741737496251,-1114.314791087266
2460836.7993055554,99.96081060351734,-5377.956799015771,-733.0989154016308
2460836.8,397.79934686589274,-5402.476055461306,-345.9049205587786
2460836.800694444,692.4071012798228,-5383.082128784161,44.110810541750936
2460836.801388889,981.3843965424853,-5319.91844406851,433.7662308820549
2460836.8020833335,1262.3764879076107,-5213.488537574427,819.88043573227
2460836.802777778,1533.0934349405848,-5064.65210651213,1199.300514302078
2460836.8034722223,1791.3293967812904,-4874.617837518815,1568.9281613454898
2460836.8041666667,2034.9811411260912,-4644.933103571253,1925.7457578651763
2460836.804861111,2262.0655836827614,-4377.470658383067,2266.841658305996
2460836.8055555555,2470.7361802574337,-4074.412508025885,2589.4344202973443
2460836.80625,2659.298029257386,-3738.231164823071,2890.895755418742
2460836.8069444443,2826.2215605685906,-3371.668518258121,3168.7719983766324
2460836.8076388887,2970.1547109511225,-2977.7125817030123,3420.8039198799465
2460836.808333333,3089.9335170132435,-2559.572373648406,3644.944749243755
2460836.809027778,3184.591074615459,-2120.651203908608,3839.376294591312
2460836.8097222224,3253.3648373986102,-1664.5186257803664,4002.523081808818
2460836.810416667,3295.702243713906,-1194.8813050546091,4133.064457339448
2460836.811111111,3311.2646742339775,-715.5530460371199,4229.944619227082
2460836.8118055556,3299.92975302907,-230.42419859157712,4292.380557617443
2460836.8125,3261.7920108376316,256.5693509733389,4319.867897406315
2460836.8131944444,3197.1619318558223,741.4774065551151,4312.1846398968255
2460836.813888889,3106.5634068189524,1220.3667255481976,4269.392804986657
2460836.814583333,2990.7296136754358,1689.3521440454833,4191.837974246362
2460836.8152777776,2850.5973476289355,2144.6273838740212,4080.1467347544653
2460836.815972222,2687.2998210291753,2582.495366590121,3935.222022432513
2460836.816666667,2502.157956924264,2999.3978440063065,3758.23636536794
2460836.8173611113,2296.6702026346134,3391.944150219449,3550.6230302346084
2460836.8180555557,2072.500898881819,3756.9388612017187,3314.0650841341317
2460836.81875,1831.4672531088893,4091.4081335827186,3050.482399468955
2460836.8194444445,1575.524973514528,4392.6244932330565,2762.016640126963
2460836.820138889,1306.7526481324933,4658.129819150718,2451.014300344971
2460836.8208333333,1027.3349627522182,4885.756281773631,2120.0078827305188
2460836.8215277777,739.544883796365,5073.644984635545,1771.6953431618977
2460836.822222222,445.72494446413975,5220.262080931903,1408.9179501622864
2460836.8229166665,148.26780179977956,5324.412147770291,1034.6367467221273
2460836.823611111,-150.4037525968876,5385.248633050521,651.9078273200032
2460836.824305556,-447.8571280205478,5402.281223684349,263.8566709330986
2460836.825,-741.6704055510448,5375.380025491076,-126.34820906997884
2460836.8256944446,-1029.452723933326,5304.7764911436825,-515.5220175336848
2460836.826388889,-1308.864362230112,5191.061082527116,-900.4905472653573
2460836.8270833334,-1577.6363022846951,5035.17770436592,-1278.11687436548
2460836.827777778,-1833.5890687009714,4838.4149936534495,-1645.327599275276
2460836.828472222,-2074.650652272152,4602.394598640573,-1999.138356559905
2460836.8291666666,-2298.8733509830968,4329.056617766144,-2336.6783474044937
2460836.829861111,-2504.4493778617525,4020.642408029753,-2655.213662273774
2460836.8305555554,-2689.725115608227,3679.674995467451,-2952.1691975204785
2460836.83125,-2853.2139213622586,3308.9373405374104,-3225.148997221608
2460836.831944444,-2993.6074119360087,2911.4487189749834,-3471.954885726546
2460836.832638889,-3109.785181644033,2490.4394857869847,-3690.6032841475985
2460836.8333333335,-3200.8229301246324,2049.3244760616826,-3879.3401397543003
2460836.834027778,-3265.9989918186166,1591.6752940661884,-4036.6539168144077
2460836.8347222223,-3304.799275839336,1121.1917184309186,-4161.286624079256
2460836.8354166667,-3316.920633326919,641.6724374466551,-4252.242867744719
2460836.836111111,-3302.272676108772,156.98530988986778,-4308.796930857836
2460836.8368055555,-3260.9780730284065,-328.9626763523245,-4330.497887333652
2460836.8375,-3193.3713493648243,-812.2555834884215,-4317.172758796841
2460836.8381944443,-3099.9962128091047,-1288.9986912581167,-4268.927722100089
2460836.8388888887,-2981.6014246355953,-1755.3485121320402,-4186.147370223843
2460836.839583333,-2839.135232584117,-2207.542504207183,-4069.492024704997
2460836.840277778,-2673.7383782657485,-2641.9283361013386,-3919.8930933111296
2460836.8409722224,-2486.735690741856,-3054.9925455198077,-3738.5464630423726
2460836.841666667,-2279.6262827258242,-3443.3884132629446,-3526.9039217460795
2460836.842361111,-2054.072368092707,-3803.962867738559,-3286.662603724886
2460836.8430555556,-1811.886731636852,-4133.782209829066,-3019.752467230734
2460836.84375,-1555.0188938718074,-4430.156435932571,-2728.321825915219
2460836.8444444444,-1285.5400308273704,-4690.661922822166,-2414.7209771730004
2460836.845138889,-1005.6267284717296,-4913.162229855673,-2081.483995388268
2460836.845833333,-717.5436731292936,-5095.8267721657585,-1731.3087867653917
2460836.8465277776,-423.62540295132135,-5237.147123529886,-1367.0355345753976
2460836.847222222,-126.25726571866912,-5335.950722735169,-991.6236926190802
2460836.847916667,172.1442450592376,-5391.411776351393,-608.1277226394235
2460836.8486111113,469.15159060896593,-5403.059184480034,-219.67179369291534
2460836.8493055557,762.3465208318555,-5370.781350757699,170.5763098168967
2460836.85,1049.340425904132,-5294.827781901741,559.4318015299557
2460836.8506944445,1327.7944876443614,-5175.807430565151,943.7197479521094
2460836.851388889,1595.4394136220922,-5014.683783420485,1320.3018785203003
2460836.8520833333,1850.0945373355135,-4812.766749076381,1686.1030569394418
2460836.8527777777,2089.6860868227436,-4571.7014466264945,2038.1371374960981
2460836.853472222,2312.264435979235,-4293.45404086334,2373.5319383984975
2460836.8541666665,2516.0201722803654,-3980.2948124556406,2689.553082885996
2460836.854861111,2699.2988441630146,-3634.778676331373,2983.6264935471477
2460836.855555556,2860.6142684710394,-3259.7233944317695,3253.359342614224
2460836.85625,2998.6603100152565,-2858.1857377724705,3496.559301247136
2460836.8569444446,3112.3210661519897,-2433.435866047918,3711.251956392638
2460836.857638889,3200.679414630132,-1988.9301871503726,3895.6962983931558
2460836.8583333334,3263.0239000245224,-1528.2829600121556,4048.3982052879524
2460836.859027778,3298.8539528104016,-1055.2368845075798,4168.121877944573
2460836.859722222,3307.883445459504,-573.6329164354929,4253.899195101618
2460836.8604166666,3290.0426000732446,-87.37952183042492,4305.036974774604
2460836.861111111,3245.4782661145937,399.57842529247256,4321.122135566913
2460836.8618055554,3174.5525897483617,883.2909102352245,4302.024757282483
2460836.8625,3077.840096030257,1359.834033189365,4247.899042019084
2460836.863194444,2956.1232049010614,1825.3410734819636,4159.18217588045
2460836.863888889,2810.3862014172964,2276.033187054442,4036.591091121809
2460836.8645833335,2641.807679959992,2708.2495586921013,3881.1171269418805
2460836.865277778,2451.751486886635,3118.4768137713572,3694.018590671094
2460836.8659722223,2241.756189242507,3503.3774904714173,3476.8112247157433
2460836.8666666667,2013.5231082881505,3859.817352769831,3231.256596352686
2460836.867361111,1768.9029659249534,4184.891317907644,2959.3484391054812
2460836.8680555555,1509.8812116175397,4475.947753776082,2663.29699781318
2460836.86875,1238.5621115965876,4730.61090230913,2345.5114487794294
2460836.8694444443,957.1517076299026,4946.801177044793,2008.580499192527
2460836.8701388887,667.9397708250483,5122.753094423514,1655.2512960058798
2460836.870833333,373.280899664653,5257.030609493397,1288.406807543294
2460836.871527778,75.57493314114798,5348.539648787324,911.0418729560994
2460836.8722222224,-222.75313206440737,5396.537664131932,526.2381429603743
2460836.872916667,-519.2735187053981,5400.640068558029,137.13815741658613
2460836.873611111,-811.5721227443042,5360.823457480369,-253.0811676134607
2460836.8743055556,-1097.270828915094,5277.425567101773,-641.2353672275633
2460836.875,-1374.0474635974003,5151.141971604023,-1024.1592734023463
2460836.8756944444,-1639.6551774918598,4983.019570319028,-1398.7335978090962
2460836.876388889,-1891.9410523331742,4774.446966206052,-1761.9109650950556
2460836.877083333,-2128.8637507707936,4527.141878971496,-2110.7411360938095
2460836.8777777776,-2348.5100424713723,4243.135778462823,-2442.395172063199
2460836.878472222,-2549.110067159894,3924.755954963701,-2754.188322379735
2460836.879166667,-2729.05122253283,3574.6052622264774,-3043.6014507880573
2460836.8798611113,-2886.8905827501944,3195.5397973160725,-3308.300834273403
2460836.8805555557,-3021.365789445438,2790.644773205905,-3546.1562175731297
2460836.88125,-3131.4043725544575,2363.208849593503,-3755.2570253380163
2460836.8819444445,-3216.131481153202,1916.6971792164536,-3933.926665689692
2460836.882638889,-3274.8760228937,1454.7234081424276,-4080.7348864432897
2460836.8833333333,-3307.1752212804695,981.0208599153506,-4194.508161080861
2460836.8840277777,-3312.7776108486883,499.4131049021222,-4274.338100550549
2460836.884722222,-3291.6444934538617,13.784107406994899,-4319.587892766512
2460836.8854166665,-3243.9498818660036,-471.951878882516,-4329.896779091159
2460836.886111111,-3170.078954397327,-953.8805163224489,-4305.182576814497
2460836.886805556,-3070.62504238065,-1428.1175318119442,-4245.642252926577
2460836.8875,-2946.3851675754163,-1890.8386730700583,-4151.750551380387
2460836.8881944446,-2798.354143482019,-2338.309324009044,-4024.2566696876734
2460836.888888889,-2627.7172531074407,-2766.913625718531,-3864.178977864711
2460836.8895833334,-2435.8415141534247,-3173.1829430276225,-3672.797769593366
2460836.890277778,-2224.26554836152,-3553.8234936544864,-3451.6460396759967
2460836.890972222,-1994.688076318523,-3905.742947208122,-3202.498286636919
2460836.8916666666,-1748.9550704299575,-4226.075780768916,-2927.357351657024
2460836.892361111,-1489.0456136677537,-4512.2071620993775,-2628.4393227387095
2460836.8930555554,-1217.0565303123237,-4761.795119784024,-2308.156556249264
2460836.89375,-935.1858705815314,-4972.790757918465,-1969.0988888047896
2460836.894444444,-645.7153601914898,-5143.456264976524,-1614.013149932505
2460836.895138889,-350.99194604628207,-5272.380480000621,-1245.7811146417394
2460836.8958333335,-53.40858735133547,-5358.491796650056,-867.3960614388051
2460836.896527778,244.6155278271524,-5401.068204654787,-481.9381443651914
2460836.8972222223,540.6551535639514,-5399.744306482116,-92.54880228367891
2460836.8979166667,832.2993330098383,-5354.515182293198,297.5955340698155
2460836.898611111,1117.1717094321523,-5265.737023743643,685.310169644279
2460836.8993055555,1392.9505796846247,-5134.124504289244,1067.4290198565473
2460836.9,1657.388473200951,-4960.744904628655,1440.831343923172
2460836.9006944443,1908.3310466141415,-4747.009061642634,1802.468049753745
2460836.9013888887,2143.7350965893684,-4494.659257329748,2149.3872924528855
2460836.902083333,2361.6855134267244,-4205.754205151247,2478.759108317093
2460836.902777778,2560.411014490251,-3882.6513331802253,2787.8988413816433
2460836.9034722224,2738.29852749122,-3527.986585816089,3074.2891567149704
2460836.904166667,2893.906111650581,-3144.6519958514705,3335.600453792749
2460836.904861111,3025.9743359293643,-2735.771284061712,3569.7095335281433
2460836.9055555556,3133.4360531162656,-2304.673756378327,3774.716396680869
2460836.90625,3215.4245340976504,-1854.8667578904117,3948.959086958085
2460836.9069444444,3271.2799415348336,-1390.0069466834766,4091.0265116871974
2460836.907638889,3300.5541411940376,-913.8706237351682,4199.769202434321
2460836.908333333,3303.013857001455,-430.32335130619214,4274.307989278779
2460836.9090277776,3278.6421851668038,56.71092469235733,4314.040577477127
2460836.909722222,3227.6384866211,543.2810575306461,4318.646024190357
2460836.910416667,3150.4166782298935,1025.4399929488688,4288.087113949976
2460836.9111111113,3047.6019435989924,1499.2759989449844,4222.610634905842
2460836.9118055557,2920.025882417197,1960.9436577867384,4122.745555131876
2460836.9125,2768.7201188599815,2406.6944368452087,3989.299098733639
2460836.9131944445,2594.9083884373586,2832.9066600193855,3823.3507205654178
2460836.913888889,2399.997127385136,3236.114682635433,3626.2439817328677
2460836.9145833333,2185.564595595557,3613.037061292559,3399.576335558058
2460836.9152777777,1953.3485716056393,3960.603500866741,3145.18684252375
2460836.915972222,1705.232675493145,4275.980340136073,2865.141852887895
2460836.9166666665,1443.2313868317203,4556.594337261885,2561.718711031484
2460836.917361111,1169.473850841806,4800.154500843709,2237.3875680102306
2460836.918055556,886.1865801582788,5004.671723180725,1894.79140964844
2460836.91875,595.6751880176491,5168.475972795385,1536.7244451775541
2460836.9194444446,300.3053072309034,5290.230824360558,1166.1090290882314
2460836.920138889,2.4828701703111995,5368.945127596297,785.9713196438069
2460836.9208333334,-295.36605609073985,5403.981648642846,399.41590685962495
2460836.921527778,-590.8156734939837,5395.062557541701,9.599663877455615
2460836.922222222,-881.4608779550924,5342.271679583171,-380.29490290875407
2460836.9229166666,-1164.9374870621975,5246.053477442616,-767.0865215606077
2460836.923611111,-1438.942052221306,5107.2087807725775,-1147.6219498826306
2460836.9243055554,-1701.2510442699413,4926.887330854159,-1518.802410250098
2460836.925,-1949.739217939544,4706.57725378525,-1877.6093906080432
2460836.925694444,-2182.396973425895,4448.091621265441,-2221.1295483532995
2460836.926388889,-2397.3465604656026,4153.552291725831,-2546.5784842487597
2460836.9270833335,-2592.8569889259657,3825.371258989845,-2851.323172751999
2460836.927777778,-2767.3575417133034,3466.229750759102,-3132.90287451554
2460836.9284722223,-2919.449805194673,3079.0553405892806,-3389.048379217178
2460836.9291666667,-3047.918163541904,2666.997331731047,-3617.6994687938027
2460836.929861111,-3151.738720029321,2233.4006788689203,-3817.0205122350662
2460836.9305555555,-3230.0866321750937,1781.7786963181952,-3985.414137435198
2460836.93125,-3282.3418611936586,1315.7847909972452,-4121.532945458844
2460836.9319444443,-3308.093348666934,839.1834366946011,-4224.289252610959
2460836.9326388887,-3307.1416398983533,355.8205978021151,-4292.862855951934
2460836.933333333,-3279.4999791392934,-130.40622507338307,-4326.706830897863
2460836.934027778,-3225.393900554457,-615.5781536286056,-4325.551367686823
2460836.9347222224,-3145.259337761289,-1095.7851469416262,-4289.40565589902
2460836.935416667,-3039.7392717787106,-1567.1561210807026,-4218.557821437247
2460836.936111111,-2909.678932304076,-2025.8888359475116,-4113.572915767836
2460836.9368055556,-2756.1195655373995,-2468.279396818433,-3975.288952526086
2460836.9375,-2580.2907790733725,-2890.751218278694,-3804.810982888447
2460836.9381944444,-2383.6014755893693,-3289.883281906453,-3603.50320030674
2460836.938888889,-2167.629392751231,-3662.437500958869,-3372.9790702010296
2460836.939583333,-1934.1092728699678,-4005.3849930876167,-3115.089486798686
2460836.9402777776,-1684.9196978082643,-4315.931043028639,-2831.90897272225
2460836.940972222,-1422.068642878328,-4591.538519440051,-2525.7199588936473
2460836.941666667,-1147.6778181558605,-4829.949506241553,-2198.995201591855
2460836.9423611113,-863.965888301664,-5029.20490036864,-1854.3784225437278
2460836.9430555557,-573.2306880849487,-5187.661728659459,-1494.6632926655716
2460836.94375,-277.83056696001614,-5304.00795307447,-1122.7709038179232
2460836.9444444445,19.834974468176434,-5377.274546209528,-741.7259134853072
2460836.945138889,317.34517801637026,-5406.8446502869,-354.63157160917433
2460836.9458333333,612.2782546623158,-5392.459665631851,35.35613205922997
2460836.9465277777,902.2317322706618,-5334.22215658984,425.0549358974833
2460836.947222222,1184.842711250182,-5232.5955092154645,811.283117893951
2460836.9479166665,1457.8078042491984,-5088.400324292147,1190.8863577917944
2460836.948611111,1718.9025476622915,-4902.807579128249,1560.7643651876704
2460836.949305556,1966.000075003732,-4677.328642855938,1917.8969844294709
2460836.95,2197.088863122947,-4413.802273564778,2259.369508142833
2460836.9506944446,2410.289376126798,-4114.378769048501,2582.396943010263
2460836.951388889,2603.8694553199293,-3781.5014788422513,2884.346996824127
2460836.9520833334,2776.258331139813,-3417.8859072197797,3162.761588916756
2460836.952777778,2926.059152245517,-3026.4966644740366,3415.376707332314
2460836.953472222,3052.059958102584,-2610.5225255151645,3640.1404770147465
2460836.9541666666,3153.2430403217136,-2173.3498649275475,3835.2293270745836
2460836.954861111,3228.792661660715,-1718.5347274677279,3999.0621782103253
2460836.9555555554,3278.101116980952,-1249.7737906855746,4130.312592456906
2460836.95625,3300.7731365861227,-770.874454180561,4227.91885233872
2460836.956944444,3296.628640455579,-285.724279854697,4291.091949000415
2460836.957638889,3265.703859172978,201.74000338567492,4319.321470325091
2460836.9583333335,3208.2508409179763,687.5637451710481,4312.379388813186
2460836.959027778,3124.735363818181,1167.8056803310858,4270.321748305595
2460836.9597222223,3015.833274151548,1638.5691170970836,4193.488251342567
2460836.9604166667,2882.425267464873,2096.0328405138503,4082.499746052201
2460836.961111111,2725.59013277565,2536.4815412366484,3938.2536119683323
2460836.9618055555,2546.596480366473,2956.335586334963,3761.9170453856996
2460836.9625,2346.8929754531378,3352.179938558248,3554.918245750079
2460836.9631944443,2128.0971136766325,3720.7920018186687,3318.935518692938
2460836.9638888887,1891.982577933224,4059.1681763771253,3055.884317175959
2460836.964583333,1640.4652364762499,4364.548880060733,2767.9022657184587
2460836.965277778,1375.587856497286,4634.441791309901,2457.3322319376684
2460836.9659722224,1099.503628124135,4866.643064100391,2126.7035366023183
2460836.966666667,814.4586172458536,5059.256266646882,1778.7114249608262
2460836.967361111,522.7732855036832,5210.708809453496,1416.1949505143302
2460836.9680555556,226.82323902462412,5319.7656453664185,1042.1134554193457
2460836.96875,-70.98061265485062,5385.540051998844,659.5218616684384
2460836.9694444444,-368.21229153284906,5407.501342237885,271.54501093481935
2460836.970138889,-662.4511663314879,5385.479388537664,-118.64868045142438
2460836.970833333,-951.3023348053775,5319.6658946369325,-507.87397919900087
2460836.9715277776,-1232.4167501840234,5210.61239573012,-892.9557138559435
2460836.972222222,-1503.5108747986078,5059.225021087879,-1270.7554837887699
2460836.972916667,-1762.3856591493975,4866.756099226359,-1638.1979209354006
2460836.9736111113,-2006.9446479866695,4634.792736468339,-1992.2962240205677
2460836.9743055557,-2235.211045896749,4365.24253596144,-2330.176720272041
2460836.975,-2445.343587771783,4060.3166643367767,-2649.1022207267847
2460836.9756944445,-2635.6510906145227,3722.5104965107394,-2946.493972587972
2460836.976388889,-2804.6055863229594,3354.582089117712,-3219.9520396745734
2460836.9770833333,-2950.8539602540545,2959.528745068798,-3467.273973450235
2460836.9777777777,-3073.2280457052057,2540.5619328717803,-3686.4716704874813
2460836.978472222,-3170.753146640253,2101.080815799422,-3875.786342971625
2460836.9791666665,-3242.6549765965774,1644.644642890555,-4033.701550286631
2460836.979861111,-3288.365019217968,1174.944231183396,-4158.954266432209
2460836.980555556,-3307.524324970456,695.7727509227186,-4250.543972943033
2460836.98125,-3299.9857645464226,210.99601277058733,-4307.739776968626
2460836.9819444446,-3265.8147631893903,-275.47757251947274,-4330.08556326425
2460836.982638889,-3205.2885392630333,-759.7271927402024,-4317.403187879636
2460836.9833333334,-3118.8938678658737,-1237.8498496396278,-4269.7937217368135
2460836.984027778,-3007.3233880506637,-1705.990435139774,-4187.636747120516
2460836.984722222,-2871.4704657876923,-2160.3715369857314,-4071.5877047832046
2460836.9854166666,-2712.4226253459506,-2597.322813331309,-3922.5732857967346
2460836.986111111,-2531.453558320865,-3013.3097833158045,-3741.7848586562022
2460836.9868055554,-2330.0137226966003,-3404.9618582653675,-3530.669923201794
2460836.9875,-2109.7195511489776,-3769.0994209727164,-3290.921589720666
2460836.988194444,-1872.3412923296023,-4102.759752041703,-3024.466086740661
2460836.988888889,-1619.7895282730135,-4403.221572795394,-2733.4483229480193
2460836.9895833335,-1354.1004230254257,-4668.027971375197,-2420.2155445508656
2460836.990277778,-1077.4197766912778,-4895.007467715076,-2087.299153496662
2460836.9909722223,-791.9859859315123,-5082.292965640306,-1737.3947866728333
2460836.9916666667,-500.1120299328712,-5228.338351967436,-1373.3407816983347
2460836.992361111,-204.16662377263066,-5331.9325132739605,-998.0951866323243
2460836.9930555555,93.44529122411085,-5392.210559755666,-614.7115097744419
2460836.99375,390.3025375632898,-5408.662079831525,-226.31342729598134
2460836.9944444443,683.9879713382011,-5381.13628349047,163.9313052363272
2460836.9951388887,972.1088177175843,-5309.843935734046,552.8374683710867
2460836.995833333,1252.3168542468602,-5195.356029809504,937.2292406084584
2460836.996527778,1522.328223746424,-5038.599199120384,1313.967018807682
2460836.9972222224,1779.9426627511023,-4840.84791701411,1679.9739079447884
2460836.997916667,2023.06194121132,-4603.713583877222,2032.2615967783277
2460836.998611111,2249.707329387602,-4329.130642629027,2367.955356605452
2460836.9993055556,2458.035920587543,-4019.339909057603,2684.3179104967808
2460837.0,2646.35567024596,-3676.8693276937092,2978.77195874629
2460837.0006944444,2813.1390279377374,-3304.5123973026175,3248.921162741824
2460837.001388889,2957.0350698692882,-2905.3045209954207,3492.569428734968
2460837.002083333,3076.880062064612,-2482.4975451747528,3707.738361776149
2460837.0027777776,3171.706406667252,-2039.532753667339,3892.6827893995874
2460837.003472222,3240.7499445101403,-1580.0125756645555,4045.9042834694797
2460837.004166667,3283.4556030550384,-1107.671256630007,4166.162631420784
2460837.0048611113,3299.481391885542,-626.3447247345642,4252.485228103171
2460837.0055555557,3288.7007562595745,-139.93987251390197,4304.1743725289725
2460837.00625,3251.203305049748,347.5965430780264,4320.812463955344
2460837.0069444445,3187.293931759499,832.3091922810135,4302.265096676724
2460837.007638889,3097.4903474056578,1310.2654757508055,4248.68205425533
2460837.0083333333,2982.519044127783,1777.5866597459544,4160.496203833258
2460837.0090277777,2843.3097065740376,2230.4786714974753,4038.420289575742
2460837.009722222,2680.9880903773633,2665.26236760241,3883.441624969974
2460837.0104166665,2496.8673867470034,3078.4030907949536,3696.814683547358
2460837.011111111,2292.4381007760976,3466.5393059525877,3480.0515956357726
2460837.011805556,2069.3564763449153,3826.510103021813,3234.9105655015965
2460837.0125,1829.4315152754343,4155.381333504634,2963.3822402543165
2460837.0131944446,1574.610651690601,4450.4701409677255,2667.67407906441
2460837.013888889,1306.9641626872854,4709.367635531584,2350.1927968985606
2460837.0145833334,1028.6684168860825,4929.959462239245,2013.5249843868664
2460837.015277778,741.9880823862396,5110.444020246361,1660.4160330347108
2460837.015972222,449.2574434434118,5249.348098687852,1293.7475329518109
2460837.0166666666,152.86098871687864,5345.539723151854,916.513331889608
2460837.017361111,-144.7865389923327,5398.238030402075,531.794483003859
2460837.0180555554,-441.2604333075529,5407.0200302868125,142.7333249652787
2460837.01875,-734.1464393407579,5371.824153925258,-247.49303376139525
2460837.019444444,-1021.0610758519268,5292.950536743105,-635.6995461963234
2460837.020138889,-1299.6716455978005,5171.058033780867,-1018.7200850819409
2460837.0208333335,-1567.7157192750633,5007.158015437346,-1393.4340384404763
2460837.021527778,-1823.0198901631413,4802.605040889974,-1756.7923615339596
2460837.0222222223,-2063.5176138601933,4559.084550063493,-2105.8428210424995
2460837.0229166667,-2287.2659637861357,4278.597757390964,-2437.754182730863
2460837.023611111,-2492.4611616976204,3963.4439591754503,-2749.839127382066
2460837.0243055555,-2677.4527630793445,3616.2004941092305,-3039.575702978429
2460837.025,-2840.7564043856623,3239.7006133160608,-3304.6271544667243
2460837.0256944443,-2981.065046789521,2837.0095187196166,-3542.860008621378
2460837.0263888887,-3097.2586700022475,2411.3988365250393,-3752.3603156098434
2460837.027083333,-3188.4123946389836,1966.3197775335623,-3931.4479840521735
2460837.027777778,-3253.803026045414,1505.375228688132,-4078.6891668640615
2460837.0284722224,-3292.9140269288087,1032.291001523254,-4192.906677160776
2460837.029166667,-3305.438935094749,550.8864454841065,-4273.188428121354
2460837.029861111,-3291.283247813312,65.04461025079102,-4318.893901078726
2460837.0305555556,-3250.5647957059587,-421.31786201688504,-4329.658648515649
2460837.03125,-3183.612628683388,-904.2809686179597,-4305.396842804179
2460837.0319444444,-3090.964433227303,-1379.9515443190248,-4246.301875498013
2460837.032638889,-2973.3624960302027,-1844.4932892787353,-4152.845009011445
2460837.033333333,-2831.7482272800894,-2294.1564735051256,-4025.772077691685
2460837.0340277776,-2667.255252201445,-2725.307173009546,-3866.09823004944
2460837.034722222,-2481.2010807959673,-3134.4558707373667,-3675.1007026457237
2460837.035416667,-2275.077370297335,-3518.28524029072,-3454.30962023407
2460837.0361111113,-2050.5387971172768,-3873.6769232045785,-3205.4968190178197
2460837.0368055557,-1809.3905705858592,-4197.737080603305,-2930.662706770213
2460837.0375,-1553.5746309177523,-4487.820494163075,-2632.0211866237187
2460837.0381944445,-1285.154592503085,-4741.552975286553,-2311.9826943109147
2460837.038888889,-1006.2995170186407,-4956.85183231054,-1973.1354287287231
2460837.0395833333,-719.2666158538767,-5131.944152874669,-1618.2248767470428
2460837.0402777777,-426.383014444419,-5265.382656266353,-1250.1317766408886
2460837.040972222,-130.0267247591332,-5356.058895250917,-871.8486857483595
2460837.0416666665,167.3930005795549,-5403.213605638026,-486.45535611081687
2460837.042361111,463.4557425849364,-5406.44403623049,-97.09314780130946
2460837.043055556,755.7502148911816,-5365.708130539649,293.0612674800574
2460837.04375,1041.8945708480271,-5281.325476167421,680.8226374476527
2460837.0444444446,1319.556501738007,-5153.974986468856,1063.024013085243
2460837.045138889,1586.4729072041723,-4984.689328900464,1436.543494468791
2460837.0458333334,1840.4689251441964,-4774.846166427772,1798.3305489255822
2460837.046527778,2079.4761257772443,-4526.156323130971,2145.4316287754486
2460837.047222222,2301.5496856119767,-4240.649031325608,2475.0148240629987
2460837.0479166666,2504.8843813311605,-3920.654453838497,2784.393312621968
2460837.048611111,2687.8292665247477,-3568.783705183029,3071.0473958149464
2460837.0493055554,2848.900919349462,-3187.9066165647837,3332.644938532008
2460837.05,2986.7951721341947,-2781.1275083523115,3567.0600599144764
2460837.050694444,3100.3972627876165,-2351.7592289565123,3772.389960079726
2460837.051388889,3188.7903634263625,-1903.2957313510497,3946.969787477025
2460837.0520833335,3251.262466106603,-1439.3834376355433,4089.385486918496
2460837.052777778,3287.3116173209914,-963.7916380806989,4198.484584908554
2460837.0534722223,3296.6495057417483,-480.38215442932307,4273.384888405006
2460837.0541666667,3279.20341542331,6.92152309760707,4313.481086304257
2460837.054861111,3235.1165604571042,494.16542092880394,4318.449248775486
2460837.0555555555,3164.746819439542,977.3964072229724,4288.249225516436
2460837.05625,3068.6638878473173,1452.69347444302,4223.124943453785
2460837.0569444443,2947.644865494904,1916.1988059552368,4123.602604106219
2460837.0576388887,2802.66829610645,2364.1484472801385,3990.486779612134
2460837.058333333,2634.906677007299,2792.9023978100527,3824.85440688184
2460837.059027778,2445.7174600292847,3198.973928577713,3628.046682027139
2460837.0597222224,2236.6325699836693,3579.0579199862746,3401.6588627486103
2460837.060416667,2009.3464807012354,3930.0579917904292,3147.528001840937
2460837.061111111,1765.7028940299579,4249.1122002073525,2867.718642855655
2460837.0618055556,1507.6800934283851,4533.617047761706,2564.506540275175
2460837.0625,1237.3750547094414,4781.249561900923,2240.360482811562
2460837.0631944444,956.986422813367,4989.987189915192,1897.9223324688362
2460837.063888889,668.7964848143561,5158.125268651896,1539.9854218186092
2460837.064583333,375.1522894385828,5284.291844743112,1169.4714807161201
2460837.0652777776,78.44608766660687,5367.459642535713,789.4062983888646
2460837.065972222,-218.90471558122638,5406.95501142087,402.89435135888766
2460837.066666667,-514.4778926616121,5402.463722316192,13.092653332292578
2460837.0673611113,-805.8667932918883,5354.033528112246,-376.81590080486404
2460837.0680555557,-1090.700592514089,5262.073451168211,-763.6494096741742
2460837.06875,-1366.6641704515132,5127.349811197657,-1144.2537717573427
2460837.0694444445,-1631.5174098133891,4950.979058024369,-1515.52913254367
2460837.070138889,-1883.113716384802,4734.417519145238,-1874.4557010627157
2460837.0708333333,-2119.4175764627043,4479.448219515773,-2218.1186695657975
2460837.0715277777,-2338.520996158837,4188.164962204179,-2543.732006593947
2460837.072222222,-2538.658681060694,3862.9538965545526,-2848.6609064357467
2460837.0729166665,-2718.2218490904525,3506.472814840443,-3130.4427211655097
2460837.073611111,-2875.770588798383,3121.6284383746856,-3386.8062244305183
2460837.074305556,-3010.044704501454,2711.5519527830033,-3615.689094860954
2460837.075,-3119.973008456562,2279.5730563637267,-3815.2535314758306
2460837.0756944446,-3204.6810428260223,1829.1927711023843,-3983.899945459705
2460837.076388889,-3263.4972285908943,1364.0552556344155,-4120.27869344936
2460837.0770833334,-3295.9574517280184,887.9188355341748,-4223.299838360866
2460837.077777778,-3301.808102929958,404.6264583119514,-4292.140933078591
2460837.078472222,-3281.0075934559545,-81.92424719698087,-4326.252834437635
2460837.0791666666,-3233.7263690603645,-567.8111438385247,-4325.363556286401
2460837.079861111,-3160.3454429551634,-1049.1178290776181,-4289.480169152827
2460837.0805555554,-3061.453464776529,-1521.9638120651819,-4218.888751967473
2460837.08125,-2937.842340039578,-1982.5344710589275,-4114.152395484707
2460837.081944444,-2790.501409461605,-2427.1106521360007,-3976.107251915874
2460837.082638889,-2620.6101982982136,-2852.097746769763,-3805.8566231614386
2460837.0833333335,-2429.5297440499658,-3254.0540852185877,-3604.763077549821
2460837.084027778,-2218.7925176618596,-3629.7184569312662,-3374.4385907812443
2460837.0847222223,-1990.0909591842717,-3976.036558540572,-3116.732713434928
2460837.0854166667,-1745.26466002419,-4290.18615164385,-2833.7187802248914
2460837.086111111,-1486.2862419508674,-4569.600693851746,-2527.6781980889273
2460837.0868055555,-1215.24599929267,-4811.991200922475,-2201.0828714516915
2460837.0875,-934.3353890073897,-5015.366093748962,-1856.575846940425
2460837.0881944443,-645.829486276175,-5178.048777066818,-1496.9503027029587
2460837.0888888887,-352.0685319576028,-5298.692720755433,-1125.1270220403712
2460837.089583333,-55.43873370204932,-5376.293821019117,-744.1305385421482
2460837.090277778,241.64750302786166,-5410.199852338184,-357.0641629306652
2460837.0909722224,536.7717219943963,-5400.116854098947,32.915873516638975
2460837.091666667,827.5297290030965,-5346.112335451407,422.62689279709565
2460837.092361111,1111.5518569336796,-5248.6152301136835,808.8865876153785
2460837.0930555556,1386.5229622049194,-5108.412581137519,1188.5398933557626
2460837.09375,1650.2019377260362,-4926.642985769585,1558.4856269559423
2460837.0944444444,1900.4405318220522,-4704.786881952016,1915.7026042958712
2460837.095138889,2135.2012811382288,-4444.653803006652,2257.2749662284077
2460837.095833333,2352.5743823778503,-4148.366767489814,2580.416460203189
2460837.0965277776,2550.793345091794,-3818.3440122498205,2882.493441913838
2460837.097222222,2728.24929995309,-3457.2782955297885,3161.046401276193
2460837.097916667,2883.5038542513885,-3068.114024700967,3413.8098363690783
2460837.0986111113,3015.3004157485934,-2654.022469377225,3638.730337062739
2460837.0993055557,3122.5739276476625,-2218.3753261693496,3833.9827681906463
2460837.1,3204.458979042802,-1764.7168965017024,3997.984471641843
2460837.1006944445,3260.2962729250935,-1296.7351276908148,4129.407432014627
2460837.101388889,3289.637446612631,-818.2317633967651,4227.18836835504
2460837.1020833333,3292.248252528526,-333.0918158123238,4290.536736312088
2460837.1027777777,3268.1101105865423,154.74741882034235,4318.940628586363
2460837.103472222,3217.4200494233946,641.3276196427871,4312.170574454576
2460837.1041666665,3140.589053688757,1122.7007799744742,4270.28123733674
2460837.104861111,3038.23883414492,1594.9604579125617,4193.611012022163
2460837.105555556,2911.19703764933,2054.2727541731956,4082.779521229508
2460837.10625,2760.4909120714788,2496.9068451582657,3938.6830098041382
2460837.1069444446,2587.339445486157,2919.264876520226,3762.487637554685
2460837.107638889,2393.1440000496177,3317.9110243242776,3555.6206733536555
2460837.1083333334,2179.4774707784863,3689.599507323285,3319.7596033249933
2460837.109027778,1948.072009042987,4031.3013250571275,3056.8191778569653
2460837.109722222,1700.8053648932548,4340.229483292594,2768.9364398699768
2460837.1104166666,1439.6859192989411,4613.862459684943,2458.453798612432
2460837.111111111,1166.8365002907892,4849.965655793513,2127.9002431068798
2460837.1118055554,884.4770934531869,5046.610590832334,1779.970812625705
2460837.1125,594.9065862052321,5202.191595623817,1417.5044803864828
2460837.113194444,300.48370237150556,5315.439789773792,1043.4606322228572
2460837.113888889,3.6073050167142076,5385.434149538069,660.8943531634651
2460837.1145833335,-293.30373547761207,5411.6095079631805,272.93076380198977
2460837.115277778,-587.8309010066808,5393.761371249637,-117.26133347104685
2460837.1159722223,-877.5763934593786,5332.047480736503,-506.49621665725664
2460837.1166666667,-1160.1832953309438,5226.986099402707,-891.5981329438018
2460837.117361111,-1433.3553018897028,5079.451052429933,-1269.428018141853
2460837.1180555555,-1694.8758206272018,4890.663600474355,-1636.9097673118854
2460837.11875,-1942.6262408998227,4662.181272624791,-1991.0557804800408
2460837.1194444443,-2174.6032022353425,4395.883823769801,-2328.9915361821554
2460837.1201388887,-2388.9347031234024,4093.9565222998035,-2647.978957844459
2460837.120833333,-2583.8949245625017,3758.870996155846,-2945.4383778044476
2460837.121527778,-2757.9176641031963,3393.3638863819983,-3218.9689293629153
2460837.1222222224,-2909.6083005786513,3000.4135719975666,-3466.3672276938487
2460837.122916667,-3037.75423891389,2583.2152224144165,-3685.6442400384694
2460837.123611111,-3141.333798605909,2145.1544450808424,-3875.040263276878
2460837.1243055556,-3219.5235365676117,1689.7797637541585,-4033.037967068978
2460837.125,-3271.7040013980863,1220.7741716550868,-4158.373468598269
2460837.1256944444,-3297.4639336408027,741.925963380517,-4250.04543337855
2460837.126388889,-3296.6029289001667,257.09904650462073,-4307.3222003710825
2460837.127083333,-3269.1325858071027,-229.7970924102445,-4329.7469398038
2460837.1277777776,-3215.276159897754,-714.8376062008273,-4317.140852549456
2460837.128472222,-3135.466742557983,-1194.1125361112515,-4269.6044181908555
2460837.129166667,-3030.343980855225,-1663.7569478634969,-4187.516695517609
2460837.1298611113,-2900.7493493624684,-2119.9808130153124,-4071.5326729238914
2460837.1305555557,-2747.719983522458,-2559.0984818463494,-3922.57866244025
2460837.13125,-2572.4810834685686,-2977.557587888492,-3741.845729417205
2460837.1319444445,-2376.436895544251,-3371.96721740242,-3530.781146868541
2460837.132638889,-2161.1602907016763,-3739.1251425200117,-3291.0778752365127
2460837.1333333333,-1928.380959511182,-4076.0439211525495,-3024.6620699598493
2460837.1340277777,-1679.972264549158,-4379.975630997445,-2733.678643105324
2460837.134722222,-1417.9367986085565,-4648.435007435033,-2420.47491628289
2460837.1354166665,-1144.3907273614022,-4879.220730335692,-2087.582439333935
2460837.136111111,-861.5470044081854,-5070.434618532803,-1737.697063624282
2460837.136805556,-571.6975812685927,-5220.4984813407145,-1373.6574034767755
2460837.1375,-277.19474961648865,-5328.168398716588,-998.4218414503154
2460837.1381944446,19.568218870674077,-5392.54621777026,-615.0442719608742
2460837.138888889,316.1769548345151,-5413.088085808223,-226.64880093884662
2460837.1395833334,610.2161941306185,-5389.609874652023,163.59634878553018
2460837.140277778,899.2900920679199,-5322.289395511837,552.5054616201237
2460837.140972222,1181.0424299405124,-5211.665350242933,936.9021998388774
2460837.1416666666,1453.1764955146919,-5058.633015046654,1313.6464327345875
2460837.142361111,1713.4744215277792,-4864.436704044871,1679.6607332985882
2460837.1430555554,1959.815781068198,-4630.659106468844,2031.956265252115
2460837.14375,2190.1952468215204,-4359.207640289284,2367.6577878254016
2460837.144444444,2402.739147038679,-4052.2980016253937,2684.027535119272
2460837.145138889,2595.7207706312015,-3712.4351228604964,2978.487748389461
2460837.1458333335,2767.5742969332473,-3342.391780592904,3248.6416666040864
2460837.146527778,2916.907254703128,-2945.18510530346,3492.2928176168657
2460837.1472222223,3042.5114349439655,-2524.051259853369,3707.462477087548
2460837.1479166667,3143.3722081216843,-2082.418549252867,3892.405197462574
2460837.148611111,3218.6762144181866,-1623.8792218767087,4045.622333901514
2460837.1493055555,3267.817412956479,-1152.160211284887,4165.873518665176
2460837.15,3290.4014892313025,-671.0930496653451,4252.186055654617
2460837.1506944443,3286.2486279125533,-184.58317614235378,4303.862218549662
2460837.1513888887,3255.3946649508766,303.42116181614074,4320.484448074882
2460837.152083333,3198.0906346436727,788.9602185285206,4301.918446587377
2460837.152777778,3114.800728699006,1268.0940918134531,4248.314171682691
2460837.1534722224,3006.1986827183073,1736.9339226341722,4160.104728894005
2460837.154166667,2873.1626061094557,2191.672770610074,4038.0031630768453
2460837.154861111,2716.7682706053256,2628.6159877835107,3882.9971472633742
2460837.1555555556,2538.280875918501,3044.2108968140246,3696.341570180341
2460837.15625,2339.145314880287,3435.0755723482253,3479.549027839652
2460837.1569444444,2120.974970262791,3798.0265058009763,3234.378235670596
2460837.157638889,1885.5390860763978,4130.10492399052,2962.820390869198
2460837.158333333,1634.7487729545362,4428.601517651466,2667.08353564607
2460837.1590277776,1370.6417227587167,4691.0793326438325,2349.574992661501
2460837.159722222,1095.3657328013805,4915.394568613448,2012.8819768041033
2460837.160416667,811.1611584144318,5099.715041115035,1659.7505132863987
2460837.1611111113,520.3424360104194,5242.536073840042,1293.0628243617607
2460837.1618055557,225.27884276261116,5342.693607873355,915.8133809118426
2460837.1625,-71.62532574867328,5399.374347099355,531.0838388213368
2460837.1631944445,-367.9509568905214,5412.122792973925,142.01711231223757
2460837.163888889,-661.284494317124,5380.84506722714,-248.2091533914227
2460837.1645833333,-949.2382592446967,5305.8094664712125,-636.4094202858299
2460837.1652777777,-1229.470506514624,5187.643743923735,-1019.4171255182949
2460837.165972222,-1499.70499525383,5027.329164100482,-1394.1112827896577
2460837.1666666665,-1757.7498758977363,4826.191422737078,-1757.442544424276
2460837.167361111,-2001.5156970998323,4585.888575163979,-2106.4584475532683
2460837.168055556,-2229.0323715574773,4308.3961474407,-2438.3276107199817
2460837.16875,-2438.464947214589,3995.989647084673,-2750.3626518334713
2460837.1694444446,-2628.1280663211173,3651.2247075884816,-3040.04164361895
2460837.170138889,-2796.4990146505074,3276.9151217550757,-3305.027946334528
2460837.1708333334,-2942.229290816577,2876.1090238277097,-3543.1882934745745
2460837.171527778,-3064.1546461799485,2452.0634871916272,-3752.6090327185602
2460837.172222222,-3161.303572047518,2008.21778364667,-3931.6104617341007
2460837.1729166666,-3232.9042207297985,1548.1655577370334,-4078.7592110893097
2460837.173611111,-3278.3897676148636,1075.6261333529455,-4192.878658350722
2460837.1743055554,-3297.402226127987,594.4151657297703,-4273.057364595718
2460837.175,-3289.7947351550256,108.4148226547521,-4318.655538428208
2460837.175694444,-3255.6323392965987,-378.45632721423516,-4329.309534483831
2460837.176388889,-3195.1912825787526,-862.2735654891424,-4304.934396551527
2460837.1770833335,-3108.956832457495,-1339.1362661280145,-4245.724450854641
2460837.177777778,-2997.619648094139,-1805.1979811323404,-4152.15195115371
2460837.1784722223,-2862.0707024033254,-2256.6962283121784,-4024.9637718207096
2460837.1791666667,-2703.394766622959,-2689.9818237368477,-3865.1761420109287
2460837.179861111,-2522.862463994876,-3101.547599641842,-3674.0674109097313
2460837.1805555555,-2321.920903806592,-3488.05632536483,-3453.168837589037
2460837.18125,-2102.182911617214,-3846.367637518088,-3204.253403990506
2460837.1819444443,-1865.4148842340958,-4173.563762506236,-2929.322664114181
2460837.1826388887,-1613.5233084622369,-4466.97380573029,-2630.591655769496
2460837.183333333,-1348.5400028058252,-4724.1963636425935,-2310.4719262772433
2460837.184027778,-1072.6061607158977,-4943.120210179403,-1971.5527490396598
2460837.1847222224,-787.9552958664759,-5121.942808842626,-1616.5806370752846
2460837.185416667,-496.8952145720581,-5259.1864079151155,-1248.4372929680133
2460837.186111111,-201.78916121773162,-5353.711493582767,-870.1161640092747
2460837.1868055556,94.96369297649015,-5404.727397678541,-484.69780586860054
2460837.1875,390.94823072543755,-5411.799890243455,-95.32428382052728
2460837.1881944444,683.7536357312338,-5374.855625255651,294.8271342038177
2460837.188888889,970.9936915921065,-5294.183352829292,682.5707189026416
2460837.189583333,1250.3269142663778,-5170.431859993131,1064.739170973509
2460837.1902777776,1519.4763005193447,-5004.604651887002,1438.210373662722
2460837.190972222,1776.2484806675816,-4798.051434841677,1799.9337196567653
2460837.191666667,2018.5520714729573,-4552.456514681074,2146.955729315584
2460837.1923611113,2244.415051606697,-4269.824260417226,2476.4447078065227
2460837.1930555557,2452.000991831523,-3952.4618274463796,2785.714196264091
2460837.19375,2639.6240007752367,-3602.9593624267386,3072.245006582776
2460837.1944444445,2805.7622708941562,-3224.1679347505483,3333.705658058174
2460837.195138889,2949.070135010308,-2819.1754508302697,3567.9710669233245
2460837.1958333333,3068.3885646528397,-2391.2808198011876,3773.139366165231
2460837.1965277777,3162.7540669678483,-1943.9666309642146,3947.546768050301
2460837.197222222,3231.4059533884956,-1480.8706015290907,4089.7804041388677
2460837.1979166665,3273.791970425213,-1005.7560358537733,4198.689102700537
2460837.198611111,3289.5722932989765,-522.4815246066329,4273.392079002842
2460837.199305556,3278.621891208787,-34.97010313528083,4313.285525940945
2460837.2,3241.0312785467895,452.8219413440922,4318.047103241187
2460837.2006944446,3177.105667451841,936.9364150335441,4287.6383238582375
2460837.201388889,3087.3625369431243,1413.444549164897,4222.304839453944
2460837.2020833334,2972.527634309071,1878.4781291030092,4122.574624633426
2460837.202777778,2833.529422774616,2328.260251067057,3989.2540592809273
2460837.203472222,2671.4919907689373,2759.1355193131553,3823.421907929302
2460837.2041666666,2487.72644126038,3167.5994884610395,3626.421198277154
2460837.204861111,2283.7207869578656,3550.3271403838503,3399.8490090558344
2460837.2055555554,2061.12838294383,3904.2001790829627,3145.544184682913
2460837.20625,1821.7549461528795,4226.332902093162,2865.5730153595177
2460837.206944444,1567.5442244455055,4514.096405120918,2562.212939165296
2460837.207638889,1300.5623972853734,4765.140868938444,2237.9343478015267
2460837.2083333335,1022.9813133412794,4977.415675693747,1895.3806085977956
2460837.209027778,737.060690272749,5149.187112597746,1537.346443219326
2460837.2097222223,445.1294282426324,5279.053433476775,1166.7548396591574
2460837.2104166667,149.56620416059332,5365.9570770266155,786.6326975924782
2460837.211111111,-147.22046111171383,5409.193868120301,400.08544323017543
2460837.2118055555,-442.8124622997786,5408.419071065027,10.270864845347594
2460837.2125,-734.8024786071774,5363.650205693752,-379.62755301495963
2460837.2131944443,-1020.8142348940253,5275.266587651574,-766.4275137711236
2460837.2138888887,-1298.5224365609913,5144.0056034326135,-1146.974721387872
2460837.214583333,-1565.6721656626748,4970.955781373367,-1518.1693336636993
2460837.215277778,-1820.0975386131317,4757.546767459991,-1876.9917801729903
2460837.2159722224,-2059.739440678516,4505.536359791099,-2220.527683172626
2460837.216666667,-2282.662176588657,4216.994790737636,-2545.9916474391125
2460837.217361111,-2487.0688962114314,3894.286478828957,-2850.749706980873
2460837.2180555556,-2671.315682118208,3540.049492586344,-3132.3402509197335
2460837.21875,-2833.9242091597707,3157.1729853256365,-3388.493279679147
2460837.2194444444,-2973.592914214951,2748.772859116095,-3617.147879805903
2460837.220138889,-3089.2066316351443,2318.1659245582696,-3816.46782804544
2460837.220833333,-3179.8446758158616,1868.8428010906082,-3984.855272269733
2460837.2215277776,-3244.7873635244296,1404.4397990861987,-4120.9624525321615
2460837.222222222,-3283.520983300146,928.7100016903333,-4223.701447929315
2460837.222916667,-3295.741226331704,445.49375226615285,-4292.251946045648
2460837.2236111113,-3281.355098765176,-41.3112791310808,-4326.0670428857575
2460837.2243055557,-3240.4813346370624,-527.7802712168753,-4324.877079707249
2460837.225,-3173.4493286591687,-1009.9915254584297,-4288.691527015865
2460837.2256944445,-3080.796603831322,-1484.0566862900794,-4217.798919227461
2460837.226388889,-2963.2648260951373,-1946.1507632372118,-4112.764840453069
2460837.2270833333,-2821.7943741853755,-2392.541810013289,-3974.4279561861513
2460837.2277777777,-2657.5174709567586,-2819.6201045948437,-3803.8940818095984
2460837.228472222,-2471.749884653103,-3223.9266581846496,-3602.5282799439083
2460837.2291666665,-2265.9812108930746,-3602.1808710473642,-3371.944980752749
2460837.229861111,-2041.863753780029,-3951.3071331210353,-3113.9961275255323
2460837.230555556,-1801.2000371202028,-4268.460148261485,-2830.757364812834
2460837.23125,-1545.9289907861894,-4551.048748771523,-2524.5123041370116
2460837.2319444446,-1278.1108762193878,-4796.757954963007,-2197.73492650863
2460837.232638889,-999.9110344636633,-5003.569030891572,-1853.070206630894
2460837.2333333334,-713.5825668016349,-5169.777285599955,-1493.313078936619
2460837.234027778,-421.44807678589297,-5294.007384040321,-1121.3858920266327
2460837.234722222,-125.88062960556748,-5375.22594638845,-740.314535363532
2460837.2354166666,170.71589922492052,-5412.751243912551,-353.20344622350177
2460837.236111111,465.9268896602199,-5406.259831053411,36.790260121778104
2460837.2368055554,757.3472526042488,-5355.789997007712,426.4832782585792
2460837.2375,1042.6016985047793,-5261.7419649753165,812.692939746992
2460837.238194444,1319.3647815384059,-5124.8748162356305,1192.2640943143592
2460837.238888889,1585.3804991139184,-4946.300168358971,1562.0957507723585
2460837.2395833335,1838.4812420942199,-4727.472683971225,1919.1671987302727
2460837.240277778,2076.6058949592675,-4470.177537645071,2260.563331525791
2460837.2409722223,2297.8169129840157,-4176.515004419126,2583.4989233442516
2460837.2416666667,2500.3162165525405,-3848.8823736670074,2885.3416261261555
2460837.242361111,2682.459768858771,-3489.9534209589337,3163.6334830719197
2460837.2430555555,2842.770732382147,-3102.6556822882017,3416.1107926531786
2460837.24375,2979.9511162616795,-2690.1457989702876,3640.7221767559026
2460837.2444444443,3092.891858156254,-2255.7831905989515,3835.644749539315
2460837.2451388887,3180.6812980788914,-1803.10232514827,3999.298301160976
2460837.245833333,3242.6120254207044,-1335.7838312305812,4130.357444900041
2460837.246527778,3278.1860903909273,-857.6246954727035,4227.761690154064
2460837.2472222224,3287.118583532,-372.5077694487437,4290.723422578809
2460837.247916667,3269.339593774021,115.62920766478372,4318.733783832196
2460837.248611111,3224.994558251279,602.8248772352813,4311.566448462628
2460837.2493055556,3154.4430190627218,1085.1256299265165,4269.279298345205
2460837.25,3058.2558015167215,1558.6169043454297,4192.213996069579
2460837.2506944444,2937.2106279895524,2019.4542341491122,4080.9934567434384
2460837.251388889,2792.2861806949754,2463.8938672480126,3936.5172168608424
2460837.252083333,2624.6546294068835,2888.3227656049035,3759.954700752049
2460837.2527777776,2435.672642433148,3289.287789757602,3552.736387649952
2460837.253472222,2226.8709083369354,3663.5238513757763,3316.5428925256842
2460837.254166667,1999.9422051864071,4007.9808083180683,3053.2919855253667
2460837.2548611113,1756.7280673042746,4319.848864049214,2765.1235913842133
2460837.2555555557,1499.2041200153521,4596.582219213611,2454.3828363495713
2460837.25625,1229.4641699773301,4835.920724988949,2123.601233376884
2460837.2569444445,949.7031611949407,5035.909288138544,1775.4761265151135
2460837.257638889,662.1991321269519,5194.914786273026,1412.848549930274
2460837.2583333333,369.2943269132144,5311.640274571602,1038.6796826990987
2460837.2590277777,73.3756380033046,5385.136288120279,656.0261147846861
2460837.259722222,-223.14542578059644,5414.809080047497,268.0141651881977
2460837.2604166665,-517.8530393023196,5400.425676868827,-122.18648635214682
2460837.261111111,-808.3474127275549,5342.115677904139,-511.38957500437124
2460837.261805556,-1092.2649752806276,5240.36977538416,-896.4191460030072
2460837.2625,-1367.298174667608,5096.0350221638855,-1274.1362802648646
2460837.2631944446,-1631.2146817622256,4910.306924511902,-1641.4653641252244
2460837.263888889,-1881.875807156941,4684.718482725849,-1995.419634392301
2460837.2645833334,-2117.2539502345558,4421.126345588668,-2333.1257437145146
2460837.265277778,-2335.448924496223,4121.694280668532,-2651.847117647721
2460837.265972222,-2534.7030293843327,3788.8741868241214,-2949.005906991309
2460837.2666666666,-2713.414759183756,3425.38490030181,-3222.2033630734268
2460837.267361111,-2870.151069942374,3034.189050872796,-3469.2385031784684
2460837.2680555554,-3003.658145139426,2618.4682337590225,-3688.124958677618
2460837.26875,-3112.8706264897346,2181.5967515055327,-3877.1059337932174
2460837.269444444,-3196.919291816585,1727.1141750936442,-4034.667224436335
2460837.270138889,-3255.1371784426256,1258.696955600048,-4159.548270703959
2460837.2708333335,-3287.0641611612195,780.1292983430047,-4250.751233109295
2460837.271527778,-3292.4500000266034,295.2735001752268,-4307.54809231464
2460837.2722222223,-3271.255877860826,-191.9600819965974,-4329.485781854533
2460837.2729166667,-3223.654445741106,-677.6432602191734,-4316.389360915372
2460837.273611111,-3150.0283940058684,-1157.8602961380066,-4268.363235770471
2460837.2743055555,-3050.9675618343376,-1628.7380879122354,-4185.790432382916
2460837.275,-2927.264595796743,-2086.476115190989,-4069.3299186174677
2460837.2756944443,-2779.909163949294,-2527.375996048683,-3919.9119694317574
2460837.2763888887,-2610.0807311981007,-2947.870495027183,-3738.7315656442192
2460837.277083333,-2419.1399041326445,-3344.5518064568873,-3527.2398186236783
2460837.277777778,-2208.6183577482225,-3714.198923620612,-3287.1334176162695
2460837.2784722224,-1980.2073648319797,-4053.8038861993687,-3020.3421059429975
2460837.279166667,-1735.74496229774,-4360.596679791458,-2729.0142087048994
2460837.279861111,-1477.2018055501928,-4632.068547956383,-2415.5002559469635
2460837.2805555556,-1206.665778492883,-4865.993471588417,-2082.334766967482
2460837.28125,-926.3254523801696,-5060.447562303996,-1732.2162947830752
2460837.2819444444,-638.4525061740621,-5213.826125512158,-1367.9858565784198
2460837.282638889,-345.3832482312633,-5324.858157956659,-992.6039127950569
2460837.283333333,-49.49939781840024,-5392.618068641019,-609.1260844787752
2460837.2840277776,246.79169089524487,-5416.534439006047,-220.67783285398843
2460837.284722222,541.0771674476813,-5396.39567672886,169.57165511505164
2460837.285416667,830.9589732710709,-5332.352458971174,558.4361036572462
2460837.2861111113,1114.0740655518666,-5224.916909096935,942.7390302487131
2460837.2868055557,1388.1143545024677,-5074.958500722433,1319.3405794819541
2460837.2875,1650.8461399537725,-4883.696734324686,1685.1640209457898
2460837.2881944445,1900.1288441834924,-4652.690678045655,2037.2216329478638
2460837.288888889,2133.9328462443727,-4383.825513534716,2372.6396996979224
2460837.2895833333,2350.356248139329,-4079.2962648759567,2688.6823785605366
2460837.2902777777,2547.6404226827294,-3741.588922437315,2982.7742160689995
2460837.290972222,2724.1842165544017,-3373.459200151948,3252.5211197620333
2460837.2916666665,2878.5567093261798,-2977.909177287997,3495.7296276709994
2460837.292361111,3009.508448631803,-2558.1620942464738,3710.424341220274
2460837.293055556,3115.9811111799518,-2117.635559347315,3894.863427899425
2460837.29375,3197.115553500285,-1659.9134281511094,4047.552118829767
2460837.2944444446,3252.2582348560386,-1188.7166070714393,4167.2541523391
2460837.295138889,3280.966009751686,-707.8730077633197,4253.001137457766
2460837.2958333334,3283.0092935192934,-221.28687729070796,4304.099819787597
2460837.296527778,3258.373612426037,267.0922956685547,4320.137245376837
2460837.297222222,3207.259551563247,753.301106876729,4300.983821533425
2460837.2979166666,3130.0811147676495,1233.393612717618,4246.794275640257
2460837.298611111,3027.462510095906,1703.4725809054798,4158.006512490344
2460837.2993055554,2900.233373531545,2159.720438603442,4035.338369123518
2460837.3,2749.422445002922,2598.4297325814123,3879.7822669457023
2460837.300694444,2576.2497110109093,3016.0329147937255,3692.5977609708975
2460837.301388889,2382.1170354153633,3409.1312445954395,3475.301993451342
2460837.3020833335,2168.597306003059,3774.522592677698,3229.658066807048
2460837.302777778,1937.422138287537,4109.227912178961,2957.6613674774176
2460837.3034722223,1690.4681918511137,4410.516134816403,2661.5238903563113
2460837.3041666667,1429.7421719453573,4675.927242125464,2343.6566362174353
2460837.304861111,1157.3646140377516,4903.2932550401065,2006.650187297465
2460837.3055555555,875.5525653851885,5090.75689778538,1653.2535894593505
2460837.30625,586.6013065564406,5236.787697976676,1286.3517081843083
2460837.3069444443,292.865272433421,5340.195311529048,908.9412502009536
2460837.3076388887,-3.2616448628173442,5400.139886989599,524.1056751724171
2460837.308333333,-299.3662125351553,5416.139321680583,134.98924661148058
2460837.309027778,-593.0361835533915,5388.073305178566,-255.22951037558653
2460837.3097222224,-881.880614297395,5316.184092670963,-643.364660611577
2460837.310416667,-1163.549955095143,5201.074001095296,-1026.2497315084172
2460837.311111111,-1435.7556979692874,5043.69967135655,-1400.7643173006873
2460837.3118055556,-1696.2893767932364,4845.363188659767,-1763.8601348069444
2460837.3125,-1943.040727951699,4607.700199480371,-2112.5862629135404
2460837.3131944444,-2174.0148417940795,4332.665201850837,-2444.113323248753
2460837.313888889,-2387.348154581764,4022.514220375214,-2755.756381429142
2460837.314583333,-2581.3231564939583,3679.785102414262,-3044.9963797401983
2460837.3152777776,-2754.3817177853643,3307.275686234467,-3309.499945593498
2460837.315972222,-2905.1369573002003,2908.0201043349816,-3547.13744818181
2460837.316666667,-3032.3836032554345,2485.2634833481015,-3755.9992100835966
2460837.3173611113,-3135.1068174579177,2042.4352918057991,-3934.409810003868
2460837.3180555557,-3212.4894688372856,1583.1215821834257,-4080.940433245049
2460837.31875,-3263.9178586087787,1111.0363503516844,-4194.419250941431
2460837.3194444445,-3288.9859073863468,629.9922217180928,-4273.939821480796
2460837.320138889,-3287.497820964951,143.87065046566693,-4318.867518514459
2460837.3208333333,-3259.469253017227,-343.4081932374119,-4328.843993270103
2460837.3215277777,-3205.126982860529,-827.9156923962939,-4303.789680606776
2460837.322222222,-3124.907123415358,-1305.7450590556148,-4243.904354676312
2460837.3229166665,-3019.451870829932,-1773.0414732761778,-4149.665735574201
2460837.323611111,-2889.6048039344714,-2226.0319381374898,-4021.8261433863677
2460837.324305556,-2736.404739497736,-2661.054697736289,-3861.4071923558204
2460837.325,-2561.0781477880223,-3074.588056580216,-3669.6925150354973
2460837.3256944446,-2365.0301374359924,-3463.2784171139724,-3448.218510214828
2460837.326388889,-2149.834023631257,-3823.9673401247665,-3198.7631141428787
2460837.3270833334,-1917.219503625645,-4153.71741399997,-2923.3326063005165
2460837.327777778,-1669.0594777851254,-4449.836701964194,-2624.1464786662164
2460837.328472222,-1407.3555713949543,-4709.901524773182,-2303.6204192368723
2460837.3291666666,-1134.2224333570498,-4931.77732838961,-1964.3474878743048
2460837.329861111,-851.8709084863943,-5113.637387299017,-1609.0775901641605
2460837.3305555554,-562.590206438939,-5253.979098381103,-1240.695390285049
2460837.33125,-268.729211420218,-5351.637638373041,-862.1968334902072
2460837.331944444,27.322902109963653,-5405.796781090877,-476.66447864917205
2460837.332638889,323.156558450156,-5415.996700891245,-87.24187566435653
2460837.3333333335,616.361976072208,-5382.13863035061,302.8927618422032
2460837.334027778,904.5494539676902,-5304.486282747534,690.5533117824448
2460837.3347222223,1185.369533860106,-5183.66399873281,1072.572646055939
2460837.3354166667,1456.5328138866012,-5020.651629023147,1445.8293822275102
2460837.336111111,1715.829209495716,-4816.776210898605,1807.2742085264804
2460837.3368055555,1961.1464509542031,-4573.700550910864,2153.955492496133
2460837.3375,2190.48764033937,-4293.4088612376945,2483.0439241438503
2460837.3381944443,2401.9876940718077,-3978.1896468619548,2791.8559436555915
2460837.3388888887,2593.9285364113057,-3630.6160565517876,3077.875753926334
2460837.339583333,2764.752918780072,-3253.523948511467,3338.775726986793
2460837.340277778,2913.076775218533,-2849.987923955832,3572.4350600125717
2460837.3409722224,3037.700042683449,-2423.295593919037,3776.956560047787
2460837.341666667,3137.6158977066643,-1976.9203444956777,3950.6814671087454
2460837.342361111,3212.018382230003,-1514.4928495437603,4092.2022554840187
2460837.3430555556,3260.30840264662,-1039.7715835066572,4200.373368047787
2460837.34375,3282.09810262892,-556.6125536439984,4274.31986384797
2460837.3444444444,3277.21361456723,-68.93847273639521,4313.443965000845
2460837.345138889,3245.696201413095,419.2924347812835,4317.4295009207535
2460837.345833333,3187.801801831864,904.1177997940242,4286.2442493093595
2460837.3465277776,3103.998991555264,1381.6024772739145,4220.140175214869
2460837.347222222,2994.9653740782474,1847.8697308982294,4119.651568180253
2460837.347916667,2861.5824123344314,2299.1320623517427,3985.5910766222983
2460837.3486111113,2704.928714389076,2731.721497122876,3819.043638649408
2460837.3493055557,2526.2717886997757,3142.1191322507043,3621.3583112002407
2460837.35,2327.058291930551,3526.9837342332444,3394.138007704087
2460837.3506944445,2108.9027994609664,3883.1791673537714,3139.2271634823983
2460837.351388889,1873.5751431957076,4207.800414218564,2858.6973659217547
2460837.3520833333,1622.9863771016414,4498.197941672007,2554.831007068166
2460837.3527777777,1359.1734508057934,4752.000158576708,2230.1030424735673
2460837.353472222,1084.2826917737068,4967.133713829273,1887.1609674086633
2460837.3541666665,800.5522208833261,5141.841388598779,1528.8031544430125
2460837.354861111,510.2934464682012,5274.697354642171,1157.955724924766
2460837.355555556,215.87180708890276,5364.6195917840505,777.6481620304182
2460837.35625,-80.31305216046005,5410.879292696511,390.9878952911726
2460837.3569444446,-375.8474664938659,5413.107119606766,1.1341139808841207
2460837.357638889,-668.324087869664,5371.296223234586,-388.7289158402635
2460837.3583333334,-955.3621531036841,5285.80198284627,-775.4187458792759
2460837.359027778,-1234.6274652547254,5157.338476184565,-1155.7815619369098
2460837.359722222,-1503.8518738265848,4986.971739447128,-1526.718632672236
2460837.3604166666,-1760.8520549941845,4776.109924049102,-1885.212117740918
2460837.361111111,-2003.5474054725853,4526.490501136911,-2228.3499742999243
2460837.3618055554,-2229.9768825312876,4240.164706076948,-2553.349721738927
2460837.3625,-2438.3146546655753,3919.4794363469855,-2857.5808644830067
2460837.363194444,-2626.8844380899236,3567.056853195865,-3138.585783256165
2460837.363888889,-2794.1724340795045,3185.771935796523,-3394.098957873101
2460837.3645833335,-2938.838796150425,2778.728254333976,-3622.064401616128
2460837.365277778,-3059.7275841127325,2349.232220114693,-3820.651225322372
2460837.3659722223,-3155.875180580118,1900.7660620790145,-3988.267275041476
2460837.3666666667,-3226.517160543833,1436.9597699697097,-4123.570808298568
2460837.367361111,-3271.0936189997533,961.5622207080069,-4225.480195646795
2460837.3680555555,-3289.2529682738136,478.41169032765475,-4293.18164469015
2460837.36875,-3280.8542218096654,-8.594064200199064,-4326.134952444446
2460837.3694444443,-3245.9677825688746,-495.5279891530842,-4324.077295665738
2460837.3701388887,-3184.874752054082,-978.4640297060882,-4287.025066765057
2460837.370833333,-3098.0647739335805,-1453.5073856650038,-4215.273760332709
2460837.371527778,-2986.232421080102,-1916.8245915274103,-4109.395909623021
2460837.3722222224,-2850.2721334202033,-2364.6732640489995,-3970.237068314066
2460837.372916667,-2691.271709630088,-2793.431369262411,-3798.909827712963
2460837.373611111,-2510.5043604623456,-3199.6258300574514,-3596.78586301983
2460837.3743055556,-2309.419329267872,-3579.9602997839925,-3365.485999864735
2460837.375,-2089.6310989659846,-3931.3418896603603,-3106.8683073075863
2460837.3756944444,-1852.9072119915634,-4250.906633845989,-2823.0142331845186
2460837.376388889,-1601.1547446867385,-4536.043457807502,-2516.212816291278
2460837.377083333,-1336.4054983682893,-4784.416401237052,-2188.943036513307
2460837.3777777776,-1060.7999899554895,-4993.984844182684,-1843.8543914813747
2460837.378472222,-776.5703432776038,-5163.021490199891,-1483.745813165671
2460837.379166667,-486.02221417761723,-5290.127862271604,-1111.5430803316897
2460837.3798611113,-191.51589724560012,-5374.247093332789,-730.2749044975039
2460837.3805555557,104.55320979359836,-5414.673814713218,-343.0479059452279
2460837.38125,399.7745970698118,-5411.060983377388,46.979286137029646
2460837.3819444445,691.742877479374,-5363.4235271339885,436.6225398985821
2460837.382638889,978.078057446079,-5272.138735190147,822.6990643546922
2460837.3833333333,1256.4456173934875,-5137.943370090577,1202.0542930845752
2460837.3840277777,1524.5761915736266,-4961.927526603524,1571.58852736265
2460837.384722222,1780.2846306640677,-4745.525316159597,1928.2830449094536
2460837.3854166665,2021.4882556388218,-4490.502498030379,2269.225409496156
2460837.386111111,2246.2241196573646,-4198.941224075719,2591.6337231699476
2460837.386805556,2452.665120120185,-3873.222097761659,2892.8795930819697
2460837.3875,2639.1348254681434,-3516.0037760387418,3170.5096118786964
2460837.3881944446,2804.12090475225,-3130.200364582097,3422.265179581212
2460837.388888889,2946.2870744700176,-2718.9568655915086,3646.100529219683
2460837.3895833334,3064.483499161427,-2285.622941932502,3840.1988474551067
2460837.390277778,3157.755602815772,-1833.7252601970429,4002.986409131502
2460837.390972222,3225.3512674479807,-1366.9386624225758,4133.144671867935
2460837.3916666666,3266.7264083098967,-889.0564067232252,4229.620295449444
2460837.392361111,3281.5489265511537,-403.959697810771,4291.633067894724
2460837.3930555554,3269.701046261765,84.41328036638842,4318.681729194869
2460837.39375,3231.280047413138,572.0986399884091,4310.5476918309105
2460837.394444444,3166.597406937759,1055.1381838878183,4267.296658145912
2460837.395138889,3076.1763603565987,1529.6107442804398,4189.278135878282
2460837.3958333335,2960.747894944446,1991.6632897269299,4077.1228509306147
2460837.396527778,2821.245186657612,2437.541615537681,3931.7380570553023
2460837.3972222223,2658.796492752598,2863.620434329763,3754.3007417298945
2460837.3979166667,2474.716517285972,3266.432663377707,3546.2487326877203
2460837.398611111,2270.4962735105896,3642.697694938464,3309.269717863436
2460837.3993055555,2047.79147608958,3989.348423948844,3045.2882025927915
2460837.4,1808.4095141312553,4303.556787220271,2756.450450512231
2460837.4006944443,1554.2950674290032,4582.757570243376,2445.1074703364407
2460837.4013888887,1287.5144550359016,4824.6702221411,2113.796145171682
2460837.402083333,1010.2388211231413,5027.318431335652,1765.2186233625143
2460837.402777778,724.726292139435,5189.047217334788,1402.2201287448358
2460837.4034722224,433.3032537087079,5308.53731967719,1027.7653694966843
2460837.404166667,138.3449277823728,5384.816683707108,644.913768627872
2460837.404861111,-157.7445647798802,5417.26888569288,256.7937487369935
2460837.4055555556,-452.5524455185154,5405.638373781877,-133.42366003034607
2460837.40625,-743.67760886073,5350.032451575457,-522.5516105863162
2460837.4069444444,-1028.7508246145987,5250.919979151913,-907.4143426462688
2460837.407638889,-1305.454593273141,5109.126816800419,-1284.8739073201652
2460837.408333333,-1571.5424447113223,4925.828087153805,-1651.8564287859933
2460837.4090277776,-1824.8574825901746,4702.5373789177165,-2005.3776304980881
2460837.409722222,-2063.34999842013,4441.093053841203,-2342.5673783993175
2460837.410416667,-2285.093992153247,4143.641860176682,-2660.6930067802923
2460837.4111111113,-2488.3024679895984,3812.620079026199,-2957.181232210113
2460837.4118055557,-2671.3413962925897,3450.732449677987,-3229.6384884482077
2460837.4125,-2832.742255452325,3060.929135352371,-3475.8695442664043
2460837.4131944445,-2971.213095331599,2646.3809881815387,-3693.894303227337
2460837.413888889,-3085.648082447885,2210.453373458157,-3881.9627091789407
2460837.4145833333,-3175.1355083258736,1756.6787975925029,-4038.567711126207
2460837.4152777777,-3238.964256207422,1288.7285693027882,-4162.456261094893
2460837.415972222,-3276.6287312155446,810.3837130807846,-4252.638333062061
2460837.4166666665,-3287.8322686129018,325.5053250729345,-4308.39396646537
2460837.417361111,-3272.489036285156,-161.9954508813776,-4329.278341044143
2460837.418055556,-3230.724448331668,-648.1876630023285,-4315.12489196901
2460837.41875,-3162.8741046078467,-1129.1508589754328,-4266.046472755568
2460837.4194444446,-3069.4812676632614,-1601.005312785219,-4182.434568733653
2460837.420138889,-2951.2928851633746,-2059.9420265227636,-4064.9565594543838
2460837.4208333334,-2809.254161676964,-2502.2523606409604,-3914.5510224487716
2460837.421527778,-2644.501685083515,-2924.3571254315093,-3732.4210706752738
2460837.422222222,-2458.3551112146715,-3322.8349659840824,-3520.025713811617
2460837.4229166666,-2252.3074188559617,-3694.449842998245,-3279.0692424572553
2460837.423611111,-2028.0137516204422,-4036.1774059987024,-3011.4886399796324
2460837.4243055554,-1787.278880365777,-4345.230027615846,-2719.439047527665
2460837.425,-1532.0433316944784,-4619.080262976969,-2405.277323544953
2460837.425694444,-1264.3682504148799,-4855.4824830163625,-2071.54376782909
2460837.426388889,-986.4190842647749,-5052.492430309132,-1720.9421075303521
2460837.4270833335,-700.4482022098437,-5208.484450058266,-1356.3178734285395
2460837.427777778,-408.7765837211643,-5322.16616001834,-980.635330275727
2460837.4284722223,-113.7747339592944,-5392.590347422989,-596.9531500309122
2460837.4291666667,182.15699269572374,-5419.163906144911,-208.39905500125082
2460837.429861111,476.6084675948931,-5401.653667589415,181.85632488557897
2460837.4305555555,767.1800505989477,-5340.189019550563,570.6261102675327
2460837.43125,1051.5028249813918,-5235.261255515941,954.7340651277669
2460837.4319444443,1327.2585839668925,-5087.719647142726,1331.0414328857464
2460837.4326388887,1592.1993545891169,-4898.764283031713,1696.4734284271276
2460837.433333333,1844.1662529602943,-4669.935764983795,2048.0451055985973
2460837.434027778,2081.1074751660667,-4403.1019022008095,2382.8863287196964
2460837.4347222224,2301.0952554094356,-4100.441576944675,2698.2656097531185
2460837.435416667,2502.341633892048,-3764.4259971827746,2991.6125834474706
2460837.436111111,2683.212909641467,-3397.797569722627,3260.5389343007023
2460837.4368055556,2842.242673396867,-3003.5466482225393,3502.8576138196718
2460837.4375,2978.1433411346,-2584.88641834988,3716.6002197363528
2460837.4381944444,3089.8161313360647,-2145.226183421587,3900.032438886768
2460837.438888889,3176.3594487664077,-1688.1433101689695,4051.667482235638
2460837.439583333,3237.07565559561,-1217.3540783825676,4170.277466218273
2460837.4402777776,3271.4762216513814,-736.683672025714,4254.902710062149
2460837.440972222,3279.2852567892382,-250.03552720115087,4304.858935721235
2460837.441666667,3260.441433118135,238.63975870920774,4319.7423644683895
2460837.4423611113,3215.0983081361987,725.3757651852877,4299.432709639487
2460837.4430555557,3143.6230604135703,1206.2216543400377,4244.094066637923
2460837.44375,3046.593649386629,1677.2734637360445,4154.173700896886
2460837.4444444445,2924.794408626332,2134.7051161293466,4030.3987321675527
2460837.445138889,2779.2100852062463,2574.79895251184,3873.7707156744013
2460837.4458333333,2611.0183361353224,2993.9756068946226,3685.5581193614703
2460837.4465277777,2421.580701402871,3388.823010057829,3467.286705321058
2460837.447222222,2212.4320787878787,3756.124307105607,3220.727830946045
2460837.4479166665,1985.2687375229052,4092.88445591731,2947.884700096921
2460837.448611111,1741.9349256558203,4396.355258365837,2650.9766172849763
2460837.449305556,1484.4081406864539,4664.058575444931,2332.421317831309
2460837.45,1214.7831558232774,4893.807470725653,1994.8154769670361
2460837.4506944446,935.2549172532686,5083.725031879962,1640.913532067051
2460837.451388889,648.1004510514942,5232.260633880133,1273.6049842067516
2460837.4520833334,355.6599342472096,5338.203431727615,895.8903681570255
2460837.452777778,60.31711806475727,5400.6928917865025,510.85612571670805
2460837.453472222,-235.5207078542124,5419.226217369523,121.64862177969485
2460837.4541666666,-529.4429946715162,5393.662559752857,-268.5524196036185
2460837.454861111,-819.0562451930092,5324.223957104888,-656.5607830301585
2460837.4555555554,-1102.004131493576,5211.4929926069135,-1039.2106364117592
2460837.45625,-1375.987209852642,5056.407213222045,-1413.383131805923
2460837.456944444,-1638.782019734816,4860.250402326942,-1776.0324424973946
2460837.457638889,-1888.259382851108,4624.64083930829,-2124.2109816964476
2460837.4583333335,-2122.4017207392767,4351.51672741416,-2455.09354727088
2460837.459027778,-2339.3192468708853,4043.1189948084048,-2766.0001843597356
2460837.4597222223,-2537.264900689668,3701.971708962513,-3054.417569749551
2460837.4604166667,-2714.6479264338036,3330.86035121749,-3318.0187680880517
2460837.461111111,-2870.046016177671,2932.8082167516504,-3554.681230537373
2460837.4618055555,-3002.215966371968,2511.0511961691222,-3762.502946856701
2460837.4625,-3110.102813368272,2069.0111958767457,-3939.816683645932
2460837.4631944443,-3192.847433855342,1610.2684359842622,-4085.2022704415676
2460837.4638888887,-3249.7926076180515,1138.5328555026958,-4197.496911746417
2460837.464583333,-3280.4875521497297,657.6148271002909,-4275.803521716025
2460837.465277778,-3284.690942302928,171.39537186864942,-4319.497084308202
2460837.4659722224,-3262.372431338494,-316.2039529592103,-4328.229047444152
2460837.466666667,-3213.7126892363444,-801.2513378200756,-4301.929760428491
2460837.467361111,-3139.1019714126433,-1279.835024936676,-4240.808960464117
2460837.4680555556,-3039.1372269697017,-1748.0934921213086,-4145.354309367574
2460837.46875,-2914.61775276663,-2202.2453656032217,-4016.327976784641
2460837.4694444444,-2766.5393968765047,-2638.618910679513,-3854.761262349823
2460837.470138889,-2596.0873139609425,-3053.680936595012,-3661.947246814282
2460837.470833333,-2404.6272797733595,-3444.0649309918376,-3439.4314667733634
2460837.4715277776,-2193.695574607389,-3806.598231872798,-3189.000610752641
2460837.472222222,-1964.9874594440855,-4138.32801632548,-2912.6692509777013
2460837.472916667,-1720.344279486879,-4436.545877330698,-2612.664639485952
2460837.4736111113,-1461.73924607839,-4698.810746205326,-2291.4096182285584
2460837.4743055557,-1191.2619737982343,-4922.969904470027,-1951.5037262838907
2460837.475,-911.1018644712659,-5107.1778383002675,-1595.7026080939115
2460837.4756944445,-623.5304589390324,-5249.912688041752,-1226.8958652347458
2460837.476388889,-330.88289946224086,-5349.990063816006,-848.0835247091146
2460837.4770833333,-35.538665809916715,-5406.574022646538,-462.3513251727852
2460837.4777777777,260.09822944046846,-5419.185032481949,-72.84505418645405
2460837.478472222,553.6193840498179,-5387.704788898193,317.25580536646424
2460837.4791666665,842.6322815926006,-5312.37779455937,704.7648534322665
2460837.479861111,1124.7804724969742,-5193.80966010878,1086.51567841604
2460837.480555556,1397.7634507812897,-5032.962135092795,1459.388611667645
2460837.48125,1659.3560067265325,-4831.144929296146,1820.3370350706546
2460837.4819444446,1907.4268564864121,-4590.004431267782,2166.412969564751
2460837.482638889,2139.9563600515794,-4311.509475904537,2494.7916824379595
2460837.4833333334,2355.0531597418553,-3997.934351476139,2802.795075374396
2460837.484027778,2550.969596398338,-3651.8392634199677,3087.913645964631
2460837.484722222,2726.1157791177534,-3276.0485017743554,3347.826837720145
2460837.4854166666,2879.072214805428,-2873.6265663711524,3580.4216333598383
2460837.486111111,3008.600924194942,-2447.8525131430993,3783.8092726298814
2460837.4868055554,3113.654992701466,-2002.192785912895,3956.3400049681536
2460837.4875,3193.386525340362,-1540.2727860440439,4096.615816309167
2460837.488194444,3247.152988958179,-1065.8474234300174,4203.501089065666
2460837.488888889,3274.5219372450765,-582.7708777484011,4276.131172028908
2460837.4895833335,3275.274122383931,-94.96578253845922,4313.918849584996
2460837.490277778,3249.405001736054,393.6079703419193,4316.5587069335
2460837.4909722223,3197.1246502733493,878.9846144850748,4284.0293914892945
2460837.4916666667,3118.8560892294363,1357.2239093195922,4216.5937716520575
2460837.492361111,3015.2320413084126,1824.442372029077,4114.796992676053
2460837.4930555555,2887.090122210432,2276.8441664863362,3979.4624291399696
2460837.49375,2735.46647868319,2710.751463437634,3811.6855330685557
2460837.4944444443,2561.5878861294063,3122.6340756456207,3612.8255796513363
2460837.4951388887,2366.8623263875957,3509.1381547143387,3384.49532136711
2460837.495833333,2152.868073107474,3867.1137294170812,3128.548570116158
2460837.496527778,1921.3413266024866,4193.640846097327,2847.0657450633425
2460837.4972222224,1674.1624563222633,4486.054062533663,2542.3374452252237
2460837.497916667,1413.3409278987556,4741.965041531444,2216.846130836308
2460837.498611111,1140.9990132876692,4959.282990268767,1873.2460264466542
2460837.4993055556,859.3544070263118,5136.232697876814,1514.3413918646702
